2.62803
2.43559
2.49429
2.56855
2.51889
4.12746
2.5298
2.64385
4.13327
2.49978
4.089
2.51781
2.60335
2.64111
2.56286
2.49305
2.54238
2.53602
2.44498
2.51001
2.51087
2.57971
2.55108
3.31543
3.82971
2.4751
2.4336
3.90354
2.60826
2.51817
2.76854
2.64558
2.53716
2.53497
2.61499
2.41257
2.52554
2.837
2.92281
2.4162
2.42792
2.51503
2.59829
2.46672
2.57815
2.56404
3.19118
2.51807
2.79046
3.35077
2.89387
2.57777
2.6716
2.57112
2.62484
2.55354
2.579
2.66312
2.52467
2.50578
2.58213
2.65946
2.63698
2.51646
2.9133
3.20148
2.43762
2.59364
2.64166
2.55075
2.45982
2.51955
2.56355
2.55952
2.53527
2.51179
2.57368
2.47603
3.53433
4.19623
5.63942
4.10315
4.02426
2.55848
2.46946
2.42481
3.05331
2.51068
2.58267
2.68068
2.53072
2.52065
2.72121
4.39433
2.82495
2.82701
2.43488
2.79269
2.70619
2.6524
