32.1037
35.0671
34.3643
33.8449
34.0465
34.8029
32.9376
35.6549
32.9079
33.1345
34.8144
34.1375
34.5083
34.0629
34.1053
32.9304
37.804
33.9674
33.8839
36.2893
36.0891
35.6123
35.4955
32.8966
33.1652
36.6123
40.4804
36.3299
41.1716
36.6345
40.5586
40.0306
36.4901
35.329
33.9604
32.4939
33.1509
34.4613
33.658
39.3751
34.6236
33.6028
32.1188
40.0885
34.2902
32.4222
39.2785
34.7082
34.9814
39.7616
39.6362
33.7598
34.3072
35.7126
34.2058
37.0991
34.4524
34.4175
35.3607
35.0148
35.2584
35.037
36.7929
34.7099
32.7233
39.5946
33.5995
33.8959
34.2141
36.59
33.4008
34.2651
33.0303
33.9745
34.7438
34.6955
33.8548
35.1883
35.2353
35.15
38.4563
33.2688
34.0592
34.8988
35.6166
36.8438
36.0499
35.5998
34.4833
36.9034
40.1898
38.0581
36.4964
39.2998
33.9017
38.0554
40.9698
38.4646
33.3881
42.4892
