0.00193023
0.00181672
0.00171066
0.0020313
0.00231759
0.0023228
0.00237072
0.00253136
0.00251728
0.00253017
0.00236998
0.00227765
0.00249153
0.00247837
0.00225611
0.00218452
0.00156788
0.00153535
0.00228659
0.00262843
0.00264316
0.00251315
0.00266826
0.00218251
0.00213169
0.00215372
0.0021971
0.00226253
0.00262847
0.00158288
0.002246
0.0021615
0.00249034
0.0022172
0.00284889
0.00273463
0.00240749
0.00253507
0.00318681
0.00202513
0.00181846
0.00253926
0.00268894
0.00187105
0.00292336
0.0014878
0.0024869
0.00153121
0.0016112
0.00257018
0.00241903
0.00247649
0.002684
0.00241995
0.00202773
0.00155313
0.00163702
0.00245539
0.00155037
0.00155457
0.00191196
0.0019173
0.00205146
0.00226745
0.00247189
0.002508
0.00274211
0.00271531
0.00236305
0.00239315
0.00265947
0.00149353
0.00163525
0.00188517
0.00228709
0.00166252
0.00145696
0.00160743
0.00183995
0.00170727
0.00234964
0.001859
0.00217287
0.00253763
0.00265818
0.00256128
0.00237999
0.00236962
0.00197773
0.00187362
0.00157203
0.00195799
0.00160405
0.00157547
0.00168195
0.00148055
0.00156051
0.00196571
0.0017557
0.00177395
0.0014345
0.00142944
0.00266494
0.00247138
0.00238602
0.00249613
0.00233182
0.00153855
0.00153588
0.00180432
0.00178749
0.00144117
0.0015225
0.00144527
0.00173424
0.00222795
0.00157235
0.00147948
0.00159758
0.00156814
0.0017328
0.00239032
0.00251693
0.00239086
0.00231753
0.00254965
0.00234068
0.0020135
0.00195956
0.00240859
0.00222074
0.00206828
0.00168708
0.00187115
0.0019176
0.00177968
0.0019253
0.00159009
0.00216374
0.00237257
0.00255985
0.00251538
0.00238608
0.00156076
0.00232602
0.00158684
0.00212892
0.00170104
0.00144134
0.00149992
0.00163505
0.00197525
0.00156002
0.00253263
0.00209439
0.00178699
0.00207642
0.0026253
0.00252547
0.00261159
0.00258323
0.00144811
0.00166674
0.00146032
0.00154799
0.00147909
0.00159633
0.00171559
0.0020932
0.00158884
0.00211299
0.00168411
0.00209517
0.00166404
0.00203828
0.00254517
0.00257521
0.00237512
0.0024984
0.00209523
0.00165051
0.00202433
0.00158167
0.00222508
0.00162856
0.00167426
0.00173111
0.0017315
0.00213872
0.00157809
0.00164593
0.00193729
0.00250648
0.00252116
0.00233501
0.00266528
0.00286415
0.0020095
0.00162971
0.00156303
0.00232585
0.00225914
0.00240135
0.00244332
0.00271893
0.00226032
0.00210138
0.00183059
0.00247938
0.00236882
0.0025422
0.00336507
0.00230073
0.00157169
0.00210317
0.00194403
0.0017287
0.00241824
0.00271464
0.00157097
0.00188243
0.00296974
0.00215609
0.00252818
0.00243458
0.00260477
0.00260796
0.00687844
0.00305486
0.00230547
0.00234179
0.0020597
0.00217646
0.00234311
0.00363679
0.00237923
0.00253497
0.00264625
0.00262919
0.00248058
0.00236023
0.00230087
0.00185997
0.00194797
0.00258602
0.00209424
0.00153565
0.00169267
0.00235767
0.00235472
0.0024187
0.00259121
0.00318904
0.00245379
0.00233451
0.00148314
0.00149705
0.00143295
0.00151581
0.00219833
0.0020725
0.00179431
0.00194273
0.00161419
0.00172315
0.00149807
0.00144881
0.00233608
0.00288242
0.00230797
0.00241391
0.00229077
0.00164641
0.0015858
0.00165978
0.00209165
0.0017098
0.00146047
0.00151412
0.00152169
0.00188178
0.0022522
0.00149855
0.00145803
0.00170524
0.00195819
0.00225166
0.00251986
0.00245284
0.00269868
0.00234764
0.00183333
0.00153716
0.00206825
0.00204899
0.00186154
0.00199822
0.00236532
0.002001
0.00239595
0.0020758
0.00171809
0.00169515
0.00282537
0.00316443
0.00258441
0.00250744
0.00169247
0.00155467
0.00169853
0.00167719
0.00165683
0.00193139
0.00154003
0.00156746
0.00223507
0.00153298
0.001418
0.00151366
0.00165686
0.00210702
0.00275351
0.00242876
0.00241463
0.00241742
0.00256388
0.00205362
0.00246571
0.00143096
0.0016093
0.00144344
0.001734
0.00209925
0.00143684
0.00171639
0.00210355
0.00200067
0.00200534
0.00160763
0.00223662
0.00247099
0.00293085
0.00241296
0.0026245
0.00193208
0.00194726
0.00236841
0.00285071
0.00196485
0.00209546
0.00209263
0.00213222
0.00152516
0.00182444
0.00216649
0.00258268
0.00243525
0.00276314
0.00231673
0.00210466
0.00173904
0.00191353
0.00217222
0.00162909
0.00155085
0.00182707
0.00226451
0.00176494
0.00188219
0.00173724
0.00249126
0.00147892
0.00154619
0.00253796
0.00245975
0.0024886
0.00239684
0.00247854
0.00177337
0.00226032
0.00192177
0.00176808
0.00160493
0.00142124
0.00142552
0.00191151
0.0020083
0.00185445
0.00179832
0.00173106
0.00171967
0.0025658
0.00255737
0.00270463
0.0026945
0.00250252
0.00161399
0.00199085
0.00274832
0.00168467
0.00156223
0.00189069
0.00238677
0.00215999
0.00154157
0.00261239
0.00195421
0.00224602
0.00255847
0.00290984
0.00242293
0.00227132
0.00213894
0.00151012
0.00183834
0.00161405
0.00195423
0.00169936
0.00161534
0.00189657
0.00177213
0.00223169
0.00164938
0.00161576
0.0016349
0.00264503
0.00256319
0.00244957
0.00236364
0.00197154
0.00148725
0.00149101
0.00186279
0.00197069
0.00144448
0.0016297
0.0016232
0.00163978
0.00161082
0.00155702
0.00149826
0.00176119
0.00180924
0.00173293
0.0021676
0.00236524
0.00253211
0.00232788
0.00276207
0.00175935
0.00168232
0.00166558
0.00176081
0.00165212
0.00165619
0.00147915
0.00144717
0.00210134
0.0014551
0.00156295
0.00155606
0.00154364
0.00160115
0.0018506
0.00243432
0.0025386
0.00255974
0.00256376
0.00174941
0.00153922
0.00159605
0.00158947
0.00193538
0.00156702
0.00151284
0.00155079
0.0015769
0.00166092
0.00175545
0.00179899
0.00196062
0.0016393
0.00150026
0.0022622
0.00236708
0.00237013
0.00249307
0.00248323
0.00172278
0.00164303
0.00179938
0.00196803
0.00157901
0.00156702
0.00171997
0.00162071
0.00157901
0.0015594
0.00166439
0.00206753
0.00151838
0.00148693
0.00200161
0.00251129
0.00239867
0.00241106
0.00280722
0.00166126
0.00159083
0.0016709
0.00170692
0.00183178
0.00166818
0.00166602
0.0018743
0.00178783
0.00189234
0.00167698
0.00174368
0.00158428
0.00151156
0.00225735
0.00241517
0.00239041
0.00240089
0.00264831
0.00161462
0.00193143
0.00153381
0.00164128
0.00170598
0.00180906
0.00152749
0.00158801
0.00184698
0.00144827
0.0014963
0.00140367
0.00177169
0.00181781
0.00158206
0.00245522
0.002734
0.0024564
0.00246004
0.00189156
0.00149769
0.001497
0.00156922
0.00161525
0.00149808
0.00168992
0.00152937
0.00149984
0.00150802
0.00164245
0.00161684
0.00175764
0.00161173
0.00145099
0.00151132
0.00250502
0.00239404
0.00231943
0.00296901
0.00243
0.00192855
0.00151117
0.00175212
0.001672
0.00159121
0.00141136
0.00164702
0.0021155
0.00143508
0.00161879
0.00146841
0.00182773
0.00195713
0.00161274
0.00250794
0.00323437
0.00250584
0.00270832
0.00145291
0.00149199
0.00148862
0.00150687
0.0016701
0.00184546
0.00201688
0.00186316
0.00172728
0.00158071
0.00161603
0.00176694
0.00143161
0.0014645
0.00149096
0.00236616
0.00249938
0.00240331
0.00235183
0.00243869
0.00147997
0.00192528
0.00175347
0.00169818
0.00152612
0.00164939
0.00145072
0.00148861
0.0016416
0.00161042
0.00156771
0.00150644
0.0014864
0.00166997
0.00226719
0.00244245
0.00269742
0.00291723
0.0026408
0.00195708
0.00206173
0.00154817
0.00150534
0.00147846
0.0016091
0.00202566
0.00220213
0.00192785
0.00154211
0.0016562
0.0015638
0.00171144
0.00152282
0.00206386
0.00242265
0.00234129
0.00238312
0.00256626
0.00402023
0.00263534
0.00393605
0.00195622
0.00186802
0.00316466
0.00162818
0.00239329
0.00276189
0.00257237
0.00482437
0.0024627
0.00245355
0.00270505
0.00150987
0.00164457
0.00154227
0.00143753
0.00162762
0.00217366
0.00161462
0.00199481
0.00168163
0.00235418
0.00152165
0.00150634
0.0024318
0.00327655
0.00309233
0.0039537
0.00199158
0.00276932
0.00251768
0.00276014
0.00173905
0.00163927
0.00217407
0.00207409
0.00149811
0.00150891
0.00154475
0.00152499
0.00196562
0.00542328
0.0027877
0.00297538
0.00222345
0.00179135
0.00164957
0.00170556
0.00169569
0.00144527
0.00153962
0.00159969
0.00196161
0.00184858
0.00149208
0.00175413
0.00178496
0.00148137
0.00245792
0.00408333
0.00218724
0.00233658
0.00222715
0.00217579
0.00165648
0.0020862
0.00175573
0.00205077
0.00154339
0.00162529
0.0018524
0.00179441
0.00157635
0.00152341
0.00155152
0.00150934
0.00200337
0.00242623
0.00250309
0.00294482
0.00236891
0.0022913
0.00162037
0.00234488
0.00165393
0.00151023
0.00158184
0.00179219
0.00185039
0.00162934
0.00178185
0.00171201
0.0018483
0.00168124
0.00294656
0.0024878
0.00237104
0.00240822
0.00204581
0.00240415
0.00194967
0.00206633
0.00216227
0.00161967
0.00182446
0.00197139
0.00218622
0.00347428
0.00147664
0.00226091
0.00248853
0.00259443
0.0020795
0.00226257
0.00265536
0.00149406
0.00167752
0.00160495
0.00145522
0.00150885
0.00142746
0.00154137
0.00147921
0.00197231
0.0015762
0.00155155
0.00200815
0.00218895
0.0027384
0.00235214
0.00261664
0.00237866
0.00177547
0.00159552
0.00160814
0.00178018
0.00169107
0.00146762
0.00210693
0.0025682
0.00156958
0.00174772
0.00166204
0.00173035
0.0016014
0.00158617
0.00155094
0.00206538
0.00256154
0.00366943
0.00235094
0.00266715
0.00238877
0.00304568
0.00222941
0.00214477
0.00183641
0.00210108
0.00173523
0.00258642
0.00283227
0.00302471
0.00280112
0.00264819
0.00251963
0.0022183
0.0019542
0.00215674
0.00159367
0.00174688
0.00302027
0.00166157
0.00210725
0.00215083
0.00195391
0.00162474
0.0028012
0.00264344
0.00244561
0.00315742
0.00252833
0.00279433
0.00220004
0.00223704
0.00179242
0.00226751
0.00226982
0.00185214
0.00226604
0.00195744
0.00153629
0.00151153
0.00202588
0.00275882
0.00295317
0.00261823
0.00271193
0.00146521
0.00146701
0.00155023
0.00207761
0.0019145
0.0016667
0.0015221
0.00145341
0.00207228
0.00160482
0.00143776
0.00159211
0.00211687
0.0016821
0.00239224
0.00252582
0.00256881
0.00258356
0.00326667
0.0023484
0.00157319
0.00145921
0.0015004
0.00186495
0.00167392
0.00167989
0.00157325
0.00168426
0.00175573
0.00159348
0.00245795
0.00272659
0.00277008
0.00415177
0.00398382
0.0024924
0.00160391
0.00158154
0.00156069
0.0017522
0.00161532
0.0016192
0.00166734
0.00214613
0.00146094
0.00158546
0.00145466
0.00154821
0.00176964
0.00150227
0.00277068
0.00270261
0.00231918
0.00232127
0.00218392
0.00277961
0.00141887
0.00170293
0.00155708
0.00170718
0.00166673
0.00158155
0.00164068
0.00149935
0.0015382
0.0015542
0.00163793
0.00186401
0.00148933
0.00238057
0.00244564
0.00249097
0.0025472
0.00251045
0.00154018
0.00154418
0.00177307
0.00174441
0.00149676
0.00172525
0.00154585
0.00162479
0.00242082
0.00168155
0.00163017
0.00145475
0.00170332
0.00184863
0.00216928
0.00250942
0.00245208
0.00245007
0.00257714
0.00189149
0.00224019
0.00169775
0.00163286
0.00146488
0.00153217
0.00208062
0.00173923
0.00150875
0.00158315
0.00161013
0.00164179
0.00181
0.00154883
0.00196687
0.00281651
0.00236827
0.00240898
0.00253701
0.00165005
0.0014941
0.0015898
0.00190016
0.00153188
0.00172856
0.00153461
0.00155217
0.00202687
0.00166085
0.00153968
0.00147521
0.00160963
0.00154036
0.00259098
0.00226808
0.00259856
0.00271408
0.00240388
0.00185589
0.00186015
0.00173734
0.00156329
0.001494
0.00146506
0.00182425
0.00220623
0.0026051
0.00188794
0.00255638
0.00155975
0.00167714
0.00236205
0.0026931
0.00272321
0.00338322
0.0022144
0.0024357
0.0022142
0.00155006
0.002016
0.00260634
0.00344118
0.00231585
0.00258871
0.00319517
0.00254869
0.00234845
0.00261723
0.00245796
0.00267515
0.00213907
0.00161851
0.0015838
0.00147225
0.00156495
0.00165687
0.00174881
0.00162846
0.00160145
0.00208264
0.00172445
0.00147987
0.00178043
0.00253832
0.0024293
0.00243656
0.00256297
0.00157598
0.00151266
0.00157725
0.00177128
0.00150233
0.00151642
0.00161874
0.00160646
0.00176978
0.00144291
0.00161314
0.00150373
0.00160742
0.0014987
0.00152085
0.00209476
0.00246366
0.00246417
0.00240132
0.0026742
0.00218497
0.00150923
0.00161522
0.00170401
0.00143764
0.00164512
0.00147914
0.00152526
0.001493
0.00149383
0.00151388
0.00178589
0.00165768
0.00160914
0.00153854
0.00242408
0.00262913
0.00238008
0.00230513
0.00241073
0.00158467
0.00158673
0.00175967
0.00180775
0.00176345
0.00166961
0.0014538
0.00155451
0.00195503
0.00147492
0.00146597
0.00160404
0.00162572
0.00153696
0.00149342
0.00248828
0.00250486
0.00253307
0.00249395
0.0025789
0.00187822
0.00169635
0.00191585
0.00147168
0.00151508
0.0015056
0.00168017
0.00235993
0.00168887
0.00164219
0.00172786
0.00158902
0.00151753
0.00222829
0.00268349
0.00514806
0.00247662
0.00210861
0.0039332
0.00259827
0.00340397
0.00243798
0.0028041
0.0035967
0.00213157
0.00272368
0.0028167
0.00293579
0.00254729
0.00253375
0.00363509
0.00187548
0.00257003
0.0018267
0.00196162
0.00150133
0.00203866
0.00163559
0.00174336
0.00144122
0.00171423
0.00191147
0.00248462
0.00207924
0.00236364
0.00258232
0.00248098
0.00167319
0.00248027
0.0017651
0.00164879
0.00156003
0.00190322
0.00167643
0.00213077
0.00161485
0.00149165
0.00167568
0.00153706
0.00152971
0.00180174
0.00252147
0.00274592
0.00237595
0.00264611
0.00165433
0.00183942
0.00157224
0.00168722
0.00181986
0.00152356
0.00147623
0.00159749
0.00156726
0.00213665
0.00163605
0.00145423
0.00167386
0.00155828
0.00220439
0.00241418
0.00249331
0.00239687
0.00235604
0.00191425
0.00297235
0.00223064
0.00229379
0.00217652
0.00271702
0.00232504
0.0015053
0.00159979
0.00196695
0.00215133
0.00257909
0.00270087
0.00288997
0.00303371
0.00244307
0.00176794
0.00234992
0.00186472
0.00163427
0.00155466
0.00162969
0.00175046
0.0018938
0.00197769
0.00155181
0.00185855
0.00180336
0.00160105
0.00258829
0.00264331
0.00238702
0.00252242
0.00178827
0.00148042
0.00172305
0.00171753
0.00177518
0.00192238
0.00165763
0.00159468
0.00193787
0.00156085
0.00170578
0.00148801
0.00179227
0.00168073
0.00208097
0.00242521
0.00234908
0.0023709
0.00256051
0.00163182
0.00172705
0.00164617
0.0016601
0.00151831
0.0015677
0.00151501
0.00168838
0.00161628
0.00172673
0.00232379
0.00182654
0.00167851
0.00146319
0.00149848
0.00242599
0.00239301
0.00233626
0.00232128
0.00225118
0.00150513
0.00171003
0.00192729
0.0020626
0.00148154
0.00152691
0.00150495
0.00163361
0.00171702
0.00169844
0.00157134
0.00148116
0.00160978
0.00164689
0.00152063
0.00250416
0.00250322
0.00228064
0.0023449
0.00196954
0.00158575
0.00202369
0.00171862
0.00192996
0.00155671
0.00187484
0.00176759
0.00160729
0.00165939
0.00164438
0.00156915
0.00179169
0.00185053
0.0019593
0.00239376
0.00257481
0.00268422
0.00256587
0.00236208
0.00235075
0.00288419
0.00274972
0.00233958
0.00194491
0.00152289
0.00193529
0.001926
0.00158022
0.00151795
0.00307427
0.00324792
0.00224332
0.00254263
0.00263971
0.00151812
0.00197331
0.00210011
0.00211382
0.00258809
0.00197419
0.00212148
0.0017303
0.00204494
0.00260664
0.00229314
0.00243716
0.0034782
0.00242252
0.00259079
0.00173253
0.00221366
0.00476579
0.00229125
0.00226379
0.00251682
0.00225314
0.00148462
0.0031208
0.00172315
0.00237988
0.00256377
0.00252145
0.00234812
0.00249727
0.00187607
0.00209038
0.00172645
0.0015666
0.00162385
0.00149976
0.0015932
0.00172178
0.00152173
0.00166693
0.00149795
0.00146698
0.00182207
0.00153759
0.0017233
0.00236543
0.00263758
0.00249119
0.00263266
0.0020512
0.00175817
0.00158416
0.00158776
0.00169709
0.00195135
0.00206404
0.00155217
0.00192256
0.00192584
0.0015601
0.00145043
0.00173651
0.00157091
0.00246636
0.00279884
0.00237697
0.0026575
0.00253987
0.00174678
0.00147563
0.00186675
0.00323504
0.00184641
0.00182173
0.00227373
0.00204441
0.00194386
0.00173697
0.00203167
0.00173747
0.00271904
0.00273697
0.00302203
0.00289343
0.00296647
0.0021694
0.00173649
0.0015094
0.00189628
0.0017181
0.00175254
0.00173766
0.00210357
0.00186187
0.00146444
0.0016105
0.00152345
0.00207681
0.00230935
0.00236735
0.00251427
0.00234473
0.00171355
0.00178866
0.00195223
0.00172073
0.00149983
0.00148333
0.0017059
0.00162581
0.0015582
0.00162039
0.00159688
0.00167696
0.00168283
0.00146658
0.00168636
0.00254871
0.00235021
0.00232326
0.00236148
0.00220689
0.00166227
0.00161501
0.00172465
0.00214874
0.00149812
0.00193433
0.00166497
0.00197813
0.00151758
0.00154212
0.00146535
0.00142959
0.00146259
0.00153441
0.00197613
0.00238791
0.00252771
0.00256668
0.00237715
0.00205304
0.00164427
0.00147828
0.00173936
0.00146777
0.00151465
0.0015571
0.00166661
0.00166918
0.00166615
0.00169203
0.00155919
0.00155439
0.00199937
0.00147974
0.00221867
0.00231339
0.00235018
0.00230374
0.00245414
0.00161882
0.00143792
0.00152898
0.00162639
0.00160773
0.00164891
0.00185987
0.0016502
0.00168443
0.00164728
0.00143412
0.00144126
0.00145152
0.00167762
0.0016458
0.00203628
0.0025066
0.00239633
0.00228537
0.00245998
0.00209156
0.00163967
0.00170463
0.00179654
0.00178828
0.00158075
0.00160198
0.00148285
0.00153994
0.00192513
0.00184358
0.00180565
0.00191649
0.00167629
0.00279398
0.00196385
0.0027077
0.00268253
0.0026156
0.00196706
0.00176579
0.00163308
0.00179583
0.00156709
0.00166299
0.00231123
0.0017979
0.0016336
0.0015623
0.00160729
0.00178817
0.00157166
0.00249034
0.00236413
0.00300502
0.00247644
0.0018643
0.00201213
0.0014418
0.00158155
0.00158752
0.00182973
0.00178994
0.00162776
0.00149528
0.00163309
0.0019183
0.00151816
0.00151859
0.00161421
0.00160132
0.00255251
0.00233444
0.00223523
0.00218101
0.00246606
0.00185253
0.00164865
0.00240067
0.0016495
0.00172282
0.00145392
0.00169339
0.00205519
0.0017761
0.00155659
0.00159096
0.00179523
0.0016686
0.00176111
0.00238417
0.00262254
0.00252198
0.00260351
0.00203673
0.00216638
0.00155864
0.00184427
0.00145425
0.00194059
0.00147893
0.00163743
0.00185456
0.00152088
0.00186279
0.00169621
0.0016423
0.00164506
0.00181363
0.00243428
0.002445
0.00289891
0.00254389
0.00216698
0.0014964
0.00153935
0.00172575
0.00187835
0.00172619
0.00149709
0.00151232
0.00245857
0.00165251
0.00181083
0.00144815
0.00171926
0.00169314
0.00258229
0.00251008
0.00235854
0.00235773
0.00216853
0.00156613
0.00174311
0.00225651
0.00167794
0.00141329
0.00166133
0.00151637
0.00166003
0.00152753
0.00150053
0.00163903
0.00162206
0.00168359
0.0015054
0.00156086
0.00230357
0.00238472
0.00283147
0.00169907
0.00186317
0.00207755
0.00146412
0.00155178
0.00167864
0.0018343
0.00172093
0.00178279
0.0015873
0.00154468
0.0015424
0.00154704
0.00152834
0.00152365
0.00155972
0.00153637
0.00220299
0.00247908
0.00294145
0.0022637
0.00249728
0.00201884
0.00179133
0.00191048
0.00231368
0.00242644
0.00258772
0.00253498
0.00210267
0.00231196
0.00249944
0.00210202
0.00241751
0.00241033
0.00221594
0.00213154
0.00226643
0.00235876
0.00216039
0.00258067
0.00230419
0.00209333
0.00214529
0.00230783
0.00214473
0.00228525
0.00173702
0.00183424
0.00217325
0.00238117
0.00262168
0.00248787
0.00300513
0.00198061
0.00195939
0.00210172
0.0018624
0.00157576
0.00200626
0.00201331
0.00192509
0.00226948
0.00220952
0.00208814
0.00237118
0.0025477
0.00265016
0.00246774
0.00300431
0.00272041
0.00258243
0.00271267
0.00242969
0.00169499
0.00170848
0.00158756
0.00158607
0.00180421
0.00150307
0.00150313
0.00169112
0.0024775
0.0024423
0.00251173
0.00240421
0.00224243
0.00164512
0.00184351
0.00176461
0.00177816
0.00148605
0.00150923
0.00157383
0.0015578
0.00150793
0.0015493
0.00168895
0.00168475
0.00158255
0.00145706
0.00155645
0.00243073
0.00272078
0.00234482
0.002644
0.00245214
0.00150047
0.00162255
0.00167779
0.00156596
0.00149763
0.00146525
0.00143386
0.00177078
0.00182507
0.00148558
0.00190248
0.00172045
0.00155492
0.00158716
0.00256889
0.00249719
0.00239783
0.00240929
0.00253453
0.00177265
0.00153659
0.00191066
0.00214852
0.0021634
0.00192742
0.002686
0.00202726
0.00200227
0.00199767
0.00190383
0.00208843
0.00258091
0.00253998
0.00244539
0.00193885
0.00236443
0.0017058
0.00169955
0.00198761
0.00184852
0.00175188
0.0016753
0.00164031
0.00192336
0.001458
0.0014497
0.00166323
0.00155024
0.00159317
0.00157001
0.00222526
0.00177296
0.00248712
0.00221818
0.00252121
0.00200468
0.00157831
0.00159385
0.00148285
0.00153687
0.00146588
0.00150474
0.0016966
0.00184505
0.00161012
0.00169259
0.00181631
0.00177607
0.00206085
0.00197011
0.00241936
0.00236867
0.00229288
0.00191509
0.00257448
0.00181232
0.00195567
0.00229174
0.00255461
0.0021249
0.00149599
0.00165993
0.00222358
0.00190635
0.00173375
0.00251057
0.00284073
0.00272739
0.00296706
0.00254147
0.00217619
0.00222244
0.00270484
0.00265325
0.00234386
0.00238861
0.00246021
0.00247561
0.0017551
0.00206249
0.00230748
0.00276463
0.00169234
0.00186246
0.00189425
0.00221622
0.0024017
0.0014682
0.00193287
0.00206636
0.00203127
0.00197109
0.00424084
0.00237438
0.00173829
0.00181618
0.00189326
0.00155415
0.00182905
0.0017157
0.0029033
0.00159891
0.00231515
0.00214314
0.00205793
0.00153279
0.00166769
0.00178668
0.00151719
0.00184072
0.00155123
0.00150819
0.00161571
0.00159837
0.00186109
0.00153577
0.00205337
0.00230972
0.00249187
0.00193973
0.00156389
0.00165322
0.00225369
0.00289928
0.00236738
0.00155558
0.00192047
0.00188853
0.00189887
0.00162607
0.00219075
0.00183404
0.00197788
0.00168667
0.00173698
0.00208475
0.00228866
0.00171108
0.00252389
0.00202071
0.0020245
0.00195101
0.00208515
0.00222332
0.00228052
0.00218384
0.00245046
0.00232698
0.00192611
0.00238151
0.00248058
0.00171839
0.00271709
0.00467512
0.00189409
0.00242922
0.00249234
0.00192774
0.00198787
0.00224849
0.00183109
0.00181559
0.00206563
0.00234052
0.0014959
0.00164141
0.00151924
0.00156548
0.00187904
0.00241706
0.00241285
0.00253723
0.00225731
0.00211539
0.00219353
0.00295328
0.00179417
0.00146539
0.00203421
0.00206237
0.00183642
0.00159341
0.00237351
0.00203277
0.00191634
0.00164313
0.0024032
0.00243163
0.00243425
0.00257791
0.00254447
0.00248893
0.00245578
0.00194286
0.00264672
0.00186178
0.00186355
0.00222808
0.00237763
0.00191929
0.00248952
0.00267944
0.00372649
0.00319284
0.00238644
0.00231367
0.00207378
0.00447465
0.00225115
0.00192082
0.00234578
0.001943
0.00194454
0.00225291
0.00152094
0.00213152
0.00285799
0.00246019
0.00259291
0.00292845
0.00218793
0.00158381
0.00256461
0.00170142
0.0015475
0.00146858
0.00168351
0.00376006
0.00164966
0.00155474
0.00217438
0.00294659
0.00249337
0.00306299
0.00239712
0.002377
0.00477686
0.00271637
0.00205975
0.00244868
0.00169318
0.00174763
0.00243109
0.00189363
0.00158086
0.00145566
0.00281829
0.00275363
0.00240552
0.00295973
0.00251477
0.00186705
0.00343433
0.0020434
0.0020628
0.00260101
0.00216702
0.00213746
0.00197986
0.00189111
0.00248856
0.00253918
0.0023559
0.00242486
0.00230788
0.00316263
0.0015484
0.00159209
0.00183088
0.00149259
0.00157441
0.00186071
0.0015122
0.0015643
0.00164081
0.00177497
0.00151105
0.00149551
0.00154601
0.00271444
0.00243592
0.00260681
0.00223211
0.0022133
0.00148923
0.00159769
0.00157332
0.00177399
0.00168709
0.00162098
0.00191884
0.00141215
0.00172684
0.00163774
0.00220824
0.00157323
0.00150856
0.00165166
0.00213441
0.00243371
0.00261475
0.00249434
0.00232469
0.00186157
0.00163217
0.00142959
0.00144445
0.00184588
0.0014568
0.00164288
0.00153634
0.00173786
0.00148227
0.00146653
0.00167424
0.0020382
0.00173541
0.00191546
0.00216903
0.00195223
0.00218694
0.00160684
0.00218228
0.00191534
0.00186052
0.00143084
0.00163412
0.00186561
0.00159552
0.00169413
0.00159693
0.00170181
0.00142959
0.00140472
0.00159611
0.00146918
0.00154059
0.00149263
0.00217858
0.00252303
0.00237249
0.00225837
0.00234694
0.0016397
0.00241963
0.00171913
0.00182121
0.00170574
0.00178848
0.00196525
0.00187644
0.00211882
0.00216957
0.00247813
0.00156282
0.00156641
0.00254883
0.00223267
0.00243782
0.00225891
0.00252241
0.00150189
0.00197815
0.0027321
0.00186448
0.00167918
0.00161203
0.00194871
0.00226163
0.00233007
0.00196738
0.00341032
0.00218874
0.0023274
0.00245575
0.00236138
0.00214333
0.00223686
0.00160679
0.00160683
0.00143158
0.0015058
0.00153943
0.00151226
0.00150119
0.00154933
0.00151844
0.00208225
0.00190929
0.00180406
0.00156192
0.00145251
0.00149856
0.0019872
0.00227005
0.00255363
0.00176682
0.001898
0.00199493
0.00141705
0.00153916
0.00169438
0.00160715
0.00157356
0.0016203
0.00150559
0.00144135
0.00164656
0.00143235
0.00155577
0.00214131
0.00178421
0.00155363
0.00181245
0.00257641
0.00223256
0.00212053
0.00184559
0.00203082
0.00163373
0.00142265
0.00159676
0.00158726
0.00140311
0.00165641
0.00164063
0.00159849
0.00149209
0.00144507
0.00176257
0.00223509
0.00179108
0.00145168
0.00160805
0.00236822
0.00169468
0.00172879
0.0015717
0.00202595
0.00239529
0.00160443
0.00150239
0.00162714
0.0015942
0.0019516
0.00149872
0.00148225
0.00209998
0.00153249
0.00137607
0.00144615
0.00144226
0.00212742
0.00167096
0.00210445
0.00240885
0.00258663
0.00193624
0.0016527
0.0018376
0.00273875
0.001428
0.00154556
0.00140099
0.00184266
0.00170981
0.00195114
0.00156714
0.00163524
0.00263266
0.0015938
0.00167318
0.00141581
0.0024937
0.00235549
0.00236324
0.00221758
0.00275162
0.00237439
0.00304647
0.00216758
0.00168294
0.00151143
0.00192048
0.00273311
0.00153405
0.00211359
0.00193496
0.00203007
0.00229158
0.00216663
0.00221287
0.00173846
0.00183984
0.00203055
0.00194514
0.0017499
0.00139921
0.00185785
0.0013853
0.00151824
0.00148717
0.00152227
0.00158447
0.00156274
0.00172786
0.00154299
0.00141142
0.00153298
0.00151783
0.0015887
0.00208351
0.001881
0.0021323
0.00146794
0.00187002
0.00222136
0.00143213
0.00151242
0.00191565
0.00187935
0.00163476
0.001718
0.00158881
0.0014292
0.00154629
0.00140467
0.00155316
0.00160522
0.00143467
0.00170677
0.00234196
0.00219143
0.00229277
0.00225662
0.0023146
0.00203423
0.00206435
0.00170196
0.00156739
0.00168952
0.00146296
0.00170877
0.00142508
0.00146308
0.00146517
0.00163936
0.00168495
0.00215058
0.00162893
0.00177387
0.00221794
0.00247214
0.00241678
0.00234907
0.00238841
0.0018298
0.00145614
0.00149496
0.00180523
0.00193641
0.00145934
0.00167334
0.00153094
0.00180675
0.00168374
0.00157453
0.00154806
0.00152844
0.00159601
0.0018365
0.00233897
0.00267189
0.0022957
0.00243551
0.00203162
0.00212073
0.00147206
0.00145589
0.00155489
0.00154864
0.00164359
0.00190916
0.00172047
0.00145098
0.00154664
0.00154269
0.00167354
0.00163658
0.00153138
0.00236318
0.00246199
0.0023507
0.00239075
0.00249548
0.00182632
0.00171326
0.00172278
0.00183145
0.00176429
0.00151084
0.00174506
0.00155801
0.00154148
0.00150349
0.00160562
0.00145458
0.00140099
0.00166402
0.0020469
0.00236545
0.00250975
0.00245621
0.0024035
0.00177986
0.00157068
0.0016964
0.00198472
0.00155803
0.00149499
0.00174248
0.00194086
0.00208811
0.00136282
0.00160615
0.00155831
0.00145032
0.00167247
0.00181131
0.00200599
0.00221666
0.00271063
0.00184694
0.00259022
0.00186859
0.00160375
0.00145847
0.00173228
0.00186313
0.00187334
0.00162041
0.00241755
0.00143093
0.00140832
0.00168095
0.00147724
0.00148809
0.00153893
0.00217627
0.00219543
0.001965
0.00240591
0.00224538
0.00220496
0.00187199
0.00170834
0.00153694
0.00168476
0.00140355
0.00153776
0.00147809
0.00155946
0.00156266
0.00162393
0.00147528
0.00140162
0.00149881
0.00159537
0.00151916
0.00226681
0.00198925
0.00150922
0.00213
0.00166231
0.00178394
0.00191189
0.00159607
0.00169986
0.00149439
0.00172822
0.00145237
0.00150771
0.00189156
0.00175028
0.0022031
0.001419
0.00155886
0.0018551
0.0014467
0.00150707
0.0015573
0.00154794
0.00217751
0.00168902
0.00153396
0.00165938
0.00167961
0.00159692
0.00179374
0.00165692
0.0014396
0.00208229
0.00143165
0.00139874
0.00148195
0.00143437
0.00140106
0.00174199
0.00147161
0.0015345
0.00183247
0.00144184
0.00153117
0.00179134
0.00198946
0.00135237
0.00161254
0.00229938
0.0017424
0.00188004
0.00192862
0.00179398
0.00200287
0.00150446
0.00220775
0.00149349
0.00150587
0.00186462
0.00146123
0.00155511
0.0016977
0.00134713
0.00142384
0.00150618
0.00137482
0.00203647
0.00162727
0.00180395
0.0020779
0.0021814
0.00146357
0.00166675
0.00143714
0.00137981
0.00157763
0.00152995
0.00138838
0.00181206
0.00147789
0.00147297
0.00176755
0.00146503
0.00140783
0.00169921
0.0013912
0.00136738
0.00181815
0.00242904
0.0016212
0.00156736
0.00179943
0.00233087
0.0014168
0.0013776
0.0015697
0.00155492
0.00154639
0.00143566
0.00142103
0.00153223
0.00220655
0.00200396
0.00147383
0.00162824
0.00163349
0.00232756
0.00137722
0.00148511
0.00168023
0.00194407
0.00169066
0.00158432
0.00163751
0.00154232
0.00189405
0.00139704
0.00156793
0.00142378
0.00138755
0.00151818
0.00149155
0.00177073
0.00138488
0.00136694
0.00155384
0.00154345
0.00143874
0.00168335
0.00152248
0.00157133
0.00153683
0.00154836
0.00188508
0.00160066
0.00196451
0.00177812
0.00187338
0.00142528
0.00156217
0.00152847
0.00187384
0.00148457
0.001709
0.00158256
0.00144948
0.00181074
0.00132506
0.00151402
0.00161694
0.00146112
0.00140158
0.00227905
0.00236542
0.00205901
0.0021893
0.00198394
0.00195458
0.0014137
0.00135988
0.00148692
0.00139903
0.00172671
0.00152247
0.0013583
0.00146239
0.00149573
0.00153765
0.00148048
0.00149575
0.0014682
0.00165228
0.00173995
0.0014233
0.00138444
0.00198137
0.00144789
0.00137984
0.00180576
0.00164064
0.00155968
0.00180448
0.00154852
0.00138951
0.0013415
0.00132102
0.00152897
0.0014703
0.00146308
0.00134924
0.00150219
0.00141958
0.00144335
0.00152164
0.0015045
0.00141922
0.0017016
0.0014478
0.00175717
0.00146239
0.00169426
0.00160238
0.00185097
0.00173656
0.00153856
0.00138569
0.00153544
0.00137058
0.00133835
0.00148562
0.00167085
0.00146735
0.00152583
0.00180232
0.00145536
0.00130602
0.00144438
0.00161991
0.00139155
0.00145813
0.00136587
0.0013808
0.00157343
0.00203322
0.00164618
0.00145901
0.00184361
0.00188144
0.00161757
0.00157175
0.00174703
0.00144451
0.00236073
0.00152306
0.00140509
0.00140267
0.00136658
0.00165077
0.00137603
0.00138781
0.0013905
0.0016777
0.0015207
0.00145159
0.0014415
0.00144943
0.00167629
0.00184125
0.00192035
0.00221388
0.00204109
0.00195276
0.00156444
0.00145583
0.00151684
0.00147999
0.00153989
0.00168249
0.00143328
0.00170028
0.00142551
0.00171519
0.00161622
0.00160891
0.00152417
0.00138428
0.00141956
0.00188429
0.00159185
0.00144957
0.0021507
0.00234924
0.00172933
0.00166839
0.00184342
0.00148251
0.00156518
0.00173079
0.00163913
0.0016083
0.00141412
0.00173366
0.00133071
0.00148756
0.00143472
0.00155514
0.00166112
0.00171331
0.0022967
0.00213666
0.00191015
0.00191965
0.0021394
0.00204507
0.00195012
0.00136285
0.00146945
0.00150157
0.00186616
0.00174666
0.001414
0.00173435
0.00162688
0.00141494
0.0014697
0.00153322
0.0016233
0.00136465
0.00141085
0.00199724
0.00155303
0.00156514
0.00181122
0.00171759
0.00217045
0.00230518
0.00158703
0.00144048
0.0015646
0.00158323
0.00144308
0.0015439
0.00144636
0.00138076
0.001769
0.00154777
0.00164478
0.00192731
0.00200575
0.0019149
0.00214593
0.00202731
0.00219089
0.00225417
0.00213872
0.00250495
0.00215885
0.00228515
0.00197145
0.00156648
0.00192135
0.00207263
0.0019419
0.00165538
0.00154176
0.00178276
0.0023856
0.00197206
0.00222588
0.0021786
0.00196176
0.0021053
0.00185746
0.00236083
0.00179542
0.00157778
0.00158981
0.00178273
0.00157754
0.00178703
0.00163274
0.00134779
0.00161134
0.00140732
0.0015684
0.00168462
0.00149251
0.00151911
0.00171599
0.00238144
0.00239503
0.00224769
0.00214358
0.00233839
0.00167925
0.001401
0.00137792
0.00163348
0.00145183
0.00136212
0.00152759
0.00156478
0.00147437
0.00221816
0.00138637
0.00146306
0.00168231
0.0023341
0.0014475
0.00179214
0.00176434
0.0015533
0.00215685
0.00142246
0.00161037
0.00195017
0.00161701
0.00182692
0.00139364
0.00157633
0.00189726
0.00258224
0.00138427
0.00208177
0.00133126
0.00134975
0.00174435
0.00166963
0.00178317
0.00212335
0.00279386
0.00226464
0.00234372
0.00223696
0.00228645
0.00169715
0.00196595
0.00155661
0.0017756
0.00148887
0.00164518
0.00134742
0.00143546
0.0018913
0.0014259
0.00156124
0.00162194
0.00193293
0.00167906
0.00168011
0.00211285
0.00222947
0.00214437
0.00216684
0.00223036
0.00137244
0.00158467
0.00153617
0.00179775
0.00146188
0.00150742
0.00166032
0.00152374
0.00164968
0.00131279
0.00135201
0.00142735
0.00172037
0.0015516
0.00131404
0.0013505
0.00152311
0.00195878
0.00193005
0.00199617
0.00172357
0.0021095
0.00142737
0.00161332
0.00129558
0.0013012
0.00157857
0.00146083
0.00176817
0.0013204
0.00143786
0.00137851
0.001501
0.00139757
0.00158615
0.00134174
0.00133732
0.00139862
0.00137929
0.00210056
0.00165017
0.00147043
0.00152523
0.00147084
0.0018783
0.00177646
0.00135502
0.00135731
0.00179926
0.0015929
0.00150821
0.00151289
0.00143625
0.00135807
0.00137024
0.00157862
0.0013332
0.00144735
0.00138791
0.0015516
0.00148505
0.00125968
0.00135272
0.00137247
0.00179797
0.00244326
0.00231476
0.00222251
0.001703
0.00179127
0.0014042
0.00141693
0.00132112
0.00139264
0.0013598
0.00131763
0.00140021
0.00134004
0.00141493
0.00143655
0.00171243
0.00144966
0.0014546
0.00148155
0.00157058
0.00241265
0.00180563
0.00214335
0.00177881
0.00198802
0.00157578
0.00140118
0.00130481
0.00133917
0.00163085
0.001819
0.00146957
0.00145832
0.00149617
0.00173778
0.00149258
0.00127138
0.00132914
0.00138363
0.00135726
0.00169659
0.00137988
0.00157969
0.00134762
0.00132758
0.00188714
0.0018377
0.00174442
0.00174906
0.00163633
0.00175467
0.00182047
0.00138159
0.00148791
0.00134936
0.00164442
0.001507
0.00132485
0.00142809
0.00126625
0.00146219
0.00159804
0.00137309
0.00143067
0.00162163
0.00149983
0.00222364
0.00157473
0.00149531
0.00166398
0.00142725
0.00216186
0.00149861
0.00148632
0.00138048
0.0013118
0.00165732
0.0016129
0.00135515
0.00148547
0.00157993
0.0019747
0.00137393
0.00131341
0.00140391
0.00135
0.00148631
0.00157851
0.00128732
0.00145453
0.00157499
0.00219021
0.00216367
0.00230068
0.00214484
0.00187969
0.00232157
0.00147632
0.00179218
0.00140143
0.00169801
0.00141092
0.00145669
0.00135519
0.00127402
0.00133278
0.00141285
0.00151569
0.00149916
0.00182294
0.00172015
0.00231904
0.0017872
0.00186327
0.00184831
0.00154422
0.00166002
0.00136989
0.00132765
0.00131475
0.00133341
0.00166423
0.00153549
0.00127968
0.00171502
0.00159752
0.00223125
0.00126424
0.00153004
0.00145122
0.00141784
0.00131399
0.00152157
0.00150995
0.0013289
0.00134921
0.00141299
0.00174856
0.00229297
0.00152508
0.0015193
0.00173756
0.0021883
0.00147004
0.00161894
0.00128596
0.00151552
0.00163398
0.00142888
0.00133589
0.00134054
0.00130531
0.00139011
0.0014141
0.0018118
0.00133247
0.00137205
0.00201843
0.00202439
0.00162115
0.00171477
0.00163625
0.00159225
0.00156146
0.00133077
0.00137533
0.00136199
0.001393
0.00188158
0.00188738
0.00154679
0.00170655
0.00181614
0.00163265
0.00147332
0.00153746
0.00142212
0.00138108
0.00137738
0.00190805
0.00137407
0.00144225
0.00126889
0.00192293
0.00221975
0.00201449
0.0014967
0.00210519
0.00192641
0.00137024
0.00156809
0.0014554
0.00138683
0.00130811
0.00131841
0.00129111
0.00136246
0.00157054
0.00167768
0.00248621
0.00204256
0.00176559
0.00181423
0.00160705
0.00158354
0.00133128
0.00247411
0.00173278
0.00137912
0.00131869
0.00139871
0.00149331
0.00157009
0.00142313
0.00145342
0.00156663
0.00144791
0.00156467
0.00138451
0.0013023
0.00144499
0.0014151
0.00132156
0.00147828
0.00153888
0.00168816
0.00202239
0.00174607
0.00198814
0.00197007
0.00173338
0.00149309
0.00146687
0.00133615
0.00141701
0.00138404
0.00134692
0.00136977
0.00133051
0.00162448
0.00150491
0.001412
0.00136575
0.00132524
0.00133043
0.00135432
0.00147117
0.00148781
0.00181811
0.00169213
0.00172169
0.00148968
0.00181233
0.00133472
0.0016456
0.00209025
0.00139272
0.00143509
0.00133565
0.00156548
0.00142328
0.00133469
0.00159942
0.00142942
0.00164533
0.00178382
0.00132931
0.00203102
0.00143348
0.00146457
0.00164711
0.00149799
0.00207364
0.00197898
0.00265031
0.00242529
0.00181857
0.00155521
0.00201402
0.00132202
0.0016542
0.00177191
0.00136633
0.00149595
0.00149363
0.00142379
0.00170835
0.00130811
0.00131603
0.00136194
0.00135986
0.00150927
0.00139197
0.00181666
0.00224037
0.00156364
0.00150662
0.00170092
0.00192831
0.00150953
0.00133084
0.00147413
0.00145699
0.00137025
0.00164248
0.00131416
0.00141067
0.00165002
0.00144438
0.00166122
0.00128445
0.00127123
0.00150584
0.00160669
0.00128888
0.00145989
0.00144007
0.00149637
0.00159606
0.00167601
0.00150667
0.00144782
0.0015638
0.00189111
0.00142239
0.00181392
0.00152227
0.00136871
0.0012477
0.00165374
0.00130897
0.0014405
0.00132942
0.00141523
0.00157502
0.00148387
0.00135756
0.00132518
0.00126701
0.00134549
0.00126703
0.00135221
0.00160128
0.00176708
0.00132081
0.00146429
0.0017227
0.00195707
0.0018731
0.00141122
0.00136445
0.00161794
0.00131767
0.00132105
0.00127362
0.00139295
0.00183089
0.00146938
0.00156685
0.00144138
0.00130326
0.00133935
0.00164241
0.00132982
0.00128944
0.00132719
0.00199543
0.00249784
0.00274796
0.00321864
0.00275188
0.00144565
0.00144959
0.00197455
0.00147563
0.00131688
0.00162091
0.00139647
0.00149694
0.0017961
0.00151821
0.00144356
0.00160299
0.00137701
0.00144223
0.00209139
0.00204685
0.00220115
0.00215321
0.00227141
0.00157277
0.00129373
0.00154859
0.00209197
0.00140224
0.00145838
0.00148768
0.0013516
0.0015681
0.00160592
0.00128791
0.0013315
0.00129618
0.00138664
0.00165708
0.00127001
0.00139393
0.0020654
0.00243397
0.00219967
0.00211384
0.00225586
0.00129478
0.00152865
0.00136422
0.00141296
0.00163907
0.00141811
0.00149533
0.00159336
0.0013581
0.00125607
0.00124717
0.0012716
0.00123993
0.00131032
0.00137016
0.00137628
0.00137564
0.00169752
0.00232369
0.00207224
0.00190714
0.00160106
0.00162379
0.00162663
0.00139694
0.00148452
0.00143055
0.0017542
0.00131054
0.00135412
0.00128516
0.00137105
0.00151684
0.00148852
0.00130856
0.00150986
0.00139331
0.00130806
0.00184907
0.00135932
0.00139455
0.00128473
0.00139315
0.00180126
0.00184817
0.00138715
0.00151431
0.00158593
0.00135641
0.00171149
0.00136677
0.00137166
0.00148773
0.00133733
0.00128976
0.00164074
0.00137077
0.00138175
0.00126317
0.00139712
0.00146132
0.00142727
0.00129353
0.00151763
0.00134706
0.0014009
0.00210516
0.00207989
0.00222885
0.00216182
0.00253564
0.00150376
0.00126599
0.00128248
0.00146996
0.00198591
0.00126122
0.0014133
0.00139735
0.00133136
0.0013964
0.00136681
0.00130137
0.00136518
0.00138929
0.00129371
0.0015164
0.00163288
0.00223323
0.00228403
0.00216392
0.0022513
0.0021628
0.00128402
0.00158742
0.0012927
0.00132903
0.00138668
0.00143886
0.00136377
0.00183194
0.00139368
0.00136937
0.00130978
0.00129685
0.0013558
0.00143868
0.00150726
0.00145598
0.00138862
0.00201972
0.002086
0.00203822
0.00214833
0.00208271
0.00212758
0.00135018
0.00145366
0.00134068
0.00139432
0.00127201
0.00153085
0.00151147
0.00132479
0.00127786
0.00161557
0.00135375
0.00126885
0.00139996
0.00148107
0.00135508
0.00178073
0.00236099
0.00215464
0.00217034
0.00212637
0.00206222
0.00185031
0.00140445
0.00179276
0.00133226
0.00130273
0.00166175
0.00137407
0.00148758
0.00182776
0.00132016
0.00129548
0.00132055
0.00132739
0.00143977
0.00128431
0.00138908
0.00147772
0.00185322
0.00220324
0.00203378
0.00211133
0.00251035
0.00200091
0.00143629
0.00149489
0.00137363
0.00133821
0.00152991
0.001462
0.00142862
0.00153798
0.00125297
0.00147809
0.00129964
0.0012656
0.00128393
0.00165036
0.00168727
0.00132498
0.00204056
0.00205615
0.00214504
0.00218538
0.00198107
0.00210169
0.00158399
0.00154724
0.00129295
0.00136704
0.00141252
0.00122555
0.00171555
0.0012834
0.0016815
0.00131435
0.00138422
0.00130342
0.00128318
0.00130201
0.00144397
0.00134534
0.00149138
0.00201725
0.00210187
0.00210364
0.00216059
0.00207306
0.00202016
0.00163852
0.00138742
0.00130665
0.00151263
0.00139034
0.0014514
0.00152628
0.0013891
0.00139385
0.00140011
0.00130161
0.00172298
0.00136834
0.00131164
0.00180685
0.00131035
0.00194789
0.00207517
0.00168481
0.00140651
0.00178354
0.00154845
0.00195055
0.00170215
0.00127618
0.00137656
0.0015213
0.00153903
0.0012788
0.00169677
0.00136644
0.00151722
0.00130257
0.00127288
0.00132633
0.00140354
0.00149254
0.0015372
0.00161458
0.00169249
0.00207094
0.00227462
0.00225848
0.00203391
0.00246998
0.00287205
0.00164859
0.00184904
0.00280689
0.00196542
0.00160111
0.00161861
0.00126311
0.00127406
0.00152051
0.00145753
0.00131089
0.00142118
0.0014532
0.00205102
0.00235509
0.00234183
0.0029419
0.00298618
0.00170383
0.00126822
0.00159283
0.00142521
0.00143679
0.00133168
0.00139617
0.00132025
0.00127778
0.00172025
0.00159265
0.00129249
0.0012807
0.00144756
0.00142542
0.00140944
0.00127498
0.00210645
0.00202294
0.00210557
0.00220551
0.00211109
0.00204905
0.00182605
0.00223937
0.00129514
0.00151622
0.00135769
0.00197748
0.00131762
0.00125165
0.00147472
0.00120447
0.00130563
0.00121428
0.00174041
0.00126803
0.00131574
0.00134375
0.00197379
0.00221604
0.00195031
0.00220391
0.00231371
0.00158115
0.0017022
0.00135195
0.00132377
0.00124204
0.00159207
0.00158527
0.00133975
0.00127783
0.00132898
0.00139836
0.00153113
0.00121164
0.00126159
0.00150275
0.00144763
0.00137891
0.0012648
0.00195513
0.00207463
0.00209033
0.00212224
0.00196942
0.00149023
0.00171434
0.00194309
0.00136706
0.00133145
0.00166327
0.00160702
0.00144032
0.0014048
0.00133645
0.00126686
0.00134203
0.00124116
0.00143464
0.00142595
0.00130627
0.00131811
0.00202889
0.00255473
0.00239859
0.00205023
0.00203327
0.00189113
0.00221479
0.00127039
0.00147338
0.00125492
0.00149304
0.00124021
0.00139899
0.00143448
0.00145234
0.00142342
0.00138021
0.00140323
0.00132798
0.00158368
0.00122569
0.00170178
0.00209229
0.00196372
0.00176439
0.0018934
0.00217229
0.00198498
0.00244541
0.00301192
0.00208261
0.00160415
0.0012566
0.00202045
0.00138696
0.00121412
0.0012398
0.00131022
0.00133104
0.00135724
0.00127357
0.00175211
0.00209819
0.00201001
0.00213894
0.00153766
0.00215717
0.00159204
0.00159042
0.00130588
0.00122294
0.0017363
0.00175307
0.00167303
0.00123131
0.00130303
0.00197464
0.00198241
0.00223151
0.00284604
0.00220144
0.00195721
0.00220244
0.00200994
0.00189071
0.00206626
0.00151435
0.00132611
0.00215511
0.00248106
0.00227571
0.00207609
0.00178732
0.00140246
0.00155429
0.0013438
0.00128375
0.00142925
0.00161004
0.00128776
0.00125435
0.00122796
0.0017648
0.00213404
0.00190943
0.00212096
0.00267821
0.00188075
0.00147886
0.00128996
0.00143615
0.00121869
0.00147376
0.00148814
0.00127135
0.00121565
0.00133413
0.00125007
0.00129541
0.00129682
0.00170703
0.00131933
0.0012981
0.00143136
0.00134842
0.00169907
0.00179993
0.00157165
0.00124278
0.00189282
0.00326763
0.00180723
0.0014199
0.00140334
0.00138834
0.00178849
0.00164122
0.00134018
0.00150811
0.00132101
0.00127434
0.00149999
0.00122072
0.00122358
0.00135959
0.00138532
0.00142148
0.00142876
0.00149633
0.00203612
0.00249314
0.00272212
0.00216061
0.00211073
0.00139509
0.00155845
0.00136008
0.00168588
0.00164288
0.00128401
0.00127805
0.00123338
0.00136703
0.00125683
0.001303
0.00158374
0.00175375
0.00142595
0.00129152
0.00142715
0.00196828
0.00214819
0.00123274
0.00124283
0.00186462
0.00208957
0.00151003
0.00121027
0.00122603
0.00137173
0.00140643
0.00162433
0.00166378
0.001321
0.00146345
0.00154641
0.0016766
0.00131984
0.00142134
0.00122667
0.00125149
0.00129052
0.00125057
0.00141031
0.00140778
0.00153885
0.00162321
0.00221023
0.00203489
0.00176521
0.0021102
0.00198154
0.00171028
0.00149496
0.00171172
0.00207614
0.00142204
0.00128712
0.00147225
0.00197941
0.00170692
0.00204406
0.0016475
0.00245803
0.00212659
0.00179843
0.00190465
0.00194555
0.00179659
0.0013463
0.00139857
0.0012866
0.00177362
0.00138265
0.00200833
0.00148346
0.00221955
0.00223053
0.00192283
0.00159432
0.00132279
0.00138656
0.00139474
0.00200915
0.00143762
0.00169805
0.00215961
0.00265548
0.00200586
0.00184622
0.0023405
0.00218791
0.00140685
0.00143087
0.00145879
0.00168213
0.00177049
0.00153124
0.00156637
0.00134076
0.00181664
0.00177597
0.00127059
0.00202231
0.00235783
0.002077
0.00230054
0.0020523
0.00180882
0.00136318
0.00126393
0.00125908
0.0015685
0.00205584
0.00146274
0.00130036
0.00168601
0.00270377
0.00240889
0.00153312
0.00156045
0.0018372
0.00146931
0.00198343
0.00176898
0.00163972
0.00201032
0.00330293
0.00197689
0.00227076
0.00224477
0.0015565
0.00139908
0.00170949
0.00134523
0.00161384
0.00181297
0.00168789
0.00154078
0.00158383
0.00287839
0.00147971
0.00239169
0.00249009
0.00206588
0.00213111
0.0019924
0.00218708
0.00158701
0.00159099
0.00192415
0.00170961
0.002078
0.00185835
0.00204567
0.00246197
0.00184936
0.00170868
0.00168244
0.00231103
0.00198947
0.0020291
0.00204852
0.00216456
0.00165803
0.00181402
0.00183358
0.00279802
0.00160476
0.00208155
0.00208199
0.00207652
0.00186149
0.00138548
0.00164895
0.00350422
0.00221157
0.00232746
0.00198434
0.00198009
0.00214496
0.00228144
0.0021337
0.00183847
0.00226847
0.00205171
0.00159976
0.00186803
0.00259326
0.00215361
0.00176462
0.00157784
0.00141206
0.00240705
0.0020847
0.00233317
0.00209744
0.00200389
0.00198097
0.00215851
0.00237053
0.00242171
0.00177803
0.00202627
0.00199103
0.00204539
0.00138563
0.00136698
0.00196069
0.00198105
0.00201421
0.00227571
0.00237271
0.00218708
0.00220464
0.00236065
0.00180662
0.00203666
0.00227315
0.00173489
0.0020734
0.00179082
0.00192816
0.00189148
0.00163569
0.00186998
0.00188814
0.00210444
0.00210487
0.00228057
0.00223135
0.00201208
0.00192761
0.001717
0.00153762
0.00130442
0.00131488
0.00132554
0.00151756
0.00131366
0.00132952
0.00133371
0.00138558
0.00129748
0.00126581
0.00149725
0.00132193
0.00139176
0.00129024
0.001313
0.00127196
0.0016058
0.0018166
0.00178737
0.0013781
0.00194255
0.00160392
0.00164238
0.00146216
0.00127881
0.00138498
0.00148983
0.00138755
0.00135051
0.00140986
0.00147472
0.00131681
0.00118663
0.00157903
0.00136491
0.00167484
0.00136243
0.00132563
0.00130645
0.00133851
0.00139255
0.00157759
0.00161424
0.00130675
0.00222376
0.00164534
0.0017559
0.00132309
0.00127459
0.00123553
0.00123134
0.00171533
0.00131637
0.00129184
0.00141089
0.00137931
0.00130591
0.00130676
0.00128775
0.00144383
0.00129934
0.0015849
0.00180153
0.00149977
0.00123594
0.00218724
0.00220277
0.00225211
0.00252562
0.0022005
0.00233911
0.00195972
0.00135305
0.00176077
0.00197565
0.00175921
0.0017894
0.00172454
0.00184646
0.00208204
0.00206962
0.00199516
0.00218606
0.00198415
0.00288795
0.00219829
0.00195552
0.00200418
0.00189004
0.00157281
0.00171619
0.00244268
0.00179491
0.00185969
0.00151752
0.00141338
0.00167199
0.00187874
0.00197584
0.00168415
0.0022474
0.00204242
0.00204804
0.00226791
0.00208393
0.00202805
0.00136972
0.00169852
0.00128976
0.00159195
0.00165531
0.00161113
0.0014156
0.00123554
0.00119228
0.00151475
0.00136349
0.0012542
0.00129418
0.00145198
0.00242633
0.00134288
0.00156337
0.00224835
0.00238064
0.00244531
0.00236125
0.00179465
0.00152171
0.001291
0.0013085
0.00137207
0.00137345
0.00143215
0.00155823
0.00129033
0.00151002
0.00147854
0.00128187
0.00125273
0.00120325
0.00138296
0.00132582
0.00123028
0.00130974
0.00185448
0.00194683
0.0020918
0.00197936
0.00200543
0.00224961
0.00123781
0.00166121
0.00120528
0.00125792
0.00144206
0.00132761
0.00134817
0.00141708
0.0012638
0.00147086
0.0015941
0.00130063
0.00122855
0.00129022
0.00134767
0.0013044
0.0014083
0.00135256
0.00222783
0.00205361
0.00176676
0.00196482
0.00171972
0.00180162
0.00131014
0.00122261
0.00133309
0.00130637
0.0013651
0.00152027
0.00146672
0.00143673
0.00138478
0.0017719
0.00138483
0.00145157
0.00146379
0.00167959
0.00131955
0.00148704
0.00193661
0.00212527
0.00194669
0.00217565
0.00386681
0.00320416
0.00343246
0.00365271
0.0153969
0.00373433
0.00209682
0.00403927
0.00502115
0.00231483
0.00284785
0.00425917
0.00308049
0.00235707
0.00312566
0.00263727
0.00238309
0.00261981
0.283177
0.00453336
0.0211815
0.0489497
0.00765396
0.00340232
0.00213099
0.0117725
0.00600353
0.0113639
0.00341681
0.00572237
0.00382886
0.00286548
0.0115095
0.00227542
0.00705916
0.00752014
0.0135642
0.00285819
0.00245021
0.00325289
0.00217745
0.00301426
0.00412691
0.00392589
0.00213119
0.00263393
0.00359099
0.00221943
0.00290458
0.0154427
0.00623625
0.0039502
0.0142959
0.0022064
0.00285051
0.00822329
0.00218166
0.00795875
0.0221954
0.00302984
0.0038798
0.00342563
0.00228654
0.00196026
0.00235784
0.00244004
0.00269846
0.00364609
0.00223221
0.00211778
0.00205467
0.00168092
0.00176155
0.0017596
0.00580491
0.00234237
0.00237971
0.00508522
0.00303351
0.0203097
0.00261558
0.00231131
0.00285562
0.00268989
0.00580251
0.00452124
0.0244455
0.00621899
0.0022268
0.00199132
0.0027082
0.00329408
0.00264136
0.00294785
0.00274625
0.00183856
0.0033965
0.004469
0.00310561
0.00480296
0.00281146
0.0022384
0.00181547
0.001728
0.00209127
0.00175618
0.00244054
0.00263884
0.00245743
0.00226355
0.00197652
0.00231319
0.00205071
0.00206204
0.00197358
0.0022421
0.00215885
0.00168637
0.00212203
0.00418331
0.0021263
0.00204049
0.00186144
0.00164194
0.00155686
0.0019108
0.00185055
0.0020574
0.00201083
0.00225046
0.00237161
0.00194875
0.00214813
0.00246252
0.00161358
0.00119678
0.00161734
0.00164325
0.00188409
0.00176061
0.00246535
0.00177353
0.00212908
0.00166023
0.0015623
0.00179018
0.00158172
0.00192245
0.00208494
0.00237754
0.00164874
0.00223579
0.00229192
0.00235302
0.00297867
0.00230069
0.00256455
0.00257276
0.00202847
0.00224414
0.00196078
0.0021563
0.00230083
0.00214616
0.00246377
0.00220433
0.00203727
0.0030595
0.00180881
0.00172901
0.00271567
0.0022467
0.0104349
0.00256191
0.00206737
0.00269034
0.00205355
0.00232133
0.00197359
0.0528006
0.00196575
0.00217241
0.00249532
0.00167311
0.0167653
0.0019095
0.00505394
0.00273638
0.0124625
0.00298179
0.00222221
0.00220299
0.0026745
0.00331992
0.00243399
0.00247663
0.0036624
0.00390991
0.00206501
0.0019597
0.00583204
0.00822013
0.0222983
0.00243874
0.00218394
0.00244831
0.00235986
0.00218567
0.00205617
0.00201795
0.00207861
0.00212593
0.00217757
0.00257602
0.0020643
0.00247011
0.0021374
0.00195317
0.002427
0.0027272
0.00203807
0.00202856
0.00196759
0.00185432
0.00210719
0.00181794
0.00173619
0.00195088
0.00210846
0.00167826
0.00208629
0.00218762
0.00714387
0.00213371
0.00277246
0.00256821
0.00533451
0.00122443
0.00213065
0.00212083
0.0196485
0.00206224
0.00195009
0.00125036
0.0931983
0.0396746
0.0032749
0.00173735
0.00172056
0.00207568
0.00298194
0.00265666
0.00216246
0.00229336
0.00229713
0.00210866
0.00222806
0.0015171
0.00201724
0.0022718
0.00195803
0.00178462
0.00284726
0.00245327
0.00231299
0.00191424
0.00208854
0.00208111
0.00185437
0.00214242
0.0022719
0.00285509
0.0014065
0.00175247
0.00158312
0.00146825
0.00195096
0.00169319
0.0013114
0.00207862
0.00140545
0.00127916
0.00152979
0.00154625
0.0019316
0.00226665
0.00203156
0.00235769
0.00229593
0.00196246
0.00196195
0.00191857
0.00146869
0.00135549
0.00184789
0.00150908
0.00173975
0.00169065
0.00226822
0.00170588
0.00229072
0.00185102
0.00254796
0.00208612
0.00198671
0.00193108
0.00217927
0.00237134
0.00210933
0.00179729
0.00198273
0.00202319
0.00207559
0.00219858
0.00144381
0.00173359
0.00183466
0.001846
0.00168135
0.00176699
0.00183789
0.00171559
0.00220445
0.00202825
0.00208252
0.00291459
0.00187112
0.00156485
0.00176238
0.00201213
0.00127029
0.00135106
0.00143805
0.00224934
0.0015421
0.00165738
0.00210135
0.00186885
0.00186269
0.00184528
0.00197103
0.00206695
0.00208377
0.00192924
0.00303873
0.00138059
0.0021633
0.00273244
0.00356594
0.00131667
0.00155673
0.00173631
0.00144165
0.00149786
0.00168627
0.00172823
0.001417
0.002753
0.00208826
0.00271448
0.00205041
0.00255519
0.00211406
0.00182086
0.00137522
0.00132192
0.00149235
0.00154068
0.00183968
0.00196861
0.00187511
0.00185527
0.00162078
0.00178431
0.00159273
0.00160838
0.00203058
0.00199512
0.00203542
0.00207481
0.0020558
0.0020864
0.00154416
0.0012094
0.00191523
0.0014188
0.00149182
0.00152326
0.00183766
0.00135597
0.00155363
0.00139908
0.00141745
0.00134097
0.00119852
0.00177053
0.00143265
0.00171411
0.00219904
0.00252991
0.0020696
0.00207009
0.00213127
0.00145033
0.00149038
0.00156622
0.00118529
0.00120397
0.00197463
0.00123652
0.00137831
0.0017338
0.0014099
0.00128836
0.00170852
0.00126231
0.00156637
0.00204977
0.00146246
0.0018372
0.00196156
0.00192674
0.00194355
0.0022193
0.00237045
0.00213337
0.00201412
0.00153779
0.00197345
0.00169175
0.00142719
0.00134101
0.00178186
0.00152258
0.00146011
0.00159226
0.00177203
0.00170445
0.00188032
0.00218858
0.00247643
0.00208016
0.00251262
0.00237677
0.00173017
0.00152159
0.00116542
0.00153533
0.00171535
0.00118694
0.00167054
0.00121579
0.00183349
0.00131073
0.00124022
0.00153004
0.00137142
0.0012366
0.00133772
0.00148398
0.00137062
0.0020888
0.00217377
0.00188726
0.0019422
0.00217575
0.00242048
0.00153252
0.00141099
0.00168288
0.00181902
0.00146197
0.00139836
0.00125256
0.00162584
0.00139124
0.00131704
0.00124954
0.00134056
0.00119018
0.00132785
0.00153522
0.00191442
0.00208898
0.00181824
0.00210056
0.00216933
0.00221131
0.0019731
0.00197663
0.00148683
0.00115989
0.00123437
0.0012703
0.00142213
0.00160003
0.00155291
0.00131721
0.00125379
0.00123947
0.0013993
0.00166934
0.0014691
0.00150629
0.00122027
0.0012098
0.00199031
0.00194326
0.00192741
0.00255646
0.00207695
0.00154344
0.00121129
0.0012561
0.00152971
0.00149235
0.00123815
0.00148269
0.00128264
0.00160463
0.00134157
0.00138515
0.00120054
0.00121521
0.00124323
0.00125278
0.00145657
0.00149219
0.00138022
0.0020177
0.00205114
0.00218408
0.00196314
0.00203711
0.00200896
0.00200444
0.00130137
0.00125844
0.00142186
0.00160098
0.00129957
0.0014598
0.00138104
0.00146911
0.00119766
0.00119704
0.00129101
0.00128009
0.00120699
0.00125257
0.00137623
0.00140332
0.00173908
0.00199961
0.00135959
0.00213056
0.00209869
0.00210058
0.00166146
0.00116811
0.00128855
0.00135689
0.00145602
0.0012675
0.00139557
0.00125389
0.00122094
0.00118229
0.00119584
0.00124373
0.00133851
0.00118867
0.00123306
0.00116774
0.00130144
0.00144958
0.00138354
0.00204089
0.00186681
0.00200243
0.00192535
0.00172116
0.00193887
0.00180518
0.00127769
0.00122691
0.00137627
0.00128246
0.00138873
0.00136643
0.00123449
0.00130289
0.00135202
0.00121012
0.00124886
0.00119391
0.00122629
0.00128658
0.00121275
0.00148463
0.00148199
0.00209595
0.00210207
0.00198258
0.00226388
0.00211391
0.00199577
0.00130004
0.00136222
0.00138065
0.00188857
0.00136742
0.00139539
0.00125475
0.00128739
0.0015453
0.00143441
0.00127575
0.00129928
0.00125559
0.00122059
0.00120573
0.00165481
0.00146857
0.00202714
0.00192323
0.00202137
0.00204399
0.00193192
0.00240655
0.00143531
0.0017837
0.00171626
0.00160222
0.0015471
0.00126341
0.00134702
0.00171746
0.00119965
0.00130568
0.0012311
0.00126024
0.00119178
0.00131164
0.00127586
0.00120119
0.00169429
0.0019453
0.00207442
0.00196561
0.00205388
0.00216708
0.00131846
0.001263
0.00146605
0.00141433
0.00121133
0.00130217
0.00145355
0.0014434
0.00129491
0.00131253
0.00118191
0.00141266
0.00135912
0.00124204
0.00122313
0.00125015
0.00126282
0.00147073
0.00188334
0.00197365
0.00201942
0.00190876
0.00209388
0.00205599
0.0013133
0.00130003
0.00124383
0.00160821
0.00141512
0.00128474
0.00127073
0.00119724
0.00135643
0.00138325
0.00126707
0.0015245
0.00122849
0.00123476
0.00120638
0.00163287
0.00135518
0.00134966
0.00217816
0.00231779
0.00209799
0.0017577
0.00171016
0.00200817
0.00133548
0.00166241
0.00207055
0.0015077
0.0019114
0.00194778
0.00162879
0.00163555
0.00220946
0.00186181
0.0042855
0.00235073
0.00187665
0.00226489
0.00195624
0.00214489
0.00192558
0.00188701
0.00155936
0.00192907
0.00212054
0.0019104
0.00153569
0.00175547
0.00201665
0.00134559
0.0017128
0.00163872
0.00240155
0.00174915
0.0013322
0.00180658
0.00248552
0.00217751
0.00218573
0.00229851
0.00212875
0.00184166
0.00178819
0.00244734
0.00265216
0.00124455
0.00148248
0.00171612
0.00169096
0.00135986
0.00163999
0.00134945
0.00182413
0.00127767
0.00193946
0.00198879
0.0019824
0.00230615
0.00219608
0.00264601
0.00130566
0.00155607
0.00138538
0.00133417
0.00170604
0.0020247
0.00226205
0.00210481
0.00142578
0.00173788
0.00150775
0.00156804
0.00125898
0.00157062
0.00202296
0.0020461
0.0020356
0.0024213
0.00285418
0.00120994
0.00133761
