8.02615
7.1225
7.94736
7.04803
7.05905
6.96887
6.93265
7.31443
6.89529
7.47651
7.10733
7.10008
6.89008
7.09835
7.02922
7.23601
7.03401
7.62222
6.99167
6.84386
7.19376
7.0008
7.39346
7.09403
7.46055
7.26425
7.66524
7.21309
7.03345
6.94046
7.48418
7.45205
7.7618
6.92097
6.80725
6.78438
6.77082
7.12386
6.80329
6.9927
7.59467
8.83651
11.4526
6.90214
6.9127
6.75625
6.90308
7.01836
6.70627
9.42188
9.28494
6.90039
7.5684
6.98206
7.35708
11.4689
6.82622
7.02943
6.83368
7.19254
7.0135
6.81383
6.87253
7.55278
7.25838
6.96027
7.34937
7.25571
7.19032
7.64343
6.72338
7.31633
7.97015
7.1008
7.26485
6.96921
7.41281
7.29816
7.43828
7.14676
7.59645
6.91045
7.77363
7.80273
7.25421
6.87893
7.03133
6.79167
7.44528
7.36492
7.16357
7.33127
7.60495
7.28277
6.97785
6.95817
7.67345
6.97783
9.74165
7.88443
