12.1474
11.8042
11.8861
11.4006
12.7049
12.427
11.6938
11.9829
12.0976
12.187
12.1919
12.0157
11.5349
12.7305
12.6542
12.4955
11.8879
12.0652
12.184
16.3989
11.4706
13.2033
11.975
11.3539
11.8307
12.7716
12.7392
12.1944
12.8753
12.413
11.8124
12.0264
11.9725
12.696
12.4011
12.7945
12.2845
18.6765
12.5059
12.4285
12.0296
11.898
12.4694
11.9774
12.7183
12.1299
11.9928
11.7901
12.6487
11.9458
12.2478
12.5665
11.7989
11.7872
11.7468
11.8647
19.1382
11.7247
20.6567
19.6762
13.1738
11.9846
11.848
12.6634
11.6736
11.8616
11.6365
11.7204
11.8394
12.8483
12.1973
13.5008
11.8318
11.8079
12.5251
14.3669
12.2873
11.8632
12.3045
11.8004
11.8405
12.5241
12.7839
12.4273
11.7627
12.1356
12.1373
12.0924
12.3581
11.7052
11.99
12.0125
12.263
12.0516
12.4739
11.6413
12.0758
12.1944
12.0431
12.3585
