30.5149
28.879
25.8932
25.7385
27.2939
25.371
25.6399
26.3802
27.1795
24.7531
26.2863
25.8811
25.7984
27.1307
25.6299
25.9511
24.7441
25.2107
26.2292
26.4693
25.0068
25.7551
25.6291
25.7586
27.001
25.1641
26.5178
26.6157
31.4566
29.3105
26.177
31.1191
30.1434
32.3117
27.7178
31.6826
26.4329
25.8127
27.1491
25.4688
26.3622
25.8864
25.9321
27.4431
26.7576
26.7027
26.964
29.0554
25.8284
29.7069
26.3504
26.2249
29.1723
26.2885
26.9173
26.1363
26.8435
28.2104
26.8037
25.9184
27.6984
27.5143
33.2407
28.9462
29.1231
26.4496
27.3081
27.5518
25.7936
25.4289
25.5826
27.0416
25.7802
32.9799
30.5311
27.2997
31.9065
26.4458
29.9481
27.976
32.5316
25.1816
25.1001
26.2352
25.607
26.8051
25.29
25.3216
25.3276
25.3994
31.2767
25.5188
25.6436
26.2954
25.844
25.3347
25.7294
25.4885
25.1573
25.465
