0.00140141
0.00134189
0.00215366
0.00210072
0.00250888
0.00228649
0.00138454
0.00142749
0.00128039
0.00179065
0.00225048
0.0021838
0.00161949
0.00143532
0.00138445
0.00126678
0.00129916
0.00217843
0.00263822
0.00360142
0.00275017
0.00275312
0.00196544
0.00245935
0.00241429
0.00240746
0.00336852
0.00223725
0.00241182
0.00214685
0.00256375
0.00199978
0.00209525
0.00198535
0.00209265
0.00231843
0.00122097
0.00126481
0.00148065
0.00151016
0.00165643
0.00216385
0.00198551
0.00173587
0.00208256
0.00199557
0.00208756
0.00201557
0.00215433
0.00204604
0.00241164
0.00208998
0.00220604
0.00191135
0.00142127
0.00165975
0.00161663
0.00303243
0.00123037
0.0013205
0.00139651
0.00135092
0.00165207
0.00192797
0.00277617
0.00229726
0.00213463
0.00224249
0.0020939
0.0013259
0.00133619
0.00121349
0.00190426
0.00174674
0.00202324
0.00156411
0.00144238
0.00165797
0.00141013
0.00156476
0.00156112
0.00138217
0.00208571
0.00198565
0.00202469
0.00202519
0.00220536
0.0022805
0.00180643
0.00214191
0.00182056
0.00136776
0.00159328
0.00199147
0.00216578
0.00195757
0.00199914
0.00256859
0.00232352
0.00212382
0.00216544
0.00228794
0.00193166
0.00153674
0.00198623
0.00122352
0.00148852
0.00161081
0.00207651
0.00245886
0.00140082
0.00135572
0.00194796
0.00133836
0.00123078
0.00139769
0.00134574
0.00276364
0.00198995
0.00203785
0.00222212
0.00204455
0.0012604
0.00161455
0.00186707
0.00170811
0.00126199
0.00161371
0.00156631
0.00152955
0.00122543
0.00127206
0.00122114
0.00118894
0.00131796
0.00181323
0.00133634
0.00205939
0.00209768
0.00216943
0.00200332
0.00207505
0.00175247
0.00128104
0.001212
0.00135439
0.00123256
0.0013928
0.00152883
0.00163693
0.00149937
0.00133572
0.00126398
0.00182642
0.001249
0.00122745
0.0012209
0.00175181
0.00192517
0.00207934
0.00195862
0.00195995
0.00176633
0.00124418
0.00119046
0.00120746
0.00125569
0.00159099
0.00123141
0.00140536
0.0013203
0.00186413
0.00175895
0.00133289
0.00118555
0.0012054
0.00128005
0.00141871
0.00130071
0.001951
0.00203933
0.00202402
0.00193771
0.00223831
0.00177641
0.00145651
0.00169181
0.00128703
0.00116817
0.00148097
0.00135179
0.00140614
0.00149921
0.00127983
0.00115645
0.00128106
0.00178656
0.00150705
0.00160729
0.00185719
0.00225344
0.00221656
0.00193
0.00207775
0.0014244
0.00129952
0.00161463
0.00175901
0.00217947
0.00133776
0.00129356
0.00123547
0.00132139
0.00136799
0.0012648
0.00122715
0.00121406
0.00147348
0.00129966
0.0012188
0.0020789
0.00204056
0.00214355
0.00244753
0.00229078
0.00155999
0.00128535
0.00141312
0.00124645
0.00121145
0.00138076
0.00124922
0.00145037
0.0012866
0.00132919
0.00135836
0.0012978
0.00127151
0.00142128
0.00133108
0.00131949
0.0017981
0.0020353
0.00191381
0.00195635
0.0020435
0.00241552
0.00148479
0.00121105
0.00142953
0.00151707
0.00148504
0.00137282
0.00125307
0.00140579
0.00157859
0.00140154
0.00121236
0.00126502
0.00142214
0.00137206
0.00138562
0.00131755
0.00204232
0.00213198
0.00196269
0.00214647
0.00200582
0.00143679
0.00130094
0.00119838
0.00121498
0.00145767
0.00125537
0.00126827
0.00132075
0.00120753
0.0012092
0.00126558
0.00118513
0.00120479
0.00117391
0.00120309
0.00121573
0.00123201
0.00150449
0.00197053
0.00209268
0.00194043
0.00203114
0.00243546
0.00180934
0.00122777
0.00136221
0.00133632
0.00139733
0.00215185
0.00165307
0.00150732
0.00146287
0.00171825
0.00186924
0.00121236
0.0013476
0.00122484
0.00124625
0.00224687
0.00213423
0.0019701
0.00197968
0.00241987
0.00139829
0.0018077
0.00138133
0.00139197
0.00129256
0.00131257
0.00128542
0.00132426
0.00141033
0.00136783
0.00129569
0.00120571
0.00158412
0.00143677
0.00160082
0.00201237
0.00207412
0.00197178
0.00197014
0.00265825
0.00129181
0.00132069
0.00144167
0.00143197
0.00144231
0.00124151
0.00159284
0.00181453
0.0015828
0.00129138
0.00128643
0.00115471
0.00126935
0.00133468
0.00145825
0.0013598
0.00207076
0.00231349
0.00191221
0.00193999
0.00221501
0.00161478
0.00128744
0.00123508
0.0013005
0.00144129
0.00133832
0.00129673
0.00163743
0.00159412
0.00146093
0.001521
0.00129824
0.00130266
0.00132188
0.00131619
0.00126651
0.00176076
0.00198972
0.0019426
0.0020498
0.00225984
0.0021492
0.00136336
0.00202646
0.00201575
0.00228996
0.00163045
0.00124825
0.00128139
0.00129183
0.00125094
0.00128059
0.00142637
0.00125373
0.00125744
0.00200211
0.00240852
0.00243064
0.00211734
0.00226485
0.0019226
0.00131411
0.00135032
0.00122983
0.00116957
0.00117831
0.00134248
0.00129141
0.00157158
0.00137329
0.00164041
0.00129631
0.00120263
0.00129672
0.00137777
0.00127368
0.00137887
0.00173353
0.00198613
0.00197567
0.00192978
0.00195266
0.00234842
0.00117028
0.00134333
0.00130454
0.00150719
0.00127957
0.00139652
0.00151531
0.00131106
0.00119893
0.00159211
0.00123455
0.00120239
0.00129046
0.00119186
0.00131958
0.00127591
0.0023223
0.00209403
0.00218484
0.00211361
0.00191949
0.0015838
0.00122652
0.00130513
0.00147287
0.00129295
0.00130662
0.00121861
0.00145038
0.00143148
0.00124401
0.00131567
0.00129802
0.00121688
0.00131658
0.00126653
0.00126547
0.0015038
0.00183724
0.00189814
0.00177598
0.00205356
0.00207056
0.00183931
0.00147013
0.00145004
0.0012389
0.00123826
0.0013258
0.00160366
0.00134797
0.00143073
0.00166245
0.00125789
0.00124384
0.00121832
0.001264
0.00122801
0.00122639
0.00137779
0.0020337
0.00193169
0.00199026
0.00205247
0.00193629
0.00179433
0.00185913
0.00118512
0.00123501
0.0012084
0.00144495
0.00183492
0.00156491
0.00146539
0.0013168
0.00169005
0.00177116
0.00124531
0.00131091
0.00127977
0.00146035
0.0019242
0.00198541
0.00188965
0.0023784
0.00202266
0.00124203
0.00132949
0.00127841
0.00162774
0.00134877
0.00120016
0.00124059
0.00129216
0.00141825
0.00156194
0.0012771
0.00121398
0.00177889
0.0013305
0.00120644
0.00121765
0.00147517
0.00218619
0.00214786
0.00196541
0.00285953
0.00144765
0.00130245
0.00135234
0.00126099
0.00123719
0.00134925
0.00126587
0.00157512
0.00122301
0.00161021
0.00146357
0.00124367
0.00116661
0.0015696
0.00143052
0.00120849
0.00139732
0.00199617
0.00220531
0.00186401
0.00189978
0.00230243
0.00159019
0.00146015
0.00139879
0.00124768
0.00146053
0.00145935
0.00133933
0.00124865
0.00126191
0.00129356
0.00116204
0.00120458
0.00132402
0.00117246
0.00135041
0.00148077
0.00256003
0.00189751
0.00204999
0.00228005
0.00232577
0.00133421
0.0014093
0.00135396
0.00122784
0.00123672
0.00128349
0.0012175
0.00125197
0.00140394
0.00137058
0.001375
0.00121621
0.0013031
0.00132865
0.00173387
0.00124445
0.00120253
0.00195116
0.00199101
0.0019061
0.00189985
0.00209493
0.00142169
0.0012777
0.00126656
0.00144922
0.00151728
0.00117271
0.0012029
0.00120574
0.00134053
0.00128025
0.00124021
0.00128585
0.0012695
0.00119237
0.00115774
0.00122736
0.00124178
0.00120589
0.00192574
0.00215036
0.00194456
0.00117475
0.0014437
0.00146877
0.00162501
0.00143677
0.00151328
0.00156897
0.00154779
0.00126285
0.00126488
0.00120537
0.00128038
0.0013913
0.00140609
0.00122087
0.00134807
0.00118544
0.00119949
0.00135678
0.00130245
0.0020571
0.00200532
0.0019196
0.00195867
0.00173633
0.00160034
0.0015732
0.00143723
0.00129984
0.00135922
0.00131815
0.00125103
0.0013047
0.00134842
0.00127265
0.00119916
0.00123414
0.00128281
0.00118252
0.00116769
0.00134749
0.00120032
0.00119661
0.0019494
0.00167486
0.00219115
0.00226191
0.00143913
0.00161636
0.00140586
0.00134368
0.00122764
0.00136016
0.00143921
0.00121516
0.00123868
0.00155993
0.00123313
0.00130121
0.00134453
0.00133311
0.00122728
0.00136856
0.00128234
0.00134058
0.00147427
0.00170065
0.00159987
0.00168144
0.00133712
0.0013681
0.00126897
0.00157928
0.00125776
0.00136312
0.00128665
0.00132741
0.0015046
0.00152513
0.00122295
0.00121943
0.00130644
0.00154594
0.00120224
0.0011688
0.00115519
0.00124848
0.00127401
0.00133128
0.00155816
0.00209392
0.00159044
0.00151209
0.00136765
0.00127309
0.00123999
0.00129794
0.00148934
0.00165551
0.00132179
0.00137631
0.00126797
0.00141171
0.00122285
0.00138604
0.00123806
0.00120787
0.00119583
0.00126799
0.00123615
0.00125066
0.00119505
0.00119774
0.00130572
0.001391
0.00143803
0.00196907
0.00132786
0.00122399
0.00118037
0.0015445
0.00128827
0.00134195
0.00130738
0.00126125
0.00143305
0.00131777
0.00148346
0.00123365
0.00122229
0.00145284
0.00132755
0.0011989
0.00115686
0.00117833
0.00120422
0.00127555
0.00127891
0.00121557
0.00127979
0.00179478
0.00203259
0.0019976
0.00196392
0.00144447
0.00131677
0.00157888
0.00136855
0.00132873
0.00127381
0.00130096
0.00121027
0.00122153
0.00121428
0.00127158
0.00119864
0.00136581
0.00129024
0.00136871
0.00123842
0.00133867
0.00126843
0.00122241
0.00126816
0.0014971
0.00126421
0.00127525
0.00132479
0.00120404
0.00125249
0.00120461
0.00182489
0.00182436
0.00158849
0.00150141
0.00151189
0.00145447
0.00142883
0.00135767
0.00165178
0.001572
0.0013255
0.00169068
0.00137433
0.00129322
0.00120518
0.00128477
0.00163329
0.00198611
0.00207992
0.00207616
0.00215894
0.00203561
0.00153745
0.00145608
0.0012464
0.00129008
0.00126287
0.0014506
0.00137091
0.00138966
0.0012047
0.00126716
0.00116645
0.00131272
0.00130837
0.00121254
0.00122792
0.00155277
0.00135126
0.00137219
0.00186483
0.0012842
0.00129736
0.00144184
0.0015039
0.00167928
0.00209748
0.00132973
0.00209627
0.00128178
0.00146303
0.00123587
0.00136741
0.00141456
0.00134464
0.00123486
0.00123191
0.00145477
0.0014115
0.00130339
0.00133964
0.00169698
0.00185609
0.00203768
0.00219421
0.00212012
0.00210691
0.00140188
0.00118362
0.00136182
0.00125439
0.00124362
0.00130583
0.00128494
0.00127491
0.00143222
0.00132101
0.00159274
0.00160422
0.00131699
0.00168907
0.0012084
0.00137552
0.0020527
0.00212996
0.00208228
0.00271732
0.00256979
0.0016923
0.00132945
0.00122927
0.00161947
0.00127244
0.00141823
0.00140656
0.00214847
0.00131651
0.00124196
0.00122567
0.0012847
0.00133854
0.00120793
0.00131217
0.00186646
0.00196158
0.00203682
0.00199086
0.0021546
0.00132221
0.0013019
0.00162247
0.00169233
0.00165603
0.00136898
0.0013153
0.0012503
0.00132436
0.00127313
0.00127115
0.00119138
0.00136584
0.00128043
0.00175777
0.00122006
0.00181708
0.00221086
0.00202088
0.00194494
0.00174308
0.00188974
0.00143958
0.0013723
0.00133935
0.00123191
0.00145425
0.00131895
0.00145951
0.00127084
0.00127684
0.00158986
0.00136925
0.00121322
0.00125573
0.00120277
0.00143782
0.00127002
0.00128269
0.00163101
0.00137798
0.00166537
0.00218305
0.00149872
0.00189664
0.00137922
0.00125633
0.00196293
0.00125863
0.00170743
0.00135938
0.00137892
0.00166162
0.0014051
0.00164657
0.00127801
0.00128133
0.00125167
0.00137531
0.00137207
0.00185049
0.00180809
0.00144969
0.0013106
0.00137354
0.00132821
0.00139731
0.00131258
0.00124067
0.00142588
0.00148296
0.00128586
0.00151156
0.0012912
0.00137662
0.00132942
0.00200276
0.00136041
0.00127842
0.00122811
0.001313
0.00135667
0.00129654
0.00150147
0.00197795
0.00167206
0.00152802
0.00186323
0.00174144
0.00166427
0.00124951
0.00129126
0.00129583
0.0013234
0.0014053
0.00127812
0.00134056
0.00127328
0.00127475
0.00121957
0.00156909
0.00121758
0.00128114
0.0012285
0.00130772
0.00137616
0.00144121
0.00185207
0.00138929
0.0023818
0.00261983
0.00443161
0.00149003
0.00119238
0.0013122
0.00121668
0.00135654
0.00120857
0.00154198
0.00146003
0.00120507
0.00124102
0.00137761
0.00126407
0.00132108
0.00122996
0.00127876
0.00173044
0.00174007
0.00156451
0.00139612
0.00153968
0.00135885
0.00136444
0.00170226
0.00138405
0.00139968
0.00125153
0.00120879
0.00159014
0.00131896
0.00120239
0.00132335
0.00121108
0.00135197
0.00118834
0.00139315
0.00125176
0.00163257
0.00140052
0.00124353
0.00170022
0.0016467
0.00130367
0.00142647
0.00121516
0.00127472
0.00128974
0.00193339
0.0012809
0.00143546
0.00133927
0.00138762
0.00133885
0.00136482
0.00120595
0.00121606
0.00140434
0.00169393
0.0013361
0.00120542
0.00122538
0.0011985
0.00140394
0.00119971
0.00120732
0.00125835
0.00126511
0.00139103
0.0015059
0.00198924
0.00214118
0.00149796
0.00129317
0.00131497
0.00131662
0.00119414
0.00125295
0.00119087
0.00145508
0.00123346
0.00141462
0.00120517
0.00141741
0.00138647
0.00125358
0.0015526
0.00123032
0.00131532
0.00122633
0.00156705
0.00182448
0.0013192
0.00153786
0.00340814
0.00153387
0.00148175
0.00121727
0.00125961
0.00127089
0.00122162
0.00115836
0.00128164
0.0014292
0.00139071
0.00139459
0.00120163
0.00129491
0.00120751
0.00141291
0.00126875
0.00120562
0.0012083
0.00126575
0.00141182
0.00134263
0.00135785
0.00135392
0.00146053
0.00197152
0.00214578
0.00127351
0.00173155
0.00135016
0.00141736
0.00124186
0.00123801
0.00156791
0.00205908
0.00152545
0.00137529
0.00118786
0.00121674
0.00123036
0.00116028
0.00130482
0.00202482
0.00194594
0.00200837
0.00161678
0.00159597
0.00159559
0.00124725
0.00138642
0.00134605
0.00134897
0.00149654
0.00132808
0.0012263
0.00123535
0.00129882
0.00135971
0.00121813
0.00122636
0.00125973
0.00121565
0.00126743
0.00127636
0.00129124
0.00178171
0.00213666
0.00212263
0.00213901
0.00219754
0.00139867
0.00130924
0.00133685
0.00131188
0.00129011
0.00130413
0.00122188
0.0012665
0.00123427
0.00135249
0.00145305
0.00126169
0.00132097
0.00148255
0.00133903
0.00153575
0.00119933
0.00170905
0.00208116
0.00158163
0.00135633
0.00145566
0.00185798
0.00205823
0.00130577
0.00143453
0.00144963
0.0016639
0.00151677
0.00132235
0.00123909
0.00126544
0.00172099
0.00131036
0.00132359
0.00133971
0.00124537
0.00137175
0.00120722
0.00136094
0.00199321
0.00182931
0.0016978
0.00247612
0.00252107
0.0024773
0.00190165
0.00191251
0.00237236
0.00133643
0.00140855
0.00200042
0.00197486
0.00161109
0.00188926
0.0013879
0.00142523
0.00192099
0.00151154
0.00130794
0.00122263
0.00121179
0.00142241
0.00118612
0.00223048
0.00401886
0.00164647
0.00156793
0.00131917
0.00128413
0.00130325
0.00151865
0.00140596
0.00118441
0.0013126
0.00132848
0.00191298
0.0012763
0.00187705
0.00208666
0.00196683
0.00164973
0.00191004
0.00139125
0.00124288
0.00135031
0.0013628
0.00121375
0.00136904
0.0011875
0.00123956
0.00118368
0.00125738
0.0013747
0.00134828
0.00127693
0.00135448
0.00133494
0.00214103
0.00132712
0.00152967
0.00203534
0.00215068
0.00137605
0.00177257
0.00164124
0.00139178
0.00193265
0.00132819
0.00152543
0.0017781
0.00172037
0.00152852
0.00122737
0.00128425
0.00122293
0.00126515
0.00121372
0.00137428
0.0015312
0.00159169
0.0014297
0.00189006
0.00217356
0.00122109
0.00219834
0.00504934
0.00175255
0.00153828
0.00146977
0.00129539
0.00136383
0.00127021
0.00129622
0.00134362
0.00137773
0.00130266
0.00123969
0.00121672
0.00126697
0.00129247
0.00121666
0.00169751
0.00174847
0.00324771
0.00171518
0.00193393
0.0025572
0.00155826
0.00161958
0.00138613
0.00170329
0.00127537
0.00132277
0.00186415
0.0014653
0.00121518
0.00126819
0.0011767
0.00149947
0.00128753
0.00148963
0.00133286
0.00228895
0.00151449
0.00153598
0.00154918
0.00125802
0.00132142
0.00155498
0.00128711
0.00117487
0.00130119
0.00134729
0.0014719
0.00128574
0.00134784
0.0014819
0.00147868
0.00134451
0.00136551
0.00141491
0.00139719
0.0013112
0.00137865
0.00148367
0.00127626
0.00140986
0.00123256
0.00141028
0.00129769
0.00200445
0.00203034
0.00157483
0.00153154
0.0013988
0.00139003
0.00143293
0.00130906
0.00135516
0.00130709
0.00133038
0.00126947
0.00125549
0.00117403
0.00118515
0.00146824
0.00134838
0.00130336
0.00130141
0.0013292
0.001531
0.00136568
0.00144433
0.0012551
0.00155892
0.00163975
0.00124956
0.00128596
0.00120848
0.00125875
0.00119158
0.00132003
0.00140182
0.00119463
0.00140632
0.00140325
0.00130224
0.00132991
0.00121533
0.00115628
0.00126183
0.00142864
0.00130506
0.00160988
0.00137485
0.00198555
0.00128307
0.00120535
0.00118907
0.0012442
0.00119914
0.00138964
0.00128505
0.00124822
0.00122915
0.00121773
0.00123636
0.00124843
0.00130468
0.00120357
0.00122554
0.0029412
0.00233044
0.00198082
0.00377508
0.00218732
0.00228749
0.00231575
0.00254385
0.00189679
0.00205925
0.00178691
0.00196298
0.0019185
0.00151563
0.00171649
0.0016893
0.0016775
0.00154507
0.001229
0.00127862
0.00121183
0.00198091
0.00206676
0.00196051
0.00163879
0.0022188
0.00180035
0.00140684
0.00168785
0.0015502
0.00205468
0.00163061
0.00143998
0.00188791
0.00201726
0.00129791
0.00127113
0.00122999
0.00135972
0.00135086
0.00125058
0.00161803
0.00138619
0.00160332
0.00198808
0.00199002
0.00211206
0.00136596
0.00141205
0.00133731
0.00121005
0.00134969
0.00117712
0.00132887
0.00116602
0.00133854
0.00122673
0.00133934
0.00139146
0.00129225
0.00127258
0.00163129
0.00132668
0.00122332
0.00214032
0.00215425
0.00195275
0.00193844
0.00188575
0.00170317
0.00136941
0.00155936
0.00122181
0.00127779
0.0012001
0.00122194
0.00125831
0.00135049
0.00117111
0.00122646
0.00142008
0.00136956
0.00121763
0.00123231
0.00126107
0.00119942
0.00120216
0.00196393
0.00189554
0.00170002
0.00180302
0.00128768
0.00154708
0.00160865
0.00132389
0.00131124
0.00130766
0.00129365
0.00126887
0.00130144
0.00124163
0.00126586
0.00127336
0.00123174
0.00152917
0.00121558
0.00120583
0.00117652
0.00121613
0.00132228
0.00159384
0.00185579
0.00142797
0.00138262
0.00222993
0.0022383
0.00203753
0.00186189
0.00279477
0.00203057
0.00165406
0.00129415
0.00159032
0.0012049
0.0012783
0.00121094
0.00133255
0.00143606
0.00131896
0.00134483
0.00132072
0.00128073
0.00141774
0.00152787
0.00187882
0.00128662
0.00126555
0.00152087
0.00134416
0.00119665
0.00126631
0.00133828
0.0012279
0.00134358
0.00129922
0.00123245
0.00145807
0.00126475
0.00119813
0.00134647
0.00128006
0.00152795
0.00118549
0.00121276
0.00206512
0.00155776
0.0013032
0.00121466
0.00124321
0.00151489
0.00158765
0.00138804
0.0013299
0.00124144
0.00141129
0.00131346
0.00134536
0.00128459
0.00153574
0.0012303
0.00121216
0.00127887
0.00131581
0.00119645
0.00120875
0.0012438
0.00131921
0.00119621
0.00128325
0.00123351
0.00168765
0.0012705
0.00147228
0.00165717
0.00131148
0.00129505
0.00223831
0.00212188
0.00215805
0.00201709
0.00144578
0.00130535
0.00147945
0.00169743
0.00142131
0.00129778
0.00120801
0.00125159
0.00128163
0.00133367
0.00133623
0.001305
0.00164064
0.0012857
0.00128456
0.00125736
0.001394
0.0013172
0.00154846
0.00130785
0.00165985
0.00148915
0.00123429
0.00131564
0.00142943
0.00120462
0.0012124
0.00129299
0.00141762
0.00121255
0.0011823
0.00120998
0.00127496
0.00126527
0.00120852
0.00126538
0.00147736
0.00140089
0.0014213
0.0013556
0.0015109
0.00159298
0.00121542
0.00140887
0.00142003
0.00132536
0.001247
0.00120587
0.00118233
0.00120323
0.00132183
0.0012595
0.00131134
0.00121433
0.00120598
0.00125143
0.00134648
0.00124415
0.00124143
0.00117017
0.0012422
0.00159555
0.00151621
0.00119056
0.00120504
0.00120002
0.00123332
0.00138851
0.00120793
0.00137849
0.0012137
0.00130516
0.00140362
0.00168841
0.00122751
0.00129198
0.00119578
0.00124077
0.00140261
0.00140108
0.00119408
0.00121102
0.00118919
0.00122942
0.00157364
0.00121613
0.00123958
0.00166217
0.00178819
0.0015126
0.00153597
0.0017224
0.00187527
0.00136549
0.00137334
0.00129342
0.0013113
0.00128901
0.00126289
0.00176836
0.00125663
0.00130003
0.0013681
0.00173219
0.00122455
0.00127507
0.00126015
0.00131435
0.00121726
0.00170686
0.00181088
0.00156284
0.00174398
0.00165519
0.00136536
0.00179269
0.00123515
0.00181257
0.00154775
0.00127769
0.00140463
0.00133679
0.00140306
0.00126157
0.00163061
0.00140014
0.0011966
0.00119459
0.00143578
0.00124866
0.00132986
0.00123415
0.00146297
0.00207319
0.00215278
0.00206254
0.0022764
0.00150609
0.00223835
0.00781395
0.00125212
0.00186755
0.00189255
0.00154549
0.00154684
0.00157554
0.00165613
0.0011935
0.00148917
0.00206712
0.00128425
0.00142151
0.00139203
0.00158585
0.00143316
0.00131091
0.0012294
0.00142595
0.00145377
0.00153854
0.00126109
0.00139509
0.0013304
0.00146453
0.00206269
0.0013569
0.00124276
0.00130993
0.00132949
0.00145857
0.00117363
0.00138492
0.00142916
0.00152907
0.00168447
0.0017091
0.00167937
0.0016667
0.00141726
0.00164918
0.00122764
0.00119675
0.00139984
0.00118788
0.00143999
0.00120005
0.00132366
0.00129174
0.00141384
0.00126508
0.00135001
0.00117718
0.00155299
0.0012252
0.00210832
0.00163772
0.00203766
0.00200583
0.00154261
0.00127131
0.00139539
0.00129616
0.00119961
0.00135935
0.00119946
0.00141611
0.00119862
0.00126602
0.00121672
0.00145737
0.00128709
0.00136713
0.00126213
0.00132811
0.00131412
0.00126528
0.00129251
0.00118943
0.0011876
0.00209327
0.00168741
0.00212075
0.00170576
0.00189697
0.00190643
0.00125197
0.00133699
0.00128332
0.00142054
0.0012235
0.00118041
0.00125146
0.00117925
0.00135491
0.00153646
0.0014849
0.00124358
0.0014467
0.00125951
0.00130399
0.0012918
0.00191039
0.00214268
0.00231303
0.00207525
0.00202055
0.00201985
0.00196773
0.00222501
0.00209602
0.00204675
0.00141226
0.00173829
0.00225443
0.0016848
0.00160823
0.00128368
0.00126477
0.00158746
0.002081
0.00231577
0.00208624
0.001859
0.00201175
0.00132611
0.00157348
0.00242596
0.00130615
0.00121499
0.00127246
0.00125545
0.0014797
0.00134487
0.0014925
0.00133894
0.001326
0.00152257
0.00126429
0.0013834
0.00120058
0.00195018
0.0021229
0.00155245
0.00163092
0.00206638
0.00165489
0.00123667
0.00133222
0.00128414
0.00122661
0.00126448
0.0014217
0.0013686
0.00138646
0.00132647
0.00139781
0.00125685
0.00123391
0.00120142
0.00123524
0.00136796
0.00119226
0.00124016
0.00167721
0.00188686
0.00183389
0.00168221
0.00196209
0.00176335
0.00161511
0.00132718
0.00121518
0.00131043
0.00123427
0.00128731
0.00125672
0.00122153
0.0013201
0.0013596
0.00143497
0.00127964
0.00125451
0.00120665
0.0013841
0.00126546
0.00161708
0.00217481
0.00199167
0.00214602
0.00192427
0.00189733
0.00154672
0.00163361
0.00205409
0.00141157
0.00150501
0.00218775
0.00131533
0.00121774
0.00146667
0.00127921
0.00149973
0.00118319
0.00134067
0.00124115
0.00123535
0.00154984
0.00194191
0.00193055
0.00193687
0.00213773
0.00207627
0.00139778
0.00125179
0.0012988
0.00124972
0.00124388
0.001324
0.00125831
0.00129633
0.00123841
0.00152069
0.00135509
0.00137864
0.0012173
0.00128876
0.00138877
0.00122581
0.00121059
0.00205897
0.00199017
0.00202194
0.00193391
0.00148415
0.00138849
0.00148485
0.00136085
0.00122975
0.00146986
0.00130002
0.00175936
0.0012379
0.00121522
0.00146099
0.00124713
0.0015369
0.00124774
0.00127221
0.0012096
0.00119741
0.00129634
0.00140948
0.00141521
0.00184647
0.00170179
0.00154765
0.00176285
0.00133801
0.00153628
0.00149743
0.00126438
0.00117324
0.00145198
0.00117509
0.00135587
0.00128982
0.00175379
0.00161128
0.00136362
0.00121419
0.00138445
0.00126234
0.00143409
0.00122677
0.00152287
0.00199182
0.00209746
0.00129942
0.00122793
0.00167774
0.00128539
0.0014244
0.00121283
0.00184097
0.001201
0.00136674
0.00124861
0.00136674
0.00137578
0.00118059
0.00137365
0.0015936
0.00134226
0.0012306
0.0012308
0.00124274
0.0012986
0.00125558
0.00131131
0.00231676
0.00316031
0.00194258
0.00208487
0.00139614
0.00125609
0.0011795
0.00129233
0.0013274
0.00143941
0.00128322
0.00128807
0.00134743
0.00132208
0.00116649
0.00119379
0.00119754
0.00121654
0.00119978
0.00118613
0.00124292
0.00150946
0.00144324
0.00141593
0.0015004
0.00130326
0.00144664
0.00160706
0.00192174
0.0012217
0.00135118
0.00141094
0.00151225
0.0014552
0.00129157
0.00131248
0.00118364
0.00134525
0.00140187
0.00141621
0.00119543
0.0012696
0.00119972
0.00123563
0.00125798
0.00125911
0.00129443
0.00133878
0.0014914
0.00157464
0.00134655
0.00129672
0.0017763
0.00126175
0.00127326
0.00150072
0.00145423
0.00122364
0.00122431
0.00120825
0.00121901
0.00119835
0.00118525
0.00130738
0.00139581
0.00122416
0.00141696
0.00130646
0.001265
0.00147222
0.00119991
0.00124727
0.00172113
0.00159712
0.00125602
0.00121077
0.00120702
0.00156576
0.00129154
0.00135459
0.0012718
0.00143397
0.00141576
0.00133424
0.00134394
0.00150986
0.00145767
0.00123553
0.00167907
0.00126
0.00134638
0.00123903
0.00119111
0.00134533
0.00123612
0.00122247
0.00138788
0.00129156
0.00142363
0.00140337
0.00200133
0.00200737
0.00181641
0.00184445
0.00210807
0.00201119
0.00159084
0.00139008
0.00127009
0.00140788
0.00131013
0.00123906
0.00120763
0.00120076
0.00128191
0.00126048
0.00125235
0.00119513
0.00158137
0.00192821
0.00146589
0.00142006
0.00209558
0.00180113
0.00150737
0.00204193
0.0017148
0.00168306
0.00132237
0.00150114
0.00126678
0.00144376
0.00162244
0.00133263
0.0012427
0.00124832
0.00136401
0.00123319
0.00123608
0.00123157
0.00143427
0.00156794
0.00169705
0.00178983
0.00146507
0.00150867
0.00135411
0.00175976
0.0013114
0.00122896
0.0013911
0.00128933
0.00125853
0.00134706
0.00125204
0.00132232
0.00124367
0.00134934
0.00131224
0.00129225
0.00134547
0.00126272
0.0015243
0.00135931
0.00194159
0.00184789
0.00138553
0.00126401
0.00135031
0.00150743
0.00129969
0.0018361
0.00169499
0.00124331
0.00138991
0.00146537
0.00130537
0.0015493
0.00127293
0.00146293
0.00170601
0.00133731
0.00125705
0.00130014
0.00145533
0.00144449
0.00123001
0.00138746
0.0016388
0.00151413
0.00132062
0.0020073
0.00179763
0.00165625
0.00125462
0.00179764
0.00134551
0.00124966
0.00123199
0.00130756
0.00130073
0.00124971
0.00127208
0.00138879
0.00146128
0.00141075
0.00124511
0.00126686
0.00140138
0.00127905
0.00171494
0.00204311
0.00176243
0.00170082
0.00583495
0.00186452
0.00133887
0.00120048
0.00155325
0.00141618
0.00152553
0.00157992
0.00136264
0.00140427
0.0016283
0.00133764
0.00156141
0.00126846
0.00164877
0.00122445
0.0013094
0.00164499
0.00186541
0.00177635
0.00220397
0.00142042
0.00138105
0.00710626
0.00177072
0.00167043
0.00177838
0.00209874
0.00224842
0.00227561
0.00211848
0.00181945
0.0015117
0.00152065
0.00181514
0.00220336
0.00208261
0.00211628
0.00125081
0.0013481
0.00151314
0.00152855
0.00129695
0.00148028
0.00136431
0.0012876
0.0013679
0.00127102
0.00124211
0.00120614
0.00123108
0.00145177
0.00142135
0.00123885
0.00177436
0.00210246
0.00200897
0.00232341
0.00209498
0.00148973
0.00136191
0.00137689
0.00194216
0.00133611
0.00133947
0.00134076
0.00124909
0.00136178
0.0013078
0.00147186
0.00120119
0.0015835
0.00160488
0.00182022
0.00128187
0.00213523
0.0021046
0.00234286
0.00218378
0.0021264
0.00146164
0.00127615
0.00124497
0.00127354
0.00128903
0.00142901
0.00155043
0.0014169
0.00158757
0.00193112
0.00139777
0.00135967
0.00165963
0.00127452
0.00129712
0.00199335
0.00219155
0.00231229
0.00233138
0.00219476
0.00147129
0.00174904
0.00141742
0.00160915
0.00133132
0.0014534
0.00144233
0.00127856
0.00135073
0.00147708
0.00137051
0.00126757
0.00128573
0.00150202
0.00134522
0.00138453
0.00206392
0.00203467
0.00131384
0.00127522
0.00131092
0.00165483
0.00146943
0.00143151
0.00129699
0.00139092
0.00185908
0.00175583
0.00185869
0.00157912
0.00176961
0.00138598
0.0013186
0.00130945
0.0012768
0.00165804
0.00125807
0.0013074
0.00198068
0.00218516
0.00200325
0.00220449
0.00236302
0.0012875
0.00137157
0.00129856
0.00141079
0.00134963
0.00140566
0.00126496
0.00136647
0.00215029
0.00164695
0.00170494
0.00143069
0.00138143
0.00148471
0.00130146
0.00207953
0.00223171
0.00202104
0.00210637
0.00206457
0.00140918
0.00131332
0.0014426
0.00127261
0.00125557
0.00147469
0.00168182
0.00145677
0.0012692
0.00151006
0.00125016
0.00122187
0.00123117
0.00124814
0.00131066
0.00130148
0.00123511
0.00221623
0.00215635
0.00225294
0.00201845
0.00213384
0.00128971
0.00122908
0.001533
0.00140982
0.00126116
0.00125351
0.00130051
0.00123938
0.00141164
0.00126693
0.00126289
0.00129543
0.00137014
0.00124323
0.00133611
0.00136376
0.00221448
0.00216718
0.0021934
0.00120615
0.00153845
0.00144378
0.00188643
0.00207108
0.00137826
0.00173388
0.00135436
0.00152305
0.0013176
0.00140837
0.0018649
0.00132541
0.00129101
0.00133248
0.0013028
0.00138612
0.00144867
0.00161107
0.00122682
0.00157147
0.00183011
0.001361
0.00190196
0.00205275
0.00146009
0.00172961
0.00125814
0.00129453
0.00145694
0.00164348
0.00131581
0.00121903
0.00144606
0.0013641
0.00125768
0.00123974
0.00130865
0.00132756
0.00141615
0.00129802
0.00151304
0.00236236
0.00195945
0.00194523
0.00215807
0.00188872
0.00139161
0.00128849
0.00141388
0.00141687
0.00141756
0.00125601
0.00129296
0.00121064
0.00144366
0.00134003
0.00132044
0.00123353
0.00135125
0.00136889
0.0012805
0.00132309
0.00193593
0.00202343
0.00205806
0.00228907
0.00254598
0.00167237
0.00127345
0.00149102
0.00154605
0.0015696
0.0013421
0.00127702
0.00126321
0.00221594
0.00139575
0.00127302
0.00129619
0.00143478
0.0012225
0.00140268
0.00134303
0.00202459
0.00230213
0.00188807
0.00213924
0.00197857
0.00176149
0.00139633
0.00150489
0.00142972
0.00137882
0.00158349
0.00136168
0.00122679
0.00137981
0.00125128
0.00134599
0.00124942
0.00128969
0.00130726
0.00137529
0.0012393
0.00172015
0.00213695
0.00200681
0.00218404
0.00212948
0.00140882
0.0013922
0.00165603
0.00130423
0.00127472
0.00126913
0.00137659
0.00135833
0.00129694
0.00143614
0.00157692
0.00134061
0.00155773
0.00224178
0.00150143
0.00197934
0.00261965
0.00219701
0.00199109
0.00210505
0.00138216
0.00127908
0.00175262
0.00124691
0.00149156
0.00132532
0.00162765
0.00150621
0.00163631
0.00138687
0.00128983
0.00127365
0.00129058
0.0013701
0.00125216
0.00120007
0.00212232
0.00203393
0.00200479
0.00198539
0.00226891
0.00186378
0.00147592
0.00123808
0.0012921
0.00138155
0.00151625
0.00131951
0.00124484
0.00131337
0.00131835
0.00149695
0.00133409
0.0012491
0.00132123
0.00158305
0.00138174
0.00199148
0.00214084
0.00190456
0.00205114
0.00173222
0.00221899
0.0018864
0.00215956
0.00235087
0.00174326
0.00126988
0.00222645
0.00151795
0.00131384
0.0013033
0.00140672
0.00132551
0.00157534
0.00179119
0.00222504
0.00211808
0.00177718
0.00208514
0.00197336
0.00229376
0.00220844
0.00223519
0.00138298
0.00137658
0.00134041
0.00138452
0.00147645
0.00150615
0.00140017
0.0015146
0.00138468
0.00138981
0.00220238
0.00222129
0.00205998
0.00203711
0.00222358
0.00167346
0.0022667
0.00237321
0.00185884
0.00191518
0.00130107
0.00172112
0.00129521
0.001291
0.00131612
0.00134249
0.00151412
0.00137076
0.00129373
0.00212671
0.00206943
0.00215814
0.00224734
0.00248504
0.00236404
0.00191099
0.00172094
0.00148605
0.00159574
0.00134676
0.00207927
0.00190156
0.00222221
0.00162472
0.00198884
0.00186575
0.00209162
0.00206805
0.00212224
0.00203886
0.00193598
0.00131946
0.00181212
0.00137046
0.001582
0.00179284
0.00147367
0.00162314
0.00149584
0.00141874
0.00130841
0.00127439
0.00130551
0.00134797
0.00128993
0.00153046
0.00221615
0.00192147
0.00142987
0.0015816
0.00144034
0.00196241
0.00142803
0.00166943
0.00155941
0.00136592
0.00131469
0.00155166
0.0022948
0.00234231
0.00171195
0.00188441
0.00207358
0.00159185
0.00184503
0.00174428
0.00152968
0.0019879
0.00181116
0.00131381
0.00216216
0.00259278
0.00181719
0.00230953
0.00164867
0.0019289
0.00152807
0.00228672
0.00211564
0.00165079
0.00137541
0.00145752
0.0014104
0.00233167
0.00219833
0.00218526
0.0022314
0.00225266
0.00140502
0.00145436
0.00134735
0.00159685
0.00175423
0.00138341
0.00142015
0.00167676
0.00144795
0.00128997
0.00131413
0.00140171
0.00166415
0.0013771
0.00154677
0.00222082
0.00215897
0.00213409
0.00211416
0.00202377
0.00223022
0.00242863
0.00252012
0.00199743
0.0027466
0.00214323
0.00132647
0.00130579
0.00212497
0.0019283
0.00223265
0.00243401
0.00229695
0.00230511
0.00197451
0.00201088
0.00155745
0.00133925
0.00143049
0.00196842
0.00147855
0.00171224
0.00176774
0.00263425
0.00190903
0.00154918
0.00142831
0.00157413
0.00235971
0.00249438
0.00226966
0.00282749
0.00194942
0.00148379
0.00337916
0.00180723
0.00247079
0.00194187
0.00301826
0.00195611
0.00172204
0.00286392
0.00217574
0.00468723
0.00265102
0.00159036
0.00228636
0.00156495
0.00205144
0.00129035
0.00171591
0.00161869
0.00169123
0.00271166
0.00153147
0.00346944
0.00235452
0.00214308
0.0021253
0.00188239
0.00137856
0.001323
0.00137934
0.00155196
0.00157589
0.00165573
0.00137778
0.00154547
0.00133048
0.0013063
0.00129924
0.00126351
0.00150213
0.001269
0.00158662
0.00206782
0.00245173
0.00230654
0.00252293
0.00208916
0.00165722
0.00172014
0.00183525
0.00161098
0.00167591
0.00135878
0.00149865
0.00131952
0.00145444
0.00130418
0.00169541
0.00133001
0.00149662
0.00211087
0.00243308
0.0023107
0.0022363
0.00231498
0.00232064
0.00201239
0.00237869
0.00232671
0.00754028
0.0014744
0.00220968
0.0017254
0.00178589
0.00269087
0.00632049
0.0191757
0.00438355
0.00227673
0.00312857
0.00227434
0.00226549
0.00182004
0.00180834
0.00140362
0.00136291
0.00137593
0.0016106
0.00210277
0.00191944
0.00235697
0.00260376
0.00252461
0.00260729
0.0020963
0.00218103
0.00237692
0.00192147
0.00230616
0.00145453
0.00203881
0.00293777
0.00210066
0.00188093
0.0014568
0.00231789
0.001424
0.0019962
0.00216602
0.0021132
0.00236245
0.00222161
0.00240107
0.00180524
0.00217427
0.00229019
0.00196402
0.00178472
0.00159594
0.00204882
0.00162171
0.0022187
0.00155854
0.00235513
0.00215878
0.00257
0.00237634
0.00225341
0.0016571
0.00140893
0.00176439
0.00136141
0.00136962
0.00151058
0.00155743
0.00170139
0.00149281
0.00166973
0.00146514
0.00172737
0.00150833
0.00173358
0.00218502
0.00217234
0.00222295
0.00211767
0.00202915
0.00139603
0.00151302
0.0017512
0.00171494
0.00140026
0.00179763
0.00177501
0.00231891
0.00144897
0.00149515
0.00213974
0.00147505
0.00244919
0.00266067
0.00221153
0.00225949
0.00181296
0.00141085
0.0013916
0.00157985
0.00137907
0.00133698
0.00134902
0.00137515
0.001552
0.00134568
0.00163285
0.00163213
0.0017225
0.0016386
0.00137988
0.00159243
0.00212434
0.00214331
0.00219266
0.00221203
0.00194991
0.00167489
0.00156453
0.00208155
0.00178195
0.00137868
0.00132841
0.00153904
0.00180927
0.0013359
0.00151186
0.00178391
0.00134809
0.00145681
0.00175363
0.00234214
0.00215541
0.00210103
0.00155131
0.00150144
0.00146547
0.00134177
0.00196576
0.00191576
0.00147178
0.00148763
0.00145895
0.00155729
0.00151314
0.00199302
0.00227467
0.00188933
0.00168216
0.0022793
0.0020181
0.00212794
0.00227787
0.00295724
0.00160745
0.00167459
0.00194982
0.0015371
0.00139236
0.00134078
0.00160675
0.00189009
0.00131747
0.0012851
0.00141019
0.00145676
0.00137677
0.00177023
0.00551251
0.00341249
0.00267807
0.00254693
0.00246086
0.00217495
0.00223221
0.00215025
0.00223615
0.00243666
0.0033381
0.00249718
0.00221947
0.00232183
0.00250378
0.00179435
0.00186118
0.00150804
0.00156414
0.00138542
0.00144511
0.00202897
0.00138265
0.00134166
0.00151691
0.00141593
0.00163131
0.00156369
0.00229733
0.0023152
0.00245747
0.00213974
0.00185187
0.001531
0.00135496
0.00178477
0.00134182
0.00133114
0.00149604
0.00183044
0.0018851
0.00187395
0.00176047
0.00137659
0.00200406
0.00152273
0.00186233
0.00221557
0.00225147
0.00207296
0.00281619
0.001595
0.00194669
0.00212824
0.00179074
0.00213015
0.00152262
0.00248615
0.00138822
0.00131732
0.00133986
0.00135106
0.00197077
0.0025505
0.00216522
0.00237634
0.00212686
0.00233423
0.00262568
0.00159715
0.00144827
0.00140345
0.00185976
0.00222967
0.00157965
0.00143998
0.00160862
0.00176819
0.00133653
0.00171982
0.00140655
0.00234883
0.00228009
0.00178035
0.00165715
0.0022377
0.0016613
0.00146334
0.0014143
0.00164746
0.00147674
0.00132649
0.00145198
0.00170042
0.00382025
0.00134312
0.00134514
0.00130529
0.00144535
0.00203438
0.00224853
0.00215312
0.00206278
0.00237781
0.00182886
0.00231017
0.00165192
0.00137744
0.00144605
0.00143288
0.0015947
0.00155347
0.00162309
0.00166532
0.00152696
0.00152634
0.00145973
0.00162046
0.00163908
0.00232461
0.00197911
0.00148008
0.00141949
0.00154138
0.00176247
0.00172145
0.00169261
0.00175662
0.00156116
0.00138902
0.00138628
0.00162048
0.0013575
0.00191162
0.00149052
0.00134889
0.00132779
0.00134304
0.00138178
0.00160087
0.00185
0.00191154
0.00204399
0.0018034
0.00131309
0.00155891
0.00139825
0.00144529
0.00175608
0.00131605
0.00134691
0.00129728
0.00130682
0.00142759
0.00157227
0.00149592
0.00139631
0.00135492
0.00146476
0.00130705
0.00140091
0.00133571
0.00132011
0.0013337
0.00138114
0.00138878
0.00152489
0.00135256
0.00143759
0.00138364
0.0013299
0.00141009
0.00135582
0.00138628
0.00132072
0.00136001
0.00181956
0.00141655
0.00131963
0.00138018
0.001697
0.00158257
0.00147393
0.00136481
0.00129185
0.00135612
0.00148191
0.00168158
0.00155979
0.00222105
0.00230027
0.00230529
0.00155747
0.00148277
0.00172453
0.00145825
0.0014239
0.00143649
0.00131796
0.00126517
0.00140683
0.00138603
0.00142329
0.00139547
0.00163986
0.0020956
0.00136525
0.00136216
0.0020242
0.00214242
0.00187217
0.00149084
0.00164018
0.0015105
0.00158662
0.00134266
0.00159898
0.00154915
0.00161452
0.00149667
0.00146731
0.00176741
0.00149949
0.00150503
0.00146053
0.00142089
0.00138493
0.00133442
0.00148899
0.0015616
0.00156072
0.00144367
0.00147081
0.00174053
0.002074
0.00281483
0.00266272
0.00224025
0.00175172
0.00144135
0.00180709
0.00165698
0.00162718
0.00180741
0.00574265
0.00236856
0.00213232
0.00198019
0.00152743
0.00165739
0.00193321
0.00156999
0.00142207
0.00132291
0.00143812
0.00142291
0.00134203
0.00164519
0.00145213
0.00134991
0.00133523
0.00138394
0.00140743
0.00133491
0.00153403
0.00208154
0.00234202
0.00149565
0.00227209
0.00223682
0.00154167
0.00129835
0.00154356
0.0015268
0.00139027
0.00152259
0.00140402
0.00170003
0.00163307
0.00139939
0.00185725
0.00190005
0.00199073
0.001703
0.00265691
0.00222631
0.0020179
0.00203123
0.00243414
0.00172833
0.00174606
0.0021887
0.00183067
0.00142211
0.00212345
0.00215746
0.00152608
0.0015213
0.00153718
0.0015614
0.00182606
0.00213761
0.00239709
0.00184635
0.00155927
0.00198871
0.0022706
0.0014131
0.00145964
0.00151158
0.00154599
0.00151556
0.00141047
0.0014889
0.00157169
0.00182225
0.00141001
0.00137497
0.00148345
0.00152306
0.00166071
0.0017036
0.00165979
0.00157648
0.00157533
0.00167246
0.00169433
0.00151685
0.0015076
0.00160814
0.00154496
0.00143012
0.00137716
0.00136768
0.00146609
0.00190744
0.00145477
0.00141263
0.00138411
0.00137557
0.00141213
0.00138975
0.00140018
0.00173715
0.00209177
0.00158513
0.00162187
0.00143034
0.00154402
0.00290882
0.00211085
0.00181114
0.00177494
0.00144745
0.00158919
0.00159704
0.00140258
0.00178038
0.00153661
0.00140827
0.00165484
0.00146906
0.00219066
0.00176384
0.00136912
0.00153497
0.00162819
0.0015317
0.00236738
0.00202342
0.00193253
0.00144578
0.00142785
0.00141415
0.00159983
0.00165916
0.00146798
0.00138228
0.00146082
0.00202144
0.00135894
0.00182774
0.00208193
0.0020674
0.00224145
0.00180412
0.001543
0.00160935
0.00185271
0.00145836
0.00150024
0.00144104
0.00148454
0.00153624
0.00166484
0.00153361
0.00189619
0.0014469
0.00133217
0.00149625
0.00136772
0.00157471
0.00201903
0.00171184
0.00216864
0.00236517
0.00209298
0.00186604
0.00155138
0.00184469
0.00137031
0.00138821
0.00139286
0.00147717
0.00196543
0.00152918
0.0013978
0.00137088
0.00159485
0.00136465
0.00147912
0.00193908
0.00224548
0.00177438
0.00180614
0.0014656
0.00140194
0.00157228
0.00157803
0.00152633
0.0014108
0.00199909
0.00238418
0.00195535
0.00214381
0.00241969
0.00212192
0.00150547
0.00136959
0.00138002
0.00186449
0.00168833
0.00151665
0.0016031
0.00205089
0.00158576
0.00223679
0.00211347
0.00187229
0.00178003
0.00145951
0.00186627
0.00162196
0.00207957
0.00178258
0.0014011
0.00140916
0.00173217
0.00147883
0.00191266
0.00220368
0.00216888
0.00193346
0.00202166
0.00149369
0.0017872
0.00146581
0.00161772
0.00154991
0.00145101
0.00166378
0.0016497
0.00175773
0.00252944
0.00252413
0.0022987
0.00255075
0.00257394
0.00251465
0.00274064
0.00202837
0.00221312
0.00182751
0.00206659
0.00203831
0.00236464
0.00304461
0.00180259
0.00221711
0.00244872
0.00260207
0.00272652
0.00229667
0.00249994
0.00266193
0.00167364
0.00234692
0.00198308
0.00146976
0.00188478
0.00167765
0.00155712
0.00138419
0.00153927
0.00155951
0.00177189
0.00240734
0.00191501
0.0017231
0.00180565
0.00217848
0.00161547
0.00169652
0.00172386
0.00162915
0.00143182
0.00179583
0.00140196
0.0013984
0.00152578
0.00140084
0.00148843
0.00142755
0.00157133
0.00140863
0.00159946
0.00210273
0.00243106
0.00176249
0.00185903
0.00246815
0.0014311
0.00181651
0.00173803
0.00138615
0.0013542
0.00139667
0.00141723
0.00174782
0.00150551
0.00154635
0.00138879
0.00153046
0.00242925
0.00230382
0.00244047
0.00212287
0.00240372
0.00270945
0.00209033
0.00188344
0.00142437
0.00158855
0.00147046
0.00164568
0.00149689
0.00140445
0.00144166
0.00137576
0.00148886
0.00137864
0.00138851
0.00140161
0.00141016
0.00214703
0.00236899
0.00217388
0.00237798
0.00236883
0.00154584
0.00140068
0.00156
0.00148399
0.00134933
0.00140971
0.00136767
0.00172125
0.00157988
0.00150881
0.00145606
0.00138836
0.00140638
0.00154956
0.00150076
0.00219972
0.00227427
0.00222624
0.00217701
0.00228338
0.00138825
0.00177172
0.00143317
0.00167273
0.00141749
0.00149233
0.00147367
0.00176499
0.00226344
0.00150045
0.00137746
0.00152346
0.00158423
0.00138862
0.00172854
0.00194422
0.00162792
0.0022172
0.00149482
0.00192569
0.00161979
0.00166664
0.00140557
0.00148595
0.00143805
0.00135722
0.0021656
0.00145132
0.00135177
0.00186199
0.00150712
0.00149609
0.00138736
0.00151638
0.00160879
0.00191793
0.00221882
0.00148427
0.00148158
0.00147771
0.00151553
0.00153337
0.00173848
0.0015412
0.00176669
0.00169866
0.00139035
0.00143766
0.00156287
0.00135046
0.00157417
0.00151999
0.00154022
0.0017731
0.00137678
0.00151708
0.00141321
0.0015551
0.00182419
0.00165843
0.00157178
0.00150757
0.00194154
0.00200523
0.0014792
0.00138241
0.00140773
0.0015188
0.00154565
0.0014301
0.00147843
0.0018771
0.00145076
0.00159738
0.00143077
0.00138723
0.00140523
0.00141374
0.00172369
0.0015436
0.00150616
0.00157458
0.00142301
0.00138823
0.001859
0.0015765
0.00152782
0.00187912
0.00156102
0.00138122
0.00138759
0.0014607
0.0019846
0.00146044
0.00138293
0.00146345
0.0016281
0.00172676
0.00154046
0.00172989
0.00227748
0.00212826
0.00214977
0.00257408
0.00210417
0.00184642
0.00147375
0.00155614
0.00173913
0.0014122
0.00154539
0.00141312
0.00152229
0.0014273
0.00165181
0.00138185
0.00133917
0.00135918
0.0021096
0.00193714
0.00135181
0.00139383
0.00171723
0.00202114
0.00181135
0.00143028
0.0014081
0.00162236
0.0015518
0.00136995
0.00148547
0.0013316
0.00365254
0.00135142
0.00136255
0.00139744
0.00156642
0.00139255
0.00173265
0.00185717
0.00244437
0.00171409
0.00210744
0.002379
0.00182782
0.00182036
0.00195749
0.00175344
0.00163679
0.00242633
0.0015947
0.00176892
0.0025058
0.00181694
0.00151246
0.00211909
0.00233981
0.00268167
0.00317414
0.00251126
0.00206056
0.00175273
0.00456989
0.00273912
0.00522825
0.00214398
0.00786418
0.00306231
0.00238454
0.00171997
0.0014202
0.00159356
0.00153011
0.0016132
0.00159543
0.00150002
0.00160014
0.00171969
0.00185341
0.00155864
0.00166489
0.001477
0.00231125
0.00236758
0.00178293
0.00208292
0.00261854
0.00201256
0.00204756
0.00251662
0.00137319
0.00155491
0.00137579
0.00181485
0.00164788
0.00181679
0.00170892
0.00198106
0.0017502
0.00325678
0.00225367
0.00223384
0.00178273
0.00237869
0.00140703
0.00145886
0.00135917
0.00195689
0.00146935
0.00147364
0.00148357
0.00166513
0.00186009
0.00149095
0.00148395
0.0014702
0.00245966
0.00272433
0.00156883
0.00313387
0.00197135
0.00227369
0.00255482
0.00146696
0.00138262
0.00149804
0.0020273
0.00146236
0.00170543
0.00148102
0.00139023
0.00152286
0.00185909
0.0022796
0.00219817
0.00231717
0.00191103
0.00152742
0.00247111
0.00258147
0.00203871
0.00215596
0.00275447
0.00181599
0.00217218
0.0017296
0.00144193
0.00141081
0.00171412
0.00195941
0.00190791
0.0017722
0.00169944
0.0027387
0.00201351
0.00177902
0.00218131
0.00159104
0.00143986
0.00143691
0.00216291
0.00249814
0.00183981
0.00146418
0.00217221
0.00233261
0.00223009
0.0022406
0.00245924
0.00250573
0.00343959
0.00249203
0.00163349
0.00191932
0.00148448
0.00154295
0.00146876
0.00174617
0.00225671
0.00143783
0.00231983
0.00226336
0.00165792
0.00173365
0.00238631
0.00191188
0.0021878
0.0030107
0.00153091
0.00181081
0.0013816
0.00159442
0.00150955
0.00159803
0.0013783
0.00148698
0.00177293
0.00159423
0.00234714
0.00227958
0.00213688
0.00243089
0.00219312
0.00162564
0.00153917
0.00195824
0.00154753
0.00135424
0.00139284
0.00172743
0.00181144
0.00160749
0.0018202
0.00150739
0.00166702
0.00189888
0.00230352
0.0025125
0.0024409
0.00253114
0.00250725
0.00212627
0.00197168
0.00191734
0.00256373
0.00157553
0.00149744
0.00162989
0.00177081
0.00181167
0.0022945
0.00278182
0.00237709
0.0025264
0.00232913
0.00156393
0.00162595
0.00160048
0.00138966
0.00263281
0.00195905
0.00202424
0.00158075
0.0047885
0.00226475
0.00246391
0.00219447
0.00198817
0.00246729
0.0019697
0.00150527
0.00206586
0.00141098
0.00145266
0.00138166
0.00151873
0.00177469
0.00160148
0.00147286
0.00133781
0.00137579
0.0014877
0.00156392
0.00211177
0.0028906
0.00261791
0.00217926
0.00166681
0.00144028
0.00138701
0.00139034
0.0017416
0.00135865
0.00151138
0.00141084
0.00140804
0.00154236
0.00137324
0.00150136
0.00226137
0.00186645
0.00169269
0.00281366
0.00223584
0.00209846
0.00166729
0.00190311
0.00140764
0.00146899
0.00149571
0.00170945
0.00191332
0.00153416
0.00140469
0.00142707
0.00169598
0.00134859
0.00150186
0.00162487
0.00155551
0.00138428
0.00146026
0.00188873
0.00204111
0.0021406
0.00233282
0.00227926
0.00191932
0.00135918
0.00148768
0.00181353
0.00150439
0.00138052
0.00141069
0.00139164
0.00152822
0.00132913
0.0015655
0.00139821
0.00206205
0.00162262
0.00190622
0.00228661
0.00208994
0.00254127
0.00185077
0.00176035
0.00177942
0.00197141
0.00162186
0.00150295
0.00152716
0.00156414
0.0015432
0.0013635
0.00136915
0.00146092
0.00157753
0.0014943
0.00187891
0.00211982
0.0020019
0.00225407
0.00200925
0.00227805
0.00313851
0.0015949
0.0014358
0.00286686
0.00277008
0.00178921
0.00180222
0.00160935
0.00179382
0.00248323
0.0028442
0.00242609
0.00357168
0.00253994
0.00203408
0.00261459
0.00174787
0.00139461
0.00155682
0.00242507
0.00143365
0.00139395
0.0014423
0.00164996
0.00144299
0.00186647
0.00223656
0.00233551
0.00227685
0.00231351
0.00167816
0.00178723
0.00162801
0.00149098
0.00143227
0.00187092
0.00141509
0.00143502
0.00159413
0.00177317
0.00173025
0.00162706
0.00144807
0.00136292
0.00197769
0.00305849
0.00225027
0.00174196
0.00263432
0.00272062
0.00628029
0.00178609
0.0034609
0.00145907
0.00161309
0.00180696
0.00216992
0.00353119
0.00263633
0.00300286
0.00185008
0.00216723
0.0023203
0.0017511
0.00155762
0.00234317
0.00166707
0.00211199
0.00186077
0.00172403
0.00171497
0.00161087
0.00186446
0.00269288
0.00282074
0.00245208
0.00293505
0.00167964
0.00162957
0.00218444
0.00169328
0.00155959
0.00145993
0.00154698
0.0021375
0.00229139
0.00154725
0.0016543
0.00269405
0.00282763
0.00293659
0.00243618
0.00232954
0.00151951
0.00180259
0.0021732
0.00156188
0.00139376
0.00162994
0.00214239
0.00173351
0.00165948
0.00165155
0.00229203
0.00160299
0.00137118
0.00194589
0.00253642
0.00393947
0.00324916
0.00290566
0.00246961
0.00331892
0.00210446
0.00212312
0.00278085
0.00285429
0.00229813
0.00259786
0.00258432
0.00277258
0.00230382
0.00244756
0.00150737
0.00220149
0.00207092
0.00213102
0.00189384
0.00220403
0.00221075
0.0024155
0.00232059
0.00207664
0.00238996
0.00226966
0.00235736
0.00270303
0.00181923
0.00231776
0.00186131
0.00155792
0.00153192
0.00138915
0.00143409
0.00172951
0.00148197
0.00195731
0.00157002
0.00157329
0.00167592
0.00244362
0.00247844
0.00222854
0.00242025
0.00172832
0.00158203
0.00154737
0.00154096
0.00148577
0.00144079
0.0015481
0.00162539
0.00165433
0.00147957
0.0015701
0.00155481
0.0016567
0.00159544
0.00158017
0.00238514
0.00255282
0.00228383
0.00243257
0.00151636
0.00165543
0.00169832
0.0016692
0.00160403
0.00171702
0.00141009
0.00146576
0.00168116
0.00138138
0.00157801
0.00165248
0.00156653
0.00143362
0.00265694
0.00241765
0.00234498
0.00238498
0.00193101
0.00138971
0.00227877
0.00158599
0.00181814
0.0015405
0.001448
0.00150853
0.00170418
0.0017613
0.00173759
0.00157402
0.00154922
0.00138701
0.00164046
0.00229671
0.00224394
0.00243253
0.00263329
0.0023184
0.00215216
0.00228029
0.00185603
0.00174466
0.00234654
0.00143296
0.001436
0.00137398
0.00147228
0.00157185
0.00143472
0.00259122
0.00239243
0.00234076
0.00299492
0.00319813
0.00233145
0.00599161
0.00262525
0.00256628
0.00231885
0.00230948
0.00178962
0.00265173
0.00255577
0.00235413
0.00242244
0.00150287
0.00184538
0.00154062
0.00178087
0.00151919
0.00187345
0.00185663
0.00152852
0.00153983
0.00146925
0.00149655
0.0017308
0.00200779
0.00221278
0.00287026
0.00251226
0.00370128
0.00243955
0.00159642
0.00270058
0.0021435
0.00910757
0.00154983
0.00162343
0.00160802
0.00273392
0.0032113
0.0153614
0.00203997
0.00146894
0.00187563
0.00175622
0.0015016
0.00154115
0.00155647
0.00194533
0.00225228
0.00362266
0.00259902
0.0023007
0.00233128
0.00182135
0.00158172
0.00158827
0.00148831
0.00233072
0.00282934
0.00307964
0.00168372
0.00151457
0.0015811
0.00234252
0.00245267
0.00249033
0.00394649
0.00445025
0.00316717
0.0021903
0.00198538
0.00270721
0.00540208
0.00266332
0.00338574
0.00249417
0.00242021
0.00238063
0.00234131
0.00293719
0.00256516
0.00246952
0.00195854
0.00176498
0.001988
0.00234498
0.00381959
0.00552552
0.00296559
0.00209393
0.00452798
0.00414451
0.00468774
0.00230796
0.00234472
0.00240485
0.00275058
0.00503313
0.00714284
0.0031486
0.00194544
0.00184405
0.00195778
0.00236024
0.00180743
0.00447728
0.00248079
0.00269442
0.0114196
0.00180402
0.00180122
0.00158198
0.00173246
0.00182004
0.00235201
0.00234555
0.002602
0.00361323
0.00305548
0.00289732
0.00212512
0.00184482
0.00295904
0.00356153
0.00481073
0.00242286
0.00290556
0.00231647
0.00487871
0.00251914
0.00287819
0.00251299
0.00233903
0.00246289
0.00211307
0.0029733
0.00244197
0.00240373
0.00338856
0.00286767
0.00266059
0.00168055
0.0015367
0.0014994
0.0026724
0.00209783
0.00212796
0.0023083
0.00164421
0.00203752
0.00345852
0.00272722
0.002586
0.0029008
0.00220727
0.00252463
0.0020596
0.0024299
0.00197132
0.00171609
0.00198895
0.00351697
0.00265415
0.00459048
0.00238976
0.00221426
0.00167884
0.00193718
0.00286784
0.0049185
0.00203206
0.00243469
0.00176991
0.00229594
0.00278988
0.00286454
0.00234746
0.0023711
0.0021416
0.00175338
0.0015417
0.003167
0.00172775
0.00159656
0.00165844
0.00158333
0.00156614
0.00187422
0.00159665
0.00168429
0.0016692
0.00234236
0.00238488
0.00235164
0.00224917
0.0022031
0.00142986
0.0014049
0.00146833
0.00200923
0.00237167
0.00249463
0.00203827
0.00235084
0.00151843
0.00171019
0.00144108
0.00174336
0.00236671
0.0052712
0.00233531
0.00186329
0.00160641
0.00158736
0.00167835
0.00213809
0.00230578
0.00164123
0.00176794
0.00175607
0.00144852
0.00158483
0.00136773
0.00157701
0.00247308
0.00235075
0.00250117
0.00304652
0.00290681
0.00652756
0.00467875
0.00281303
0.00230364
0.00364003
0.00195923
0.00277747
0.00231859
0.00255184
0.00309807
0.00358311
0.00192176
0.00158744
0.00225404
0.00209274
0.00173018
0.00177824
0.00174402
0.00192578
0.00186322
0.0022732
0.00254208
0.00245041
0.00238895
0.00154865
0.00169694
0.00147737
0.00188312
0.00169588
0.00184762
0.00168911
0.00237416
0.00216432
0.00193558
0.0020364
0.00596446
0.00224668
0.00226142
0.00253679
0.00210366
0.00258988
0.00213489
0.00195727
0.00279911
0.00225513
0.0020526
0.00267383
0.00149668
0.00241802
0.00379251
0.00279161
0.00241971
0.00287671
0.00226342
0.00381744
0.00213061
0.00253851
0.00252393
0.00265398
0.00210276
0.00227076
0.00231486
0.0026366
0.00402849
0.00325809
0.00755502
0.00300892
0.00284543
0.00472948
0.00267636
0.00250928
0.00241137
0.00234588
0.00288244
0.00385312
0.00368182
0.0082995
0.00649889
0.00253516
0.00304516
0.00254153
0.00561045
0.00238015
0.00233247
0.00200218
0.0107819
0.0124898
0.0025625
0.00235787
0.00242086
0.00219697
0.00193016
0.0059333
0.00214089
0.00261073
0.00184507
0.00225606
0.00444656
0.00241216
0.00261337
0.0026842
0.00252283
0.00238101
0.00169686
0.0014636
0.00184843
0.00244424
0.00243424
0.00196137
0.00236104
0.00271119
0.00285309
0.00338589
0.00264431
0.0027137
0.00232214
0.00286274
0.00244943
0.00331555
0.00290044
0.00220979
0.00280106
0.00362931
0.00248474
0.00255986
0.00198644
0.00227905
0.00257139
0.00259484
0.00181186
0.00248284
0.0023771
0.00211714
0.00251203
0.00230239
0.00269861
0.00234382
0.00261938
0.00212272
0.00263867
0.00168096
0.00240157
0.00236559
0.00252417
0.00205162
0.00239245
0.00247403
0.00202179
0.00247525
0.002528
0.00244694
0.00279744
0.00172568
0.00235331
0.00204717
0.00241188
0.00161153
0.00252349
0.00203795
0.0022242
0.00160697
0.00172605
0.0024973
0.00282663
0.00296705
0.00236511
0.00243512
0.00210772
0.00293704
0.00238299
0.00212502
0.00173138
0.00226447
0.00174728
0.00288814
0.0026324
0.00255512
0.00250819
0.0023114
0.00243845
0.00240115
0.00232903
0.00311785
0.00212437
0.00249953
0.00260531
0.00265089
0.0021181
0.00264228
0.00294571
0.00273744
0.00273448
0.00157949
0.00172536
0.00216935
0.00149473
0.00202667
0.00215754
0.00251958
0.00231331
0.00236307
0.00243489
0.00242317
0.0024419
0.00234382
0.00246186
0.00231086
0.00232654
0.00237144
0.00378362
0.0020167
0.0021029
0.00219267
0.00182796
0.00183143
0.0018698
0.00237303
0.0026511
0.00251308
0.00240358
0.00251497
0.0017487
0.00151194
0.00154403
0.00182059
0.00165824
0.00187432
0.00184875
0.00189981
0.0022323
0.00159741
0.00162522
0.00228647
0.00249397
0.00238553
0.00260892
0.00223246
0.00151935
0.00199146
0.00234898
0.00154342
0.00153921
0.0018337
0.00186253
0.00148189
0.00155686
0.00178579
0.00172877
0.00174264
0.00276386
0.00242795
0.00248957
0.00255524
0.00183441
0.00149273
0.00146776
0.00210625
0.00155599
0.00159208
0.00193772
0.00185824
0.00173616
0.00171491
0.00158634
0.00167656
0.00183805
0.00239761
0.00260591
0.00234601
0.00245213
0.00180796
0.00267953
0.00247009
0.00218927
0.00261649
0.00414445
0.00227065
0.00219616
0.00269842
0.00345103
0.0023329
0.00274588
0.00236888
0.00165075
0.00201769
0.00185386
0.00147797
0.00247068
0.00187924
0.00221005
0.00208466
0.0023035
0.0105824
0.00324273
0.00303468
0.00243205
0.00227791
0.00307038
0.00211397
0.00149941
0.0017448
0.00297893
0.00270029
0.00273113
0.00248551
0.00203198
0.00158651
0.00224988
0.00216798
0.00160675
0.00168332
0.00213867
0.00202418
0.00193791
0.00160054
0.00148645
0.0019004
0.00303753
0.00255388
0.00263599
0.00244912
0.00240387
0.00223762
0.00217885
0.00147978
0.00163441
0.00173596
0.00160208
0.00212182
0.00156068
0.00170803
0.00213854
0.00255798
0.00255296
0.00241284
0.00251614
0.00203718
0.00189194
0.00211808
0.00256864
0.00229157
0.00454635
0.00231188
0.00475459
0.00273815
0.00268996
0.00336964
0.00371052
0.00188379
0.00181574
0.0020363
0.00213843
0.00152216
0.00184419
0.00232419
0.00162647
0.00165371
0.0019283
0.0025152
0.00240944
0.00314849
0.00267927
0.0026157
0.00182318
0.00165116
0.00164418
0.00156877
0.00169274
0.00179345
0.00307916
0.00218661
0.00173884
0.00177478
0.00197187
0.00235213
0.00252691
0.00231078
0.00245724
0.00255022
0.00659947
0.00448528
0.00433186
0.00250018
0.00270617
0.00219676
0.00229725
0.00239215
0.00259325
0.00295292
0.00166056
0.0025711
0.00347541
0.00222778
0.00161877
0.00176513
0.00241844
0.0021807
0.00233307
0.00216455
0.00244457
0.00417417
0.00254255
0.00308087
0.0105935
0.00411709
0.00379809
0.00297925
0.00953606
0.00451383
0.00492325
0.00254468
0.0310903
0.0163652
0.00232502
0.0236617
0.0122534
0.00335685
0.00254799
0.00547945
0.00220731
0.00633559
0.00501535
0.00228789
0.0455488
0.0139454
0.0199999
0.00505238
0.00193901
0.00281933
0.00304436
0.00312615
0.00518708
0.00262648
0.00280739
0.0161048
0.00592398
0.00336052
0.00206843
0.00283574
0.00278696
0.0026688
0.00311966
0.00256817
0.00404295
0.00274531
0.00238615
0.00244311
0.00515604
0.00255203
0.0041993
0.00244088
0.00287281
0.00262936
0.0023338
0.00273298
0.00244639
0.00410456
0.00184562
0.00190146
0.00229436
0.00187246
