2.39186
2.43263
2.30255
2.38927
2.30592
4.04317
2.52027
2.32419
3.94875
2.40279
3.95038
2.29394
2.56517
2.35081
2.44247
2.41863
2.42502
2.3168
3.09145
2.36207
2.51885
2.77138
2.45544
3.03485
4.14338
2.48053
2.35319
3.97015
2.46185
2.45831
2.46561
2.38082
2.41924
2.38761
2.51502
2.35407
2.40857
2.46912
2.4522
2.38429
2.3936
2.34946
2.40583
2.31144
2.49972
2.45025
2.70644
2.33007
2.96557
2.4144
2.50331
2.39629
2.43535
3.92354
2.4378
2.55811
2.55925
2.43621
2.30652
2.49847
2.42416
2.44443
2.45818
2.52976
2.82194
2.8714
2.35174
2.58334
2.53517
2.45969
2.34363
2.38572
2.46386
2.33837
2.65531
2.41705
2.30211
2.42487
2.83811
3.83429
4.42262
3.8824
4.03278
2.54469
2.50359
2.40224
2.45163
2.70693
2.38638
2.61253
2.37314
2.34549
2.63555
4.5678
2.69768
2.51633
2.30715
2.90774
2.29553
2.34294
