0.0012028
0.00133566
0.00196581
0.00131333
0.00146021
0.00141978
0.00148992
0.00164173
0.00134525
0.00182305
0.00196208
0.00199025
0.00184227
0.00191953
0.00192144
0.00139659
0.00131594
0.00142334
0.00118652
0.00132298
0.00124236
0.00154958
0.00138441
0.00131908
0.0011705
0.00114896
0.00121521
0.00115558
0.00124122
0.00142379
0.00119393
0.00162802
0.00173426
0.00162485
0.00173517
0.0020244
0.00195231
0.00169848
0.00129737
0.00126052
0.00121092
0.00143957
0.00126229
0.00129847
0.00122021
0.0020807
0.00195217
0.00115083
0.00116062
0.00119269
0.0013305
0.00126583
0.00120703
0.00157093
0.00115033
0.00129449
0.00158374
0.00122774
0.00129492
0.00160225
0.00132005
0.00166429
0.00126758
0.00116667
0.00124529
0.00135631
0.0011784
0.00118044
0.00121433
0.00132397
0.00138665
0.00115375
0.00121269
0.0012016
0.00116824
0.00118217
0.00121119
0.00118554
0.00141881
0.00199947
0.00198523
0.00197298
0.00180311
0.00165403
0.00181783
0.00123477
0.0012018
0.00133078
0.00127017
0.00135884
0.00125604
0.00135752
0.00146842
0.00138191
0.00133278
0.00134088
0.00131212
0.0013323
0.00123626
0.00115931
0.00121079
0.00115356
0.00151857
0.00149561
0.00200636
0.00166076
0.00122173
0.00179248
0.00141442
0.00125716
0.00133872
0.00132404
0.00139329
0.0011278
0.00126286
0.00114637
0.00142384
0.00126663
0.00117992
0.00113494
0.00131933
0.00115126
0.00118744
0.00122351
0.00129329
0.00135011
0.00154595
0.00163154
0.00118354
0.00126507
0.00120788
0.00117529
0.00123461
0.0015603
0.00118944
0.00123455
0.00112003
0.0011784
0.00146221
0.00172693
0.00129004
0.00165059
0.00188336
0.00134451
0.00142221
0.0011786
0.00137374
0.00123654
0.00125083
0.00128051
0.00166423
0.00166799
0.00166688
0.0012276
0.00141339
0.00169136
0.00141085
0.00156312
0.00116752
0.00126659
0.00123819
0.00116145
0.00131559
0.00122459
0.00164063
0.00132173
0.00125391
0.00118067
0.00117789
0.00120261
0.00112468
0.00138174
0.00126195
0.00114516
0.00150124
0.00206291
0.00132657
0.00162871
0.00168006
0.00135719
0.00118981
0.00196278
0.00115345
0.00113509
0.00114865
0.00120832
0.00129741
0.00141637
0.0011691
0.00158078
0.00136265
0.00137041
0.00122315
0.00127688
0.00123566
0.00130345
0.00118153
0.00133766
0.00118275
0.00183303
0.0017011
0.00207479
0.00195411
0.00201609
0.00186382
0.00128172
0.00116354
0.00121421
0.00110587
0.00121658
0.00117157
0.00112438
0.00121556
0.00122365
0.0011293
0.00122622
0.00114154
0.00109965
0.0011583
0.00110338
0.00134118
0.00129318
0.00160432
0.00132968
0.00132888
0.00126859
0.00118362
0.00122463
0.00124881
0.00116019
0.00148816
0.00125751
0.00115888
0.00117007
0.00117221
0.00119432
0.0011706
0.00114442
0.00112277
0.00149799
0.00145084
0.00132834
0.00115736
0.00111471
0.00116562
0.00143349
0.00119539
0.00113687
0.00120676
0.00134062
0.00119911
0.00117877
0.00119664
0.00121216
0.00117446
0.00120506
0.00119436
0.00130521
0.0013511
0.00117299
0.00116187
0.00115252
0.00122752
0.00115178
0.00119867
0.00114637
0.00127481
0.00120067
0.00121128
0.00123847
0.00153299
0.0011512
0.00123409
0.00121314
0.00125952
0.0017298
0.00122215
0.0012179
0.0014286
0.00189902
0.00195618
0.00218546
0.00120013
0.00130915
0.00120305
0.00118821
0.00127514
0.00123074
0.00123088
0.00128974
0.00145995
0.00157714
0.00120939
0.0013345
0.00115434
0.00125632
0.00126087
0.00124624
0.00117607
0.0013087
0.00189139
0.00188515
0.00170515
0.00121903
0.00118122
0.00175069
0.00177747
0.0015637
0.00137123
0.00124213
0.00124573
0.00127277
0.00136683
0.0012007
0.00130518
0.00123493
0.00120233
0.00114389
0.00118387
0.00128393
0.00140681
0.00128986
0.00123349
0.00152038
0.0011655
0.00117946
0.00117745
0.00116574
0.00119179
0.00124474
0.00122819
0.00122837
0.00139416
0.00116351
0.00121674
0.00113515
0.00114244
0.00128816
0.00127206
0.0011844
0.00114138
0.00138662
0.00125385
0.00123978
0.00114574
0.00116791
0.00110574
0.00117212
0.00122668
0.00116404
0.00136519
0.00118147
0.00119993
0.00126494
0.00121634
0.00128581
0.00120746
0.00129167
0.00125643
0.00135877
0.00130354
0.00133845
0.00119946
0.00121043
0.00122372
0.00114592
0.00113968
0.00121041
0.00113857
0.00115999
0.00116639
0.00116634
0.0011715
0.0012302
0.00116821
0.00123792
0.00132053
0.00143192
0.00122301
0.0013277
0.00135278
0.00120333
0.00130457
0.00121437
0.00115477
0.001405
0.00115339
0.00115984
0.00118491
0.00120732
0.00130964
0.00114228
0.0011451
0.0011381
0.00136763
0.00143786
0.00119939
0.00122928
0.00121342
0.00119841
0.00120114
0.00116546
0.00115536
0.00136333
0.00154771
0.00165627
0.00144825
0.00122621
0.00127786
0.00137681
0.00116463
0.00138291
0.00142841
0.00111595
0.00129023
0.00114219
0.00124383
0.00115855
0.00119372
0.00114864
0.00133685
0.00128455
0.0012311
0.00124658
0.00118865
0.00118388
0.00116811
0.00119517
0.00119144
0.00138363
0.00141087
0.0011884
0.00133369
0.00115571
0.00123282
0.0012694
0.00148317
0.00123271
0.00157486
0.00121599
0.00118348
0.00117587
0.00121167
0.00112284
0.00130166
0.00117162
0.00131542
0.00146829
0.00183011
0.00114931
0.00118681
0.00134351
0.0011497
0.00114872
0.00130625
0.00114359
0.00131683
0.00126382
0.00120998
0.00125311
0.00122516
0.00148123
0.00175826
0.00127189
0.00134227
0.00118104
0.00118239
0.00135174
0.00117022
0.00123081
0.00114853
0.00123677
0.00115394
0.00121956
0.00124947
0.00134678
0.00117276
0.00116694
0.0011565
0.00118467
0.00118553
0.00122834
0.00136258
0.00141555
0.00116471
0.00128993
0.00118521
0.001182
0.00121234
0.00142561
0.00120405
0.00147004
0.00114604
0.00130528
0.00115031
0.00129509
0.00129323
0.00115703
0.00116084
0.00117642
0.00136543
0.00134403
0.00125039
0.00121655
0.00123348
0.00134064
0.00118333
0.0012626
0.00121471
0.001573
0.00132017
0.00120188
0.00118791
0.00124884
0.00114967
0.00133387
0.00121938
0.00140103
0.00129116
0.00135145
0.00136659
0.00119986
0.00117573
0.00128992
0.00112307
0.00117927
0.00123177
0.00132397
0.00114969
0.00122193
0.00118001
0.00142698
0.00117687
0.00122219
0.00118286
0.00137871
0.00171414
0.0011918
0.0012183
0.00120326
0.00119941
0.00123265
0.00117216
0.00129813
0.00139887
0.00117152
0.00114561
0.00148978
0.00129267
0.00124619
0.00115499
0.00128776
0.0012416
0.00124963
0.00118893
0.00132953
0.00123622
0.00119463
0.0011853
0.0013221
0.00119621
0.00126904
0.00122936
0.00121472
0.00111145
0.001287
0.00120691
0.00116013
0.00117881
0.00118595
0.00126179
0.00159868
0.00123388
0.00118702
0.00114131
0.0011242
0.00128387
0.001145
0.00117718
0.00116452
0.00114812
0.00123946
0.00123856
0.00116383
0.00120144
0.00117638
0.00130096
0.00121091
0.0013805
0.00133888
0.00127443
0.00118937
0.00121554
0.0012506
0.00154357
0.00188326
0.00183836
0.00129543
0.00126739
0.00116572
0.00116985
0.00126875
0.00135751
0.00117961
0.00114538
0.00123174
0.00128769
0.00122918
0.001239
0.0013229
0.00143784
0.00128486
0.00127287
0.00114996
0.00116324
0.00165553
0.00176841
0.00166193
0.00183317
0.00184335
0.00191501
0.0013181
0.00121288
0.00116766
0.00133187
0.00125737
0.00124246
0.0011922
0.00122785
0.00132571
0.00123439
0.001108
0.00113576
0.00117785
0.00116436
0.00115191
0.00123885
0.00116203
0.00120636
0.00178167
0.00204048
0.00186528
0.00200933
0.00190697
0.00189423
0.00116388
0.00112849
0.00119402
0.00116646
0.00127987
0.00113554
0.00117012
0.00115906
0.00146462
0.00124453
0.00124409
0.0011397
0.0011612
0.00118323
0.00127783
0.00115156
0.00118133
0.00130447
0.00185451
0.00178506
0.00182615
0.00187101
0.00198155
0.00152381
0.0012439
0.00127025
0.00123819
0.00141375
0.0012338
0.00123041
0.00115853
0.00127425
0.00147438
0.00117577
0.00121324
0.00113314
0.00140602
0.00137739
0.00133621
0.00125837
0.00180606
0.00188271
0.00190237
0.00188804
0.00185298
0.0018557
0.00128723
0.00114103
0.00115293
0.001131
0.00125722
0.00126376
0.00118486
0.00136065
0.00136559
0.00137549
0.00118909
0.0013919
0.0012366
0.00119151
0.00116565
0.00120227
0.00115508
0.00124648
0.00189834
0.00192113
0.00189546
0.00188759
0.00189232
0.00190799
0.00116621
0.00117315
0.0011486
0.0011165
0.00132385
0.00117916
0.00119641
0.00115178
0.00128847
0.00115167
0.00117709
0.00111935
0.00130947
0.00122016
0.00123041
0.00122051
0.00120431
0.00116104
0.00184665
0.00195106
0.00191789
0.00189576
0.0018718
0.00182178
0.00109077
0.00110138
0.00121157
0.00119574
0.00118796
0.0011934
0.00137392
0.0011541
0.00118262
0.00129521
0.00159082
0.00146838
0.00115335
0.00126463
0.0012211
0.00115964
0.00120044
0.00181392
0.00192751
0.00192051
0.00188033
0.00184065
0.00205306
0.00120771
0.00118198
0.00116412
0.00125565
0.00126182
0.00116116
0.00140374
0.00113355
0.00126434
0.0011635
0.00114588
0.00117789
0.00115015
0.00119478
0.00119935
0.00121281
0.00115163
0.00117735
0.00197618
0.00194611
0.00190181
0.00193368
0.00200688
0.00173822
0.00117099
0.0012735
0.00133506
0.00135788
0.00115228
0.00116763
0.00117389
0.00115297
0.00123732
0.00126386
0.00113957
0.00123595
0.00142808
0.00113809
0.00121912
0.00111444
0.00115895
0.00122103
0.00181837
0.00170217
0.00114043
0.00120587
0.00135102
0.00128696
0.00123861
0.0012377
0.00116602
0.00127599
0.00121424
0.00148128
0.00121655
0.00129117
0.00125339
0.00133968
0.00125907
0.00130346
0.00129403
0.00113957
0.00130791
0.00116368
0.00130721
0.00115417
0.00163073
0.00130008
0.00169816
0.00143212
0.00129235
0.00145462
0.00128336
0.00170161
0.00121634
0.00117723
0.00118931
0.00147322
0.00135543
0.00123125
0.0011922
0.0012728
0.0019693
0.00141287
0.00125645
0.00124823
0.00117267
0.00169811
0.00191239
0.0020603
0.00216383
0.00190126
0.0018346
0.00167972
0.00194421
0.00125632
0.00158325
0.0013746
0.00136125
0.00118591
0.00116346
0.00115672
0.00132736
0.00131952
0.00120225
0.00119056
0.00120639
0.00118854
0.00127172
0.001263
0.00121694
0.00130057
0.0015545
0.00123243
0.001267
0.00135703
0.00115762
0.00134584
0.00135995
0.00128252
0.00126446
0.00122107
0.00127005
0.00116138
0.00119355
0.00109798
0.00117035
0.00116156
0.0012404
0.00117992
0.00156665
0.00134129
0.00115816
0.00120438
0.00119177
0.00116935
0.00118536
0.00122858
0.00150077
0.00118568
0.00117254
0.00134666
0.00190457
0.00193357
0.00171634
0.00188403
0.00122399
0.00146053
0.0011978
0.00187996
0.00134826
0.00125244
0.00117974
0.0013118
0.00117592
0.00118182
0.00116534
0.0011785
0.00118305
0.00129937
0.00117744
0.00150626
0.00185203
0.00154444
0.00190745
0.00204643
0.00215304
0.00168834
0.00123235
0.00124466
0.00113974
0.00195578
0.0017956
0.00160643
0.00145827
0.00136025
0.00123561
0.00126398
0.00117901
0.00115577
0.00126789
0.00119559
0.0012402
0.00170394
0.00196748
0.00186087
0.00178598
0.00152252
0.00178159
0.00131789
0.00129783
0.00122961
0.00120258
0.00143964
0.00119161
0.00121043
0.001174
0.00140818
0.00122009
0.00127154
0.00117704
0.00130295
0.00120145
0.00133926
0.00123074
0.00119712
0.00188656
0.00145383
0.00136883
0.00120029
0.00129591
0.00161561
0.00160332
0.00203538
0.00143795
0.00121162
0.00136709
0.00128926
0.00122514
0.00142646
0.00162606
0.00174909
0.00121753
0.00130236
0.00116318
0.00126534
0.00150266
0.00119052
0.0012044
0.0017765
0.00173447
0.00160178
0.00153909
0.00173316
0.00173343
0.00202821
0.00146839
0.00151844
0.00140096
0.00131333
0.00138235
0.00189269
0.00147585
0.00151655
0.00124772
0.0014789
0.00116373
0.00120622
0.00130267
0.0012399
0.00204739
0.00190985
0.00190028
0.00199325
0.00189425
0.00208677
0.00140207
0.00123415
0.00124416
0.00160516
0.00137147
0.00138905
0.00118987
0.00132249
0.00124011
0.00163725
0.00121844
0.00116385
0.00136291
0.00138381
0.00126283
0.00127812
0.00180817
0.00180203
0.00188322
0.00232373
0.00411951
0.00208012
0.00254461
0.00155561
0.00137425
0.00116953
0.00136038
0.00139337
0.00127162
0.0013464
0.00135016
0.00207639
0.0017429
0.00170717
0.00185895
0.00191356
0.00209596
0.00200826
0.00122196
0.00122682
0.0012778
0.00154714
0.00122125
0.00119981
0.001256
0.00157586
0.00116528
0.00156945
0.00114749
0.00120831
0.00111165
0.00137341
0.00127149
0.00197848
0.00201463
0.00223413
0.00180684
0.00197317
0.00184578
0.0016849
0.00143859
0.00125295
0.00142889
0.00119994
0.00120314
0.00133312
0.00130267
0.00126371
0.00116139
0.00113906
0.00115672
0.0011893
0.00121294
0.00120725
0.00119968
0.00185676
0.00197621
0.00192761
0.0020035
0.00188019
0.00183977
0.00128605
0.00116143
0.0013119
0.00122106
0.00116644
0.00118319
0.00120694
0.00127937
0.00138961
0.00158828
0.00114969
0.00126193
0.00122732
0.00114093
0.00130978
0.00123698
0.00116004
0.00150107
0.00188507
0.001932
0.00196201
0.00186687
0.00199642
0.00133126
0.00117442
0.00117609
0.0011637
0.00131519
0.00116496
0.00123798
0.00113689
0.00118581
0.0011415
0.00128138
0.00114155
0.00119386
0.00110791
0.00126106
0.00122231
0.00142304
0.001528
0.00193402
0.00200019
0.00192862
0.00199766
0.00201907
0.00142126
0.00119603
0.00116159
0.0011637
0.00128377
0.00116102
0.00123808
0.00122314
0.00114734
0.00131604
0.00123175
0.00117162
0.00121682
0.00131661
0.00121295
0.00120592
0.00125167
0.00115036
0.00162522
0.00198648
0.00192531
0.00194498
0.00185692
0.0018319
0.00150179
0.00126709
0.00126898
0.00118092
0.00140175
0.00139947
0.0012805
0.00119694
0.00146737
0.0012186
0.00127645
0.00114278
0.00124449
0.00121626
0.00147491
0.00121136
0.00200931
0.00197159
0.00174578
0.0017231
0.00184648
0.00204985
0.00130868
0.00130171
0.00131973
0.00114157
0.00127339
0.00123135
0.00140119
0.00152523
0.00127635
0.00160623
0.00117392
0.00131952
0.00121178
0.00125073
0.00122333
0.00120253
0.00119954
0.00198836
0.00201805
0.00198097
0.00191577
0.00191933
0.00152287
0.001348
0.00115796
0.00131379
0.00119134
0.00114318
0.00121109
0.0011384
0.0011591
0.00121726
0.00118304
0.00115654
0.00118959
0.00118705
0.00117634
0.00117073
0.00125647
0.00126161
0.00192361
0.00194309
0.00199924
0.00184906
0.00192762
0.00181889
0.00128465
0.0012857
0.00121939
0.00122856
0.00114984
0.00129938
0.00133052
0.00133701
0.0017903
0.0015254
0.00119006
0.0012658
0.00112671
0.00125911
0.00122118
0.00117992
0.00171784
0.00192238
0.00187454
0.00199607
0.001876
0.00208104
0.00145627
0.00145857
0.00140268
0.00137359
0.00122403
0.001242
0.00117154
0.00129195
0.0014398
0.00116195
0.00117047
0.00128432
0.00117891
0.0011692
0.00123623
0.00123034
0.00158648
0.0019058
0.00200662
0.00169605
0.00186644
0.00219781
0.00137185
0.00125134
0.00133609
0.00156388
0.00140801
0.00117168
0.00155163
0.00161537
0.00178946
0.00126646
0.00125442
0.00123004
0.00142484
0.00141145
0.00147646
0.00215538
0.00183813
0.00182261
0.00177074
0.0014314
0.0019383
0.00194942
0.00118751
0.00197542
0.00176365
0.00165324
0.00192597
0.00160801
0.00143791
0.00118073
0.00119613
0.00111597
0.00129061
0.00123412
0.00216524
0.00192505
0.00209341
0.00175579
0.001546
0.00150439
0.00140685
0.0014716
0.00121563
0.00125752
0.001171
0.00135958
0.00122565
0.00128648
0.00120576
0.00187443
0.00157989
0.00134494
0.00126998
0.0012121
0.00119283
0.00122566
0.00116923
0.00120521
0.00150866
0.00165745
0.00192761
0.0017374
0.00148538
0.00120087
0.0012854
0.00125553
0.00118672
0.00114154
0.0012474
0.00126797
0.0011895
0.00121025
0.00110519
0.00114097
0.00128947
0.00119633
0.00112862
0.00119684
0.0011941
0.00130129
0.0011522
0.00134167
0.00125347
0.00156838
0.00123492
0.00126992
0.00116879
0.0012448
0.00112786
0.0013365
0.00116584
0.00122408
0.00135954
0.00113139
0.00118103
0.00124547
0.00113957
0.00112728
0.00125027
0.00120692
0.00120697
0.00136577
0.00120937
0.00124659
0.00114855
0.0011637
0.00116611
0.00125403
0.00116397
0.00113426
0.00123417
0.00120488
0.00124302
0.00121813
0.00115763
0.00113556
0.00123491
0.00116816
0.00117957
0.00134603
0.00148076
0.00115587
0.00127259
0.00125255
0.00120606
0.00118074
0.00124358
0.00117138
0.00115758
0.00124381
0.0011926
0.0011591
0.00113695
0.00126724
0.00126635
0.00117068
0.00130166
0.00121598
0.00134161
0.00120823
0.00126365
0.00115806
0.00130627
0.00114328
0.00116056
0.00147191
0.00122841
0.00130682
0.00124353
0.00117431
0.00118838
0.00117926
0.00126596
0.00113865
0.00113104
0.00131584
0.00131678
0.00136864
0.00123775
0.00117143
0.00118704
0.00118495
0.00120806
0.00116813
0.00116538
0.00120397
0.0011431
0.00126839
0.00120859
0.00121382
0.00117047
0.00118242
0.00116358
0.00128987
0.00158792
0.00132209
0.00116007
0.00124744
0.0012569
0.00116725
0.00116708
0.00124052
0.00130881
0.00131361
0.00143337
0.00114781
0.00115092
0.00123271
0.00122896
0.00122174
0.00117134
0.00118546
0.00179687
0.00172913
0.00153364
0.00156921
0.00160655
0.00112482
0.00120673
0.00154173
0.00119901
0.00115986
0.00113668
0.00116845
0.00110995
0.00115192
0.00116197
0.00113866
0.0013031
0.00131095
0.00123185
0.00116508
0.00111798
0.00113732
0.00117728
0.00117838
0.00118717
0.00124304
0.00166668
0.0011712
0.0015732
0.00113945
0.00116966
0.00115408
0.00131159
0.00129493
0.00124119
0.00112916
0.0012737
0.00122
0.00118796
0.00112245
0.00115119
0.00113609
0.00115329
0.00128135
0.00131133
0.00116582
0.00118699
0.00120604
0.00133247
0.00116656
0.00129248
0.00130768
0.00153637
0.00129475
0.00144673
0.00133507
0.00145724
0.00131361
0.00147685
0.00142716
0.00124269
0.00129076
0.00117064
0.00114663
0.00124423
0.00126979
0.00111654
0.00119025
0.00138377
0.00158416
0.00130006
0.00124661
0.0011315
0.00128023
0.00114932
0.00140955
0.00128151
0.00120107
0.00135396
0.00125947
0.0011976
0.00119431
0.0011906
0.0011376
0.00186826
0.0019017
0.00138778
0.00113413
0.00129204
0.00117572
0.00122878
0.00120133
0.00119203
0.00119559
0.0011814
0.0012564
0.00129767
0.00124814
0.00131442
0.00119766
0.00122799
0.00123926
0.0011686
0.00114679
0.00195931
0.00191929
0.00189017
0.00187156
0.00185764
0.00202485
0.00128119
0.00217845
0.00189523
0.00145615
0.00137707
0.00161827
0.00189241
0.0012232
0.00120656
0.00115381
0.00121234
0.00115423
0.00123381
0.00115798
0.00114583
0.00185492
0.00193775
0.00201246
0.00198436
0.00203947
0.00199129
0.00176005
0.0020678
0.00196224
0.00144435
0.00119342
0.00169407
0.00115448
0.00128627
0.00190561
0.00177798
0.0015671
0.00132832
0.0017693
0.00189134
0.00188113
0.00197968
0.00201285
0.0017804
0.0012721
0.0011743
0.00117081
0.00120412
0.00122459
0.00116816
0.00134963
0.00121127
0.0016217
0.00128403
0.00127908
0.00122982
0.00119963
0.00126509
0.00129388
0.0013978
0.00118277
0.0019327
0.00200762
0.00196082
0.00141945
0.00129513
0.00183189
0.00144545
0.00131383
0.00130739
0.0011773
0.00119528
0.00122519
0.00120274
0.00124834
0.00121474
0.00130813
0.00121382
0.00123072
0.00116841
0.0011997
0.00112233
0.0012978
0.00118238
0.00139337
0.00195038
0.00201058
0.00159542
0.00174692
0.0019453
0.00152336
0.00130524
0.00124408
0.00117759
0.00115474
0.00113598
0.00132302
0.00114319
0.00115395
0.00150993
0.00131974
0.00142735
0.00116944
0.00129491
0.00118935
0.00116915
0.0011772
0.00125673
0.00182254
0.00195894
0.00189622
0.00195855
0.00192609
0.00209171
0.00128554
0.00141557
0.00120234
0.0012425
0.00120694
0.00121265
0.00110348
0.00118858
0.00119786
0.00117766
0.00110381
0.00113701
0.00114902
0.00113375
0.00122096
0.00129296
0.00116062
0.00122369
0.00184305
0.00179137
0.0018709
0.00197824
0.0019519
0.00196681
0.00122324
0.00128364
0.00129768
0.00148621
0.00144505
0.00121466
0.00152292
0.00143139
0.00129423
0.00119496
0.00129723
0.00131573
0.00119187
0.00131411
0.00118833
0.00180367
0.00192102
0.00189787
0.00148123
0.0019253
0.00180021
0.00191054
0.00171836
0.00154643
0.00116982
0.00138886
0.0012789
0.00133348
0.00122754
0.0012393
0.00135048
0.00116522
0.00115846
0.00129497
0.00115619
0.00139187
0.00117741
0.00119132
0.00194204
0.00163864
0.00163619
0.00167529
0.00126215
0.00126202
0.00178814
0.0013348
0.00123329
0.00129164
0.00126111
0.00113456
0.0013344
0.00123112
0.00128106
0.00139886
0.00130918
0.00113781
0.00121726
0.00117232
0.00115494
0.00116795
0.00114713
0.00116964
0.00134532
0.00210752
0.00167974
0.00197854
0.00187471
0.00187489
0.00140937
0.001311
0.00149486
0.00125551
0.00118068
0.00115126
0.00114179
0.00112276
0.00116785
0.00136211
0.00117281
0.00123692
0.00125422
0.00136653
0.00123913
0.00134256
0.00121108
0.00123395
0.00185811
0.00205759
0.00188059
0.00187728
0.00187637
0.00149858
0.00134339
0.00132546
0.00152482
0.00121915
0.00121752
0.00117821
0.00124523
0.00117234
0.00131939
0.00115496
0.00136267
0.00117475
0.00115059
0.00115304
0.00112508
0.00119497
0.00117165
0.00193833
0.00196925
0.00199206
0.00205413
0.00215708
0.0019428
0.00131607
0.00200671
0.00119376
0.00118941
0.00128461
0.00118457
0.00134585
0.00115647
0.00115971
0.00115978
0.00132413
0.00137412
0.00124064
0.001213
0.00115447
0.00185949
0.00185097
0.00184151
0.00191067
0.00196841
0.00180972
0.00125646
0.00121394
0.0011609
0.0012223
0.00111605
0.00141196
0.00114816
0.00136037
0.00136407
0.00168414
0.00113776
0.00131238
0.00113511
0.00124672
0.00124038
0.00120274
0.00121812
0.00140842
0.00191364
0.001908
0.00188176
0.00190156
0.00200756
0.00143992
0.00117455
0.00138279
0.00119837
0.00135096
0.0014969
0.00129212
0.00121031
0.00122074
0.00134853
0.00132533
0.00120215
0.00127354
0.0011418
0.00128474
0.00165278
0.00120459
0.00191979
0.00194746
0.0021482
0.0018458
0.0018852
0.00163612
0.00116778
0.00112558
0.001141
0.00114434
0.00113469
0.00153185
0.001367
0.00112157
0.00133011
0.00122808
0.00115596
0.00123682
0.00114858
0.00115804
0.00128225
0.00116308
0.00119378
0.00138519
0.00188722
0.00191822
0.00188843
0.00186652
0.00185653
0.00141803
0.00123734
0.00134574
0.00116591
0.00122304
0.00128184
0.00114547
0.0011353
0.00124752
0.00149912
0.00120824
0.00122672
0.00119147
0.00115828
0.00124907
0.00122292
0.00116862
0.00127996
0.00204253
0.00191174
0.00191778
0.00197492
0.00201833
0.00165647
0.00133132
0.00117521
0.00119724
0.00127395
0.00112736
0.0011746
0.00126848
0.0011733
0.00145355
0.00138506
0.00115674
0.00116901
0.00120227
0.00120003
0.00128426
0.00121274
0.00116828
0.00170881
0.00185406
0.00189332
0.00185915
0.00192077
0.001925
0.00122354
0.00118901
0.00117275
0.00118543
0.00118916
0.0012699
0.00119458
0.00115887
0.00131391
0.0012071
0.00119554
0.00115036
0.0011531
0.00114055
0.00117617
0.00116745
0.00115971
0.00122232
0.00178108
0.00192247
0.00194649
0.00206362
0.001855
0.00174839
0.00114152
0.00118501
0.00114584
0.00116489
0.00128711
0.00136706
0.00157489
0.00119226
0.00123147
0.00124535
0.00115572
0.00117282
0.00119071
0.00115373
0.00122486
0.00116592
0.00110796
0.00117091
0.00204353
0.00186078
0.00191474
0.00193104
0.00189216
0.00147251
0.00139629
0.0011681
0.00116163
0.00118995
0.00122495
0.00129369
0.00119977
0.00121172
0.0011554
0.00146976
0.00118184
0.0011454
0.0018295
0.00118913
0.00125199
0.00116951
0.00126629
0.00181687
0.00188861
0.00198113
0.00199361
0.00200443
0.00185459
0.0013489
0.00119254
0.00124602
0.00120464
0.00115977
0.00121275
0.00117382
0.00117379
0.00194797
0.00140258
0.00118823
0.0011842
0.00125321
0.00160952
0.00146228
0.00151439
0.00213394
0.00198369
0.00172902
0.00187986
0.00155118
0.00159269
0.00177579
0.00140638
0.00131164
0.00121287
0.00131188
0.00136567
0.00131943
0.00116112
0.00140621
0.0012154
0.00119721
0.0011582
0.00140963
0.00116278
0.00150462
0.00200414
0.00180668
0.00212811
0.00188894
0.00201407
0.00181019
0.00141338
0.00127161
0.00114919
0.00130134
0.00135832
0.0013587
0.00133509
0.0013254
0.00118314
0.00138527
0.0011798
0.00154531
0.00175857
0.00203628
0.00149026
0.0017243
0.00191278
0.00198239
0.00185562
0.00195421
0.00173256
0.00154046
0.00122514
0.00132533
0.00126622
0.0014717
0.00132025
0.00129603
0.00133983
0.00120704
0.00139068
0.0012251
0.00117714
0.00123383
0.00151109
0.0014031
0.00125486
0.00125997
0.00197768
0.00181351
0.00121001
0.0015398
0.00141652
0.00144153
0.00147
0.00133386
0.00138507
0.00133899
0.00126146
0.00148806
0.00133564
0.00133853
0.00135023
0.00178527
0.0019233
0.00115146
0.00127381
0.00131156
0.0013659
0.00125139
0.00127356
0.00170596
0.00140491
0.00190627
0.00178995
0.00150604
0.00170218
0.00163142
0.00177277
0.00142839
0.00123307
0.00121228
0.00123056
0.00114821
0.00129924
0.00122948
0.00111808
0.00116933
0.0012132
0.00114919
0.00128759
0.00115386
0.00142503
0.00132507
0.001318
0.0014204
0.00184571
0.00168179
0.00152666
0.00144757
0.00137036
0.00114332
0.00128752
0.0012032
0.00137445
0.00115101
0.00120713
0.00117384
0.00140169
0.00143128
0.00134487
0.0011853
0.00118102
0.00130141
0.0012784
0.00124443
0.00122756
0.00126533
0.00121721
0.0014636
0.0014818
0.00121367
0.00119404
0.00122227
0.00154734
0.00147446
0.00142172
0.00167466
0.00146681
0.00133271
0.00140784
0.00147687
0.00123125
0.00115448
0.00142121
0.00116156
0.00124967
0.00118533
0.00127456
0.00117098
0.00137404
0.00115027
0.00125504
0.00176873
0.00191487
0.00196297
0.00118256
0.00188855
0.00131516
0.00143418
0.00155539
0.00173088
0.00116495
0.00120429
0.0012455
0.0012966
0.00125742
0.00138886
0.00163714
0.00200318
0.00123482
0.00122292
0.00120532
0.00118568
0.00119912
0.00127487
0.00152193
0.00121331
0.00121771
0.00121718
0.00148554
0.00125281
0.00123423
0.00137245
0.00194931
0.00209257
0.00168251
0.00139516
0.00137513
0.00125192
0.00118309
0.00145546
0.00141255
0.00118042
0.001315
0.00124355
0.00120074
0.00137015
0.00124076
0.0018423
0.00174849
0.00171542
0.0014383
0.00178631
0.00120896
0.0015415
0.00127571
0.00122819
0.00123202
0.00118939
0.00127483
0.00118294
0.00124072
0.00187722
0.00155765
0.00171443
0.00121063
0.00142188
0.00135536
0.00136702
0.00123581
0.00112435
0.00117142
0.00132262
0.00118265
0.00122229
0.00118815
0.00112926
0.00130454
0.00112876
0.00120353
0.0012337
0.00119841
0.00123668
0.00130209
0.00118626
0.0011772
0.00115393
0.00127103
0.00151033
0.00162001
0.00117909
0.00136787
0.00114412
0.00133223
0.00114652
0.00129247
0.00116572
0.00125624
0.00178006
0.00126548
0.00131284
0.00133839
0.00120974
0.00126237
0.00137731
0.00124842
0.00118404
0.00130436
0.00114469
0.0011295
0.00124619
0.0011595
0.00114927
0.00125043
0.00115082
0.00120822
0.00126584
0.00121377
0.00127063
0.00115536
0.00117629
0.00121293
0.00121061
0.00119551
0.00121661
0.00129317
0.00124241
0.00129854
0.00138587
0.001227
0.00204017
0.00180964
0.00155609
0.00126255
0.00115779
0.00114552
0.0011573
0.00119893
0.00115428
0.00114229
0.00111955
0.00114578
0.00122939
0.00118284
0.0012102
0.00116468
0.00122889
0.00116859
0.00118287
0.00113309
0.00154553
0.00150497
0.00171292
0.00124275
0.00112329
0.00125129
0.00115532
0.00139422
0.00122643
0.00113795
0.00124601
0.00122049
0.00114745
0.00114772
0.00118741
0.00117073
0.00114056
0.00127167
0.00141187
0.00125139
0.00123789
0.00118155
0.00124322
0.00121005
0.00115281
0.00108603
0.00113882
0.00118635
0.00167715
0.00129596
0.00119959
0.00137378
0.00111647
0.00122735
0.00119279
0.00151937
0.00131471
0.00116381
0.00124006
0.00125253
0.00119912
0.00125729
0.00117623
0.0012461
0.001126
0.00125589
0.00121848
0.00169296
0.00116627
0.00124689
0.00114345
0.00117036
0.00116074
0.00139093
0.00128502
0.0015747
0.00127465
0.00125102
0.00123823
0.00133003
0.00152842
0.00128174
0.00123503
0.00120552
0.00128409
0.00121057
0.00118007
0.00125889
0.00114697
0.00118562
0.00128958
0.00133719
0.00126285
0.00122637
0.00133055
0.00113132
0.00116523
0.00115219
0.00115513
0.00121325
0.00122824
0.00136449
0.00118177
0.00117201
0.0012168
0.00137371
0.00128107
0.00128797
0.0013139
0.00128988
0.00116783
0.0011945
0.0011726
0.00114845
0.00114663
0.00121441
0.00114917
0.00112477
0.00126754
0.0012674
0.00119165
0.00125925
0.00118611
0.00121069
0.00115332
0.00117911
0.00143406
0.00138755
0.001329
0.00126289
0.00125257
0.00122026
0.0012957
0.0012369
0.00119111
0.00131473
0.00112531
0.00124607
0.00117299
0.00120693
0.00123268
0.00120356
0.0011579
0.00152925
0.00132436
0.00131679
0.00123708
0.00120391
0.00118433
0.00131645
0.00114867
0.00115414
0.00115579
0.00125744
0.00120918
0.00128857
0.00116793
0.00128572
0.00128729
0.00120733
0.0012943
0.00125331
0.00131912
0.00117817
0.00121247
0.00119515
0.00123311
0.00133625
0.00114977
0.00121249
0.00120592
0.00127739
0.001227
0.00118795
0.00111238
0.0011746
0.00118907
0.0011329
0.00122773
0.00120629
0.00162413
0.00124802
0.00130051
0.00130136
0.00119875
0.00120536
0.00137757
0.00153225
0.00121566
0.00119362
0.00114274
0.0012158
0.00130732
0.00127582
0.00112197
0.00128323
0.00168707
0.00120012
0.00123873
0.00127215
0.00115347
0.00125328
0.0011792
0.00119448
0.0012578
0.00114184
0.00112753
0.00135613
0.00122176
0.00121453
0.00120287
0.00117171
0.00114236
0.00189904
0.00197364
0.00126571
0.00120566
0.00132409
0.00119877
0.00161164
0.00129501
0.00135315
0.00136922
0.0011459
0.00119483
0.00115821
0.00112755
0.0013512
0.00117188
0.00131835
0.00116595
0.00120625
0.00176751
0.00188486
0.00189794
0.00189333
0.00174104
0.00139748
0.00127854
0.00120228
0.00128565
0.00115908
0.00123112
0.00126033
0.00116946
0.00117507
0.00134523
0.00113828
0.0014205
0.00115623
0.00120681
0.00121435
0.00117606
0.00126267
0.00123069
0.00116054
0.00126198
0.00129387
0.00124248
0.0012024
0.00119912
0.00116081
0.00123573
0.00118133
0.00127041
0.00122915
0.00118661
0.00117636
0.00118449
0.00118516
0.00122977
0.00122679
0.0011636
0.00116389
0.00138043
0.00129339
0.0011448
0.00117121
0.00126646
0.00115514
0.00122501
0.0012585
0.00111883
0.00122702
0.00131592
0.0011429
0.00127725
0.00119056
0.00117912
0.00131801
0.00119481
0.0012143
0.00130371
0.00125465
0.00118743
0.00116368
0.00113349
0.00118006
0.00118516
0.00122574
0.00116083
0.00123672
0.00148466
0.00123549
0.00125916
0.0011577
0.00119263
0.00126123
0.00121192
0.00115761
0.00113195
0.00126151
0.00125594
0.00140103
0.00116535
0.00116046
0.00123983
0.00121568
0.00128659
0.00125693
0.00120056
0.00117756
0.00124735
0.0012246
0.00116445
0.00116087
0.00117423
0.00118356
0.00116122
0.00114372
0.00114234
0.00130609
0.00114886
0.00115463
0.00124986
0.00127982
0.00117454
0.00116137
0.00178385
0.00126711
0.00118365
0.00137885
0.00124785
0.0013608
0.00119955
0.00138018
0.00118818
0.00124289
0.00115652
0.00142262
0.00116615
0.00118991
0.00115951
0.001142
0.00114865
0.00140621
0.00121482
0.00124024
0.00117026
0.00121402
0.0011994
0.00119918
0.00121512
0.00115801
0.00130988
0.00112342
0.00127954
0.00162232
0.0018667
0.0013259
0.00130483
0.00117507
0.00120462
0.00121452
0.00126902
0.00124431
0.00113284
0.00121439
0.00118209
0.00121748
0.00122647
0.00122612
0.00123399
0.00131216
0.00115367
0.00113305
0.00114477
0.00120831
0.00126476
0.00114111
0.00125684
0.00136751
0.00135697
0.00116159
0.00130393
0.00118715
0.00123763
0.00122042
0.00120987
0.00132595
0.00131255
0.00127902
0.00115614
0.00127907
0.00120929
0.00122708
0.0013328
0.00118169
0.00118207
0.00127265
0.00158275
0.00118413
0.00116397
0.0012026
0.00116641
0.00119472
0.00109932
0.00111114
0.00162949
0.00119818
0.00116795
0.00121212
0.00127007
0.0011653
0.00121338
0.00124461
0.00120859
0.00145646
0.0011763
0.00112132
0.00118256
0.00117149
0.00115792
0.00114761
0.00115306
0.00112058
0.00118063
0.00134915
0.0013336
0.00115537
0.00120183
0.00114959
0.00114125
0.00123068
0.0011419
0.00122151
0.00122535
0.00120281
0.00119575
0.00128047
0.00117678
0.00121745
0.00137199
0.00119333
0.00137982
0.00133449
0.00128595
0.00112057
0.00132801
0.00114964
0.00113726
0.00125892
0.00112369
0.00115184
0.0011687
0.00125087
0.00114668
0.00125541
0.00114036
0.00122887
0.00117956
0.00119453
0.00118521
0.00161343
0.00170703
0.00168864
0.00177011
0.00204322
0.0015917
0.00145313
0.00124644
0.00135802
0.00119543
0.00120848
0.00116361
0.00151289
0.00116689
0.0011159
0.00133964
0.00116668
0.00120637
0.00113899
0.00119773
0.00125331
0.00122438
0.00112989
0.00124759
0.00168708
0.00119931
0.00132433
0.00126214
0.00118371
0.00128369
0.00197617
0.00152494
0.00125406
0.00120556
0.0012498
0.00121169
0.00128642
0.00116829
0.00140254
0.00124223
0.00126523
0.00119557
0.00118551
0.00125231
0.00128938
0.00120909
0.00127831
0.00121101
0.00125285
0.00131748
0.00139273
0.00133596
0.00190877
0.00157576
0.00155741
0.00191458
0.00124674
0.00116062
0.00117584
0.00115999
0.00118437
0.00145111
0.00125106
0.00123612
0.0013382
0.00122373
0.00127686
0.00124378
0.00119616
0.00137762
0.00130738
0.00117152
0.00115615
0.00128869
0.00188588
0.00213105
0.00144289
0.00162773
0.00124595
0.00175184
0.00142851
0.00141403
0.00123617
0.00110321
0.00126729
0.00122362
0.00119056
0.0011603
0.0012767
0.00166102
0.00139448
0.00117522
0.00116505
0.00117473
0.00126877
0.00134389
0.00118763
0.00121955
0.00152449
0.00133316
0.00157321
0.00134677
0.00139932
0.00127567
0.00137107
0.00127118
0.00138896
0.00127651
0.00135134
0.00123482
0.00139604
0.00119234
0.00133351
0.00130488
0.00142781
0.00135895
0.00127744
0.00124177
0.0012263
0.00116364
0.00117655
0.00117296
0.00123119
0.00159759
0.00140314
0.00141168
0.00118322
0.00140622
0.00120584
0.0011682
0.00141012
0.00130066
0.00125135
0.00119284
0.00119587
0.00121884
0.00119374
0.00118127
0.00121766
0.00118596
0.00116821
0.00148769
0.00136153
0.00117007
0.00125392
0.00117437
0.00119742
0.00125907
0.00115151
0.00130274
0.00180139
0.00157156
0.0016133
0.00160865
0.00120348
0.00188895
0.00196427
0.00119484
0.00125463
0.001246
0.00161762
0.00122706
0.00121206
0.00122136
0.00122408
0.00139371
0.00119652
0.00138976
0.00122995
0.00119248
0.00119851
0.00133743
0.00125641
0.00187065
0.00198745
0.00184579
0.00190486
0.00187117
0.00178708
0.00125033
0.0012054
0.00124482
0.00117387
0.00124818
0.00140958
0.0015499
0.00184001
0.00210234
0.00159805
0.00167542
0.0019593
0.0016061
0.00137217
0.00194662
0.00188418
0.00208722
0.00155114
0.00132334
0.00176163
0.00125799
0.00137577
0.00181104
0.00173549
0.00155263
0.00127751
0.00119458
0.00148182
0.00176804
0.00123827
0.00129642
0.00146444
0.00131182
0.00146144
0.00156165
0.00198106
0.0018265
0.001429
0.00140085
0.00118929
0.00118797
0.0012759
0.00117578
0.00130504
0.00126223
0.00139426
0.00117643
0.00126147
0.00130439
0.00117493
0.00119312
0.0011728
0.00147661
0.00129814
0.00128959
0.00140989
0.00134277
0.00189597
0.00431
0.00178404
0.00169448
0.00185691
0.00177872
0.00187651
0.00195346
0.00152022
0.0020339
0.00166153
0.00143262
0.00158042
0.00111889
0.00117226
0.00142812
0.00129073
0.00139347
0.0011924
0.00123482
0.00118172
0.0012222
0.0017297
0.00213196
0.00185538
0.00193286
0.00202572
0.0015309
0.00143045
0.00137705
0.00120812
0.00118252
0.00145283
0.00117109
0.00126106
0.00120004
0.00127523
0.00127556
0.00156336
0.0012402
0.00123042
0.00117941
0.00119927
0.00125814
0.00114821
0.00113542
0.00166457
0.00121585
0.00116055
0.00117477
0.00122167
0.00129894
0.00132488
0.00121361
0.00141878
0.00130033
0.00124642
0.00119775
0.00119035
0.00119125
0.00121768
0.00122241
0.00113135
0.00116131
0.00134724
0.00117807
0.00127916
0.00117918
0.00118312
0.00123006
0.00118262
0.00114487
0.0012225
0.00121481
0.00118712
0.00128237
0.00120616
0.00124576
0.00114866
0.00116158
0.00129069
0.00163874
0.00114529
0.00117236
0.00125307
0.00142637
0.00115061
0.0011477
0.00114118
0.00122016
0.00133892
0.00121579
0.00136847
0.0011489
0.00120943
0.00121719
0.00116575
0.00135066
0.00128455
0.00157108
0.00153525
0.00129015
0.0016011
0.00117571
0.00158152
0.0012791
0.00122784
0.00129979
0.00118148
0.00120636
0.00116217
0.0011914
0.00122294
0.00118047
0.00121121
0.00115431
0.00114739
0.00136561
0.00133736
0.00115495
0.00127549
0.00117127
0.00119906
0.00131838
0.00118141
0.0012898
0.00139776
0.0012167
0.00122326
0.00129601
0.0012295
0.00131991
0.00128304
0.00136401
0.00119204
0.0012403
0.00127808
0.00117867
0.00122371
0.00117656
0.00121251
0.00122999
0.00120022
0.00126579
0.00135629
0.00123462
0.00118941
0.00121752
0.00136436
0.0011603
0.00126986
0.00119261
0.001143
0.00142595
0.0012802
0.00149082
0.00114373
0.00113203
0.00115329
0.0011236
0.00136926
0.00117061
0.00125203
0.00116218
0.00116795
0.00125232
0.00121263
0.00116674
0.00115657
0.00128774
0.00116546
0.00125088
0.00139334
0.00117736
0.0011619
0.00114505
0.00114998
0.00119648
0.00116263
0.00131113
0.00123406
0.00119094
0.00120971
0.00119862
0.00113899
0.00119141
0.00116102
0.00122301
0.00121009
0.00118327
0.0013655
0.00123389
0.00125303
0.00119553
0.00113689
0.00119367
0.00121227
0.00115018
0.00149282
0.00185269
0.00120874
0.00126076
0.00115511
0.001415
0.00124307
0.00118521
0.00116362
0.00124931
0.00157749
0.00222266
0.00162679
0.00118538
0.00133048
0.00158417
0.00133552
0.00121071
0.00116514
0.00127307
0.00122725
0.00127396
0.00117912
0.0012217
0.00117341
0.00123996
0.00134761
0.00118414
0.00110897
0.00117788
0.00115317
0.0012333
0.0011815
0.00124749
0.00137805
0.00144578
0.00123472
0.00165977
0.00121079
0.00123618
0.00113703
0.00114547
0.00118369
0.00119451
0.00126883
0.00120112
0.00115236
0.00120786
0.00116034
0.00116467
0.00117047
0.00131784
0.00128629
0.00128245
0.00131476
0.00130603
0.00118335
0.00132448
0.00116506
0.00118224
0.00121255
0.00130969
0.00169424
0.00167301
0.00119933
0.00123953
0.00116552
0.00125396
0.00168118
0.00158829
0.00175631
0.00123595
0.00121154
0.00127075
0.00124643
0.00114741
0.00135304
0.00145206
0.00116164
0.00119228
0.00121579
0.00126281
0.00122434
0.00136702
0.00154109
0.00146158
0.00129924
0.00134234
0.00123521
0.00125423
0.00129172
0.00119509
0.00159404
0.00134678
0.0016268
0.00134666
0.00155218
0.00127748
0.00124431
0.00120528
0.00135933
0.00126713
0.00139037
0.00126117
0.00114474
0.00128338
0.00119799
0.00136904
0.00121162
0.0011481
0.00134652
0.00119366
0.00126388
0.00117799
0.00114301
0.00121273
0.00118359
0.00117556
0.00116162
0.00131674
0.00123388
0.00123011
0.00113886
0.00118226
0.00120417
0.00121325
0.00136076
0.00121327
0.00120129
0.00116264
0.00131646
0.00121735
0.00117361
0.0011485
0.00114918
0.00126452
0.00118535
0.00145228
0.0019982
0.00167695
0.00127731
0.00134635
0.0013821
0.00161124
0.00157665
0.00116993
0.00120498
0.00112
0.00116866
0.00115619
0.00115197
0.00121149
0.00113812
0.00125999
0.00125522
0.00130914
0.00123518
0.00136132
0.00132299
0.00123552
0.00130466
0.00116592
0.00117238
0.00115729
0.00117669
0.00119382
0.00114111
0.00116806
0.001191
0.00133601
0.00118185
0.00131466
0.00123203
0.00133994
0.00125324
0.00117816
0.00119001
0.00127906
0.00118975
0.00115898
0.00116405
0.00134372
0.00121239
0.00120513
0.00118843
0.0014388
0.00115171
0.00133133
0.00122343
0.00134734
0.00134485
0.00129756
0.00122406
0.00140806
0.00123848
0.0012833
0.00114742
0.00115928
0.00117909
0.00114017
0.00118021
0.00123133
0.00120128
0.00115812
0.00120811
0.00112776
0.00122979
0.00128244
0.00124548
0.00148541
0.00119057
0.00141436
0.00120272
0.00125357
0.00124628
0.00126807
0.0013169
0.00125848
0.00138511
0.00157057
0.00116308
0.00131387
0.00118724
0.00123519
0.00123621
0.00116393
0.0012145
0.00128445
0.00125909
0.00116692
0.00135527
0.00119815
0.00114922
0.00110147
0.00111112
0.00116251
0.00130876
0.00117151
0.00111817
0.00110022
0.00110437
0.00121172
0.00117798
0.00125753
0.0012183
0.00134922
0.00133157
0.00130754
0.00117329
0.00121444
0.00128573
0.00120553
0.00117095
0.00119554
0.00122423
0.00115305
0.00116609
0.00118949
0.00120806
0.00118846
0.00130329
0.00115746
0.00136607
0.00119147
0.00117169
0.00122802
0.00121051
0.00120247
0.00126323
0.00123721
0.00137518
0.00116558
0.00122687
0.00116609
0.00113691
0.00120561
0.00118477
0.00115769
0.00114133
0.00120584
0.00117923
0.00118666
0.00115604
0.0011407
0.00119689
0.0011715
0.00116325
0.00114175
0.00117333
0.00120384
0.00128688
0.00119465
0.00114577
0.00117801
0.00114766
0.0011525
0.00132084
0.0011258
0.00117908
0.0012557
0.00114708
0.00113469
0.00115656
0.0011925
0.0012036
0.00115298
0.00115626
0.00123006
0.00115423
0.00123827
0.00123118
0.00121937
0.0014321
0.00127693
0.00116587
0.00142982
0.00124162
0.00115752
0.00136645
0.00112003
0.00136186
0.00118431
0.00115636
0.00122969
0.00115571
0.00124101
0.00129364
0.00130275
0.00127823
0.00123721
0.00117615
0.00118882
0.00115235
0.00118274
0.00119709
0.00131045
0.00128531
0.00123262
0.00114752
0.00125139
0.00114138
0.00120242
0.00117395
0.00133411
0.00120147
0.00126471
0.00136022
0.00117449
0.00122963
0.00115092
0.00115295
0.00129017
0.00116843
0.00138919
0.00131193
0.00142692
0.00117848
0.00120214
0.0011341
0.001202
0.00113642
0.001183
0.00116489
0.00138313
0.00122589
0.00117554
0.00132486
0.00116515
0.00114429
0.00127491
0.00114634
0.00121535
0.00120417
0.00117653
0.00117082
0.00120252
0.00114346
0.0011732
0.0012696
0.00115575
0.00120563
0.00114932
0.00127696
0.00115011
0.00123271
0.00118586
0.00113563
0.00124066
0.00116674
0.0011649
0.00120079
0.00127048
0.00115344
0.00114382
0.00123346
0.00117598
0.00116541
0.00117323
0.00110871
0.00128058
0.00119225
0.00125824
0.00110522
0.00121181
0.00118296
0.00119741
0.00115183
0.00113754
0.00113698
0.0012124
0.00126652
0.00117109
0.00114704
0.00117496
0.00114504
0.00121452
0.00124993
0.00114488
0.00124345
0.0011819
0.00130221
0.0012154
0.00119124
0.00114409
0.00132001
0.00113078
0.00122826
0.0013328
0.00143526
0.00136421
0.0011688
0.00116868
0.00127362
0.00119164
0.00120638
0.00116088
0.00117676
0.00116599
0.00113672
0.00114829
0.00120828
0.00129407
0.00126272
0.00128317
0.00116775
0.00130594
0.00119382
0.00123497
0.00115257
0.00118953
0.00118214
0.0012857
0.00115703
0.00124985
0.00113656
0.00119865
0.00127546
0.00118154
0.0011482
0.00115885
0.00112341
0.0012055
0.00124536
0.00111973
0.00121375
0.00157574
0.00191986
0.00166145
0.00143518
0.00142389
0.00157536
0.00197783
0.00173716
0.00190352
0.00160847
0.00114579
0.00123538
0.0012918
0.00146018
0.00130871
0.00127296
0.00114949
0.00116681
0.00128191
0.00117833
0.00118279
0.00127211
0.00112065
0.00189025
0.00179643
0.00164246
0.00130405
0.00171347
0.00201275
0.00194833
0.00223881
0.00217227
0.00195696
0.00132258
0.00130718
0.0016985
0.00177629
0.00123791
0.00130005
0.00131503
0.00131759
0.0011447
0.00124989
0.00177088
0.00165067
0.00146708
0.00118908
0.00124149
0.0011681
0.00116274
0.00114276
0.00128212
0.0012462
0.00120542
0.00115857
0.00125062
0.00118675
0.00113258
0.00119754
0.00115592
0.00114362
0.00123127
0.00115471
0.00123559
0.00115307
0.00111909
0.00116922
0.00111917
0.00113273
0.00114984
0.00135156
0.00117659
0.00123079
0.00112992
0.00111507
0.00116247
0.00118604
0.00114395
0.00117483
0.00127028
0.00116453
0.0011668
0.00124915
0.00120333
0.00122354
0.00119881
0.00113146
0.00114643
0.00112706
0.00110556
0.00120847
0.00114742
0.00111978
0.00110985
0.0011707
0.00122663
0.00114816
0.00115923
0.00145387
0.00121826
0.0012653
0.00123528
0.00117083
0.0012031
0.0012072
0.00115345
0.00123148
0.00116289
0.00117311
0.00117967
0.00121237
0.00114637
0.00116148
0.00118393
0.00112513
0.00112392
0.00126199
0.00125838
0.00115097
0.00116601
0.00119209
0.0011879
0.00118217
0.00123718
0.00118698
0.00119326
0.00128537
0.00122794
0.00115661
0.00117446
0.00111513
0.00117183
0.00118463
0.00116413
0.0012034
0.00123148
0.00130463
0.00115479
0.00125125
0.00116183
0.00118451
0.00119196
0.00135041
0.00124155
0.00119505
0.00115253
0.00133011
0.00113485
0.00125187
0.00139467
0.00147547
0.00127145
0.00118342
0.00135688
0.00119994
0.00133427
0.00130013
0.00118913
0.00119452
0.00128819
0.00119773
0.00130614
0.00123238
0.00124787
0.00125386
0.00115517
0.001352
0.00116265
0.00111364
0.00115104
0.001319
0.00120366
0.00138357
0.0012911
0.00123156
0.0011681
0.00116878
0.0011794
0.00119679
0.00114454
0.00113346
0.00116724
0.00121538
0.00127668
0.00113757
0.00118468
0.00120552
0.00114195
0.00120771
0.0012471
0.00118427
0.00120549
0.00122051
0.00122409
0.0011762
0.00116009
0.00121947
0.00116509
0.00110328
0.00116403
0.00136773
0.00114702
0.00121507
0.00119757
0.00130192
0.00116539
0.00126925
0.00121863
0.00130046
0.00135624
0.00175546
0.00127896
0.00123435
0.00121093
0.00115597
0.0012105
0.00136922
0.00114776
0.00125387
0.00120727
0.00128468
0.00126436
0.00120013
0.00113859
0.0012276
0.00117386
0.00125227
0.00129688
0.0012235
0.00116503
0.00133654
0.00114341
0.00129005
0.00127496
0.0012268
0.00114784
0.00114114
0.00139338
0.00133522
0.00113733
0.00126845
0.00112702
0.00115184
0.00117818
0.00124884
0.00138429
0.00118762
0.00116353
0.00138682
0.00126643
0.00118599
0.00119744
0.00114058
0.00124505
0.00116742
0.0011912
0.00122136
0.00114906
0.0013488
0.00121685
0.00115814
0.00127463
0.00123059
0.00134223
0.00120353
0.00126556
0.00113426
0.00114247
0.00116069
0.00116365
0.00132329
0.00117971
0.0011883
0.00113307
0.00115753
0.00115509
0.00113551
0.00121103
0.00125685
0.00117695
0.00129414
0.00118915
0.00130649
0.00122642
0.00117986
0.00118193
0.00120591
0.00127168
0.00115418
0.00110251
0.00110363
0.00111273
0.00115973
0.00114684
0.00113576
0.001159
0.00115616
0.00124678
0.00121502
0.00119681
0.00138895
0.00140113
0.00133086
0.00119368
0.0011551
0.00122472
0.00140959
0.0011459
0.0011946
0.00121527
0.00116473
0.00118623
0.00115801
0.00117274
0.00120005
0.00133879
0.00136913
0.00115575
0.00127661
0.00187843
0.0019236
0.00124638
0.00133311
0.00131481
0.00122411
0.00123088
0.00118814
0.00142607
0.00126306
0.00124009
0.00113569
0.00115597
0.00128421
0.00117182
0.00139402
0.0015437
0.00127018
0.00116175
0.00126358
0.00116106
0.00120965
0.00120352
0.00128667
0.00119846
0.00114511
0.00138083
0.00126369
0.00114931
0.00126408
0.00126447
0.00121929
0.00123664
0.00134929
0.00116831
0.00134648
0.00118386
0.00128513
0.00122145
0.0012833
0.00126748
0.00115323
0.00110521
0.00130595
0.00131668
0.00116685
0.0011532
0.00115158
0.00127796
0.0011629
0.00117763
0.00118176
0.00146845
0.00156109
0.00142315
0.00150135
0.00120434
0.00152629
0.00111956
0.00116536
0.00119187
0.00128736
0.00120709
0.00126894
0.00114047
0.00117005
0.00115991
0.00138791
0.00117838
0.00127674
0.00135527
0.00121449
0.00117235
0.0013465
0.00115416
0.00142766
0.00116269
0.00116097
0.00118495
0.00139714
0.00127011
0.00132889
0.0011612
0.0011601
0.0012027
0.00118901
0.00133446
0.00121923
0.00141391
0.00123283
0.00118326
0.00120171
0.00131777
0.00121915
0.00117775
0.00121617
0.00131117
0.00120282
0.00123293
0.00120346
0.00120474
0.00125919
0.00121313
0.00125219
0.00118229
0.00127864
0.00144087
0.0016152
0.00144375
0.00119183
0.00138195
0.00147771
0.00116859
0.00125114
0.00119098
0.00129439
0.00116656
0.00128044
0.0011785
0.00124038
0.00129131
0.00118378
0.00126818
0.00115089
0.0012523
0.00122607
0.00116077
0.00131086
0.001141
0.00148078
0.00121979
0.00120962
0.00115415
0.00116614
0.00125527
0.0011645
0.00115264
0.00128486
0.00118158
0.00133745
0.00121534
0.00129801
0.00115605
0.00122493
0.00124388
0.00119391
0.00113953
0.00115183
0.00114859
0.00121566
0.00125866
0.00112619
0.00138653
0.00121917
0.00123343
0.00117879
0.00120596
0.0011795
0.00114585
0.00139646
0.00133891
0.00130894
0.00116581
0.00120636
0.00130706
0.00126137
0.00121342
0.00118774
0.00120555
0.00144209
0.00120929
0.00114551
0.00130596
0.00117151
0.00118707
0.00114892
0.00130978
0.00118503
0.00129515
0.00147597
0.00115946
0.00119665
0.00135224
0.00124602
0.00114812
0.00114834
0.00116605
0.00121079
0.00125381
0.00120743
0.00121802
0.00114459
0.00112868
0.0011485
0.00126984
0.00124419
0.00134642
0.0013428
0.00119236
0.00122715
0.00114878
0.0012366
0.00115202
0.00125132
0.0011542
0.00133443
0.00131759
0.00115667
0.00114949
0.00113551
0.00124067
0.00118693
0.00117182
0.00181312
0.00190203
0.00200806
0.0019064
0.00146047
0.00121947
0.00123786
0.00124453
0.00122815
0.00132288
0.0012261
0.00117393
0.00118583
0.00118399
0.00124969
0.00124266
0.00136725
0.00121523
0.0013368
0.001204
0.00114274
0.00124487
0.00116469
0.00119417
0.00121587
0.00143561
0.00129211
0.00122052
0.00117231
0.00119288
0.00113861
0.00121955
0.0011441
0.00116942
0.00118179
0.00123273
0.00116583
0.00120341
0.00118946
0.00125232
0.00116417
0.00116882
0.00112028
0.00125157
0.00122008
0.00116961
0.00121331
0.00117492
0.00119656
0.00116115
0.00111945
0.00129343
0.00120728
0.00118384
0.00121342
0.00132408
0.00114554
0.00113403
0.00111014
0.00121886
0.0011725
0.0012423
0.0011647
0.00119267
0.00124628
0.00144149
0.00116802
0.00135965
0.0012596
0.00128743
0.00135243
0.00123222
0.00120116
0.00118118
0.00118131
0.00121212
0.00122868
0.0012036
0.00116488
0.00112643
0.00118825
0.00130319
0.00116512
0.00128521
0.00114979
0.00123579
0.00116065
0.00128883
0.00116901
0.00117615
0.0011772
0.00138498
0.00115233
0.0011985
0.00115033
0.00118114
0.00115323
0.00117869
0.00116364
0.00112409
0.00127994
0.00114474
0.00115503
0.00118386
0.0013498
0.00121688
0.00115613
0.00116981
0.00115798
0.00120247
0.00116532
0.00118823
0.0014053
0.00135651
0.00144917
0.00119278
0.00126671
0.00115007
0.00131235
0.00121712
0.00117662
0.00112191
0.00116339
0.00115836
0.00114688
0.00118702
0.00121376
0.00121775
0.00120898
0.00123536
0.00117763
0.00131877
0.00114776
0.00138642
0.00115757
0.00117877
0.00126481
0.00123568
0.00115326
0.00118729
0.0011896
0.00128237
0.00119667
0.00131653
0.00121077
0.00151376
0.00123995
0.00120441
0.00128346
0.00121834
0.00118702
0.00118316
0.00127502
0.00114068
0.00128605
0.00135265
0.00117734
0.0011461
0.00117973
0.00116466
0.00117279
0.00117123
0.00124141
0.0011912
0.00125235
0.00115533
0.00123288
0.00116224
0.0012066
0.00114636
0.0012096
0.00110258
0.00123908
0.0011436
0.00119972
0.00115656
0.00125206
0.0012197
0.00124137
0.0011487
0.00117736
0.0012037
0.00123468
0.00121563
0.00114244
0.00115752
0.00118431
0.00131996
0.0011952
0.00117908
0.00118053
0.00119535
0.00113205
0.00117941
0.00113317
0.0011829
0.00118541
0.00117763
0.00120063
0.0013299
0.00122365
0.00118337
0.00118753
0.00118793
0.00133029
0.00115078
0.00127619
0.00117474
0.00117192
0.00127308
0.00121404
0.00118019
0.00117237
0.00114956
0.00121299
0.00125307
0.00118378
0.00114811
0.00122928
0.00131404
0.00158386
0.00134934
0.00121715
0.00143952
0.00123196
0.00150667
0.00135959
0.0012953
0.00136385
0.00119373
0.00128412
0.00129691
0.00118737
0.00122202
0.00117201
0.00115898
0.00120448
0.00122532
0.00117983
0.00117786
0.0012068
0.00123785
0.0011821
0.00118652
0.00117263
0.0012784
0.00138958
0.00118398
0.00135492
0.00117334
0.00117939
0.00120862
0.00122629
0.00120863
0.00124812
0.00117146
0.00145765
0.00118938
0.00147789
0.00142327
0.00131439
0.00129543
0.00137778
0.00131484
0.00121178
0.00122968
0.0011487
0.00114208
0.00121561
0.00119638
0.00120063
0.001232
0.00118665
0.00127321
0.00120505
0.0012218
0.00115985
0.0012476
0.00122285
0.00117975
0.00127452
0.00119245
0.00131741
0.00123158
0.0013335
0.00124347
0.00126317
0.0011548
0.00111846
0.00121961
0.00123603
0.00122366
0.00120778
0.00121774
0.0012136
0.00122149
0.00115876
0.00127629
0.00116096
0.00116295
0.00113637
0.00133239
0.0011489
0.00123142
0.00114751
0.00129177
0.0011292
0.00120882
0.00114671
0.00123393
0.00122459
0.00118928
0.00126441
0.00127689
0.00123522
0.0011676
0.00115175
0.00112224
0.0012434
0.00122344
0.00116855
0.00117723
0.00113957
0.0011438
0.00115136
0.00113559
0.00142374
0.00170014
0.00193888
0.00188734
0.00187919
0.00191894
0.00148738
0.00129007
0.00152779
0.00127394
0.00119204
0.00128391
0.00126524
0.00116166
0.00116735
0.00144813
0.00129401
0.00123201
0.00123521
0.00115533
0.00110751
0.00128104
0.0012213
0.00116746
0.00204577
0.00194516
0.00186673
0.00195311
0.00199408
0.0014183
0.00149534
0.00150089
0.00216681
0.00177063
0.00162177
0.0012033
0.00130344
0.00114454
0.00125387
0.0011627
0.0011499
0.00126682
0.0012263
0.00126962
0.00134647
0.00188173
0.00208431
0.00119837
0.00141921
0.0014106
0.0014779
0.00127541
0.00116749
0.00137126
0.00119114
0.00115363
0.00125666
0.0013526
0.00119821
0.00120325
0.00115966
0.00136127
0.00117181
0.00140456
0.0011584
0.00128182
0.0011304
0.00126989
0.00116716
0.00126141
0.00116265
0.00124066
0.00135548
0.00116625
0.00116441
0.001167
0.00118769
0.00115306
0.00140591
0.00119619
0.00123958
0.001178
0.00121952
0.00128148
0.00115056
0.00115693
0.00129041
0.00113799
0.00119938
0.00116979
0.0012515
0.0011697
0.00126029
0.0011723
0.00125168
0.00118269
0.00111552
0.00122222
0.00121127
0.00124639
0.00129699
0.00115471
0.00126429
0.00120228
0.00121863
0.00120064
0.0012356
0.00121455
0.00126901
0.00115174
0.00114029
0.00134048
0.00125205
0.00119783
0.00117504
0.00129807
0.00116321
0.00126075
0.00127128
0.00114769
0.0011879
0.00119451
0.00116373
0.00117345
0.00113282
0.00118915
0.0011732
0.00127195
0.00113482
0.00111769
0.00113999
0.001259
0.00121692
0.00125068
0.00116807
0.00123405
0.00118857
0.00117253
0.00119317
0.00116322
0.00118951
0.00120016
0.00119277
0.00113441
0.00139024
0.00118605
0.001193
0.00115158
0.00128294
0.00121356
0.0012616
0.00114635
0.00141789
0.00121412
0.00152578
0.00119868
0.00118187
0.00120151
0.00116675
0.00114416
0.00114378
0.00113392
0.0011216
0.0011227
0.00114652
0.00116056
0.00127106
0.0011931
0.00115537
0.00116854
0.00126621
0.0011727
0.00122362
0.0013563
0.00132851
0.00128816
0.00135825
0.00115396
0.00124355
0.00119491
0.00109792
0.0012047
0.00118212
0.00117513
0.00117053
0.0012627
0.00116601
0.00132325
0.00126477
0.00132477
0.00143792
0.00147207
0.0012399
0.00133926
0.00115986
0.00121207
0.00119176
0.0011538
0.00122658
0.00122184
0.00110954
0.00117266
0.00116554
0.00114682
0.00120439
0.00120273
0.00117043
0.00130073
0.00122095
0.00130046
0.00117674
0.00117908
0.00116375
0.00113627
0.00118834
0.00122987
0.00126068
0.0012592
0.00124781
0.00127438
0.00117809
0.00119694
0.00116263
0.00117753
0.0011762
0.00116947
0.00118338
0.00120062
0.00134623
0.00114942
0.00129471
0.00131134
0.0012406
0.00115347
0.00116101
0.00119158
0.0012879
0.00133331
0.00135214
0.00126693
0.0012051
0.00127785
0.00125611
0.0014553
0.00118453
0.00121812
0.00117945
0.00116369
0.00135273
0.00114391
0.00131538
0.00120394
0.00130557
0.00115794
0.00129235
0.0011648
0.00119925
0.00115539
0.00126339
0.00120851
0.00122982
0.00136496
0.00154812
0.00129109
0.00117471
0.00120194
0.00126293
0.00118693
0.00116366
0.00116644
0.00125501
0.00121924
0.00128994
0.00119694
0.00119607
0.00114403
0.00113916
0.00120874
0.00115992
0.00123179
0.00121159
0.00124506
0.00127655
0.00117536
0.00130619
0.00116985
0.00116462
0.00127034
0.00123948
0.00117229
0.00119471
0.00123148
0.00117301
0.00117214
0.00118804
0.00115322
0.00120582
0.0011866
0.00121626
0.00115114
0.00122674
0.00123036
0.0013452
0.00118188
0.00124755
0.00113194
0.00122196
0.00116811
0.00122596
0.00125945
0.00122218
0.0011546
0.00130827
0.00114829
0.00124438
0.00116225
0.00114378
0.00136305
0.00122882
0.00119368
0.00127413
0.00137333
0.00149261
0.00136978
0.00140856
0.00121119
0.00129152
0.0011686
0.00126355
0.00126125
0.00122481
0.00118967
0.00119496
0.00118065
0.00116898
0.00126857
0.00119497
0.00117434
0.00122282
0.00119307
0.00135152
0.00113805
0.00137958
0.00124507
0.00154284
0.00132258
0.00120627
0.00148242
0.00187202
0.00139001
0.00179008
0.00124953
0.00127991
0.00130705
0.00133852
0.00116371
0.00124232
0.00123061
0.00121538
0.00115788
0.00124734
0.00124813
0.00121393
0.00114603
0.0011761
0.00124593
0.00111935
0.00148647
0.00182359
0.00197534
0.00167629
0.00143226
0.00133428
0.00131454
0.00133179
0.00143601
0.00136341
0.00133399
0.00124352
0.00115607
0.00119754
0.00117807
0.00120519
0.00119735
0.0011472
0.00129833
0.00127427
0.00125435
0.00115325
0.00131737
0.00118856
0.00120875
0.0012532
0.00136568
0.00146608
0.00130042
0.00132108
0.00116983
0.00122955
0.00130862
0.00133474
0.00122224
0.00194563
0.00137982
0.00116485
0.00118344
0.00187506
0.00188261
0.0012553
0.00136049
0.00115517
0.00115972
0.00116587
0.00127147
0.001429
0.0012593
0.00174599
0.00163848
0.00159529
0.00116278
0.001179
0.00120166
0.00116035
0.00119066
0.00116864
0.00117884
0.00125106
