15.7631
15.339
16.1866
15.4906
16.2392
16.4151
16.1032
15.1502
15.2795
16.309
17.1032
15.4859
18.5825
22.4698
18.9773
24.2892
20.8891
18.9502
19.7221
15.6663
21.9171
16.1842
15.2209
18.0657
15.6546
15.6334
15.202
21.5641
15.5367
22.098
16.2438
21.8659
20.1839
15.0538
19.7868
17.6069
22.4193
15.4248
17.1565
15.5553
18.3075
15.9127
15.2802
16.0693
15.9598
15.0681
16.108
16.6445
16.458
15.6212
15.06
16.4763
16.3047
15.312
15.2242
15.9523
15.5739
16.0616
16.1499
16.5645
15.3401
16.4191
16.5392
15.4376
15.243
16.4617
15.6129
15.5737
15.132
15.6104
15.5823
15.2227
15.2541
15.5822
15.1628
15.8528
15.4851
15.3469
15.691
15.5141
15.0541
16.0297
15.8977
17.198
16.5463
17.8904
15.1859
16.2962
15.7538
16.1454
20.0301
16.0649
15.6771
15.453
15.5674
15.3671
15.4474
15.6637
16.1516
17.28
