11.9128
11.5631
12.0682
11.6764
11.7933
11.5638
11.6712
11.8651
11.8937
12.2279
12.6165
11.7808
12.3394
12.3114
12.2397
14.2409
12.3719
12.3137
12.5728
13.4619
12.4417
11.609
11.2925
11.8828
12.3069
12.0824
11.7807
13.7049
12.1694
11.8981
12.3732
12.0079
11.5806
12.0197
11.8817
11.661
11.6876
13.2174
12.2823
11.8524
11.9629
12.1743
11.8707
11.6534
12.1228
11.6847
11.9446
11.8284
11.6843
11.6755
11.8573
11.7304
11.5908
11.6316
12.1559
12.8513
18.9149
11.6064
20.5976
20.8204
12.0858
11.9625
11.6667
11.5395
11.6191
12.5361
11.7615
12.5323
11.6592
12.1929
11.7842
12.012
12.8865
12.0389
12.2997
12.7989
12.1501
11.7001
12.244
11.9426
11.7038
11.8066
12.147
11.5029
11.7856
11.5918
11.7583
11.9307
12.2619
11.4085
12.8589
12.9845
12.6298
12.1081
11.7086
11.4999
11.4122
11.8154
12.4004
12.4077
