23.3586
26.6138
22.9917
22.3124
23.6941
22.0615
23.1622
22.754
22.1935
22.6562
23.23
23.0239
23.4292
22.2707
22.9138
23.3309
22.4859
27.2422
23.0929
28.9888
29.7107
22.0878
23.2671
27.7053
25.0866
28.3686
25.5555
24.2252
27.7366
22.693
30.2583
27.1856
28.2046
22.7309
29.1669
21.4343
23.5627
21.6864
23.5966
22.0968
22.9639
23.6993
24.2633
22.8726
22.3894
21.4166
23.0204
22.6344
23.1434
24.206
22.2719
21.8978
21.8471
22.696
23.3317
22.8686
23.4921
22.0209
22.7513
22.3009
22.6169
21.8114
22.5867
22.8105
21.7311
22.8957
22.8096
21.9274
22.5116
23.162
22.7818
25.5467
23.7566
22.7817
27.1482
22.1301
24.1393
22.5792
29.4866
25.746
28.0909
21.8301
23.601
23.8701
23.2346
26.8569
24.6217
24.8776
22.8263
26.3899
22.2083
28.7222
22.4187
23.0091
22.242
25.15
22.8957
22.035
24.6106
27.0105
