34.3284
34.9223
34.5475
34.1372
34.5802
34.3725
35.4763
35.7608
34.1639
33.8695
34.0968
34.7581
35.4993
35.3826
34.3443
33.9731
39.1621
34.3784
34.5328
34.8732
33.5989
37.0741
35.6162
34.1928
34.2007
36.2983
41.0762
35.4634
40.3112
38.0152
42.0442
40.0954
40.1347
38.0182
40.1279
32.6445
34.3459
33.8761
34.387
36.9157
36.51
35.4582
33.1558
34.685
33.5707
34.9153
35.0903
34.7841
33.3869
33.3904
37.2583
32.4929
36.2238
35.8807
34.8269
37.8096
35.1715
35.3203
34.9706
34.6909
36.2192
33.9466
34.8193
35.6768
34.1466
34.8472
33.9977
34.7218
36.324
36.6234
33.6301
33.8194
36.2669
34.5457
34.7053
36.3581
34.2303
34.9718
35.9926
36.437
40.6995
35.9747
36.3432
36.6415
35.0075
35.7465
35.1326
40.5621
35.3571
37.0959
40.9437
40.1552
40.2631
41.0338
33.268
37.0667
41.6948
40.8202
41.0964
41.1143
