11.5425
11.8703
11.991
10.9147
11.75
10.919
11.4422
11.0717
11.104
10.7843
11.4806
10.9721
10.87
11.1727
11.2624
14.5591
11.6175
10.888
11.4576
10.8774
11.0242
11.4672
11.4692
11.0776
10.8638
11.511
10.6822
11.5585
11.1264
11.7744
11.3127
11.5098
11.1409
10.9149
11.2156
10.7636
10.767
16.5084
11.0606
10.673
11.0104
11.0487
11.1299
11.2429
10.8952
11.0887
11.0848
11.1849
11.0218
10.8409
11.6099
10.7889
11.2746
10.786
11.0154
11.6783
18.2784
10.8218
19.3001
18.8605
11.1081
11.4805
11.0179
11.0265
10.9128
11.3784
10.8372
11.9721
10.9223
11.1476
11.1268
10.9572
11.381
10.7409
11.1108
11.5442
11.3683
10.9055
11.5288
10.9422
10.9211
10.8913
11.1047
10.9797
10.6385
10.9676
11.296
11.0698
11.4432
11.3996
11.8287
11.1842
11.3092
11.4167
11.182
11.6481
11.2639
11.0244
11.6102
12.479
