7.93752
7.08686
7.05505
7.13331
7.10517
7.02412
7.05946
7.14576
7.17624
6.9795
7.17054
6.81399
7.51572
7.13053
6.94351
7.46427
6.79608
7.44905
7.18268
7.06402
9.89683
7.14213
7.59753
7.16403
7.55515
7.44853
7.4153
7.18902
7.50822
6.98522
7.62016
7.32307
7.32823
7.03133
7.57901
6.86758
6.94452
7.1004
11.0751
7.37484
7.04821
11.5593
7.04895
7.51197
6.96471
8.17976
6.74356
6.94185
7.04608
11.2636
11.456
6.73469
8.29541
7.34466
7.19584
9.20021
6.94095
7.17425
7.06602
7.23517
7.03013
9.03589
7.15599
7.12783
7.15965
6.9951
7.97114
7.19365
7.25286
7.17186
7.09842
6.91127
7.20305
7.06721
7.20723
6.94018
7.88411
7.77149
7.15719
7.14171
11.1302
7.13356
7.98228
7.668
9.94501
7.51643
7.02998
7.05308
7.08101
7.27329
7.07618
7.43816
6.97591
7.06541
7.01913
7.24014
7.56459
7.32549
9.75705
6.91291
