32.5431
27.782
33.4278
28.8001
30.3492
29.6542
28.5558
28.3675
29.4644
27.7645
27.693
29.0264
27.7103
30.8784
29.4173
29.5214
28.453
27.7339
29.9183
26.8864
27.2038
31.0628
28.7387
28.3035
29.5354
27.2397
29.6717
28.5339
32.8833
30.1207
27.7765
26.983
29.359
30.3214
35.0856
33.6556
27.668
29.8975
29.0589
28.5097
29.0818
29.6091
28.7858
27.9785
29.2877
28.8283
28.4367
31.278
28.9944
31.8172
28.7617
29.6924
28.6942
29.6031
32.5135
28.3002
30.4395
32.8012
28.9525
28.7925
30.3733
30.1238
31.3411
31.5306
32.3812
29.4518
28.9861
28.7317
29.0941
28.7716
27.852
29.2296
27.4904
27.5831
34.6148
28.9103
29.5144
35.1773
36.0457
31.8321
34.4459
29.4093
27.7455
28.3227
29.5485
27.5769
28.8194
30.9835
28.7762
28.333
34.256
28.6213
29.3247
29.3225
29.8704
27.6497
29.553
28.3988
28.872
28.5421
