20.088
23.3571
20.2332
19.5082
20.6162
20.3368
21.2462
20.0551
20.2527
21.3052
21.9239
20.5984
21.9968
20.5826
20.5126
20.8158
20.8227
25.0653
19.6172
27.2503
26.1093
21.1172
20.9194
22.677
23.4981
26.4409
22.5458
19.7003
25.0977
20.7459
27.6263
27.872
27.0087
22.5158
27.5355
20.9754
20.464
19.5429
21.0475
19.8988
20.3631
22.0157
21.008
20.6175
21.2775
19.664
20.6072
20.1306
21.0318
21.7141
20.6399
20.5891
20.2436
21.3716
20.4355
20.5227
20.69
20.5137
20.8299
21.2833
21.0891
19.7941
20.4592
20.9458
20.1063
20.0907
21.802
21.3896
20.8846
20.6713
20.8487
22.2467
20.6854
19.9652
24.4073
20.5574
23.514
20.9052
26.6705
24.2087
27.3413
20.9163
20.9901
22.6926
20.8081
21.3649
22.7556
23.2852
20.5904
27.4641
20.6618
26.1586
19.9921
27.5126
20.2194
23.7049
20.9572
20.2736
20.8908
22.4098
