29.0963
33.2838
33.8332
27.8541
28.8507
28.3168
27.836
28.5283
28.3111
27.0008
29.3327
28.2011
27.0652
27.9594
28.7013
28.2007
27.7857
26.2289
28.8108
28.3424
27.947
27.8313
27.7992
30.0623
28.4881
26.7967
27.1296
28.61
28.8224
28.5568
27.5469
32.0291
35.2199
33.1656
32.661
26.9244
27.3216
29.0881
29.743
28.8705
31.4455
29.8488
27.0564
28.2819
29.2049
29.4997
32.365
34.0991
29.5793
32.539
28.1036
31.1305
28.9295
28.3407
29.5177
30.8426
28.5127
33.0314
28.2871
29.0535
30.4018
31.2073
31.0857
30.7667
33.8933
28.794
29.4745
27.7441
28.0682
27.8742
28.2444
29.6944
27.8414
34.4445
27.7451
33.6322
32.1508
34.8924
31.2195
27.4807
28.1352
31.9337
28.7119
28.3359
29.7538
29.4808
28.3129
27.5904
29.8277
28.2777
29.6227
28.6922
29.6408
28.2996
29.7343
28.7705
28.3709
27.5325
28.2327
28.3212
