16.5589
16.38
17.5564
18.1085
17.0098
17.0391
16.7135
18.1869
16.5218
17.0641
16.9855
16.5839
25.6741
16.6207
16.2935
28.9648
22.7551
17.9645
20.4174
17.6729
16.7995
20.9542
19.8569
16.8492
16.7356
16.8237
16.7726
16.378
22.4358
16.6867
16.9634
16.1552
16.8316
23.1874
20.6726
21.2694
16.9096
21.3293
16.4021
17.4946
16.5905
17.7407
18.4208
17.8531
17.6897
18.7241
17.9538
17.6961
16.7041
18.1063
16.6621
18.8158
17.7918
16.3213
23.421
16.51
16.5774
16.9698
17.0025
16.418
16.5033
19.3813
16.8679
17.5651
17.2699
16.7378
16.2047
18.3131
16.964
16.7037
16.6101
16.2587
17.4796
17.5271
16.5708
17.8786
16.8012
16.4993
17.1012
17.8921
16.9985
16.9183
16.3057
17.1268
17.8657
18.5554
17.6884
17.0007
18.1523
16.688
21.0457
16.7978
17.2735
16.2842
17.0381
16.2796
16.9801
16.9559
17.9422
18.6403
