2.54278
2.81648
2.51167
2.5945
2.48432
4.17023
2.64294
2.45351
4.11036
2.52773
3.97854
2.5573
3.39037
2.64771
2.51782
2.61445
2.56424
2.53312
2.65928
2.75475
2.44695
2.53858
2.46272
2.93331
2.47632
2.75218
2.59784
2.78451
2.56226
2.59867
2.4544
2.44094
2.43792
2.44722
2.5099
2.45213
2.49254
2.91269
2.57769
2.48488
2.54686
2.50111
2.45562
2.54976
2.63431
2.55113
2.54317
2.67848
2.55402
3.91248
2.77241
2.53465
2.5227
2.6985
2.57398
2.66369
2.50218
2.86453
2.49716
2.55492
2.58795
2.43825
2.69837
2.46174
2.74686
2.57723
2.54267
2.60382
2.57514
2.68055
2.51101
2.52604
2.44354
3.2668
2.71103
2.51484
2.5879
2.68571
4.26988
4.38092
4.63956
2.56374
4.05656
2.58013
2.56619
2.51478
3.90866
2.85774
2.45964
2.6702
2.82203
2.56963
2.59896
4.96592
2.52768
2.80016
2.54227
2.51173
2.64966
2.61547
