3.63329
2.64179
2.44859
2.38939
2.86924
2.92438
2.66651
2.46845
2.79693
2.54034
2.66736
2.46443
2.69287
2.4931
3.30064
2.53083
2.43517
2.75757
2.54629
2.61076
2.53341
2.52423
2.69225
2.54072
2.70491
2.5844
2.55574
2.87452
2.54722
2.64128
2.39805
3.09353
2.61565
2.55081
2.47894
2.47749
2.51716
2.73343
2.45105
3.46086
2.47998
2.96861
2.53755
2.41006
2.43469
2.41177
2.37307
2.4673
2.48415
2.48047
2.59682
2.57961
2.42711
2.55594
2.80921
2.69702
2.55649
2.60393
2.44504
2.54561
2.32652
2.55193
2.45036
3.04072
2.4097
2.3969
2.46406
2.45331
2.5672
2.52311
2.6684
3.02207
2.78678
2.45103
2.40618
2.95259
2.41628
2.45042
2.5042
2.77681
2.42848
2.46399
2.46832
2.81192
2.46875
2.45567
2.47844
2.57356
2.45406
2.4697
2.38219
2.4156
2.62573
2.62561
2.43573
2.56334
2.42494
2.41952
2.70897
2.43901
7.76443
7.20635
6.75433
6.77274
6.75101
6.42153
7.07914
7.05411
7.10746
7.20663
7.24
6.78088
6.76232
7.49139
7.43253
6.87931
6.9372
7.16217
6.93564
7.23975
7.04381
7.28825
6.69145
7.11068
6.55575
6.95653
6.71534
7.1909
7.46314
6.77036
8.23368
6.84678
6.90688
6.95602
7.72651
7.27884
7.00636
6.88218
6.81544
7.53606
6.77392
6.84682
7.1426
6.74423
7.9473
6.90917
7.22071
7.02805
7.42653
6.72571
7.06418
6.91789
7.56868
6.93555
6.8656
6.43123
7.30192
6.98278
7.28785
6.79504
6.70655
6.79291
6.97535
7.74558
7.2203
6.69827
6.97338
6.79186
7.70715
7.45787
6.85454
6.54844
7.45665
6.77511
6.79763
6.62184
7.67151
7.30722
7.04587
7.68608
7.20681
7.9028
6.91563
7.17258
7.36179
6.9689
7.28332
6.66856
7.17721
7.09593
6.89938
7.28445
6.89732
7.03845
7.29418
7.0767
6.86616
7.49713
7.28779
6.53643
12.3063
11.741
12.3624
11.1263
12.3134
11.5623
12.0167
11.3036
12.7366
11.4686
10.7926
11.295
13.2942
12.4031
11.6612
12.3123
11.573
12.0956
11.2964
12.0752
12.1476
12.5115
12.0773
11.6473
11.3703
12.1694
11.3943
11.2678
11.2428
12.2575
11.1464
12.2931
12.0776
11.613
11.7834
12.1276
11.8508
11.8749
11.5329
11.407
11.6349
11.9917
12.3701
12.406
11.4058
11.489
11.6463
12.6087
12.0572
11.9103
11.6819
11.7962
11.5555
12.2926
11.5514
12.0543
14.5079
12.0657
11.2902
12.1367
12.1745
14.2375
12.0699
12.3451
11.5757
14.1319
11.9785
12.0668
11.8037
11.4776
12.0421
19.452
20.0257
12.4821
12.1204
12.6759
11.615
11.9057
13.9409
12.1226
12.3883
11.8198
12.0755
13.5026
11.5109
18.4596
12.9984
12.1774
19.1675
12.9626
12.4293
11.749
11.594
12.4512
12.3743
13.3675
13.1588
18.6844
13.9291
13.6615
