23.3207
23.0697
22.5088
22.5899
23.6841
23.6376
22.4918
22.311
22.1135
22.7164
22.7151
21.4993
22.7033
23.6426
22.0961
23.0309
22.3292
24.3475
27.4839
22.3883
24.6845
28.8383
28.8474
22.6623
28.2573
21.995
26.1179
21.5514
24.6488
21.4681
22.9724
21.9054
22.3912
26.9777
22.0405
22.9441
28.7552
22.7452
22.8261
26.569
21.4176
22.8981
22.3523
21.605
23.9936
23.1881
22.5203
22.2523
21.2559
22.6942
22.1138
22.8929
22.9544
22.5742
23.4402
23.1565
22.9486
22.958
22.5976
22.5856
21.069
22.8832
21.948
22.2485
21.6636
21.76
22.8445
21.8826
22.4675
22.3954
21.5122
23.9663
21.5976
22.9944
23.9931
24.312
23.5061
21.7054
20.9502
27.1887
22.5747
29.1204
27.2225
26.2737
26.3887
28.0725
27.4785
25.1909
30.4874
27.3677
29.1389
24.1812
28.4546
21.4729
26.0244
22.2153
23.3599
22.5936
22.6517
23.7889
