2.53244
2.29403
2.37322
2.49266
2.3684
2.28039
2.40812
2.51511
2.60604
2.30116
2.35611
2.44268
2.73087
2.56172
2.99633
2.48997
2.47348
2.68839
2.35004
2.72665
2.2769
2.40383
2.43101
2.56248
2.37396
2.39848
2.32082
2.44753
2.44034
2.37186
2.64245
2.37015
2.58593
2.5953
2.63243
2.32897
2.3075
2.3401
2.3171
2.88266
2.36988
2.35832
2.36996
2.42053
2.24314
2.2502
2.26512
2.32127
2.65384
2.49168
2.27979
2.67762
2.40568
2.4439
2.30947
2.31169
2.57712
2.28366
2.40736
2.73796
2.33581
2.35197
2.40957
2.40987
2.32253
2.38998
2.42127
2.29152
2.28192
2.3879
2.30312
2.68798
2.3815
2.84337
2.27951
2.29419
2.3614
2.45351
2.27974
2.30557
2.29811
2.65634
2.48342
2.29759
2.33911
2.3587
2.2858
2.32332
2.30428
2.46288
2.26386
2.25268
2.63875
2.67402
2.33308
2.32227
2.30553
2.28164
2.41006
2.32743
