3.63329
2.64179
2.44859
2.38939
2.86924
2.92438
2.66651
2.46845
2.79693
2.54034
2.66736
2.46443
2.69287
2.4931
3.30064
2.53083
2.43517
2.75757
2.54629
2.61076
2.53341
2.52423
2.69225
2.54072
2.70491
2.5844
2.55574
2.87452
2.54722
2.64128
2.39805
3.09353
2.61565
2.55081
2.47894
2.47749
2.51716
2.73343
2.45105
3.46086
2.47998
2.96861
2.53755
2.41006
2.43469
2.41177
2.37307
2.4673
2.48415
2.48047
2.59682
2.57961
2.42711
2.55594
2.80921
2.69702
2.55649
2.60393
2.44504
2.54561
2.32652
2.55193
2.45036
3.04072
2.4097
2.3969
2.46406
2.45331
2.5672
2.52311
2.6684
3.02207
2.78678
2.45103
2.40618
2.95259
2.41628
2.45042
2.5042
2.77681
2.42848
2.46399
2.46832
2.81192
2.46875
2.45567
2.47844
2.57356
2.45406
2.4697
2.38219
2.4156
2.62573
2.62561
2.43573
2.56334
2.42494
2.41952
2.70897
2.43901
