0.00195974
0.00229744
0.00188247
0.00221391
0.00200475
0.00260761
0.00185811
0.00399933
0.00157023
0.00207648
0.00183679
0.00288346
0.028862
0.00207839
0.0028039
0.00345924
0.00289722
0.00179798
0.00220279
0.0025061
0.00266222
0.00311859
0.00223354
0.00299045
0.00419635
0.00530383
0.00297395
0.00321296
0.0044458
0.00180784
0.00776104
0.00347799
0.00981605
0.00196218
0.00213409
0.00220778
0.00191935
0.00208933
0.00272371
0.0019427
0.00210053
0.00583496
0.00450382
0.00188328
0.00219491
0.00202818
0.00231127
0.00676138
0.00336929
0.00325629
0.00263969
0.00213065
0.00239366
0.00216987
0.00221864
0.00229047
0.00548101
0.00250065
0.00351848
0.00298587
0.0019913
0.00252123
0.00269877
0.00271795
0.00210593
0.00249124
0.00199217
0.00238792
0.0035426
0.00207255
0.00192717
0.00304154
0.00231668
0.00245008
0.00196325
0.0021653
0.00270489
0.0031588
0.00349629
0.0021179
0.00180895
0.0018089
0.00154948
0.00248564
0.00211335
0.00180759
0.00197537
0.00231118
0.00188414
0.00218296
0.00227855
0.00270927
0.00188289
0.00180635
0.00215843
0.00190884
0.00252224
0.00220058
0.00226291
0.00244812
0.00176617
0.00141833
0.0018011
0.00192907
0.00189267
0.00177535
0.00181862
0.00326979
0.00182383
0.00198803
0.00199322
0.00191665
0.00203253
0.00148552
0.00219365
0.00221833
0.00214175
0.00208198
0.00143142
0.00194236
0.00184059
0.00139958
0.00257596
0.00258238
0.00192094
0.00149717
0.00165136
0.0018806
0.00171834
0.00146249
0.00156864
0.00191245
0.00231539
0.00199456
0.00194468
0.0019705
0.00185396
0.00180764
0.00198256
0.00187023
0.00222405
0.0022462
0.00218356
0.00179583
0.00154658
0.00197415
0.00227206
0.0014656
0.00196531
0.00164825
0.0020399
0.00219726
0.00196916
0.00190274
0.00201016
0.00200558
0.00199931
0.00207902
0.00217072
0.00205214
0.00227788
0.0021333
0.00319115
0.00189643
0.00197579
0.00245458
0.00194553
0.00220608
0.00175997
0.00216478
0.002837
0.00198554
0.00186492
0.00191916
0.00243876
0.00177151
0.00180079
0.00182243
0.00189642
0.00221177
0.00183476
0.00141389
0.00187287
0.00183111
0.00184566
0.00176412
0.00216781
0.00247814
0.00197944
0.00185009
0.0019908
0.0018573
0.00172301
0.00221584
0.00217191
0.00260889
0.00206265
0.00216831
0.00253135
0.0021177
0.00243594
0.00200534
0.00374277
0.00290601
0.00619258
0.00458369
0.00704795
0.00235027
0.00249629
0.00455185
0.00404929
0.00225064
0.00477669
0.0045993
0.00182843
0.00235236
0.00200445
0.00194112
0.00257032
0.00198705
0.00213023
0.00191769
0.00202765
0.00325185
0.00223226
0.00198106
0.0025933
0.00189762
0.00314649
0.00200961
0.00287238
0.00242015
0.0020948
0.00187254
0.00162639
0.00181299
0.00202612
0.001845
0.00206979
0.00180967
0.00200298
0.00185801
0.00186105
0.00202102
0.00193214
0.00207377
0.00197134
0.00193746
0.0018373
0.00180541
0.001841
0.0015841
0.0011599
0.00117016
0.00123254
0.0025134
0.00245735
0.00184832
0.0016895
0.00154402
0.00171707
0.00211548
0.00211734
0.00233263
0.00200723
0.00187263
0.00181082
0.00137288
0.00119487
0.00123007
0.00206263
0.00189251
0.00170442
0.00212193
0.00290548
0.00185117
0.00194408
0.0020273
0.00163705
0.00175552
0.00182259
0.00213506
0.00274756
0.00213532
0.0021832
0.0022688
0.00188044
0.00166094
0.00284386
0.00203226
0.00219416
0.001825
0.00184573
0.00211597
0.00301893
0.00739877
0.00296454
0.00211076
0.00198226
0.00343845
0.00214937
0.00420298
0.00280891
0.00184081
0.00143512
0.00184165
0.00229559
0.00219904
0.00201201
0.00243331
0.00298179
0.00300449
0.00204148
0.00208456
0.00178229
0.00201504
0.00117274
0.00144715
0.00133723
0.00137226
0.00156024
0.00217977
0.00176964
0.00146554
0.00153873
0.00215122
0.00266202
0.00225816
0.00170995
0.0019793
0.00204823
0.00197267
0.00190776
0.00194857
0.00181805
0.00151016
0.00141217
0.00121183
0.00448987
0.00354274
0.00125598
0.00152949
0.00196518
0.00173189
0.00189373
0.00221918
0.00164382
0.0023539
0.00203205
0.00181988
0.00201403
0.00206746
0.00235053
0.00217023
0.00213077
0.00201592
0.00208291
0.00192098
0.00155475
0.0023173
0.00176133
0.00154492
0.00121574
0.00176309
0.00222465
0.00191699
0.00191201
0.00244913
0.00208829
0.00202519
0.00239135
0.00199918
0.00193837
0.00196364
0.00199756
0.00195821
0.00193497
0.0019805
0.00157667
0.0015736
0.00185863
0.00181776
0.00189652
0.00215437
0.00215189
0.00246137
0.00274913
0.0023021
0.00186933
0.00201474
0.00291779
0.00392727
0.00175709
0.00146533
0.00361215
0.00176615
0.00161219
0.00122741
0.00351141
0.00200977
0.00289181
0.00367976
0.0031425
0.00242382
0.00144967
0.00145887
0.0012181
0.00195325
0.0012615
0.00175198
0.00183678
0.00196036
0.00249456
0.00155948
0.00184887
0.00181562
0.0017786
0.00190628
0.0018314
0.00202016
0.0022443
0.0023249
0.00184505
0.00219077
0.00198582
0.00202573
0.00244303
0.00199053
0.00348068
0.00228547
0.00231407
0.001954
0.00199755
0.00229366
0.00178269
0.00224983
0.00187843
0.00234099
0.00185538
0.0022158
0.0017761
0.00198923
0.00126259
0.00210223
0.00134777
0.00124394
0.00174746
0.0018368
0.00122895
0.00201325
0.00167114
0.00128883
0.00118764
0.00223278
0.00164679
0.00172287
0.00195172
0.00192518
0.00175619
0.00187297
0.00192395
0.00201178
0.00212691
0.00194616
0.00160705
0.00217545
0.00201728
0.00199611
0.00126396
0.00148313
0.00155792
0.00116728
0.00112957
0.00154394
0.00219993
0.00174087
0.00142846
0.00189776
0.00202028
0.00207077
0.0019938
0.00194422
0.00214115
0.00138085
0.00148554
0.00134618
0.0014438
0.00188125
0.00174483
0.00180777
0.00220032
0.00181979
0.00150927
0.00120996
0.00149791
0.00171011
0.00120251
0.00161398
0.00197064
0.00185453
0.00187232
0.00224225
0.00190783
0.00193729
0.00188002
0.00196461
0.0018112
0.00134951
0.00184563
0.0014608
0.00120633
0.00195008
0.00168455
0.00139398
0.001735
0.00109779
0.00180665
0.00159844
0.00151548
0.00136403
0.00188814
0.00175875
0.00212194
0.00279878
0.00309815
0.00229759
0.00196226
0.00157513
0.00241662
0.00160352
0.00115428
0.00164742
0.00249794
0.00188114
0.0015775
0.00141745
0.0024531
0.00180397
0.00199012
0.00183011
0.00187897
0.00198975
0.00197359
0.00195992
0.00233805
0.001833
0.00115576
0.00148713
0.00126689
0.00143282
0.00238915
0.00125944
0.00171079
0.00142176
0.00126223
0.00171573
0.00131472
0.00173364
0.00178095
0.00145617
0.00237999
0.00189617
0.00179373
0.00217768
0.00197207
0.00206957
0.00185185
0.00141195
0.0013615
0.00173402
0.00181492
0.00172251
0.00191202
0.00159297
0.00190254
0.00154131
0.00169936
0.00186487
0.00153484
0.00123861
0.00135624
0.0014501
0.00185955
0.00193199
0.00186655
0.00203978
0.00193854
0.00214938
0.00118046
0.00135218
0.00114304
0.00122503
0.00151184
0.0017736
0.0013089
0.00117993
0.0015729
0.00196079
0.00121403
0.0014688
0.00111651
0.00113821
0.00195792
0.0014209
0.00141544
0.00131616
0.0020557
0.00188674
0.00186316
0.00190592
0.00197629
0.00215528
0.00150539
0.00129649
0.00116203
0.00114726
0.00125139
0.00134053
0.00143758
0.00130689
0.00120606
0.00136669
0.00132235
0.00118001
0.00113113
0.00122126
0.0014054
0.00195089
0.00148079
0.00170332
0.00191115
0.00189785
0.00187849
0.00196486
0.00173492
0.00172821
0.00191997
0.00127876
0.0012476
0.00128955
0.00106586
0.00110171
0.00120565
0.00114536
0.00149685
0.00114311
0.00141749
0.00177593
0.00120969
0.00111646
0.00164493
0.0011581
0.00118212
0.00122735
0.00119313
0.00112715
0.00157757
0.00200366
0.00191047
0.00180313
0.00218238
0.00204304
0.00191032
0.00189788
0.00177684
0.0012305
0.00140489
0.00164883
0.00121524
0.00166234
0.00195998
0.00183407
0.00137102
0.00111954
0.00106419
0.00138861
0.00135079
0.00115691
0.00121775
0.00128841
0.00188485
0.00198367
0.0019972
0.0019145
0.00185443
0.00213136
0.00138708
0.00148275
0.00150713
0.00117762
0.00123728
0.00139538
0.00121977
0.00117437
0.00168945
0.00174508
0.00121101
0.00128387
0.00109565
0.00113628
0.00154825
0.00125381
0.00114591
0.00174254
0.0017293
0.00188432
0.00195732
0.00183328
0.00198371
0.00191964
0.00209891
0.00157456
0.001095
0.00115431
0.00113873
0.0011164
0.00145415
0.00114147
0.00114069
0.0011505
0.00153683
0.00136224
0.00157899
0.0016989
0.00160423
0.00129406
0.00128505
0.00114456
0.00169012
0.00173323
0.0019052
0.00177711
0.00207702
0.00189818
0.00196839
0.00189538
0.00172954
0.00207803
0.00149939
0.00145898
0.00128626
0.00147613
0.00150095
0.00192411
0.00191554
0.0018377
0.00161774
0.00248562
0.00197007
0.00186104
0.00244287
0.00171779
0.00186928
0.00213395
0.00197631
0.00184674
0.00148592
0.00197546
0.00134278
0.00201633
0.00137303
0.00176251
0.00130908
0.00138461
0.00143331
0.00173431
0.00119003
0.00111697
0.00157901
0.00128198
0.00140319
0.00126685
0.00202882
0.00202561
0.00168333
0.00205339
0.0019862
0.00201975
0.00156262
0.00189178
0.0013328
0.00111464
0.00118836
0.00134468
0.00123458
0.00114193
0.00125028
0.00144106
0.0013375
0.00114215
0.00109352
0.00184149
0.00113999
0.00123022
0.00117947
0.00131829
0.0011353
0.00180414
0.00194979
0.00191198
0.00197128
0.00201821
0.00186435
0.00154478
0.0015602
0.00131735
0.00113317
0.00116173
0.00154447
0.00156058
0.00118213
0.00132321
0.0014446
0.0013153
0.00117798
0.00181553
0.00140407
0.00132066
0.00132487
0.00126261
0.00116882
0.00123597
0.00207952
0.00189975
0.00181854
0.00189436
0.00190319
0.00204228
0.00165775
0.00119653
0.00115806
0.00133924
0.00153878
0.00189414
0.00137411
0.00141505
0.00128296
0.00147258
0.00135331
0.00117142
0.00125591
0.00110818
0.0011356
0.00116801
0.00128248
0.00143076
0.00118434
0.00157589
0.00187018
0.00185617
0.00184762
0.00217935
0.00225571
0.00165435
0.00175367
0.00146579
0.00114868
0.0012381
0.00133964
0.0011756
0.00122802
0.00150019
0.00112447
0.00121676
0.00132066
0.00119893
0.00121609
0.00153299
0.00197012
0.0018491
0.00129733
0.00116833
0.00180015
0.00196791
0.00210096
0.0018508
0.0019949
0.00251825
0.00138392
0.00124071
0.00116473
0.00113871
0.00115081
0.00124304
0.00152314
0.00133614
0.00170455
0.00146945
0.00141384
0.00146174
0.00115643
0.00113524
0.00155835
0.00206523
0.00161815
0.00151208
0.00196356
0.00227235
0.00186473
0.00227134
0.00202775
0.00192647
0.00143165
0.00199029
0.00177205
0.00240539
0.00111679
0.00138002
0.00197547
0.00205511
0.00167143
0.00119973
0.00125947
0.00169126
0.00408407
0.0022552
0.00202893
0.00205861
0.00201639
0.00205428
0.00183544
0.00230909
0.00152398
0.00161031
0.00197568
0.00186772
0.00222772
0.00179235
0.00211033
0.00333518
0.00180994
0.00437987
0.00222634
0.00696959
0.002258
0.00140019
0.00152361
0.00136951
0.00154575
0.00153804
0.00158125
0.00195774
0.00176032
0.00124903
0.00152355
0.00157119
0.00378496
0.00156892
0.00254205
0.00267672
0.00260302
0.00204869
0.00247029
0.00176176
0.00121705
0.00116097
0.00106456
0.00141006
0.00142938
0.0017694
0.00196796
0.00200514
0.00194278
0.00155314
0.00139111
0.00191129
0.00194866
0.00136886
0.00148047
0.00182984
0.00217441
0.00199867
0.0022357
0.00213358
0.00215084
0.00180196
0.00166606
0.0012759
0.00142408
0.00200767
0.00133983
0.00154453
0.00149204
0.00165564
0.00168801
0.00151848
0.00130374
0.00176117
0.00156833
0.00351611
0.00193173
0.00183552
0.00184371
0.00208087
0.00186535
0.0017423
0.00183414
0.0015566
0.00148496
0.00140782
0.0010988
0.00182193
0.00182905
0.00222234
0.00154447
0.00125164
0.00130164
0.00161347
0.00137958
0.00126634
0.00109214
0.00109435
0.00173491
0.00218116
0.00201366
0.00197509
0.00190342
0.0020413
0.00184543
0.00202288
0.00195876
0.00165707
0.00121137
0.00118846
0.00177617
0.0013695
0.00144267
0.00140734
0.0012372
0.00123035
0.00127705
0.00127987
0.00150474
0.00139491
0.00133551
0.00200213
0.00201382
0.00181757
0.00199268
0.00199798
0.00194821
0.00115481
0.00122439
0.00120048
0.00137031
0.00194229
0.00155075
0.00146497
0.00186809
0.00208404
0.00198402
0.001959
0.00109766
0.00142283
0.00139266
0.00127214
0.00135822
0.00130764
0.00195148
0.00177657
0.0020322
0.00204029
0.00192443
0.00209798
0.00222022
0.00186324
0.00175745
0.00160702
0.00190251
0.00192026
0.00121809
0.00187129
0.00177003
0.00160305
0.00152405
0.00191198
0.00188033
0.00267211
0.00203487
0.00179772
0.0019784
0.00220874
0.00214385
0.00134722
0.00133563
0.00177153
0.00161472
0.00123365
0.00185937
0.00260233
0.0027649
0.0014437
0.00173329
0.00159921
0.00200402
0.00130328
0.00158738
0.00190317
0.00190244
0.00279073
0.00188428
0.00673589
0.00175296
0.00393288
0.00301067
0.00180124
0.00183085
0.00214241
0.00123626
0.00120766
0.00115073
0.0013375
0.00158591
0.00177738
0.00198658
0.00185672
0.00152996
0.00207381
0.00190588
0.00174392
0.00191008
0.00135892
0.00145084
0.00117505
0.00111767
0.00110355
0.00133326
0.00148046
0.00159615
0.0018854
0.00180387
0.00117104
0.00138808
0.00113952
0.00140958
0.00151564
0.00164795
0.00119485
0.00201969
0.00169579
0.00159902
0.00185932
0.00179909
0.00143435
0.00194618
0.00217316
0.00122634
0.00160657
0.00119314
0.00165762
0.00212168
0.00182498
0.00137258
0.00186139
0.00167278
0.00122829
0.00134195
0.00170922
0.00169402
0.00192571
0.00195798
0.00186535
0.00159016
0.00172668
0.00209976
0.00189161
0.00192716
0.00143749
0.00119762
0.00131515
0.00180447
0.00134923
0.00149738
0.00195091
0.00183997
0.00249604
0.00191066
0.00180402
0.00204523
0.00174401
0.00183735
0.00124215
0.00192303
0.00192327
0.00187758
0.00193929
0.00193999
0.00187877
0.00188034
0.0012439
0.00145492
0.00118579
0.00128389
0.00140715
0.00146051
0.00183748
0.00248517
0.00188043
0.00178662
0.00201082
0.00219508
0.0020247
0.00185458
0.00176264
0.0020445
0.00196282
0.00195919
0.00180806
0.00140491
0.0019702
0.00227501
0.00148336
0.00153776
0.00196007
0.00170513
0.00162275
0.00156803
0.00142915
0.00130287
0.00128256
0.00205815
0.0011111
0.0014542
0.00145013
0.00293705
0.00175011
0.00214959
0.00191606
0.00235465
0.00128103
0.00140775
0.00801461
0.00130097
0.00132827
0.00126067
0.00173803
0.00141884
0.00119729
0.00125074
0.00121241
0.00142163
0.00161117
0.0013809
0.00176787
0.00204926
0.00234064
0.00197799
0.00192605
0.00208864
0.00115814
0.00176353
0.00139461
0.00139031
0.00123396
0.00210745
0.00164195
0.0019493
0.0014763
0.00113474
0.00123274
0.0011297
0.00123681
0.00124944
0.00133037
0.00131097
0.00122106
0.00188471
0.00197468
0.002439
0.00220604
0.00242116
0.00200779
0.00125681
0.00116315
0.00141747
0.00124702
0.00116092
0.00114247
0.00126755
0.00120334
0.00124381
0.00109982
0.00127366
0.00144612
0.00133778
0.0012866
0.00135051
0.00122932
0.00136097
0.00120347
0.00123088
0.00114646
0.0019569
0.00199692
0.00191628
0.00190137
0.00195144
0.00192334
0.00179277
0.00196677
0.00158763
0.0016264
0.00173591
0.00218854
0.00112767
0.00141639
0.00198217
0.0018993
0.00127095
0.00106328
0.00113435
0.00129227
0.00119406
0.00132472
0.00141432
0.00196042
0.00203955
0.00174054
0.00195791
0.00208829
0.00244246
0.00204352
0.00203017
0.00167797
0.00133354
0.00196669
0.00212125
0.00210626
0.00222053
0.0020544
0.00116059
0.00126112
0.00193512
0.0017713
0.00182469
0.001996
0.00185369
0.00188219
0.00205961
0.00189378
0.00162869
0.00317735
0.00138426
0.00127706
0.00119219
0.00157391
0.00135679
0.00182364
0.00137776
0.0012861
0.00112868
0.00135406
0.00119583
0.00132342
0.00160192
0.00125898
0.00123001
0.00117497
0.00201127
0.00209606
0.00226534
0.00181949
0.00231845
0.00227585
0.00174104
0.00143254
0.0014431
0.00133129
0.00170199
0.00196506
0.00155416
0.00120409
0.00219381
0.00175238
0.00118447
0.0014329
0.00122385
0.0017505
0.00131427
0.00144175
0.0019513
0.00194134
0.00212513
0.00198438
0.00177074
0.00233999
0.00171213
0.00157576
0.00170581
0.00201956
0.00218133
0.00235205
0.0013793
0.00136199
0.00126797
0.00149537
0.00110666
0.00127625
0.00136206
0.00112754
0.00152074
0.00181368
0.0020077
0.00196871
0.00191743
0.00243406
0.00227213
0.00218009
0.00165979
0.00138745
0.00120737
0.00187701
0.00158571
0.00141591
0.00218691
0.00208949
0.00177629
0.00201367
0.00140535
0.00188288
0.00172167
0.00178948
0.00189139
0.00175632
0.00175099
0.00187334
0.00176324
0.00170506
0.00137647
0.00176036
0.00147555
0.0019043
0.00115189
0.00126882
0.00163214
0.00187369
0.00151246
0.00109459
0.00108592
0.00111153
0.00111334
0.0012433
0.00126036
0.00115119
0.00124833
0.00114002
0.00187193
0.00195107
0.00183159
0.00185821
0.00206246
0.00215571
0.00145386
0.00113227
0.00119878
0.00113781
0.0011551
0.00202967
0.00169176
0.0012776
0.0011824
0.00122561
0.00192505
0.00125203
0.0015847
0.00135055
0.00123737
0.00139228
0.00151221
0.00156166
0.00182667
0.00186186
0.00185002
0.00182429
0.00191128
0.00177491
0.0017233
0.00240672
0.00239541
0.00213356
0.00557989
0.00228965
0.00218506
0.00209032
0.00454083
0.00317485
0.00192935
0.00228762
0.00259705
0.00199906
0.00271435
0.00231985
0.00918848
0.00337589
0.00482219
0.0136152
0.00294286
0.0057798
0.00192272
0.0164431
0.00169263
0.00420686
0.00256934
0.00348041
0.00229597
0.00128484
0.00158426
0.00132609
0.00146344
0.00157929
0.00140127
0.0015101
0.00220482
0.00128969
0.00184768
0.00161828
0.00113914
0.00138474
0.00215892
0.00222359
0.00184908
0.00190643
0.00259282
0.00237923
0.00214733
0.00173729
0.00176385
0.00181847
0.00194904
0.0019256
0.00201419
0.00248549
0.00196926
0.00209236
0.00626925
0.0019409
0.00170687
0.0022816
0.00230162
0.00183982
0.00208517
0.00262629
0.00193989
0.00232508
0.00195148
0.00192231
0.00175773
0.00159587
0.0016608
0.00157541
0.00194052
0.00176953
0.00194382
0.00147646
0.00346431
0.00196778
0.00182635
0.00191527
0.00183991
0.00178342
0.0022414
0.0011342
0.00118174
0.00121966
0.00138443
0.00122703
0.00114874
0.00130539
0.00122829
0.00130535
0.0020191
0.00168841
0.00128416
0.00127247
0.00155457
0.00198484
0.00142522
0.00183597
0.00169304
0.00211123
0.00201232
0.00190777
0.00193281
0.00195073
0.00227561
0.0016497
0.0018335
0.00120533
0.00167193
0.00150155
0.00197845
0.00147608
0.00132235
0.00109193
0.00122722
0.00128898
0.00123423
0.00137148
0.00207472
0.00188957
0.00210703
0.00188605
0.00188356
0.0017608
0.00177788
0.00218154
0.00146747
0.00157396
0.00122216
0.00151529
0.00193602
0.00153425
0.00161372
0.00147396
0.00217678
0.0020455
0.00182743
0.00183204
0.00210813
0.00178262
0.00153303
0.00198903
0.00182396
0.00195167
0.00206916
0.00220912
0.00197945
0.00202769
0.00150106
0.00115191
0.00113662
0.00127337
0.00123815
0.00132546
0.00132424
0.00147019
0.00111653
0.00109074
0.00124353
0.00108792
0.00111722
0.00137448
0.00180175
0.00124951
0.00190463
0.00190725
0.00189352
0.00194274
0.00205111
0.00184663
0.00189634
0.00166518
0.00121315
0.0011677
0.00126333
0.00111868
0.0012043
0.00145491
0.00122237
0.0015055
0.00176417
0.00180187
0.00143673
0.00118086
0.00126911
0.00120908
0.00121438
0.00120936
0.00129921
0.00138677
0.0018903
0.00190862
0.00184016
0.00197654
0.00188719
0.00206987
0.00181824
0.00156448
0.00180402
0.00152304
0.00140703
0.00113475
0.00113635
0.00122231
0.00122206
0.00163661
0.00110945
0.0011332
0.0011064
0.00109169
0.00127132
0.00140794
0.00118746
0.00112888
0.00112199
0.00183682
0.00321082
0.00180415
0.00208585
0.00207166
0.0016648
0.00129953
0.00126323
0.00115408
0.00115027
0.00117899
0.00112242
0.00132841
0.00118898
0.00109737
0.00112177
0.00125495
0.00156062
0.00162132
0.00116523
0.00106602
0.00124732
0.00117266
0.00111849
0.00125373
0.00146241
0.00185674
0.00190285
0.0018716
0.00208892
0.0023223
0.00187461
0.00140092
0.00125069
0.0015428
0.00202109
0.00220723
0.0015294
0.00116791
0.00119516
0.00142143
0.00150957
0.00148059
0.00125917
0.00134811
0.00232923
0.0014944
0.00201558
0.00221409
0.00216653
0.00468943
0.00228867
0.00159159
0.00125535
0.00145044
0.00144389
0.00136872
0.00117678
0.00123324
0.00120004
0.00115481
0.00134853
0.00163443
0.00109457
0.00116742
0.00110977
0.00125285
0.00125721
0.00126944
0.00113122
0.00132062
0.0018344
0.00190016
0.00189608
0.00177552
0.00196221
0.00184668
0.00222325
0.00133742
0.00166
0.00182617
0.00211843
0.00221376
0.00174359
0.00160387
0.00154067
0.00159462
0.00129026
0.00115158
0.00118756
0.00137566
0.00112014
0.00121721
0.00127164
0.00207604
0.00228417
0.00234545
0.00187094
0.00191151
0.00225677
0.00178227
0.00151006
0.00111127
0.00176728
0.00149331
0.00154785
0.00125122
0.00127644
0.00132493
0.00126023
0.00123039
0.00110645
0.00112232
0.00139096
0.00180238
0.0011828
0.00124303
0.00119749
0.00217974
0.0020788
0.00189211
0.00169225
0.00215924
0.00274187
0.00110552
0.00155812
0.00150342
0.00142778
0.00149371
0.00150697
0.00161608
0.00124937
0.0022958
0.00136392
0.00133784
0.00196514
0.00139488
0.00188505
0.00361027
0.00217537
0.00217099
0.00192421
0.00304238
0.00181718
0.0027292
0.00143487
0.00147471
0.00181667
0.00161665
0.00149688
0.00264641
0.00140924
0.00111889
0.00114618
0.00109905
0.0010836
0.00124582
0.00180062
0.00128714
0.00118823
0.00183472
0.0021229
0.00194383
0.00187162
0.00199353
0.00225881
0.00125862
0.00126898
0.00135565
0.00186542
0.00203902
0.00239358
0.00168492
0.00119191
0.00124631
0.00132896
0.00175127
0.00122951
0.00132113
0.00152929
0.00167463
0.00175455
0.00266928
0.0019695
0.00178546
0.00186433
0.00234562
0.00195747
0.00161953
0.00196053
0.0024184
0.00142744
0.00111109
0.00133157
0.00113749
0.00112813
0.00148313
0.00169269
0.00120463
0.00143749
0.00139111
0.00140115
0.00212572
0.00115694
0.00130867
0.00144619
0.00203684
0.00198731
0.00201811
0.002042
0.00204386
0.00266645
0.00178278
0.00119645
0.001379
0.00164627
0.00152727
0.00134647
0.00112711
0.00130646
0.00128407
0.00137584
0.00134412
0.00127975
0.00108876
0.00111678
0.0012392
0.00122568
0.0013027
0.00130114
0.00191967
0.00205502
0.00220838
0.0020667
0.0019291
0.00191163
0.00127304
0.00133156
0.00115652
0.00128599
0.00146421
0.00118019
0.00142265
0.00129246
0.00109586
0.00137275
0.00157882
0.00113447
0.00109216
0.0012363
0.00118122
0.00129959
0.00146411
0.00114261
0.00124132
0.00190636
0.00191395
0.00199282
0.00179754
0.0020112
0.00198514
0.0020118
0.00160156
0.00127374
0.0011646
0.00112426
0.0017148
0.00175462
0.00196384
0.00165762
0.00151831
0.00132148
0.00129214
0.00150195
0.00126531
0.00135922
0.00138008
0.00153786
0.0018193
0.00192042
0.00190696
0.00194443
0.00308421
0.00188353
0.00130537
0.00126784
0.00127621
0.00152468
0.00193258
0.00159339
0.00145268
0.00186474
0.00226859
0.00166325
0.00130343
0.00134157
0.0019369
0.00180459
0.00179638
0.00184529
0.00191692
0.00260691
0.00206522
0.00203457
0.00196322
0.00178264
0.00118454
0.0015314
0.00117766
0.00144352
0.00110054
0.00138298
0.0012294
0.00122302
0.00112351
0.00127862
0.00118456
0.00109795
0.00121107
0.00113555
0.00111894
0.00122405
0.00130176
0.00133303
0.00119691
0.00198485
0.00187366
0.00143597
0.00126668
0.00158512
0.00187281
0.00182375
0.00183191
0.00258043
0.00132712
0.00156606
0.00166952
0.00161719
0.00140631
0.00150972
0.0019324
0.00143233
0.00158409
0.00186469
0.00168747
0.00246804
0.00174779
0.00192213
0.00195139
0.00167871
0.00228705
0.00207924
0.00195231
0.001206
0.00115556
0.0012314
0.00111231
0.00128608
0.0010943
0.00119991
0.00127403
0.00136579
0.00124585
0.00137567
0.00135777
0.00118863
0.00124212
0.00119894
0.00111202
0.00163994
0.00114069
0.0011717
0.00146642
0.00181225
0.00192735
0.00181582
0.00184564
0.00192249
0.00187812
0.00180453
0.00178393
0.00157261
0.00151959
0.00156728
0.00151095
0.00140307
0.00141094
0.00118755
0.00126799
0.00121334
0.00113862
0.00108148
0.00114198
0.00114653
0.00116569
0.00112329
0.00153472
0.0017511
0.00197273
0.00200825
0.00203001
0.00188143
0.002223
0.00146772
0.00130962
0.00130916
0.00155603
0.0013972
0.00193873
0.00167603
0.00113537
0.00132157
0.00121986
0.00117094
0.00145502
0.00124285
0.00229344
0.00184481
0.00120859
0.00110896
0.00151959
0.00184092
0.00191288
0.0018824
0.00197714
0.00185332
0.00188868
0.00131807
0.00122845
0.00111436
0.00123552
0.0011655
0.00116801
0.00116243
0.00118636
0.00139123
0.0011299
0.00124904
0.00121432
0.00116038
0.0012032
0.00119226
0.00110502
0.00110086
0.00125042
0.00116784
0.00118669
0.00113917
0.00196869
0.00227443
0.00190776
0.0016142
0.00174646
0.00168312
0.00172575
0.00165155
0.00113486
0.00109175
0.00149081
0.00142992
0.00130036
0.00125023
0.0012505
0.00132714
0.00116311
0.00110046
0.00112735
0.00112134
0.00142267
0.00142986
0.00117964
0.00141518
0.00144575
0.00124606
0.0019409
0.00177817
0.00161432
0.00148021
0.00144024
0.00197368
0.00193258
0.00148814
0.00159914
0.00114714
0.0012159
0.00127458
0.00133962
0.00160029
0.0021478
0.00339317
0.0016228
0.00120062
0.00159144
0.00291036
0.0016388
0.00117061
0.00179282
0.00219057
0.00179784
0.00181177
0.00188362
0.00203743
0.00145523
0.00143998
0.00116304
0.00138315
0.0012046
0.00123573
0.00135267
0.00142031
0.00113733
0.00135021
0.00117121
0.00133406
0.00116961
0.00116783
0.00110867
0.00113705
0.00120829
0.00117297
0.00118281
0.00123416
0.00163039
0.0016559
0.00199091
0.00184384
0.00178552
0.00189142
0.00190055
0.00148336
0.0018502
0.0012931
0.00173139
0.00144883
0.00147836
0.00187062
0.00178251
0.00187698
0.00148068
0.00157046
0.00158335
0.00111684
0.00108785
0.00126491
0.00120088
0.00143725
0.00199698
0.00184711
0.00177766
0.00183136
0.00190601
0.00207318
0.00128294
0.00115711
0.00111984
0.00108574
0.00115972
0.00170889
0.00132588
0.00138715
0.0011119
0.00125843
0.0013122
0.00149829
0.00110769
0.00118071
0.00113526
0.00115065
0.00115899
0.00125741
0.00148352
0.00113159
0.00186275
0.00180443
0.00182249
0.00188192
0.00200078
0.00184438
0.00159244
0.00135614
0.00227063
0.00118948
0.00130541
0.00135796
0.00116799
0.00120913
0.00168346
0.00111763
0.00120389
0.0011327
0.00113287
0.00115382
0.00110821
0.00130145
0.001486
0.0011537
0.00137481
0.001303
0.00213234
0.00193887
0.00179443
0.00170131
0.00210315
0.00188456
0.00194135
0.00162118
0.00143796
0.00159117
0.00162667
0.00167385
0.00130411
0.00148784
0.00152945
0.00174555
0.00206032
0.0011705
0.00122024
0.00125879
0.00180747
0.00188699
0.00191328
0.00186815
0.00189729
0.00307703
0.00186254
0.00204174
0.00206437
0.00167349
0.00196987
0.00194332
0.00124973
0.00156624
0.00183872
0.00136868
0.00118881
0.00126863
0.00118635
0.0012661
0.00195802
0.00135259
0.00134538
0.00197018
0.00189438
0.00392845
0.00421266
0.00205593
0.00200244
0.00195685
0.00150012
0.00194207
0.00213365
0.00218563
0.0020796
0.00225362
0.00175497
0.00115816
0.00116719
0.00144884
0.00127619
0.00208648
0.00404283
0.00188514
0.00259948
0.00203381
0.00159742
0.00123127
0.00122321
0.00199304
0.002021
0.00154298
0.00144546
0.00167128
0.00182099
0.00173079
0.00166426
0.00152946
0.00181395
0.00177299
0.0013269
0.00119794
0.00163145
0.00190505
0.00221201
0.00185845
0.00211037
0.00203584
0.00463455
0.00595559
0.002104
0.00323044
0.00205149
0.00268867
0.00168076
0.00135631
0.00114464
0.00186478
0.00184801
0.00184148
0.00219266
0.00201409
0.00199331
0.00156004
0.00151734
0.00125021
0.00111956
0.00106615
0.00126972
0.00107986
0.00137106
0.00143985
0.00130866
0.00144139
0.00186858
0.00126082
0.00130284
0.00125902
0.00121352
0.00139307
0.0013382
0.00121055
0.00145953
0.00198198
0.00208863
0.00179108
0.00177992
0.00190671
0.00201334
0.00142044
0.00115642
0.00140914
0.00130654
0.00139565
0.00121961
0.00122952
0.00122876
0.00115396
0.00123072
0.00124011
0.00137503
0.00113955
0.00121459
0.00120022
0.00128092
0.00141698
0.00149201
0.00127978
0.00184487
0.00181305
0.00197364
0.00182924
0.00186453
0.00208973
0.00211388
0.00124872
0.00146628
0.00116922
0.0011384
0.00112575
0.00106507
0.0014341
0.00134847
0.00113607
0.00140494
0.0012995
0.00108302
0.00113192
0.00118015
0.00111529
0.00142249
0.00141926
0.00116331
0.00122556
0.00156423
0.00185331
0.00171172
0.00176042
0.00293092
0.00191305
0.00211482
0.00206324
0.00159147
0.00154233
0.00192918
0.00231381
0.00180706
0.0021361
0.00223383
0.00140485
0.00152812
0.0014161
0.00117417
0.00107076
0.00113825
0.00168533
0.00191252
0.00188574
0.00185587
0.0019404
0.00219778
0.00190103
0.00202556
0.00161386
0.00126326
0.0016319
0.0024222
0.0015595
0.00129432
0.00121712
0.00108319
0.00170757
0.00139415
0.00114159
0.00165987
0.00141198
0.00168561
0.00160951
0.00219079
0.00189983
0.00184094
0.00196284
0.00219586
0.0020166
0.00185443
0.00365207
0.00126568
0.00188801
0.0015145
0.00136898
0.00205257
0.001974
0.00116939
0.0010888
0.00121696
0.00132912
0.00206212
0.00111322
0.00140119
0.00183509
0.00191645
0.00196641
0.00187417
0.00184264
0.00214504
0.00122481
0.00139877
0.00148473
0.00155559
0.00117201
0.00110638
0.00181593
0.00123176
0.00157211
0.00145149
0.00116529
0.00112663
0.00132113
0.00115444
0.00113134
0.00131047
0.00120789
0.00131998
0.00132816
0.00177842
0.00211321
0.00185174
0.00186133
0.00222464
0.00194987
0.00136807
0.00111998
0.00120205
0.00192273
0.0013796
0.00108252
0.00120295
0.00114987
0.00119998
0.00137541
0.00286082
0.00106009
0.00124238
0.00121976
0.00165558
0.00286814
0.00181314
0.00321885
0.00205203
0.00178267
0.00183902
0.00193705
0.00156905
0.0012247
0.00132556
0.00161575
0.00146426
0.00117104
0.00126481
0.00154291
0.00117189
0.00115718
0.00115163
0.00125837
0.00127111
0.00143086
0.0015123
0.0010923
0.00119437
0.0011737
0.00114716
0.00154812
0.00199783
0.00202759
0.00202733
0.00185566
0.00216402
0.00205685
0.00141396
0.00112217
0.0012968
0.00196713
0.00136915
0.00163707
0.00170937
0.00123579
0.00161832
0.00164695
0.00111103
0.0013875
0.00110772
0.00114051
0.00137466
0.00161359
0.00130108
0.00183772
0.00178435
0.00182533
0.002331
0.00216164
0.00197265
0.00130646
0.00175361
0.00148424
0.0021816
0.00112451
0.00127546
0.00188616
0.00185816
0.0014275
0.00134524
0.00133146
0.00159839
0.00414703
0.00174273
0.00121512
0.00197244
0.0018199
0.0018157
0.00270457
0.0018425
0.0019266
0.0021658
0.00165066
0.00154354
0.0016833
0.00139471
0.00139436
0.00142382
0.00193167
0.00162401
0.00197975
0.00167575
0.00131888
0.00136038
0.00159279
0.00183596
0.00181753
0.00178903
0.00180525
0.00211576
0.00204579
0.00185273
0.00131154
0.00154085
0.00131246
0.00117154
0.00176892
0.00135524
0.00143597
0.00151126
0.00125108
0.00139037
0.0012983
0.00136264
0.00130569
0.0014896
0.00162527
0.00132036
0.00115932
0.00183351
0.00177774
0.00210013
0.00186938
0.00181277
0.0016265
0.00236396
0.00133401
0.00139312
0.00129557
0.0011479
0.00128966
0.0011139
0.00132752
0.00163242
0.00118398
0.00119695
0.00143382
0.00115488
0.00121252
0.00119262
0.0012594
0.00122132
0.00162767
0.00129839
0.00109942
0.00181226
0.00187051
0.00190744
0.00123164
0.00114736
0.00108932
0.00137185
0.00121387
0.00122437
0.00124184
0.00136523
0.00109355
0.00114583
0.00111013
0.00110007
0.00120089
0.00125959
0.00114942
0.00111345
0.0011424
0.00138011
0.00109104
0.00111171
0.00113225
0.00111521
0.00122854
0.00118572
0.00114539
0.00111857
0.0011777
0.00125579
0.00143069
0.00132051
0.00159727
0.00116788
0.00109176
0.00126959
0.00162663
0.00185377
0.00122311
0.00116965
0.00120673
0.0010786
0.00114454
0.00110204
0.00117057
0.00108625
0.00119575
0.00114551
0.00113158
0.00115853
0.00132522
0.00139374
0.00113183
0.00152785
0.0011373
0.00106055
0.00143549
0.00129636
0.00130498
0.00166249
0.00191785
0.00161097
0.0011107
0.00114096
0.00133288
0.00130512
0.00124685
0.00131454
0.0011945
0.00140412
0.00144089
0.00147759
0.00110361
0.0011314
0.0012555
0.00108149
0.00121924
0.00129931
0.00125945
0.00118251
0.00111681
0.00127301
0.00119192
0.0011274
0.00116575
0.00109485
0.00116105
0.00113631
0.00140372
0.00147506
0.00181038
0.0014615
0.0015006
0.00115326
0.00178268
0.0018709
0.00122733
0.00117114
0.00113227
0.00109491
0.00110344
0.0012025
0.00133374
0.00154339
0.00118603
0.00115567
0.0012289
0.00151336
0.00117027
0.00148737
0.0013583
0.00114798
0.00117254
0.00127357
0.00125378
0.001086
0.00176988
0.00183026
0.00190988
0.00114785
0.0011324
0.00129135
0.00144812
0.00130203
0.0012183
0.00130606
0.00121821
0.0013405
0.00121978
0.00140268
0.00118605
0.00123701
0.00125817
0.00109873
0.00110263
0.00140234
0.00124369
0.00118022
0.0011742
0.00109854
0.00109178
0.00113272
0.0011927
0.00126968
0.00114444
0.00153412
0.00148192
0.00127616
0.00137215
0.00155389
0.00117545
0.00121616
0.00116544
0.00114097
0.00140334
0.00178217
0.00114361
0.00109128
0.00114344
0.00114679
0.00114141
0.00130901
0.00107595
0.00122678
0.00142174
0.00111516
0.00115217
0.0011257
0.00146076
0.00214485
0.00109524
0.00132719
0.00130173
0.00115216
0.00126987
0.00145804
0.00136352
0.00109491
0.00113912
0.0010928
0.00106781
0.00148208
0.00134021
0.00160045
0.00164325
0.00140795
0.00108752
0.00120348
0.00177781
0.00152538
0.00137721
0.00129678
0.00164054
0.00187267
0.00173922
0.00136168
0.00184901
0.0028448
0.00163352
0.00118895
0.00179805
0.00206015
0.00175829
0.00174911
0.00183954
0.0017409
0.00170328
0.00213909
0.00189134
0.00283463
0.00158111
0.0015441
0.00119216
0.00133932
0.00173741
0.00263736
0.00252874
0.00267635
0.00231347
0.00287392
0.0019313
0.00189495
0.00193194
0.00168704
0.00155224
0.00127803
0.00123955
0.00112249
0.00113255
0.00116439
0.00113351
0.00110941
0.00129863
0.00154972
0.00154438
0.00206347
0.00151751
0.00152652
0.00127178
0.00109295
0.00149965
0.00134101
0.00139766
0.00116033
0.00120755
0.00115163
0.00140866
0.00112811
0.00112993
0.00112419
0.00149258
0.00193041
0.00152846
0.00124253
0.00114174
0.00134777
0.0012445
0.00120549
0.00119395
0.00136726
0.00116124
0.00122602
0.00120645
0.00119686
0.00113223
0.00117179
0.00108001
0.0010978
0.00113332
0.00110516
0.00118613
0.00118579
0.00121323
0.0013186
0.00183235
0.00195572
0.00202275
0.00169809
0.00177814
0.00196152
0.00138194
0.00162442
0.0012322
0.00139808
0.00159634
0.00121189
0.00122014
0.00126915
0.00118391
0.0011971
0.00120098
0.00109024
0.0012106
0.00113696
0.00133282
0.00121105
0.00143432
0.00160435
0.00125211
0.00164347
0.00192199
0.00177183
0.00150944
0.00150698
0.00184816
0.00217762
0.00325677
0.00145999
0.0019459
0.00175306
0.00118873
0.00148034
0.0015108
0.00174856
0.00190695
0.00111208
0.00151472
0.00117599
0.00111934
0.00120919
0.00188149
0.00185797
0.00189514
0.00186949
0.00190811
0.00158516
0.00183785
0.00137567
0.00216342
0.00127547
0.00117215
0.00158446
0.00126239
0.00146668
0.00160831
0.00132562
0.00122906
0.00144351
0.00110529
0.00126236
0.00122689
0.00130154
0.00190038
0.00130226
0.00115298
0.00137509
0.00170823
0.00192718
0.00148317
0.00175866
0.00155807
0.00182967
0.00172635
0.00141949
0.0011192
0.00121757
0.00117928
0.0012524
0.00127353
0.00125033
0.00123557
0.00123977
0.00108763
0.00112017
0.00109494
0.00124531
0.0010847
0.00110826
0.00113126
0.00110437
0.00111094
0.00123213
0.00115737
0.00113201
0.00190852
0.00160231
0.00133976
0.00122214
0.00119482
0.00139092
0.00151688
0.00162996
0.00195885
0.00150619
0.00127118
0.00146841
0.00121846
0.00131752
0.00124224
0.00115957
0.00125992
0.0011803
0.00118002
0.0011593
0.00117723
0.00116754
0.00111251
0.00116217
0.00120238
0.00115736
0.0011916
0.00110571
0.00133691
0.00128666
0.00118813
0.00140306
0.0013333
0.0019321
0.00359403
0.00231185
0.00144761
0.00119194
0.00118798
0.00112809
0.0011044
0.00131871
0.00198678
0.00166525
0.00147887
0.00189252
0.00144323
0.0014141
0.0012459
0.00142417
0.00146968
0.0011854
0.00159024
0.00180067
0.00189462
0.00197282
0.00165445
0.00193255
0.00192974
0.00111768
0.00150674
0.00126557
0.00111813
0.00142295
0.00114765
0.00113794
0.00144053
0.00172505
0.00185368
0.00168861
0.00112523
0.0011483
0.00113841
0.00163799
0.00187692
0.00125831
0.00133112
0.00183695
0.00197043
0.00193065
0.00192246
0.00188822
0.00199316
0.00221135
0.0011882
0.00108903
0.0011593
0.00121341
0.00161847
0.00171852
0.00124873
0.00137693
0.00140728
0.00137942
0.00161567
0.00151268
0.00109449
0.00112696
0.00111687
0.00141088
0.00146475
0.00176974
0.00186253
0.00181835
0.00180346
0.00197022
0.00180462
0.00174654
0.00110712
0.00146129
0.00251613
0.00123809
0.0013658
0.00118935
0.00167096
0.00417625
0.00109307
0.00126046
0.00114918
0.00141808
0.0019097
0.0013001
0.00113266
0.00123406
0.00178305
0.00208781
0.00183459
0.00135691
0.00161846
0.00225932
0.00188309
0.00166432
0.00133117
0.00137515
0.00130137
0.00178734
0.00162389
0.00149718
0.00139266
0.00159177
0.00122777
0.00140997
0.00199937
0.00115959
0.00129757
0.00226785
0.00197326
0.00208342
0.00192238
0.00244064
0.00205784
0.00787459
0.00132162
0.0012001
0.00108598
0.00109998
0.00139253
0.0020612
0.00125231
0.0012499
0.00144525
0.00133716
0.00182147
0.00121811
0.00118606
0.00189062
0.0020698
0.00211761
0.00205751
0.0019078
0.00186396
0.00148394
0.00173719
0.00119541
0.00143036
0.00152287
0.00183349
0.00242692
0.0013424
0.00144378
0.00168398
0.00142824
0.00119754
0.00123589
0.00182528
0.00123765
0.00144989
0.00127625
0.00243403
0.0022144
0.00395503
0.00207431
0.00222476
0.0012223
0.00155931
0.00120776
0.00147579
0.00140416
0.00146362
0.00127755
0.0014034
0.00118135
0.00135582
0.00142336
0.00122793
0.00133431
0.00128144
0.00138346
0.00221265
0.00136328
0.00188466
0.00195522
0.00182254
0.00193746
0.00183815
0.00205825
0.00157603
0.00119918
0.00121901
0.00119956
0.00137407
0.00155036
0.00174876
0.00172691
0.0014258
0.00189617
0.00191052
0.00129244
0.00135894
0.00122757
0.00114153
0.0012449
0.00136336
0.00113724
0.00187649
0.00249372
0.00199642
0.001718
0.00181648
0.00189526
0.00147937
0.00179282
0.00133274
0.00128353
0.00153333
0.00154119
0.0015211
0.00132733
0.00109946
0.00119057
0.00202944
0.00243314
0.00176169
0.00163389
0.00177148
0.00120542
0.00169868
0.00205107
0.00189338
0.00199575
0.00176898
0.00200385
0.00180914
0.00123761
0.00144323
0.00150368
0.00121699
0.00116544
0.00126432
0.00157249
0.00120507
0.00118939
0.00159173
0.00160225
0.00111272
0.00117654
0.00114418
0.00178508
0.00148679
0.00116898
0.00114787
0.00180174
0.00192433
0.00187751
0.00180603
0.00181076
0.00193951
0.00169734
0.00139705
0.00125196
0.00126202
0.00144892
0.00171816
0.0015104
0.00147879
0.00169696
0.00134614
0.0015456
0.00169789
0.00114844
0.00112491
0.00113698
0.00136155
0.00129431
0.00132322
0.00145563
0.00178484
0.00204299
0.00188832
0.00198839
0.00188958
0.00195978
0.00163888
0.00189965
0.00115921
0.00113159
0.00125893
0.00120147
0.00170311
0.00144603
0.00126148
0.00141973
0.00127417
0.00116361
0.00134057
0.0013066
0.00123684
0.00110705
0.0013303
0.00120825
0.00114696
0.00186308
0.00195397
0.00192215
0.00184087
0.0020018
0.00183839
0.00130013
0.00157202
0.00144749
0.00127126
0.00129819
0.00126526
0.00121078
0.0012218
0.00114344
0.00113756
0.00120112
0.00128586
0.00107204
0.00142879
0.00127687
0.00116491
0.00114411
0.00152643
0.00126691
0.00135316
0.00179278
0.00198262
0.00189189
0.00195587
0.00211441
0.00213185
0.001591
0.00141975
0.00147677
0.00179903
0.0012448
0.00126584
0.00133952
0.00120379
0.00133966
0.00125223
0.00137402
0.00182528
0.00147988
0.0012744
0.00124617
0.00140321
0.00132432
0.00116971
0.00159196
0.00177106
0.00180586
0.00181663
0.00183753
0.00191972
0.00197157
0.00125369
0.00145363
0.00123332
0.00128579
0.00131106
0.00111495
0.00138649
0.0012911
0.00132806
0.00122327
0.00117424
0.00119265
0.00121488
0.00111161
0.00112841
0.00154191
0.00185241
0.00184089
0.00215113
0.00200665
0.0021943
0.00195452
0.0019014
0.00228565
0.00156942
0.00164696
0.00151623
0.00133949
0.00150291
0.00116982
0.00112979
0.00149977
0.00107437
0.0010948
0.00133977
0.0012831
0.00135466
0.00124334
0.00134276
0.00112711
0.00140676
0.00121841
0.00119267
0.00121982
0.00182551
0.00244749
0.00264589
0.00186201
0.00189076
0.00184099
0.00195549
0.00188446
0.00200707
0.00187972
0.00207543
0.00190832
0.00258282
0.00111429
0.00175036
0.00173925
0.00151026
0.00159245
0.00148895
0.00178774
0.00207889
0.00191362
0.00214491
0.00214678
0.00219875
0.00160451
0.00116307
0.00121168
0.00109681
0.00119566
0.0015937
0.00117126
0.00162638
0.00117359
0.00115112
0.00170816
0.00200504
0.00159818
0.00196649
0.00141646
0.00122066
0.00157012
0.00203574
0.00187749
0.00187311
0.00199774
0.00195473
0.00183546
0.00163193
0.00144254
0.00236074
0.00118346
0.00179137
0.00128977
0.00161948
0.00172887
0.00231455
0.00198265
0.00221251
0.00140855
0.00150463
0.00165003
0.00188791
0.00207737
0.00186206
0.0018924
0.00202573
0.0022798
0.00156907
0.0011424
0.00112563
0.00109245
0.00115434
0.00109396
0.00120729
0.00127738
0.00128916
0.00110669
0.00150202
0.00121613
0.00124884
0.00113325
0.00114797
0.00127224
0.00296513
0.00203189
0.00193219
0.00363771
0.0018708
0.00177941
0.00192787
0.00175427
0.00128089
0.00116936
0.0011722
0.0011335
0.00121646
0.001337
0.00172063
0.00183524
0.00119662
0.0011207
0.00130555
0.00131713
0.00126954
0.00113266
0.00109003
0.00118239
0.00168419
0.00112691
0.00128429
0.00157194
0.00195858
0.00217404
0.00195483
0.00192366
0.00184884
0.00208344
0.00136344
0.00109664
0.00125706
0.00127233
0.00152591
0.00116029
0.00149048
0.0012581
0.00111677
0.00135258
0.00110119
0.00119686
0.00117836
0.00112839
0.00115108
0.00131802
0.00142538
0.00127343
0.00130443
0.00187204
0.00186369
0.00197067
0.00186409
0.00199288
0.00194722
0.00162057
0.00127005
0.0011519
0.00112
0.00122706
0.00116749
0.00109441
0.00122527
0.00127886
0.00122797
0.00138194
0.0012547
0.00119281
0.00115484
0.00111594
0.00115213
0.00104673
0.00109081
0.00109303
0.00128631
0.00110783
0.00157232
0.00203592
0.00200989
0.00179086
0.00177637
0.00192653
0.0018183
0.0013264
0.00121281
0.00111997
0.00111227
0.00109325
0.00141633
0.00125432
0.00146958
0.00120722
0.00109969
0.00134879
0.00131089
0.0016563
0.00146493
0.00133385
0.00109051
0.00128473
0.00112886
0.0012398
0.00152768
0.0018701
0.00163379
0.00114565
0.00118212
0.00111805
0.00116396
0.00125614
0.00189016
0.00276648
0.00196961
0.0019422
0.00126675
0.00119416
0.00126953
0.00118753
0.00111008
0.00133434
0.00144995
0.00112644
0.00116177
0.00135003
0.00110529
0.00121894
0.00132746
0.00154923
0.00171382
0.00186394
0.00183452
0.00200832
0.00218014
0.00201077
0.00199372
0.00153052
0.00154336
0.00124002
0.00110281
0.00137
0.00114835
0.00112753
0.0012493
0.00127359
0.00118952
0.0013885
0.00123414
0.00115362
0.00157608
0.00142983
0.00115774
0.00118731
0.00122969
0.0012912
0.00133928
0.00198502
0.00185355
0.00111195
0.00138898
0.00139461
0.00129302
0.00150947
0.0015926
0.00110023
0.00129305
0.00139571
0.00136538
0.00131712
0.00130068
0.0011521
0.00116585
0.00127827
0.00135924
0.00181259
0.00108391
0.00121885
0.0011309
0.0013096
0.0011746
0.00145949
0.00174381
0.00194896
0.00176285
0.00172454
0.00159666
0.00158206
0.00166618
0.00118707
0.00117433
0.00149703
0.00120301
0.0012694
0.00114325
0.00131066
0.00113579
0.00117991
0.00115286
0.00118468
0.00115304
0.00136781
0.00129794
0.00127921
0.00136081
0.00112138
0.0013264
0.00118453
0.00108532
0.00112645
0.00120435
0.00145764
0.00124724
0.0013362
0.00111428
0.00112452
0.00109935
0.00127452
0.00136793
0.00115266
0.00126961
0.00113002
0.00115383
0.0011424
0.00110575
0.00120159
0.00125668
0.00116147
0.00127948
0.0010959
0.0013204
0.00137971
0.00142313
0.00112871
0.00109318
0.00120156
0.00156318
0.00172516
0.00184264
0.00144296
0.00184017
0.00182465
0.00132234
0.00133274
0.00123813
0.00187988
0.00191758
0.00208281
0.00165747
0.0014291
0.00189203
0.0018578
0.00137972
0.0020122
0.00128136
0.00144314
0.00119637
0.00158273
0.00124233
0.00122756
0.00110734
0.00191969
0.00148244
0.00186411
0.00188046
0.00164715
0.00129725
0.00112575
0.00161375
0.00124794
0.00164487
0.00157653
0.00159952
0.00131511
0.00130425
0.00159142
0.00110555
0.00111684
0.00163203
0.00126345
0.00127244
0.00128764
0.00124881
0.00119629
0.00111841
0.00112475
0.00132306
0.00139968
0.00115293
0.00113954
0.00182068
0.00186607
0.0021919
0.00193465
0.00223938
0.00159812
0.0013171
0.00128689
0.00118531
0.00115742
0.00130835
0.00147199
0.00112981
0.00119292
0.00130971
0.00146782
0.00129072
0.00154442
0.00111128
0.00119066
0.00123625
0.00122034
0.00123873
0.00176747
0.00132831
0.0011904
0.00196635
0.00195936
0.00165017
0.00176162
0.0019627
0.00177693
0.00159801
0.00110229
0.00157228
0.00113647
0.00151528
0.00132426
0.00134272
0.00153069
0.00114823
0.00119856
0.0011623
0.00139176
0.00124988
0.00114537
0.00124647
0.00122599
0.00142253
0.00129815
0.00108328
0.00144293
0.00172929
0.0019016
0.00204524
0.00207034
0.00218104
0.00232125
0.00205476
0.00197178
0.00239917
0.00206517
0.00179094
0.00190728
0.00191513
0.00190927
0.00147085
0.00111633
0.00156994
0.00225351
0.00179933
0.00181285
0.00215924
0.00203519
0.00219098
0.00187679
0.00205436
0.0019696
0.00177998
0.00183072
0.0012084
0.00190501
0.00405215
0.00238999
0.00206386
0.00242212
0.00213574
0.0021863
0.00670584
0.00192287
0.00271059
0.00217269
0.00123306
0.00130034
0.00149355
0.00213012
0.00160788
0.00127377
0.0012707
0.00180554
0.00153195
0.00144229
0.00122574
0.00125869
0.0012827
0.00118596
0.00111593
0.00259673
0.00152048
0.00189071
0.00196443
0.00179129
0.00188596
0.00184616
0.00220029
0.00174963
0.00116111
0.0020625
0.00268728
0.00123496
0.00131282
0.00211656
0.00146658
0.00131504
0.00137744
0.00127016
0.00114662
0.00113097
0.00309288
0.00220385
0.00113062
0.0011395
0.00189185
0.00201541
0.00178672
0.00196582
0.00180279
0.00232321
0.00198032
0.00120285
0.00118796
0.00118909
0.00108299
0.00144016
0.00143541
0.00191009
0.00118538
0.00126496
0.0017488
0.0017996
0.00123865
0.00108773
0.00114557
0.0011137
0.00126755
0.00153404
0.00168302
0.00199137
0.00195876
0.00191971
0.00196969
0.00184238
0.00191853
0.00132567
0.00123284
0.00154517
0.00162524
0.00109624
0.00111986
0.00119766
0.00145472
0.00129828
0.0015524
0.00136334
0.00111073
0.00111498
0.00109996
0.00107949
0.0013101
0.00122906
0.0011864
0.00105932
0.00172778
0.00188415
0.00218326
0.0018417
0.00202069
0.00205969
0.00196165
0.00129653
0.00124662
0.00134026
0.00130996
0.00125831
0.00114008
0.00150145
0.00109679
0.00113331
0.00128973
0.00113117
0.00201285
0.00165435
0.00116665
0.0012244
0.00120812
0.00117049
0.00118628
0.00188857
0.00184065
0.00180542
0.00184666
0.00201636
0.00198636
0.00178684
0.001309
0.00129293
0.00123385
0.00178731
0.00118947
0.00107512
0.00134132
0.00162414
0.00125606
0.00140117
0.00152406
0.00119414
0.00109292
0.0010802
0.00107519
0.0010522
0.00124212
0.00129532
0.00111946
0.00134088
0.0018364
0.00220739
0.00197688
0.00182145
0.00197227
0.00193736
0.00201317
0.00122281
0.00123893
0.00113552
0.00115426
0.00111645
0.00122479
0.00154472
0.00117368
0.00109314
0.00124549
0.00139339
0.00126226
0.00139241
0.00109826
0.00114601
0.00111688
0.00118117
0.00114918
0.00112052
0.00201652
0.00185085
0.00189435
0.00182078
0.00194198
0.00197773
0.00118726
0.0014894
0.00137242
0.00135139
0.00164083
0.00121996
0.0010917
0.00130048
0.00117702
0.00110045
0.00121143
0.00173544
0.00125076
0.00108108
0.00112546
0.00108624
0.00120036
0.00124295
0.00116102
0.00151574
0.00173172
0.00186032
0.00215246
0.00190675
0.00203225
0.00177406
0.00166949
0.00173289
0.00108416
0.00115407
0.00115811
0.00113697
0.0015951
0.0012052
0.00131058
0.00134511
0.00175501
0.00146175
0.00140968
0.00171172
0.00114631
0.00126295
0.00133552
0.00140371
0.0019746
0.00231821
0.00187996
0.00186031
0.00193641
0.00190922
0.00117332
0.00139689
0.00161678
0.00112419
0.00140435
0.00129172
0.00124749
0.00107153
0.00109072
0.00112749
0.00174904
0.00153021
0.00129777
0.00113108
0.00136198
0.00125648
0.00116389
0.00153783
0.00129584
0.00192654
0.00205499
0.00199482
0.00190044
0.00201952
0.00183392
0.00129875
0.00178798
0.00147813
0.00108226
0.00123943
0.00118234
0.00126404
0.00126589
0.00154776
0.00153412
0.0018293
0.00131099
0.0015788
0.00176315
0.0011731
0.00116298
0.00108669
0.00111722
0.00184869
0.0021457
0.00207534
0.00182027
0.00180602
0.00196168
0.00162069
0.00118047
0.00144449
0.00112289
0.00119054
0.00150995
0.00193688
0.00168561
0.00141606
0.00144435
0.00122622
0.00179004
0.0014143
0.00129588
0.00134777
0.00126006
0.00142769
0.00164032
0.00188006
0.00181981
0.00181323
0.00183201
0.00178869
0.00179985
0.00367317
0.00302947
0.00232601
0.00197416
0.00191404
0.00255298
0.00178972
0.00203647
0.00122071
0.00143761
0.00202656
0.00216207
0.00212824
0.00186297
0.00184813
0.0017706
0.00181123
0.00200117
0.00174185
0.00125463
0.00162765
0.00146669
0.00167655
0.00116551
0.00148659
0.00184948
0.00134729
0.00134437
0.00133363
0.0013342
0.00161505
0.0012029
0.0011201
0.00123299
0.00139602
0.00118427
0.00182165
0.00231035
0.00214589
0.00210276
0.00199746
0.0020565
0.00183137
0.00132432
0.00114957
0.00160549
0.00170864
0.00152748
0.00183813
0.00156679
0.00151788
0.00154572
0.00163968
0.00120028
0.00123392
0.00123264
0.00330573
0.00177852
0.00230052
0.00192656
0.00204782
0.00185645
0.00218271
0.00235334
0.00294161
0.00120148
0.00164542
0.00114409
0.00134929
0.00153302
0.00268336
0.00293009
0.00146611
0.00152421
0.00127134
0.00144043
0.0012874
0.00115078
0.00182252
0.00213654
0.00194781
0.0021188
0.00200182
0.00319785
0.00121146
0.00110635
0.00108643
0.00111026
0.00123863
0.00122822
0.00111272
0.00113892
0.00122609
0.00146392
0.00147216
0.00175516
0.00116923
0.00108067
0.00115203
0.00112097
0.00115788
0.0013658
0.00151477
0.00120438
0.0018598
0.00204476
0.00188884
0.00185519
0.00155545
0.00197669
0.00185064
0.00140429
0.00126799
0.00108846
0.00105758
0.00125724
0.00121877
0.00118267
0.00162998
0.00124224
0.00111064
0.00117322
0.00116082
0.00109762
0.00124706
0.00133011
0.0011995
0.00109963
0.00118768
0.0015534
0.00161402
0.00190076
0.00154844
0.00113422
0.00166294
0.00150484
0.00153743
0.00126574
0.00112528
0.00123835
0.00133472
0.00122893
0.0011126
0.00121054
0.0011763
0.00122021
0.00125668
0.00122896
0.00131238
0.00131079
0.00120949
0.0011095
0.00113821
0.00126587
0.00130081
0.00111896
0.00125978
0.00139749
0.0011289
0.00142443
0.00118392
0.00118784
0.00111923
0.00118137
0.00141469
0.00111957
0.00166018
0.00171769
0.00138476
0.00140712
0.00126978
0.00159217
0.00125628
0.00115475
0.00122535
0.00119305
0.00157284
0.00124551
0.00119914
0.00111685
0.00110675
0.00112465
0.0012019
0.00138124
0.00131767
0.0012149
0.00119813
0.00136469
0.00143104
0.0014074
0.00131001
0.00154685
0.00117372
0.00121348
0.00110656
0.00118378
0.00181433
0.00136334
0.00110177
0.00116629
0.00109709
0.00110662
0.00108517
0.00125138
0.00108469
0.00118293
0.00115871
0.00131702
0.00124683
0.00135879
0.00127626
0.0013308
0.00109038
0.00111465
0.00129679
0.0012276
0.00177889
0.00148073
0.00193096
0.0016698
0.00174424
0.0017428
0.00198112
0.00218497
0.0015743
0.00175042
0.00153847
0.0019781
0.00163319
0.00161083
0.00123831
0.00176666
0.0015938
0.00112626
0.00124641
0.00133878
0.00121604
0.00129121
0.00134412
0.00111851
0.00124765
0.00185184
0.00148375
0.00154018
0.00129791
0.00125858
0.00177741
0.00122049
0.00164271
0.00165895
0.00156456
0.00116439
0.00118727
0.00110378
0.00121858
0.0011535
0.00110893
0.00124597
0.00113661
0.00113551
0.00111222
0.0011922
0.00136648
0.00126071
0.00120645
0.00136598
0.00141984
0.00107767
0.0011282
0.00193697
0.00197271
0.00149361
0.00112434
0.00117637
0.00115517
0.00198347
0.00212646
0.00134892
0.00127342
0.00133712
0.00206378
0.00135845
0.00119404
0.00109723
0.00122945
0.0013816
0.00176156
0.00119989
0.00112563
0.00121188
0.00112367
0.00113042
0.00130639
0.00141542
0.00163281
0.00176171
0.00154852
0.00160313
0.00214676
0.00234177
0.00223335
0.00564442
0.00188935
0.00190213
0.00204815
0.00472
0.00178863
0.0020023
0.00199761
0.126528
0.00195807
0.106625
0.0177093
0.00220955
0.00902443
0.00182741
0.00186806
0.00304555
0.00189869
0.00179352
0.00201808
0.00180056
0.00205748
0.0018072
0.00177652
0.00215617
0.002234
0.00191958
0.0018131
0.00278867
0.00203006
0.00200562
0.00231148
0.00197085
0.0022274
0.00202429
0.00219296
0.00191296
0.00355348
0.00160499
0.00211521
0.00186531
0.00220865
0.00175279
0.00181383
0.00250839
0.00200594
0.00171151
0.00161583
0.0020811
0.00177188
0.00217629
0.0043779
0.00203139
0.00189446
0.00184053
0.00206923
0.0015981
0.00174508
0.00271811
0.00222241
0.00208253
0.00167263
0.00162317
0.00135292
0.00125736
0.00164343
0.00138144
0.0016126
0.00140111
0.00198181
0.00207515
0.00183806
0.00193239
0.00194574
0.00187786
0.00192231
0.00151063
0.00146715
0.0013246
0.00117749
0.00119755
0.00116544
0.00149393
0.00120212
0.00141073
0.00146813
0.00119487
0.00115988
0.00120215
0.00121764
0.00244767
0.00157237
0.0014443
0.00226901
0.00182881
0.00178535
0.00203532
0.00209863
0.00211241
0.00139421
0.00129147
0.00115127
0.00111425
0.00132427
0.00163607
0.00144351
0.00208354
0.00188445
0.00164213
0.00231205
0.00134637
0.00195101
0.00123273
0.00119585
0.00198109
0.00183794
0.00201925
0.00187487
0.0018761
0.00197283
0.00185063
0.00136007
0.00116457
0.00166429
0.00163104
0.00137183
0.0011615
0.00111018
0.00143569
0.00121922
0.00137329
0.00120683
0.0012101
0.00124406
0.00116097
0.00118009
0.00114311
0.001102
0.00175009
0.00160214
0.00169982
0.0018141
0.00184736
0.00184616
0.00206165
0.00184016
0.00181531
0.00136478
0.00118736
0.00107991
0.00114118
0.00108659
0.00141672
0.00114892
0.00142669
0.00169651
0.00160428
0.00216754
0.00180602
0.00147215
0.00152815
0.00175355
0.0014888
0.00202994
0.00183914
0.00179332
0.00188552
0.00186697
0.00203025
0.00191554
0.0020548
0.00308737
0.00170055
0.00156336
0.00160972
0.00160521
0.00137922
0.00219338
0.00165803
0.00135549
0.00135024
0.0019076
0.00189005
0.00197816
0.00207674
0.00202894
0.00179591
0.00212085
0.0024203
0.00159003
0.00115115
0.00172601
0.00146836
0.00122718
0.00130426
0.00155686
0.00176819
0.00167668
0.00209138
0.00237921
0.00248275
0.00207098
0.00159045
0.00115709
0.00245155
0.00201612
0.00191819
0.00184023
0.00191712
0.00200036
0.0013526
0.00128138
0.0014161
0.00117088
0.00152108
0.0011898
0.0011759
0.00119572
0.0011327
0.00129435
0.00125093
0.00130342
0.0011111
0.001235
0.00119623
0.00119718
0.0011716
0.00122267
0.00135783
0.00137943
0.0018742
0.00206742
0.00194924
0.00220934
0.00185094
0.00225289
0.00189213
0.00150673
0.00117626
0.00122492
0.00129436
0.00113146
0.00121252
0.00115423
0.00135985
0.00124473
0.00146217
0.00117783
0.00154102
0.00177019
0.00129545
0.00110868
0.00122653
0.00127847
0.00134856
0.00204106
0.0019398
0.00185851
0.00209894
0.00245894
0.00307773
0.00164941
0.00138808
0.00179399
0.00161618
0.00201251
0.00149704
0.00137784
0.00187035
0.00184951
0.00151423
0.00152543
0.00134904
0.00176517
0.00197594
0.00219915
0.00200367
0.00177628
0.00185745
0.0021227
0.00218936
0.00220813
0.00228586
0.00197315
0.0975288
0.00419423
0.0020723
0.00273532
0.0019935
0.00190125
0.00297272
0.00194725
0.00182392
0.00179357
0.00243579
0.00191045
0.00176995
0.00193131
0.00204969
0.00260123
0.00149999
0.00170005
0.00198791
0.0017278
0.00145456
0.0011168
0.00121101
0.00131086
0.00158883
0.00117354
0.00109647
0.00144658
0.00113528
0.00111335
0.0013173
0.00134772
0.00190372
0.00195426
0.0019515
0.00241998
0.00208147
0.00184073
0.00210426
0.00129842
0.00135767
0.00119769
0.00119611
0.00114754
0.00111305
0.00123579
0.00151486
0.00172688
0.00169644
0.00124508
0.00164214
0.00149697
0.00178298
0.00150057
0.0014058
0.00183522
0.00197628
0.0021731
0.0020106
0.00187264
0.00218678
0.00194882
0.00207615
0.00145618
0.00196258
0.00307456
0.00182006
0.00118281
0.00195997
0.00176461
0.00161046
0.0011515
0.0012552
0.00142525
0.00111599
0.00182078
0.00183468
0.00207196
0.00186507
0.00181289
0.00178026
0.00191131
0.00184439
0.00185358
0.00186948
0.00142073
0.00151865
0.00121006
0.00126557
0.00126151
0.00146485
0.00191851
0.00167929
0.0012397
0.00166653
0.00140486
0.00159076
0.00117214
0.00125498
0.00154259
0.0019399
0.00183542
0.00185915
0.00170584
0.00203607
0.00178646
0.00243185
0.00206829
0.00155497
0.00227057
0.00209035
0.00190361
0.00187615
0.00221476
0.0016029
0.00163967
0.00168812
0.00184969
0.00224274
0.00242206
0.00227585
0.00207241
0.0022554
0.00202192
