2.53244
2.29403
2.37322
2.49266
2.3684
2.28039
2.40812
2.51511
2.60604
2.30116
2.35611
2.44268
2.73087
2.56172
2.99633
2.48997
2.47348
2.68839
2.35004
2.72665
2.2769
2.40383
2.43101
2.56248
2.37396
2.39848
2.32082
2.44753
2.44034
2.37186
2.64245
2.37015
2.58593
2.5953
2.63243
2.32897
2.3075
2.3401
2.3171
2.88266
2.36988
2.35832
2.36996
2.42053
2.24314
2.2502
2.26512
2.32127
2.65384
2.49168
2.27979
2.67762
2.40568
2.4439
2.30947
2.31169
2.57712
2.28366
2.40736
2.73796
2.33581
2.35197
2.40957
2.40987
2.32253
2.38998
2.42127
2.29152
2.28192
2.3879
2.30312
2.68798
2.3815
2.84337
2.27951
2.29419
2.3614
2.45351
2.27974
2.30557
2.29811
2.65634
2.48342
2.29759
2.33911
2.3587
2.2858
2.32332
2.30428
2.46288
2.26386
2.25268
2.63875
2.67402
2.33308
2.32227
2.30553
2.28164
2.41006
2.32743
6.37933
6.41351
6.59774
6.57539
6.22779
6.41046
6.88059
6.5665
7.19696
6.20057
6.46375
6.46356
6.51664
6.22553
6.4874
6.52208
6.45973
6.77713
6.53318
6.49625
6.43686
6.29131
6.60926
6.26269
6.87967
7.33128
6.52928
6.92276
7.66012
6.62586
6.9863
6.50817
6.41418
6.83549
6.43699
6.36215
6.53553
6.95259
6.48246
6.78062
6.59616
6.44651
6.33389
6.90047
6.51815
6.68398
6.40989
6.38046
6.71245
7.13846
6.54881
6.61129
6.90134
6.3251
6.35179
6.96932
6.86944
6.19803
6.72125
6.85034
6.62028
6.40621
6.71991
6.61545
6.32048
6.53456
6.58163
6.49892
6.83549
6.49696
7.16369
6.58386
6.63928
6.81351
6.49362
6.97635
6.76161
6.48706
6.44447
6.33242
6.28899
6.20263
6.71845
6.20909
6.30703
6.44855
6.73337
6.49217
6.41115
7.08
6.66008
6.53601
6.13758
6.69469
6.48964
6.03602
6.49779
6.88747
6.7741
6.94661
11.1116
10.8032
12.3372
11.3835
10.5119
11.235
11.3263
10.7478
10.6061
10.9572
10.6789
10.7351
11.2163
10.6846
11.4447
11.3907
12.0335
12.0434
11.3664
11.2238
10.9611
11.006
10.4181
11.373
11.1807
11.0424
11.1165
10.6666
10.6852
10.8997
10.9344
10.4416
10.9597
10.9227
11.1412
11.6091
11.0816
11.2568
11.3383
11.0296
10.5954
11.3184
10.7983
11.0343
10.9507
11.742
11.4671
10.8203
10.6326
10.8159
10.9158
10.7
11.5439
10.7978
10.6831
12.1253
10.908
10.8274
11.3589
11.1747
11.166
12.042
10.9845
13.4145
13.2158
13.1721
11.4371
12.4021
11.7482
10.8379
10.8386
16.9102
15.4938
17.7671
13.4101
18.3026
10.881
18.1274
15.879
13.2623
11.3848
16.1115
10.8933
16.7233
10.1729
12.7229
11.979
12.6838
13.3343
15.5999
12.225
11.4597
12.2147
16.6746
11.8859
10.9613
11.1763
11.8143
11.8674
10.6187
16.0336
16.2785
16.7086
16.0228
15.5927
18.38
15.772
17.9154
16.8597
15.8373
16.6289
16.4425
17.7672
18.357
16.5914
15.6213
17.4534
16.9517
15.8515
15.0761
17.0326
16.3891
16.0195
16.2711
15.2704
16.2781
16.1016
17.1235
15.2898
17.084
15.6578
16.0509
16.6548
22.4934
15.6235
15.2085
16.1981
17.3395
16.8443
16.5361
17.0309
16.0914
17.1934
16.6119
17.5067
19.5284
16.5013
17.6907
16.0203
15.6803
16.2184
17.4532
16.6175
16.3301
16.123
15.5542
17.7172
16.2977
18.7087
16.7399
16.4903
15.9287
16.1771
15.3471
16.6739
17.604
15.6416
15.1119
15.9345
15.55
15.598
15.0062
15.4219
17.3732
19.3747
17.7453
16.317
15.2846
18.0627
16.3912
15.7978
18.3449
20.0002
15.604
15.5399
18.3021
17.7939
20.4028
22.1346
17.3623
15.1476
15.8374
18.168
23.2947
22.6587
19.1546
16.9339
16.9528
19.8489
16.2914
21.686
25.2332
27.5041
24.09
21.8774
26.7506
29.296
19.7326
20.3912
21.0202
22.969
21.1137
21.0358
22.1309
21.3139
20.493
22.052
23.7857
21.9933
22.0274
21.4122
21.7639
21.7885
21.9476
23.3551
21.8472
23.3268
22.5674
22.0486
20.8563
21.0061
20.8973
21.1255
21.4258
20.1766
23.9237
22.6913
21.0698
20.0465
21.1976
24.5345
19.7747
20.0872
22.1091
20.2774
20.6869
22.4574
29.0521
26.8868
22.1626
24.0093
19.5634
19.1625
19.0738
19.8587
19.4493
23.4584
20.871
20.7709
23.5885
25.0244
22.814
19.5531
20.0464
19.8783
19.5771
26.5498
23.2425
20.7586
24.5966
20.5053
27.5947
20.21
18.9556
21.343
23.8842
19.9918
20.7283
20.867
21.1391
21.003
18.8393
19.7038
19.6728
32.9875
20.0273
139.364
20.3916
23.8999
19.6018
21.3441
19.6699
19.3092
20.2151
22.5919
19.9515
20.4612
20.4854
22.0278
19.1414
24.8761
31.468
26.3031
24.4573
24.8306
26.8646
25.0988
30.3665
25.7853
24.91
25.8812
24.2456
31.4709
24.5302
25.2775
29.1002
25.829
30.9553
31.1844
24.1813
31.0469
25.6839
29.8521
32.5016
33.661
25.8426
26.6335
27.076
24.8241
24.3611
26.147
25.3398
25.1705
24.8442
25.09
29.3594
24.9792
24.6215
25.2227
24.3486
25.8332
25.3783
24.7578
25.9295
25.13
25.8383
25.3193
29.4573
25.2027
25.1646
24.5886
31.2601
24.767
28.7256
27.8512
25.9907
25.4004
24.7675
25.3201
30.4705
32.0612
31.4344
31.7279
27.1568
31.2908
26.1476
25.3353
23.8044
28.0945
28.9084
25.6925
24.4654
25.5382
24.441
26.2195
25.3518
26.2899
25.376
24.6173
31.2184
25.3936
28.2322
25.3
24.6557
25.1242
25.0147
25.7423
27.1719
25.7547
24.857
25.1322
30.0895
26.0082
26.4495
24.558
28.1111
31.5145
28.9674
32.2142
29.9607
566.791
41.1934
40.0297
36.9579
35.4299
29.5232
38.5977
31.5262
28.9219
30.9923
31.1522
29.8256
34.0218
28.8588
31.5657
30.7069
30.6324
30.9503
29.5799
29.0235
29.398
29.624
28.7707
29.5908
29.0964
37.7223
37.3733
35.6668
29.1782
37.4903
32.8619
36.55
36.2292
38.462
28.6314
29.3831
30.0179
29.7854
29.4712
36.4994
36.1028
29.9247
28.8148
32.1014
32.4009
30.8445
29.4344
31.451
29.9451
31.2168
31.6407
30.4931
29.9432
29.9587
31.3268
29.3778
29.7285
29.6477
30.9809
30.9259
32.1827
30.0179
31.1822
30.1578
38.7197
30.3991
29.0678
37.0991
35.1039
30.5155
36.3503
28.4516
28.755
29.5731
29.1055
28.8536
29.6577
31.0686
30.283
29.1479
29.9655
28.8945
30.5624
29.9838
28.6663
29.3231
29.9731
30.9895
29.1009
29.7266
29.5158
33.3053
28.7955
29.2425
29.0195
36.0935
32.6973
36.2142
28.8928
28.6484
