0.00161566
0.00113339
0.00159373
0.00187956
0.00189207
0.00208568
0.00199582
0.00192009
0.00148993
0.00228387
0.00216132
0.00182448
0.00124437
0.0014663
0.0018376
0.00138524
0.00142666
0.00149357
0.00145695
0.00171682
0.00234482
0.00209785
0.00156469
0.0015331
0.00181375
0.00184319
0.00197188
0.00223909
0.00237015
0.00190775
0.00227953
0.00188332
0.00151181
0.0017321
0.00147788
0.00120101
0.00142334
0.00163884
0.00212654
0.0018417
0.00118037
0.00121105
0.00160079
0.00168548
0.00126643
0.0018123
0.00141406
0.00137601
0.00210567
0.00185461
0.00193013
0.00177963
0.00195214
0.00196387
0.00158921
0.00113325
0.00123223
0.00140668
0.00152211
0.00133395
0.00133643
0.00149047
0.00129912
0.00130454
0.00246317
0.00123547
0.0012353
0.00153786
0.00169809
0.00163863
0.00178962
0.0014084
0.00191982
0.00192864
0.00208915
0.00214211
0.00200627
0.0025669
0.00220163
0.00180742
0.00179827
0.00224513
0.00197642
0.00167514
0.00131417
0.00114875
0.0015358
0.00208962
0.00191237
0.00146224
0.0018298
0.00160823
0.00212236
0.00209005
0.00231137
0.00182744
0.00206791
0.00188275
0.00110686
0.00137359
0.00158892
0.00143725
0.00169648
0.0011298
0.00162397
0.00122941
0.00149632
0.00123601
0.00140835
0.00219361
0.00120288
0.00125857
0.00112819
0.00137047
0.00152753
0.0016789
0.00193267
0.00180209
0.0019073
0.00201261
0.00193865
0.00186897
0.00131341
0.00128219
0.0017723
0.00131982
0.00135062
0.00127072
0.00139574
0.00180922
0.00163227
0.00174744
0.001729
0.0018472
0.00179911
0.00160884
0.00135863
0.00117044
0.00121838
0.00194852
0.00192974
0.00217386
0.00190498
0.00218638
0.00264102
0.00185057
0.00186664
0.00179226
0.00160967
0.00179614
0.00184217
0.00141989
0.00223304
0.00174698
0.0019983
0.00163995
0.00137925
0.00156517
0.00222763
0.00193094
0.00237735
0.00206762
0.00198602
0.00184288
0.00193445
0.00126536
0.00119524
0.0013722
0.0018709
0.00116087
0.00135254
0.00181027
0.00186039
0.0017395
0.00146891
0.00183038
0.00141842
0.00133154
0.00188946
0.00166457
0.00160801
0.0019272
0.00208572
0.00207815
0.00193122
0.00203706
0.00213441
0.00163145
0.00180461
0.00156589
0.00127209
0.00136673
0.00160307
0.00145218
0.00186951
0.001261
0.00118615
0.00118713
0.00120808
0.00207478
0.00124867
0.00120059
0.00139823
0.0021581
0.00209566
0.00200274
0.00201727
0.00198795
0.00214657
0.00188573
0.0011611
0.00116492
0.00120569
0.00169461
0.00133736
0.00144217
0.00142824
0.00137038
0.00119046
0.00274314
0.00136891
0.00153807
0.00120981
0.00124053
0.00115236
0.00151194
0.00121916
0.00134989
0.00254783
0.00223653
0.00191348
0.00207075
0.00206963
0.00207936
0.00126556
0.00125442
0.00217861
0.00173358
0.00131121
0.00146223
0.00139719
0.00143817
0.00123708
0.00131387
0.00128334
0.00119152
0.00159722
0.00133126
0.00114117
0.00181767
0.00120673
0.00153496
0.00201226
0.00257236
0.00219888
0.00200496
0.00188359
0.0019222
0.00127602
0.00230002
0.00116996
0.00163087
0.00161656
0.00119598
0.00173459
0.00133121
0.00223686
0.00141398
0.00118437
0.00127961
0.00160528
0.00144919
0.00138674
0.00127069
0.00147955
0.00200651
0.00213537
0.00213766
0.00187906
0.00211511
0.00174078
0.00192468
0.00147578
0.00150893
0.00189347
0.00139442
0.00148591
0.00146514
0.00172874
0.00169008
0.00132562
0.00121675
0.00179094
0.00171791
0.00147771
0.0016906
0.00164795
0.00243611
0.0024981
0.00236312
0.00195946
0.00224911
0.00136226
0.00120051
0.00132774
0.00124442
0.0013092
0.00249215
0.00164457
0.00179546
0.00185465
0.00132206
0.00159253
0.00139262
0.00150399
0.00110969
0.0014356
0.00160403
0.00203418
0.00200318
0.00258767
0.00198375
0.00207698
0.00197429
0.0021477
0.00211583
0.00155679
0.00190703
0.00169421
0.00175287
0.00147343
0.0014236
0.00182848
0.00172231
0.00153417
0.00166547
0.00156909
0.00152402
0.0017575
0.001748
0.00219215
0.00194928
0.00227901
0.00191708
0.00187791
0.00174061
0.0012121
0.00147568
0.00121348
0.00140217
0.00116181
0.00125108
0.00122648
0.00194675
0.00150454
0.00125197
0.00133796
0.00119811
0.00125794
0.00128208
0.00137969
0.00115701
0.00124037
0.00170272
0.00191222
0.00192953
0.00169977
0.00189801
0.00207326
0.00172048
0.0012683
0.00117218
0.00148524
0.00131567
0.00136339
0.00117626
0.00140474
0.00133619
0.00150564
0.00138357
0.00121974
0.00128229
0.00122233
0.00122302
0.00135293
0.0012966
0.00141044
0.00128917
0.0019177
0.00117472
0.00244209
0.00198873
0.00199365
0.0019763
0.001891
0.00179971
0.00200723
0.00114301
0.00113458
0.00201482
0.00216633
0.00128568
0.00155169
0.00150682
0.0012498
0.00180544
0.00126519
0.00115032
0.00118823
0.00128587
0.00125293
0.00219873
0.00199045
0.0020018
0.00205979
0.00211713
0.00209074
0.0015866
0.00128619
0.00142294
0.00147121
0.00141407
0.00126699
0.00165949
0.00176514
0.00239721
0.00193793
0.00184483
0.00128168
0.0020421
0.00248391
0.00176575
0.00224659
0.00195702
0.00225262
0.00192726
0.0019131
0.00179029
0.00190939
0.0023291
0.00133364
0.00193191
0.00113352
0.00209898
0.00163178
0.00188185
0.00140919
0.00172091
0.00157803
0.00128963
0.00172606
0.00193613
0.00149796
0.00189593
0.00255241
0.00197475
0.0018564
0.00184969
0.00188767
0.00159084
0.00118284
0.00133113
0.00183583
0.00116669
0.00124776
0.00123167
0.00143396
0.00128543
0.00133424
0.00170786
0.00252367
0.00115752
0.0011791
0.00255701
0.00187615
0.00175113
0.00185033
0.00211573
0.00185511
0.00204996
0.00195926
0.00174898
0.00114468
0.00113152
0.00150355
0.00123598
0.00169275
0.00131585
0.00119055
0.00147557
0.00170094
0.00131286
0.00176008
0.00171237
0.00166149
0.00115789
0.00153571
0.00115278
0.00111874
0.00175915
0.00204739
0.00206633
0.00181037
0.00190059
0.00207454
0.00123279
0.00124141
0.0012785
0.00124394
0.00159396
0.00185375
0.00161236
0.0019974
0.00214729
0.0023717
0.00200374
0.00203835
0.00265469
0.00229072
0.00200669
0.00219254
0.0020533
0.00183844
0.00193297
0.0021074
0.00144589
0.00171889
0.00179805
0.00329946
0.00236496
0.00222616
0.00174172
0.00278922
0.00231139
0.00285305
0.00279041
0.00290133
0.00247629
0.00316004
0.00182852
0.00401465
0.00210854
0.00185442
0.00174191
0.00179587
0.00176058
0.0015107
0.00123982
0.00184615
0.00143349
0.00117033
0.00115855
0.00110046
0.00145113
0.00138824
0.00179127
0.0024538
0.0020883
0.00208639
0.00264219
0.00204566
0.00207229
0.0016338
0.00163261
0.00217682
0.00120038
0.00125588
0.00143485
0.00166701
0.00143069
0.00116486
0.00142172
0.00116317
0.001255
0.00133195
0.00233055
0.00110489
0.00155564
0.00183429
0.00209651
0.00202731
0.00226401
0.00266181
0.00205588
0.00133451
0.00135315
0.00112597
0.00118509
0.00127203
0.00125758
0.00165817
0.00118008
0.00119979
0.00185086
0.00152074
0.00152638
0.00140978
0.00172082
0.00136769
0.0013212
0.00138688
0.00132963
0.00210077
0.00192597
0.00203019
0.00211112
0.00195329
0.00264551
0.00169426
0.00159367
0.00199187
0.00176857
0.00122071
0.002347
0.00200592
0.00129391
0.00115541
0.00162101
0.00116109
0.00109987
0.00117938
0.00142739
0.00139382
0.00139707
0.00160914
0.00213226
0.00204978
0.00182451
0.00190307
0.00198613
0.00184115
0.00117368
0.00110775
0.00116184
0.00178902
0.00130355
0.00121724
0.00136778
0.00121638
0.00129835
0.00115287
0.00135292
0.00157692
0.00145416
0.00121959
0.00111059
0.00137684
0.00163354
0.00135434
0.00166593
0.00186898
0.00204957
0.00219457
0.00192979
0.00187026
0.0020222
0.00206883
0.00192465
0.00164991
0.00162051
0.00182096
0.00161321
0.00179598
0.0013523
0.00137959
0.00130989
0.00134187
0.00113151
0.0013971
0.00131445
0.00148732
0.00172576
0.00195392
0.00238029
0.00197756
0.00198032
0.00235528
0.00162226
0.00136186
0.00127444
0.00156467
0.00123976
0.00120303
0.00208603
0.00159526
0.00157731
0.00209619
0.00189304
0.00193558
0.00153694
0.00217852
0.00143389
0.00224384
0.00246014
0.00213416
0.0019961
0.00202464
0.00166566
0.0012659
0.00162184
0.00170722
0.00227115
0.00200173
0.00206447
0.00146158
0.00158308
0.00177168
0.00123863
0.00142527
0.00134629
0.00201939
0.00145862
0.0014849
0.00198841
0.00182282
0.00206054
0.00195484
0.0020552
0.00212
0.00181046
0.00141167
0.00132312
0.00160761
0.00156134
0.00120968
0.00150929
0.00144027
0.00141135
0.00164624
0.00184974
0.00136607
0.00130631
0.00184198
0.00138707
0.00160611
0.00183344
0.00223187
0.00255174
0.00219769
0.00178129
0.00211597
0.00176317
0.00155681
0.00136959
0.00121468
0.00148996
0.00201975
0.00204019
0.0014929
0.0015756
0.00129165
0.00213534
0.00128789
0.00162359
0.00130395
0.00227027
0.00176068
0.0019856
0.00230206
0.00192329
0.00216782
0.00493855
0.00186407
0.00329324
0.00196156
0.00142539
0.00155294
0.00252043
0.00119891
0.00228273
0.00216519
0.00202062
0.00223234
0.00217577
0.00224752
0.00432956
0.00197042
0.00180782
0.00170295
0.00172593
0.00291927
0.00247678
0.00251885
0.00344638
0.00215757
0.00216455
0.00231779
0.00342835
0.00193519
0.00242514
0.00187156
0.00198824
0.00269131
0.00229619
0.00318639
0.00231815
0.00204967
0.00217198
0.00230369
0.00214165
0.00295584
0.00214479
0.00231998
0.00192755
0.0021309
0.00202467
0.00189345
0.00218607
0.00135927
0.00268715
0.00646602
0.0026866
0.0121852
0.00230904
0.002064
0.00213796
0.00218919
0.00612637
0.00332653
0.00209051
0.00200949
0.00225505
0.0019678
0.00332577
0.001745
0.00158536
0.00182189
0.00219906
0.00224082
0.00337428
0.00270817
0.00226214
0.00227191
0.00199403
0.00150734
0.00155877
0.00167952
0.00181975
0.00165503
0.0022637
0.00128706
0.00241276
0.00214734
0.00303907
0.00207064
0.00181864
0.00194568
0.00196247
0.00190622
0.00195141
0.00189982
0.0019195
0.00192395
0.0020801
0.00187125
0.00157257
0.00175774
0.00163084
0.00129855
0.001537
0.00200495
0.00170187
0.00123527
0.00225518
0.00183352
0.00212776
0.00212374
0.00244402
0.00269353
0.00192695
0.00210872
0.00229624
0.00159857
0.00150713
0.00152814
0.00114933
0.00140336
0.00124412
0.00148707
0.00185046
0.0019008
0.00246105
0.0021864
0.00204528
0.00215096
0.00191856
0.00195459
0.0022302
0.00199049
0.00203866
0.00209894
0.00213896
0.00192437
0.00202192
0.00165752
0.00161857
0.00227142
0.00128385
0.00119769
0.00135733
0.00161545
0.00149432
0.00126192
0.00119042
0.00137194
0.00142374
0.00197715
0.00208497
0.00263065
0.00199924
0.00254117
0.00203036
0.00181228
0.00122273
0.00172291
0.00193268
0.00119824
0.00142849
0.00119328
0.0015163
0.00217725
0.0196746
0.0113016
0.00176094
0.0020188
0.00135282
0.00147148
0.00192549
0.00149415
0.00217264
0.00180864
0.00125065
0.00126781
0.00148398
0.00147896
0.00164893
0.00168692
0.00206166
0.00213611
0.00244241
0.0021113
0.0021476
0.00207471
0.00142043
0.0012187
0.00130159
0.00152595
0.0015614
0.00187486
0.00123086
0.00136478
0.00144674
0.00146833
0.00134385
0.00140134
0.00151634
0.00155126
0.00123364
0.00130038
0.00174645
0.00129415
0.00196987
0.00197835
0.00202131
0.00192602
0.00203958
0.00185155
0.0016069
0.00159169
0.00123867
0.00119214
0.00131547
0.00119133
0.00120544
0.00128388
0.00129874
0.00121177
0.00191819
0.00138767
0.00145803
0.00223764
0.00212113
0.00173141
0.00131256
0.00194758
0.00222012
0.00183728
0.00185185
0.00190063
0.00222914
0.00119578
0.00146511
0.00185866
0.00180194
0.0124583
0.00215623
0.00221001
0.00336859
0.00325539
0.00371706
0.00205218
0.00267061
0.00208838
0.00210725
0.002192
0.00393759
0.00273116
0.0027313
0.00214833
0.00210046
0.00201318
0.00321143
0.00341285
0.00228966
0.00237769
0.00489206
0.0031518
0.00206572
0.00230809
0.00208587
0.00311081
0.00362044
0.00340431
0.0041325
0.00245748
0.00209282
0.0026443
0.00300201
0.00263589
0.00226199
0.00277986
0.00208364
0.00188115
0.00192453
0.00353689
0.00190512
0.00223705
0.00167193
0.00270027
0.00368807
0.00339816
0.00218672
0.00221261
0.00224223
0.0168699
0.00788581
0.00188034
0.00238622
0.00200498
0.00255893
0.00203536
0.00315223
0.00312326
0.002645
0.00225421
0.00228968
0.00207048
0.00214174
0.00231298
0.00173108
0.00207338
0.00159172
0.00163467
0.00199499
0.0030518
0.00240973
0.00222519
0.0020929
0.00201687
0.00197755
0.00141811
0.00124489
0.0015121
0.00176887
0.0019627
0.00194097
0.00155772
0.00180101
0.00181538
0.00161093
0.00203245
0.00151466
0.00189934
0.00197466
0.00188467
0.00200929
0.00203112
0.0021547
0.00196357
0.00153561
0.00160421
0.00240699
0.0012316
0.00160848
0.0013282
0.00124344
0.00136617
0.00162846
0.00120544
0.00112642
0.00116892
0.00127375
0.00235594
0.00192497
0.00198941
0.00207939
0.00236387
0.00225428
0.00218997
0.00215882
0.00167179
0.00144824
0.00167722
0.00183287
0.00130394
0.00216804
0.00162655
0.00177313
0.00124886
0.00174049
0.00163163
0.00125603
0.00123974
0.00221089
0.00138498
0.00190248
0.00192827
0.00201839
0.00196216
0.00198627
0.0022539
0.00168112
0.0012627
0.00130242
0.00133184
0.00190674
0.00121104
0.001279
0.00174665
0.00168063
0.00163424
0.0012259
0.00122007
0.00122564
0.00125874
0.00129655
0.00135564
0.00147863
0.0012538
0.00202319
0.00212337
0.00304804
0.00212461
0.00221521
0.0017636
0.00148101
0.00128655
0.00174027
0.00124216
0.00120405
0.00139063
0.00208469
0.00123602
0.00133261
0.0013
0.00157636
0.0014233
0.00153129
0.00147261
0.00207228
0.00143723
0.0017342
0.00212647
0.00200505
0.00220394
0.00208801
0.00205865
0.00192243
0.00129165
0.00140519
0.00133248
0.00141172
0.00129456
0.00124318
0.00132216
0.00149214
0.0013305
0.00158556
0.00195437
0.00136286
0.00116951
0.00116416
0.00118512
0.00142645
0.00197134
0.0022562
0.00206904
0.0026659
0.0026513
0.00171777
0.00138686
0.00178847
0.0013626
0.00132557
0.00121745
0.00138844
0.00240303
0.00169211
0.00138359
0.00123876
0.00121297
0.00145787
0.00140697
0.00165252
0.00134075
0.00156237
0.00222524
0.00203444
0.00239507
0.00200255
0.00226582
0.00206615
0.00134907
0.00142135
0.00196873
0.00257784
0.00166343
0.0014243
0.00128849
0.00188902
0.00232728
0.00130929
0.00187288
0.00262323
0.00229914
0.00201162
0.00230147
0.0026257
0.00253149
0.00201588
0.00137852
0.00186373
0.0020898
0.00213035
0.0019833
0.00215452
0.00128242
0.00174206
0.0014766
0.00153448
0.00131582
0.00175479
0.00127457
0.00129713
0.00201125
0.00217814
0.00198427
0.00199595
0.00203315
0.00227255
0.0020456
0.00124853
0.00134537
0.0012913
0.00165192
0.00164232
0.00167461
0.00126251
0.0013018
0.00129376
0.00121707
0.0014835
0.00137503
0.00118022
0.00119965
0.00123898
0.00122625
0.00128259
0.00223048
0.00202682
0.00244818
0.00205075
0.00227988
0.00209842
0.00136111
0.00123847
0.00170323
0.00134322
0.00161263
0.00137632
0.00174
0.00141427
0.00186665
0.00126794
0.00123325
0.00129736
0.00126237
0.00180016
0.00195082
0.00139577
0.00124974
0.00194455
0.00160222
0.00215736
0.00196264
0.0016937
0.0020164
0.00233162
0.00142365
0.00140178
0.00168933
0.00215861
0.00236602
0.0015234
0.00131871
0.00145184
0.00193644
0.00181675
0.00142483
0.00168803
0.00172572
0.00187508
0.0023006
0.0020866
0.00221167
0.00309496
0.00210306
0.00166678
0.00193434
0.00206805
0.00150505
0.00116702
0.00139471
0.00134618
0.00128679
0.00161068
0.00141928
0.00133928
0.00132338
0.00127193
0.00128305
0.00138215
0.00135362
0.00122029
0.0024875
0.00197921
0.00168663
0.00192018
0.00147601
0.00154135
0.00151838
0.00141614
0.00148436
0.00138515
0.00134426
0.0015216
0.00128729
0.0013072
0.00125101
0.00122034
0.00148593
0.00139878
0.00129264
0.00119505
0.00127325
0.00156001
0.0012392
0.00139691
0.00128195
0.00142894
0.00196975
0.00212204
0.00206807
0.00207677
0.00202272
0.0020333
0.00139364
0.0018629
0.00177867
0.00204126
0.00145937
0.00130118
0.0015873
0.00149719
0.00161252
0.00155867
0.00135323
0.00160131
0.00182028
0.00179464
0.00135525
0.00173927
0.00182899
0.00206833
0.00212643
0.00149768
0.0015723
0.00168154
0.00176963
0.00140093
0.00139101
0.00138617
0.00154766
0.00172381
0.00141996
0.00142034
0.00121436
0.00133479
0.00148544
0.00125163
0.00128076
0.00128349
0.00158568
0.002002
0.00296333
0.00201144
0.00222518
0.00160819
0.0016289
0.00195083
0.00173829
0.00235452
0.00235941
0.00209806
0.00181056
0.00137057
0.00180626
0.00145318
0.00208755
0.00147385
0.00133996
0.0014584
0.00172299
0.0013626
0.00137532
0.00148684
0.00175754
0.00138219
0.00188681
0.00129507
0.00124353
0.00162304
0.00125327
0.00184163
0.00154128
0.00142396
0.00183567
0.00170018
0.00136683
0.00120998
0.00124007
0.00127344
0.00128168
0.00128428
0.00177428
0.00167387
0.00124219
0.00142046
0.00141952
0.00169168
0.00143796
0.001833
0.00137541
0.00155299
0.00177654
0.00145426
0.00127811
0.00167499
0.00144797
0.00159111
0.0015169
0.00129563
0.00133063
0.00133022
0.00127096
0.00136315
0.00132616
0.00154384
0.00127725
0.00156347
0.00122371
0.00143975
0.00127811
0.00128108
0.00119154
0.00120171
0.00137975
0.00134691
0.00158697
0.00128036
0.00125588
0.00160173
0.0013225
0.00128592
0.00128638
0.001223
0.0013833
0.00157778
0.00130642
0.00122072
0.00135098
0.00129487
0.00133343
0.00123424
0.00150494
0.00145817
0.0011712
0.00134776
0.00132871
0.00137883
0.00131209
0.00232698
0.00171858
0.00153546
0.00129933
0.00133
0.00131904
0.00124913
0.00138352
0.00128092
0.00120218
0.001295
0.00128025
0.00140279
0.00135786
0.00143005
0.00130501
0.00119669
0.00128724
0.0016173
0.00144494
0.00120118
0.00155553
0.00172106
0.00173405
0.0012125
0.00124697
0.00135629
0.0012873
0.00126239
0.00122269
0.001495
0.00126613
0.00123637
0.00140726
0.0014113
0.00159405
0.00206758
0.0018687
0.00172499
0.00159958
0.00170453
0.00156178
0.00135093
0.00131014
0.00174559
0.00139877
0.00139399
0.00143555
0.00127368
0.00172205
0.00138065
0.0013668
0.00137801
0.00151981
0.00124862
0.00142346
0.00179057
0.0015571
0.00130441
0.00122153
0.00146057
0.0015318
0.00137737
0.00121032
0.00135615
0.00116231
0.00123207
0.00137003
0.00177922
0.00120657
0.00130935
0.00136202
0.00120121
0.00155787
0.00184056
0.00122581
0.001217
0.00129238
0.00144191
0.00123888
0.00151346
0.00122862
0.00129627
0.00117415
0.00119321
0.00127101
0.00127519
0.00137378
0.00199872
0.00208632
0.00215723
0.00261803
0.00133263
0.0012176
0.00140637
0.00121727
0.00133797
0.00126751
0.00119435
0.00139472
0.00128557
0.00128085
0.00145207
0.0012562
0.00122101
0.00126677
0.00126567
0.00132702
0.00118038
0.0012619
0.00126608
0.00148065
0.00202871
0.00247814
0.00222205
0.00206826
0.00207412
0.00155657
0.00136033
0.00138751
0.00127824
0.00127252
0.00147618
0.00126257
0.00122992
0.00143501
0.00119979
0.00127089
0.00117125
0.0011927
0.00120152
0.00119449
0.00127106
0.00123027
0.00123082
0.00128368
0.00151678
0.00207894
0.00208313
0.00180352
0.00126105
0.00133942
0.0014137
0.00149516
0.00128845
0.00135806
0.00131333
0.00161539
0.00127263
0.00157247
0.00122218
0.00120964
0.00130712
0.00126737
0.00121923
0.00119926
0.00139895
0.00126351
0.00122566
0.00119519
0.00123555
0.00120118
0.00131102
0.00142744
0.0012011
0.00119503
0.00115935
0.00121877
0.00126077
0.00126665
0.00134107
0.00126133
0.00121201
0.00124329
0.00120099
0.00139275
0.00137483
0.00132092
0.00139056
0.00133379
0.00143708
0.00124118
0.00140149
0.00148263
0.00125294
0.00127126
0.00129512
0.00131496
0.00124881
0.0011786
0.00123712
0.00141181
0.00121868
0.00127679
0.00182816
0.00124168
0.00234794
0.00205188
0.00178118
0.00202751
0.00214016
0.00142674
0.00130685
0.00124872
0.00144521
0.0015787
0.00124415
0.00132883
0.00119539
0.00130793
0.0014755
0.00149617
0.00145505
0.00141449
0.00129124
0.0015003
0.0012575
0.0016115
0.00157597
0.00233076
0.0021264
0.00202809
0.00211217
0.00215403
0.00185637
0.00210438
0.00144272
0.0015897
0.00187219
0.00122899
0.00156145
0.00190402
0.0024301
0.00148549
0.00146807
0.00202887
0.00248509
0.00182859
0.00126374
0.00207223
0.00201013
0.0019703
0.00193091
0.00287745
0.00218934
0.00277157
0.00169372
0.00214202
0.00221541
0.00180574
0.0013288
0.00164042
0.00168485
0.00162391
0.00133007
0.00148636
0.00200917
0.00126913
0.00190742
0.00210275
0.00277263
0.00209307
0.00212556
0.00191784
0.00184443
0.00151873
0.00185355
0.00130819
0.00174733
0.0013753
0.0014289
0.00161615
0.00171146
0.0014057
0.00131999
0.00128002
0.00140392
0.00119267
0.00120902
0.00140071
0.00166046
0.0015765
0.00203501
0.00194955
0.00194029
0.00198003
0.00200296
0.00191329
0.00128005
0.00126997
0.00131851
0.00123252
0.00126759
0.00119689
0.00119562
0.00120506
0.00130317
0.00160407
0.00136042
0.00126361
0.00128008
0.00191567
0.00129308
0.00120758
0.00129745
0.00122068
0.00128218
0.00204379
0.00201604
0.00201229
0.00204461
0.00142878
0.00202006
0.00173037
0.00154159
0.00176321
0.00149556
0.00158319
0.00122312
0.00131939
0.0013772
0.00158385
0.00138865
0.00120916
0.00134606
0.00119897
0.00126654
0.0012115
0.00120715
0.00144541
0.00128557
0.00126371
0.00122431
0.00193848
0.00164889
0.00156173
0.0019204
0.00180895
0.00209608
0.00209856
0.00195299
0.00143585
0.00177537
0.0013756
0.0013006
0.001249
0.00136759
0.00158076
0.00157188
0.00126141
0.00124788
0.00132694
0.00159361
0.00150501
0.00125599
0.00130496
0.00152991
0.00322338
0.00256213
0.0022703
0.00266812
0.00247614
0.00211821
0.00184832
0.00258147
0.00296067
0.00339069
0.004279
0.00198001
0.00170952
0.00140638
0.00150257
0.00237528
0.00215594
0.00258907
0.00372753
0.00156341
0.00418339
0.00282072
0.00607758
0.00219247
0.00280749
0.0022306
0.00297272
0.00208483
0.00165963
0.00171095
0.00492536
0.00139174
0.00164827
0.00173129
0.00585883
0.00204383
0.00168565
0.00208235
0.00178282
0.0013086
0.00126384
0.0016449
0.00216644
0.00277247
0.00196166
0.00224015
0.00235479
0.00230395
0.0012365
0.00156411
0.00238863
0.00172479
0.00199379
0.00159143
0.00144716
0.002006
0.0019672
0.00161954
0.00154726
0.00209665
0.00203393
0.00223139
0.00157563
0.00235174
0.00209233
0.00132869
0.00132085
0.00133677
0.00134256
0.00157668
0.00139553
0.00135183
0.00135679
0.00151182
0.00120385
0.00156038
0.00168973
0.00187175
0.00144859
0.00180006
0.00176739
0.00140636
0.00124598
0.00150042
0.00130478
0.00132279
0.0022279
0.00158541
0.00129848
0.00117742
0.00121202
0.00123817
0.00151483
0.00142761
0.00131571
0.00124959
0.00123606
0.00138251
0.00138887
0.00131584
0.00119264
0.00125801
0.00125485
0.00140332
0.00124017
0.00139279
0.00121068
0.00130069
0.00123676
0.00118406
0.00147432
0.00145645
0.00130212
0.00125759
0.00130691
0.00188268
0.0024694
0.00126382
0.00121926
0.0014628
0.00129889
0.00130403
0.00138296
0.00123353
0.00128135
0.00137863
0.0011862
0.00139299
0.0018221
0.00170405
0.00137241
0.00124394
0.00129547
0.00149851
0.00121463
0.00122973
0.00125412
0.00128773
0.00127879
0.00116358
0.00120787
0.00175325
0.00145125
0.00205055
0.00172568
0.00636332
0.00180473
0.00197808
0.00232613
0.00169047
0.0134993
0.00153232
0.00165854
0.00132005
0.00260769
0.00275063
0.00188047
0.00213135
0.001738
0.00155792
0.00174048
0.0014625
0.0021596
0.001824
0.00151536
0.00136426
0.00188409
0.00208312
0.0014809
0.00158512
0.00163042
0.00202241
0.00125596
0.00128
0.00134114
0.00178688
0.00132595
0.00153523
0.00210095
0.00127933
0.0012892
0.0012331
0.00169315
0.00145151
0.00125408
0.00137355
0.00151085
0.00137138
0.0015173
0.00130303
0.00128246
0.00123432
0.00128093
0.00171702
0.0014517
0.00146396
0.00121875
0.00126112
0.00128477
0.00149939
0.00148963
0.00145623
0.00147037
0.00177754
0.00373512
0.00182862
0.00189576
0.00241873
0.00222152
0.00286185
0.00191684
0.00150384
0.00285116
0.00148233
0.00131395
0.00136707
0.00138318
0.00180381
0.00206179
0.00135095
0.00357477
0.0542423
0.0196173
0.0029968
0.00132465
0.00220069
0.00188978
0.00134771
0.00128176
0.00188563
0.00224364
0.00202452
0.00202019
0.00174322
0.0022539
0.00120075
0.00147209
0.00183459
0.00165442
0.00143447
0.00252612
0.00160629
0.00131018
0.00179217
0.00127216
0.00138265
0.00126085
0.00116634
0.00123275
0.00137495
0.00141536
0.00201534
0.00150905
0.00135461
0.0019735
0.00140651
0.00169253
0.00166366
0.00132355
0.00126727
0.0015961
0.0012619
0.00135768
0.00156701
0.00122655
0.00128805
0.00122543
0.00119426
0.00126729
0.00173892
0.00127699
0.00135405
0.00120575
0.00125145
0.00121877
0.00140351
0.00153877
0.0011785
0.00140975
0.00133229
0.00124274
0.00126402
0.001512
0.00120664
0.00146429
0.00154382
0.00135072
0.00146093
0.00158428
0.00129263
0.00128783
0.00119968
0.00120776
0.00130766
0.0012127
0.00152526
0.00129174
0.00120755
0.00143689
0.00135778
0.00125721
0.0012147
0.00127525
0.00120054
0.00129228
0.00126586
0.00121164
0.00192348
0.00178186
0.00142997
0.00120805
0.00119198
0.00123108
0.00125931
0.00161395
0.00123913
0.00132232
0.00121038
0.00128613
0.00135303
0.00165806
0.00138111
0.00127082
0.00133975
0.00121971
0.00121204
0.00125857
0.00143145
0.00118979
0.00116584
0.00127327
0.00123414
0.00133077
0.00138691
0.00235287
0.00134235
0.00146783
0.00168083
0.00143319
0.0015242
0.00126466
0.00149703
0.00132778
0.00129131
0.00155212
0.00247618
0.00120164
0.00118458
0.00121692
0.00126502
0.00120115
0.00169909
0.00146336
0.00121603
0.00132881
0.00133635
0.00130968
0.00158044
0.00124427
0.00124239
0.00130306
0.00129651
0.00122225
0.00161533
0.00233371
0.00218481
0.00183317
0.00202739
0.00201271
0.00162959
0.00199827
0.00168032
0.00198516
0.00197286
0.00170451
0.00191809
0.00174395
0.00147167
0.00143129
0.00127495
0.00121696
0.00134136
0.00124686
0.00121076
0.00139545
0.00138762
0.00123646
0.00120026
0.00138173
0.00128469
0.00120945
0.00144793
0.00133382
0.00122249
0.00133532
0.00145369
0.00127229
0.00145299
0.001265
0.00117492
0.00135133
0.0013331
0.00120295
0.0012317
0.00128837
0.00118191
0.0013056
0.0012901
0.00121008
0.00116487
0.00117632
0.00130932
0.00125157
0.00118628
0.00121866
0.0013472
0.0014202
0.00145959
0.00119304
0.00129374
0.00124336
0.00138441
0.00145253
0.00132834
0.0013085
0.0012314
0.00129796
0.001311
0.0014932
0.00149453
0.00132492
0.00126551
0.00119269
0.00130451
0.00133183
0.00211838
0.00175485
0.00123802
0.00127643
0.00144651
0.00136881
0.00138621
0.00137941
0.00120149
0.00123879
0.00123518
0.00117389
0.00176975
0.00138503
0.00121906
0.00122294
0.00119908
0.00130535
0.00177135
0.00145221
0.00136654
0.00119545
0.00126413
0.00163983
0.00338511
0.00119683
0.00125535
0.00118927
0.00122044
0.00144677
0.00144572
0.00119302
0.00123488
0.00125291
0.00150851
0.00265737
0.00175544
0.00141803
0.00134054
0.00164912
0.00204377
0.00126357
0.00133375
0.00132592
0.00127659
0.00178554
0.00172503
0.00131808
0.0013033
0.00143587
0.00119989
0.00128513
0.0019017
0.0014641
0.00143199
0.00147777
0.00185931
0.00167321
0.00166004
0.00137707
0.00142468
0.00150365
0.00123297
0.00144391
0.00142042
0.00131103
0.00121839
0.00148349
0.00146878
0.00152494
0.0017272
0.00151978
0.00132511
0.00126567
0.00156498
0.00166691
0.00127671
0.00121646
0.00153384
0.00127182
0.00120929
0.00130349
0.00146773
0.00135861
0.001225
0.00121495
0.00130351
0.00195035
0.00173272
0.00172713
0.0012872
0.00134601
0.00157024
0.00126595
0.00192219
0.00119467
0.00126077
0.0012168
0.00117683
0.00134966
0.00119209
0.0013993
0.00118882
0.00127511
0.00126252
0.00159869
0.00175841
0.00209663
0.00131454
0.00129422
0.00164235
0.00164431
0.00173841
0.00124384
0.00126418
0.00117948
0.00126095
0.00125872
0.00179028
0.00126682
0.00121691
0.00121342
0.00125183
0.00149364
0.00191969
0.00163589
0.00125001
0.00123932
0.00135282
0.00126003
0.00178625
0.00123401
0.00119673
0.00118229
0.0011902
0.00118582
0.00131159
0.0015957
0.00122765
0.00118278
0.00126814
0.00145728
0.00159575
0.00169302
0.00166892
0.00150012
0.0012991
0.00125726
0.00173587
0.00138055
0.00121428
0.0012989
0.00128844
0.00119199
0.00122347
0.00185453
0.00125125
0.00125252
0.00120547
0.00125376
0.00125356
0.00152544
0.00147107
0.00148597
0.00132847
0.00121646
0.00122471
0.00130675
0.00152199
0.00123441
0.00133203
0.00132727
0.00124732
0.00118533
0.00120459
0.0013058
0.00122017
0.00121388
0.00119077
0.00121738
0.00136795
0.00158126
0.00142025
0.00126028
0.00128972
0.00127111
0.00133474
0.00121703
0.00119889
0.00119283
0.00120031
0.0012017
0.00120129
0.00127005
0.00125126
0.00125242
0.00134412
0.00134117
0.0011997
0.00126501
0.00154485
0.00126978
0.00128059
0.00125997
0.00129277
0.00121488
0.00129437
0.00134098
0.00126489
0.0012502
0.00122043
0.00120856
0.00120305
0.00121139
0.00146689
0.00128013
0.00141047
0.0012201
0.00121212
0.00127938
0.00117448
0.00129185
0.00117618
0.00135137
0.00140084
0.0012581
0.00121249
0.00127541
0.00123109
0.00122613
0.00128119
0.00120803
0.00122722
0.0012431
0.00130608
0.00120434
0.00121511
0.00118499
0.00120121
0.001172
0.00145639
0.00121897
0.00124473
0.00120892
0.00138672
0.00135916
0.00130517
0.00156698
0.0014406
0.00119855
0.0012054
0.00130811
0.00150059
0.00143334
0.00145284
0.00121656
0.00126028
0.0014627
0.0013289
0.00125946
0.00119749
0.00124452
0.00125598
0.00127997
0.00130063
0.00119226
0.00140188
0.00130318
0.00153905
0.00129281
0.00119034
0.00118351
0.00120097
0.00154406
0.00178886
0.00130062
0.00131299
0.00129428
0.00128208
0.00120159
0.00127582
0.00140972
0.00124013
0.00123261
0.00136585
0.00156824
0.00134516
0.00152153
0.0011994
0.00120843
0.00119957
0.00129226
0.00147261
0.00135808
0.00127015
0.00124382
0.0012958
0.00168599
0.00126913
0.00115927
0.00118403
0.00127836
0.00126828
0.00125256
0.00131331
0.00126147
0.00135993
0.00124096
0.00123783
0.00116408
0.00140529
0.00136466
0.00145119
0.00146188
0.00137366
0.00123494
0.00128537
0.00124192
0.0012153
0.00119213
0.0013437
0.00126771
0.00130254
0.00131855
0.00125995
0.00123449
0.00141519
0.00132396
0.0013014
0.00124111
0.00119191
0.00127893
0.00155445
0.00160201
0.00123572
0.00132623
0.0012466
0.00121104
0.00123879
0.00126752
0.00146762
0.00128232
0.00129536
0.00119784
0.0012236
0.00145645
0.00138973
0.0012344
0.00119726
0.00128607
0.00127752
0.00131812
0.00122593
0.00136403
0.00128779
0.00126192
0.00131302
0.00120832
0.00126346
0.00127245
0.00162259
0.00133075
0.0011597
0.00130646
0.00120707
0.00123537
0.00149691
0.00136702
0.00159709
0.00123003
0.00133179
0.00141621
0.00184859
0.00143602
0.00128261
0.00118205
0.00124981
0.00121325
0.00120882
0.00151867
0.00126456
0.00119831
0.00126089
0.00119392
0.0013496
0.00219156
0.0013711
0.00135341
0.00141242
0.00120953
0.00138506
0.00184445
0.0012355
0.00119637
0.00128353
0.00116385
0.00134267
0.00128266
0.00127447
0.00169446
0.00152313
0.001364
0.00141413
0.00133252
0.0012054
0.00147403
0.00129389
0.00139368
0.00182852
0.00132359
0.00143273
0.00142729
0.00135787
0.00123516
0.00129935
0.00129234
0.00120466
0.00138179
0.00157923
0.00127689
0.00124661
0.00144044
0.00168858
0.00126449
0.00131506
0.00133243
0.00145196
0.0012355
0.00128911
0.00126846
0.00129843
0.00149373
0.00133687
0.00124937
0.00157977
0.00130998
0.00150492
0.00128588
0.00126089
0.00145795
0.00137278
0.00160035
0.00119998
0.00161159
0.00146098
0.0014109
0.00117491
0.00151194
0.00133458
0.00120978
0.00122785
0.00119622
0.00129171
0.00124452
0.00120425
0.0017329
0.00129778
0.00127959
0.00124563
0.00131796
0.00160146
0.00116187
0.00133984
0.00164121
0.00156208
0.00125673
0.00183064
0.0017875
0.00138814
0.00125799
0.00120679
0.00141611
0.00128501
0.00164396
0.00127622
0.00120496
0.00120986
0.00133993
0.0021949
0.00136321
0.00140635
0.00153796
0.00128912
0.00167268
0.00182545
0.00144182
0.00128546
0.00134408
0.00148084
0.00169559
0.00166021
0.00120714
0.00120916
0.00116392
0.00128754
0.00160068
0.00134813
0.00124363
0.00129045
0.00128183
0.00128088
0.00123796
0.00158513
0.00126475
0.00118017
0.00119244
0.00133984
0.00135661
0.0015791
0.00159839
0.00125794
0.00123969
0.00119641
0.00137639
0.00125848
0.00152386
0.0015091
0.00160527
0.00125774
0.00126769
0.00131094
0.00134108
0.00152324
0.00119029
0.00119031
0.00126183
0.00130147
0.00144157
0.00126187
0.00134109
0.00121595
0.00116051
0.00122536
0.00132881
0.00166266
0.00137579
0.00130712
0.00151494
0.00122171
0.00121542
0.00147737
0.00123203
0.0014073
0.00124033
0.00121294
0.0012229
0.00122176
0.00137757
0.00122042
0.00120975
0.00123873
0.00119906
0.00119802
0.00123018
0.00150024
0.00148894
0.00146134
0.00132717
0.00127163
0.00117574
0.00128726
0.00130449
0.00124892
0.00119585
0.0015617
0.00135567
0.0013539
0.00127744
0.00120776
0.00128692
0.00159631
0.00123851
0.00119216
0.00134676
0.0014396
0.00140201
0.0014299
0.00122022
0.00170869
0.00127886
0.0013395
0.00131737
0.00120987
0.00121477
0.00120397
0.00128685
0.00124009
0.00121499
0.00121166
0.00129651
0.00122703
0.00122899
0.00136953
0.00131089
0.0014211
0.0013412
0.00124402
0.00118304
0.00127845
0.00136865
0.00131108
0.00120803
0.00121934
0.00139944
0.00122179
0.00126476
0.00131438
0.00121236
0.00120103
0.00131801
0.00122108
0.00126571
0.00153628
0.00164857
0.00128737
0.00145931
0.00133303
0.00121309
0.00123071
0.00136437
0.00124749
0.00121868
0.00125454
0.00120363
0.00133586
0.00125866
0.00124742
0.00122323
0.0013374
0.00138227
0.00128062
0.00143407
0.00162686
0.00185304
0.00133264
0.00133385
0.00126827
0.0012787
0.0017558
0.00125554
0.00121108
0.00137965
0.00123822
0.00138244
0.00166787
0.00118743
0.0011657
0.00127729
0.00147899
0.00124536
0.00133184
0.00153848
0.00156232
0.00128089
0.00126119
0.0012137
0.00142386
0.00162584
0.00138556
0.00126647
0.00154133
0.00142702
0.00132076
0.00139147
0.00125148
0.00122241
0.001361
0.00132339
0.00125304
0.00122509
0.00141478
0.00129294
0.00171316
0.00129284
0.00122545
0.00131665
0.00146361
0.00126864
0.00119173
0.00122386
0.00124955
0.00136935
0.00130847
0.0012718
0.00121379
0.00135004
0.00119726
0.00124401
0.00126782
0.00148224
0.00177255
0.001257
0.00139996
0.00124949
0.00138323
0.00153021
0.00160762
0.00128078
0.00130228
0.00121419
0.00125891
0.00133959
0.00139175
0.00119007
0.0011989
0.00138413
0.00126374
0.00127489
0.00153033
0.00173663
0.00120719
0.00135972
0.00123805
0.00121744
0.00138326
0.00126118
0.00126493
0.00123251
0.00138013
0.00123755
0.00119087
0.00138524
0.00121711
0.0012076
0.00125288
0.00125306
0.00119597
0.00146553
0.00162945
0.00130613
0.00127095
0.00128098
0.00128666
0.00127181
0.00121407
0.00121737
0.00137774
0.00124472
0.00123538
0.00265679
0.00995706
0.00278423
0.00215997
0.00983918
0.00241075
0.00143781
0.00499997
0.00286188
0.00261266
0.0020022
0.00291287
0.00220734
0.00726855
0.00250422
0.0012857
0.00326233
0.00214211
0.00156242
0.00204837
0.00224453
0.00125127
0.00549169
0.00139248
0.00245884
0.00133973
0.00137705
0.00253376
0.00211066
0.0018231
0.0031443
0.00155004
0.00368195
0.00199785
0.00204603
0.0018083
0.00309602
0.00199229
0.00204943
0.00125663
0.00147225
0.00190939
0.00142605
0.00121363
0.00123401
0.0012024
0.00128644
0.00163732
0.00137584
0.0013698
0.00127535
0.00118321
0.00121344
0.00121272
0.00139332
0.00123423
0.00123622
0.00127714
0.00159427
0.00202776
0.00157895
0.00128557
0.00130811
0.00132475
0.00137732
0.00138803
0.00122276
0.00140747
0.00135473
0.00119732
0.00151752
0.00136684
0.00130522
0.00120194
0.00119923
0.00122068
0.00124168
0.00178782
0.00159203
0.00143465
0.00121983
0.00140517
0.00146073
0.00134244
0.00126416
0.0013042
0.0012346
0.00149445
0.00146191
0.00123179
0.0012165
0.00119691
0.00130937
0.00123829
0.00125686
0.0014245
0.00193585
0.00130075
0.00166322
0.0014241
0.00145382
0.00142906
0.00123593
0.00189706
0.00160691
0.0016009
0.00140716
0.00128815
0.00135618
0.0012963
0.00131055
0.00121805
0.00127971
0.0015711
0.00136893
0.00144819
0.0016887
0.00143488
0.00122174
0.00120256
0.00135323
0.00124173
0.00124578
0.00117031
0.00123038
0.00129244
0.00130276
0.00136227
0.00138491
0.00119569
0.00151337
0.00124958
0.00136072
0.00145608
0.00125562
0.00159076
0.00125644
0.00124726
0.00121674
0.00121703
0.00121571
0.00119241
0.00145097
0.00130444
0.00133193
0.001221
0.00123061
0.00119145
0.00119534
0.00123707
0.00125502
0.00131919
0.00134153
0.00128889
0.00136273
0.00226478
0.00138614
0.00120075
0.00123375
0.00139374
0.0014079
0.00121497
0.00120521
0.00122871
0.00121174
0.00119219
0.00124144
0.0016347
0.00119983
0.00122179
0.00164997
0.00133714
0.00129349
0.00137744
0.00135916
0.00136162
0.00139839
0.00124789
0.00126848
0.00125555
0.00120647
0.00126238
0.00123136
0.00124177
0.00121696
0.0013972
0.00123212
0.00125227
0.00164418
0.00153594
0.00117563
0.00124192
0.00131878
0.00122074
0.00120012
0.00126951
0.00120466
0.00119494
0.00119775
0.00125499
0.00140432
0.00163439
0.00122648
0.0013211
0.00123067
0.00125242
0.00135244
0.00169486
0.00135793
0.00124663
0.00124965
0.00146597
0.0014419
0.00122151
0.00125956
0.00129952
0.00126697
0.0012859
0.0012469
0.00135831
0.00128666
0.0015467
0.00121613
0.00125789
0.00139226
0.00125451
0.00143507
0.00132582
0.00172592
0.00144911
0.00127904
0.00120839
0.00141086
0.00133812
0.00118047
0.00127401
0.00138664
0.00132831
0.00145091
0.0015639
0.0018537
0.0013483
0.00144016
0.00116667
0.00144237
0.00140297
0.00139038
0.00127569
0.00152725
0.00146092
0.00203123
0.00121334
0.00129635
0.00127396
0.00121656
0.00132047
0.00148619
0.00119458
0.00128323
0.00138241
0.00125425
0.00124876
0.00146952
0.00156667
0.00142788
0.00127852
0.00130964
0.00166531
0.00143186
0.0011923
0.00123719
0.00124018
0.00130382
0.00132004
0.001423
0.00137206
0.00121556
0.00142507
0.00134311
0.00128283
0.00117488
0.00123963
0.00144666
0.00126208
0.001215
0.00123006
0.00141076
0.00183379
0.00117461
0.00120105
0.0012868
0.00118033
0.00124143
0.00137038
0.00133767
0.00126881
0.00121929
0.00145115
0.00123136
0.00137575
0.00144496
0.00122926
0.00127558
0.00127305
0.00129251
0.00125657
0.00131688
0.00138896
0.00119348
0.00118318
0.00121832
0.00138835
0.00146604
0.00145663
0.00119077
0.00120832
0.00141394
0.00137005
0.00127601
0.00131446
0.0012504
0.00125563
0.00138159
0.00128653
0.00148096
0.00162925
0.0014856
0.00121355
0.00118967
0.00132935
0.00120743
0.00123371
0.00134687
0.00115855
0.00124724
0.00128505
0.0018443
0.00121747
0.00121661
0.0015413
0.00145371
0.00123543
0.00119185
0.00120324
0.00129178
0.00140428
0.0012388
0.00124725
0.00136851
0.001276
0.00123364
0.00130908
0.00142695
0.00121161
0.00130484
0.00121783
0.00132718
0.00128809
0.00127625
0.00166132
0.00155479
0.00131289
0.00125497
0.00122646
0.00140608
0.00128141
0.00137439
0.00259874
0.0147921
0.00413809
0.00202557
0.00190787
0.00132672
0.00170867
0.00531403
0.00215759
0.00177854
0.00356932
0.0114616
0.0232793
0.00136121
0.00153513
0.0014563
0.00138835
0.0077972
0.00134089
0.00125449
0.0019525
0.00304662
0.00190409
0.00186074
0.00147315
0.00237897
0.00133418
0.00122345
0.00126194
0.00150026
0.00129742
0.00140891
0.00119942
0.00125314
0.00147335
0.00125692
0.00124479
0.00130773
0.00129128
0.00140379
0.00138898
0.00126345
0.00121699
0.00168213
0.0013441
0.00120218
0.00119551
0.00129761
0.00118127
0.00142258
0.00140434
0.00123357
0.00131602
0.00120551
0.00117913
0.00123089
0.00122777
0.00121074
0.00129696
0.00139654
0.00142177
0.0013804
0.00155883
0.00126685
0.00123975
0.00124442
0.00120521
0.00119349
0.00126197
0.00118496
0.00148054
0.00126208
0.00115993
0.00124543
0.00151195
0.00145787
0.0014955
0.0011911
0.0015039
0.00133764
0.00130532
0.00120948
0.00120704
0.00123907
0.00122786
0.00120808
0.00133764
0.00130202
0.00150515
0.00124544
0.0013035
0.00120899
0.00122482
0.00135749
0.00127745
0.0012462
0.00147029
0.00123641
0.00128404
0.00137994
0.00125662
0.00124536
0.00123656
0.00122848
0.00124598
0.00137475
0.00137014
0.00139724
0.00118692
0.00141945
0.00129535
0.00166377
0.00125091
0.00121718
0.0012693
0.00120229
0.00123415
0.00142118
0.00185136
0.00141572
0.00124102
0.00123014
0.00134685
0.00126631
0.00116771
0.00123643
0.00127919
0.00128726
0.00134647
0.00116099
0.00148903
0.0017
0.00116305
0.00129726
0.00130557
0.00127281
0.00145957
0.00130356
0.00120508
0.00119266
0.00147451
0.00120165
0.00134066
0.00125891
0.00119172
0.00125421
0.00120031
0.001299
0.00124919
0.0012763
0.00116482
0.00134001
0.00139925
0.00123897
0.00129867
0.00129915
0.00138674
0.00128515
0.00125473
0.00121226
0.00125971
0.00136028
0.00119229
0.00118781
0.00126156
0.0012177
0.00124862
0.00134214
0.00120423
0.00130691
0.00139446
0.00132105
0.00120019
0.00125731
0.0011875
0.00133103
0.00144263
0.00121689
0.00120359
0.00127436
0.00134852
0.00127096
0.00128872
0.00126927
0.00116264
0.00127844
0.00122485
0.00127402
0.00121294
0.00117094
0.00118342
0.00119672
0.00121681
0.00121621
0.00132653
0.00120365
0.00127754
0.00118112
0.00119746
0.00121394
0.00123721
0.00119106
0.0011967
0.00118128
0.00123437
0.00128496
0.00136495
0.00139684
0.00162621
0.00127368
0.00121223
0.00149644
0.00144068
0.0014945
0.00130228
0.00121462
0.00127879
0.0012535
0.00122398
0.00129508
0.00120493
0.00119977
0.00123381
0.00121026
0.00122302
0.00137188
0.0013884
0.00116938
0.00116113
0.00129885
0.00140196
0.00116449
0.00123494
0.00130651
0.00125451
0.00121684
0.00121063
0.00135279
0.00118161
0.00122344
0.00125755
0.00116294
0.00127797
0.00130737
0.0011987
0.00133264
0.00120832
0.00149858
0.0013726
0.00125877
0.00134405
0.00120894
0.00116416
0.0012769
0.00141395
0.00122773
0.00128312
0.00125632
0.00135191
0.00123874
0.00139807
0.00122136
0.0012218
0.0012065
0.00118555
0.00130699
0.00156661
0.00129419
0.00133299
0.00138923
0.00145253
0.00123514
0.00130141
0.00119508
0.00127609
0.00121449
0.00122381
0.00125508
0.00122818
0.00146716
0.00127205
0.00128596
0.00120894
0.00122919
0.00130405
0.00125588
0.00117263
0.00126288
0.00140029
0.00131836
0.00133466
0.00119114
0.00117309
0.00126034
0.00129106
0.00126905
0.00145308
0.00123998
0.00121041
0.00179431
0.00152615
0.00136363
0.00122277
0.00123914
0.00118611
0.00134827
0.00125396
0.00179988
0.00139324
0.00135948
0.00127506
0.00139259
0.00121844
0.00117575
0.00136657
0.00142207
0.00133664
0.00132288
0.00149957
0.00122492
0.00131915
0.00135759
0.00126289
0.00120664
0.0012621
0.00123439
0.00135238
0.00128034
0.0013739
0.00151706
0.00146142
0.00184261
0.00131712
0.00142501
0.00137291
0.00132221
0.00205608
0.0012069
0.00123151
0.00127666
0.00118357
0.00125025
0.00126018
0.00200434
0.0015542
0.0013591
0.00134499
0.00131192
0.00153739
0.00137151
0.00124204
0.00152148
0.00115425
0.00120318
0.0014241
0.0017348
0.00129883
0.00117161
0.00114071
0.00128395
0.0013735
0.00173032
0.00200247
0.00122701
0.0012272
0.00128666
0.00130479
0.00132801
0.00137102
0.00116549
0.00127882
0.001293
0.00116058
0.00126396
0.00146844
0.00133162
0.00119898
0.00118343
0.00116112
0.00156189
0.00126814
0.00128906
0.00117948
0.00117705
0.00118845
0.00122077
0.00137878
0.00129519
0.00146505
0.00127981
0.00129222
0.0011545
0.00117921
0.00124184
0.00129722
0.00118043
0.00118029
0.00117923
0.00121718
0.0011258
0.0011598
0.00130728
0.0016544
0.00140838
0.00149668
0.00124439
0.00136835
0.00124765
0.00132647
0.00134655
0.00144061
0.00124638
0.00116812
0.00122759
0.00132893
0.00139904
0.00130943
0.00125132
0.00124056
0.001196
0.00120571
0.0017214
0.0012406
0.00116952
0.00116174
0.00115968
0.00127636
0.00145762
0.00150418
0.00154074
0.00142937
0.00119247
0.00119231
0.00138991
0.00150766
0.00128009
0.0012409
0.00122484
0.00118463
0.00113295
0.00145989
0.00120248
0.00118299
0.00121683
0.00130679
0.0012303
0.00135175
0.00155755
0.00121214
0.00143599
0.00118419
0.00124568
0.00114742
0.00124197
0.0015795
0.00117626
0.00119538
0.00116031
0.001158
0.0012216
0.00144774
0.00127192
0.00116705
0.0011959
0.00116875
0.00126864
0.00126554
0.00156134
0.00149372
0.00151899
0.00119211
0.00117767
0.00125157
0.00136971
0.0014062
0.00117861
0.00114317
0.0012754
0.00123658
0.0011924
0.00164101
0.00128349
0.00117058
0.00121499
0.00122754
0.00119209
0.00117952
0.00141217
0.00121427
0.00140994
0.00126373
0.00126936
0.00143977
0.00126381
0.00120318
0.00127346
0.00137735
0.00120331
0.00118185
0.00119092
0.00119424
0.00128286
0.00119063
0.00123464
0.00120979
0.00129725
0.00121921
0.00118381
0.00116641
0.00116428
0.00119201
0.00116364
0.00126295
0.0012195
0.00147228
0.00140249
0.00120254
0.0011576
0.00145202
0.00168118
0.00124525
0.00126121
0.00120227
0.0018711
0.00124365
0.00122113
0.00130437
0.00120473
0.00118276
0.00114864
0.00117553
0.00116003
0.00116936
0.00115765
0.00124637
0.00119499
0.0012962
0.00126786
0.0015366
0.00144968
0.0014625
0.00141158
0.00138476
0.00119779
0.00126426
0.00121709
0.00131212
0.00143132
0.00133004
0.00115885
0.00130238
0.00126586
0.00116235
0.00117736
0.00122532
0.00119501
0.00116338
0.00125664
0.00129639
0.001225
0.00119576
0.00133536
0.00117758
0.00132767
0.00121488
0.00127648
0.00116684
0.00141818
0.0015292
0.00115785
0.00117829
0.00138553
0.00117153
0.00125484
0.00123666
0.00116442
0.00114728
0.00124928
0.00127086
0.00123311
0.00130747
0.00188734
0.00120331
0.00125363
0.0011853
0.00112986
0.00125184
0.00162194
0.00165045
0.00127187
0.00116826
0.00117433
0.00129134
0.00130036
0.00157198
0.00113366
0.00118399
0.00119447
0.00124999
0.00122453
0.00151076
0.00138251
0.00116812
0.00116905
0.00120084
0.0011981
0.00128515
0.00230763
0.00126875
0.00114989
0.00142436
0.00120787
0.00126692
0.00138396
0.00117074
0.0012186
0.00126212
0.00113655
0.00130033
0.00151639
0.00119175
0.00143003
0.00123433
0.00117194
0.00118788
0.00123021
0.00120224
0.00150337
0.00118454
0.00122732
0.00121244
0.00125755
0.00117976
0.00118542
0.00148522
0.0011695
0.00117178
0.00117999
0.00125752
0.00120526
0.00117754
0.00153113
0.0013293
0.00116248
0.00120404
0.00116989
0.00120973
0.00137312
0.00123516
0.00117677
0.00126807
0.00126271
0.0012503
0.00115061
0.0013721
0.00116255
0.00116614
0.00134016
0.00136073
0.00115287
0.00131635
0.00128635
0.00167138
0.00122168
0.00162034
0.00124181
0.00136287
0.00149843
0.00115244
0.0012427
0.00140463
0.00119206
0.00116398
0.00114106
0.00142845
0.00114295
0.00121914
0.00131202
0.00118769
0.00121351
0.00112323
0.0012751
0.00229999
0.00117945
0.00121553
0.00122237
0.00140602
0.0016649
0.00127129
0.00118096
0.00122144
0.00115955
0.00119784
0.00113407
0.00123478
0.00136081
0.00119927
0.00120528
0.00117932
0.00127105
0.00117219
0.00126348
0.00128563
0.00126681
0.00115662
0.00124499
0.00150749
0.00138983
0.00137513
0.00112264
0.00126296
0.00115286
0.00112539
0.00113602
0.00120164
0.00116586
0.0011722
0.00117595
0.00128045
0.00125852
0.00122237
0.00142264
0.00127633
0.00129174
0.00121298
0.00116233
0.0013332
0.0013275
0.00123678
0.00125827
0.00118854
0.00123312
0.00122034
0.00116846
0.00121674
0.00125974
0.00136111
0.00116022
0.00124636
0.00117602
0.00115511
0.00134212
0.00122573
0.00147867
0.00121043
0.00129748
0.00154492
0.00169636
0.00116715
0.00130521
0.0012695
0.00126437
0.00129395
0.00118528
0.00135884
0.00123162
0.00115083
0.0012081
0.00119171
0.00121667
0.00117454
0.00123336
0.00135336
0.00131675
0.00120877
0.00118549
0.00143842
0.00130644
0.00119474
0.00115649
0.00117175
0.0011716
0.00130111
0.00115987
0.00115787
0.00115572
0.00142731
0.00124215
0.00123017
0.00120566
0.00126147
0.00114101
0.00124722
0.001597
0.00135281
0.0018097
0.00194017
0.00123026
0.00115851
0.00125349
0.00133107
0.00115661
0.00118574
0.00113438
0.00117701
0.00114967
0.00128421
0.00116402
0.00133146
0.00121722
0.00120983
0.00118694
0.00135366
0.00137351
0.00135018
0.00125497
0.00133586
0.00126744
0.00128534
0.00143605
0.00125446
0.00123565
0.00114849
0.00126058
0.00124008
0.00117837
0.00124855
0.001378
0.00147763
0.00119643
0.00113302
0.00112796
0.00139032
0.00125044
0.00137033
0.00120574
0.00113292
0.00114858
0.00121786
0.00115841
0.00123221
0.00113364
0.00118447
0.00119198
0.0011248
0.00120697
0.00115036
0.00123722
0.00116994
0.00135283
0.00117084
0.0012483
0.00123682
0.0012035
0.00121397
0.0012041
0.00118304
0.0011861
0.00141065
0.00117451
0.001194
0.00119194
0.00116753
0.00115104
0.00117033
0.00127284
0.0013214
0.00139532
0.00126197
0.00121874
0.00134164
0.00186212
0.00125364
0.00120926
0.0013808
0.00149552
0.00163758
0.0015353
0.00137215
0.00117424
0.00128726
0.00109759
0.00116305
0.00112168
0.00128705
0.00113245
0.00114938
0.00135229
0.00125244
0.00120196
0.00112144
0.0015505
0.00120342
0.00121925
0.00117732
0.00118666
0.00119196
0.00119073
0.00139252
0.00124503
0.00113389
0.00121011
0.00123269
0.00130324
0.00111389
0.00111623
0.00113129
0.00124075
0.00119946
0.00131896
0.0013731
0.00113277
0.00180545
0.00125825
0.00116356
0.00137257
0.00134274
0.00113202
0.00133605
0.00119288
0.00115421
0.00117108
0.00134708
0.00121169
0.00115515
0.00113433
0.00109649
0.00115357
0.00118724
0.00125157
0.00121657
0.00130096
0.00120989
0.00122581
0.00112106
0.0011262
0.0012168
0.0013111
0.00143289
0.00154091
0.00119352
0.00110915
0.00117868
0.00133871
0.001227
0.00113474
0.00174712
0.00125473
0.00113522
0.00129545
0.00142192
0.00160948
0.00127075
0.00125877
0.00118953
0.0013615
0.00164406
0.00122856
0.00131862
0.00125469
0.00114892
0.00130235
0.00152418
0.00123595
0.00120426
0.0011334
0.00111376
0.00117319
0.00111667
0.00130396
0.00152396
0.00113676
0.00113304
0.00129484
0.00130811
0.00124493
0.00208062
0.00119956
0.0012661
0.00125322
0.00118478
0.00154308
0.00168651
0.00114965
0.00114455
0.00126275
0.0013893
0.00127071
0.0018978
0.00122372
0.00126353
0.00154558
0.00147079
0.00122036
0.00114234
0.00140002
0.0013884
0.00128933
0.001168
0.00124668
0.00118086
0.00130983
0.001164
0.00113673
0.00126542
0.00109248
0.00114444
0.00127386
0.00134699
0.00140018
0.00131088
0.00138273
0.00122206
0.00131905
0.0011218
0.00155539
0.00161179
0.00122353
0.00114222
0.00115111
0.00121823
0.00119577
0.00140824
0.00115202
0.00118111
0.00123177
0.00131256
0.00116927
0.00138523
0.00123964
0.0012744
0.00123039
0.00121223
0.00117094
0.00112429
0.00128377
0.00134044
0.00153417
0.0014981
0.00129041
0.00143114
0.00137216
0.0011405
0.00117403
0.00113711
0.00113718
0.00113665
0.00117846
0.00124227
0.00148513
0.00128119
0.00143972
0.00157512
0.00109804
0.00123092
0.00118287
0.0013633
0.00111489
0.00114028
0.00115721
0.00114918
0.00115215
0.00113571
0.00113226
0.00121376
0.0011491
0.00113208
0.00118866
0.00122119
0.00131701
0.00124315
0.00116334
0.00119026
0.00152431
0.00118967
0.00115688
0.00129338
0.00179348
0.00120781
0.00111651
0.00136983
0.00127432
0.00132234
0.00132721
0.00111303
0.001094
0.00115406
0.00121289
0.00113127
0.00121859
0.00140614
0.00108979
0.00109979
0.00121052
0.00172462
0.00122496
0.0012683
0.00128992
0.00122021
0.00121157
0.00125018
0.00131121
0.00123071
0.00132636
0.00115408
0.0011292
0.00113524
0.00119118
0.0011513
0.00114687
0.00118749
0.00114287
0.00109778
0.00116155
0.00121612
0.00120264
0.00109427
0.0013316
0.00117397
0.00115701
0.00115601
0.0012036
0.00136219
0.00112968
0.00122295
0.00129519
0.00123934
0.00123383
0.0013064
0.0014523
0.00192716
0.0012468
0.0012448
0.00131131
0.00119196
0.00122947
0.00127161
0.00125627
0.00130286
0.00114888
0.00124928
0.00109789
0.00123542
0.00121345
0.00128561
0.00117844
0.00124032
0.00118331
0.0013206
0.00122264
0.00110637
0.00121325
0.00135372
0.00120535
0.0015541
0.0013079
0.00150857
0.00120824
0.0012287
0.00136524
0.00122315
0.00135181
0.00111931
0.00128248
0.0011285
0.00112252
0.00127896
0.0011919
0.00114593
0.00172869
0.00125185
0.00115954
0.0011556
0.00160138
0.0011215
0.00112452
0.001294
0.00119613
0.00125858
0.0012352
0.00147878
0.00144056
0.00127408
0.00121551
0.00114769
0.00112759
0.00112715
0.00139082
0.00111473
0.00114276
0.00126292
0.00125202
0.00113556
0.00129188
0.00160252
0.00114076
0.00116877
0.00127966
0.00115606
0.00193444
0.0013095
0.0011486
0.00123024
0.00128517
0.00134186
0.00113053
0.00123359
0.00131144
0.00114527
0.00111552
0.00113691
0.00119296
0.00120066
0.00129447
0.00140972
0.00112589
0.00115296
0.00119303
0.00124751
0.00138316
0.0016239
0.0012702
0.00113683
0.00145591
0.00113423
0.00116247
0.00112889
0.00123231
0.00116435
0.0012114
0.00114708
0.00117536
0.0010967
0.00130275
0.00147719
0.001241
0.00112321
0.00115732
0.00118948
0.00112852
0.00150373
0.00157365
0.00113174
0.00114674
0.00113925
0.00119358
0.00124715
0.00113468
0.00137422
0.0011496
0.00116549
0.00122482
0.00116503
0.00114268
0.00116126
0.00141377
0.00117735
0.00115839
0.00114801
0.00128216
0.00142796
0.00119985
0.00117025
0.00122923
0.00131679
0.00117716
0.00119773
0.0010996
0.00121859
0.00116299
0.00123532
0.00113732
0.0011149
0.00151555
0.00118075
0.001325
0.00130663
0.00114698
0.00126189
0.00125204
0.00149508
0.00135981
0.00117065
0.00123001
0.00118709
0.00128874
0.00126603
0.00114052
0.00117235
0.00121663
0.0011871
0.00121549
0.00119664
0.00112086
0.00126355
0.00111963
0.00112672
0.00110374
0.0012567
0.00115596
0.00120176
0.0011147
0.00116588
0.00131411
0.00115535
0.00114714
0.00118635
0.00113163
0.00120324
0.00112897
0.00122919
0.0013219
0.00115393
0.00117472
0.00117931
0.00172639
0.00137754
0.00117166
0.00124071
0.00110991
0.00112223
0.00175988
0.00110506
0.00148769
0.00141237
0.00123188
0.00145592
0.00114529
0.00119818
0.00113174
0.00113052
0.00111467
0.00115991
0.00109743
0.00122186
0.00125473
0.00113333
0.00123104
0.00124984
0.00137532
0.0012276
0.00118321
0.00122028
0.00118721
0.00121665
0.00123093
0.00119443
0.00123919
0.00151055
0.00117953
0.00112801
0.00115173
0.00113429
0.00129986
0.00115136
0.00114421
0.00131311
0.00113848
0.00115694
0.00123103
0.00138944
0.00113517
0.00115454
0.00114025
0.00118291
0.00137233
0.00126326
0.0012472
0.00123121
0.00112987
0.00119499
0.00120034
0.00117232
0.00120229
0.00119036
0.00126706
0.00120663
0.00112793
0.00131825
0.00122187
0.00163597
0.0014435
0.00130917
0.00112795
0.00123389
0.00148204
0.00114928
0.00112534
0.00119625
0.00123287
0.00127324
0.0011332
0.00113092
0.0011453
0.00115617
0.00128623
0.00117209
0.00127803
0.00113552
0.0012841
0.00119624
0.00112063
0.00117347
0.00114885
0.00118517
0.00115769
0.0016178
0.00118395
0.0012263
0.00118402
0.0012604
0.00117979
0.00110253
0.00112451
0.00118365
0.00119572
0.0013053
0.00112885
0.00113126
0.00109827
0.00113936
0.00113298
0.00114243
0.00129582
0.00114758
0.0011921
0.00115407
0.0011231
0.00130807
0.00116348
0.00111676
0.00115006
0.00121467
0.00147705
0.00112359
0.00113816
0.00126692
0.00109042
0.00127443
0.00164209
0.00122708
0.00123093
0.00127855
0.00127719
0.00124439
0.00113763
0.00138159
0.00122602
0.0013816
0.00113548
0.00113091
0.00122523
0.00141623
0.00111695
0.00111425
0.00116402
0.00114083
0.00152164
0.00146542
0.0018108
0.00142347
0.00166026
0.00132773
0.00113223
0.0011824
0.00163272
0.0012816
0.00126435
0.00113761
0.001128
0.00142518
0.00198395
0.00118096
0.00114165
0.00111693
0.00119342
0.00120808
0.00119611
0.00130933
0.00117491
0.00125773
0.00127486
0.00120345
0.00144148
0.00153395
0.0011998
0.0011474
0.00169331
0.00112232
0.00112164
0.00122423
0.00142121
0.00129704
0.00122491
0.00134913
0.00112911
0.00138433
0.00150423
0.00147145
0.00168743
0.00192162
0.00111841
0.00123634
0.00163956
0.00125905
0.00181806
0.00118753
0.00141079
0.00120935
0.00162048
0.00127582
0.00124515
0.00123392
0.00123205
0.00159973
0.00168178
0.00160269
0.00163469
0.00153173
0.0014393
0.00139133
0.00159491
0.00176225
0.00146793
0.00117515
0.00133877
0.00167217
0.0013213
0.00125076
0.001229
0.00119189
0.00120746
0.00121349
0.00136503
0.00138312
0.00115413
0.0013451
0.00144992
0.00124354
0.00137983
0.00121331
0.00182597
0.00135012
0.00144525
0.00117917
0.00119813
0.00123263
0.00112232
0.00130545
0.00122472
0.00183358
0.00161451
0.00161179
0.00133881
0.00125358
0.00130625
0.00124318
0.00117014
0.00167893
0.00157493
0.00137476
0.00122339
0.00115736
0.00140479
0.00131107
0.00138584
0.00114231
0.00116574
0.00135192
0.00144453
0.0014405
0.00122157
0.00125063
0.00125377
0.0011963
0.0013608
0.00120597
0.00172489
0.00146348
0.00124347
0.00116208
0.00130354
0.00127423
0.00177888
0.0013508
0.00127926
0.0012653
0.00119494
0.00119674
0.0017004
0.00150339
0.00140401
0.00150953
0.00150596
0.00139151
0.00243958
0.00178348
0.00119043
0.00139827
0.00125904
0.00173342
