17.2884
17.9375
17.16
17.1734
17.7928
16.6427
16.7007
20.7638
16.706
17.2129
17.0359
19.3347
21.1656
17.206
23.1121
28.2614
21.2571
21.5762
17.4758
23.0457
21.7004
20.5276
20.1158
23.6258
17.6115
17.6721
23.3238
19.8167
19.1372
16.6565
23.2899
21.0183
23.3871
16.7001
17.8233
16.6496
18.7714
20.2706
19.5312
23.5898
18.4077
20.286
22.0041
17.2511
18.1203
18.708
19.2787
16.2412
17.7493
17.6849
17.6898
16.669
17.9137
17.7915
17.3262
16.7621
17.0343
17.2389
17.851
17.9337
16.9849
17.9326
17.1482
16.6098
16.4132
17.9134
17.3835
16.8308
19.8004
16.7753
16.5064
16.5477
16.1788
17.2504
17.0153
17.0214
17.5463
17.4204
18.1013
17.9176
17.749
18.6438
16.9464
18.4133
17.6739
17.2223
16.7826
17.6501
18.0693
16.988
21.6027
17.1797
16.6955
17.6012
17.4251
17.142
17.395
18.1341
18.026
17.9286
