3.08899
2.48387
2.59985
2.63358
2.50759
2.89799
2.58292
2.48082
3.2093
2.53757
2.52597
2.68488
2.41826
2.47043
2.90171
2.47588
2.44986
2.46928
2.50555
2.494
2.45615
2.5474
2.52023
2.73941
3.31231
2.60726
2.49125
2.449
2.62525
2.55775
2.41011
2.5526
2.47101
2.44723
2.80043
2.60604
2.75866
2.65021
2.64303
2.87653
2.64732
2.58604
2.43462
2.66175
2.48975
2.44934
2.37611
2.37318
2.49377
2.55918
2.62594
2.77813
2.646
2.60142
2.62273
2.56996
2.71285
2.61446
2.72061
2.76326
2.45371
2.45254
2.4844
2.66051
2.40959
2.46709
2.53038
2.43502
2.53366
2.62096
2.50224
3.12707
2.69494
2.58546
2.37727
2.52859
2.49487
2.4678
2.92584
2.96688
2.59599
2.62483
2.49611
2.66837
2.65711
2.46131
2.7887
2.59518
2.47688
2.36341
2.46253
2.43946
2.41256
2.72539
2.37422
2.52257
2.56921
2.69451
2.60392
2.43527
7.10971
6.68798
6.96802
6.96031
6.79667
7.05725
6.88315
8.56212
6.9995
6.88082
6.82809
7.46689
7.21762
6.43915
7.18498
6.88084
7.6472
7.11853
7.76046
8.23232
7.11634
6.82261
6.74685
7.41712
6.67797
7.49014
7.09975
7.70774
8.35147
7.34048
6.84343
7.22804
7.67807
7.50177
7.4222
6.8839
6.86432
7.81686
7.06798
7.00181
6.75323
7.46274
7.5867
7.16673
7.17979
7.02334
6.90877
7.03354
6.88223
7.4461
6.98236
7.2501
6.82402
7.53598
6.97991
6.72277
6.86198
7.5047
6.78518
7.3274
7.63863
7.22956
7.04136
7.21121
6.83347
6.84486
7.04738
7.02431
7.02498
6.96178
7.3754
7.07128
7.0888
7.71298
7.96864
6.9077
7.50786
6.89491
7.74101
6.79043
7.91705
7.16064
6.70977
6.88606
7.2105
6.77524
7.12319
7.41744
6.81557
6.79056
6.78579
7.30498
6.6808
7.09975
7.18844
6.98672
6.75691
7.15032
7.09734
6.67739
11.7921
11.8496
11.7989
13.045
11.9024
12.1412
12.1284
12.2429
11.9381
13.2512
12.188
11.8574
11.9275
12.0162
11.9632
12.143
12.92
11.8619
12.9473
11.6696
12.5081
11.5576
12.0233
11.4371
12.1952
12.0765
11.8412
12.2362
12.5232
11.3099
12.0756
11.7508
11.8867
12.5072
11.8352
11.7199
12.575
12.2733
12.0576
12.115
13.8797
13.1094
12.0655
11.617
11.8189
12.2232
11.4278
11.9678
11.6055
12.5342
12.079
12.7038
12.2801
12.73
11.9095
11.7534
15.355
13.1716
11.8771
11.1462
12.2968
13.3764
12.7846
15.4925
13.7042
11.783
12.3634
12.0712
12.1808
11.9918
11.7423
18.7108
19.8338
12.5251
11.7563
14.2067
12.216
11.7016
13.795
11.9368
13.6028
12.0672
11.5296
15.2985
11.8958
12.597
20.3021
11.9838
13.5824
13.1949
13.4262
14.0201
14.4558
12.6761
15.5482
12.3931
11.6484
12.1642
17.8106
11.8518
17.0814
16.9159
20.1245
17.4879
19.9527
19.8974
17.0343
21.4149
18.4624
16.6659
19.2741
17.0231
17.0463
19.1472
17.9127
17.1212
18.3443
18.8561
18.4608
16.6386
18.6512
18.6175
17.7271
19.0068
16.9971
16.463
18.1792
18.6957
16.7598
19.2272
17.0772
17.4332
17.8867
21.9367
17.0679
17.2298
17.3405
17.3822
18.6441
17.6163
17.3995
19.3915
17.772
18.2022
17.5068
19.6774
17.7392
17.7739
19.7434
17.3168
17.0255
18.1634
19.2291
17.4789
18.4822
16.7606
18.7871
18.1699
19.4735
17.9409
18.7361
17.0288
18.2199
16.667
18.8905
18.7863
16.9534
17.3224
18.2065
17.4133
16.42
18.3359
17.4757
18.0213
18.8988
17.9653
16.8528
16.5796
19.7121
18.1372
17.1845
19.5154
18.5033
16.9244
18.0868
19.8651
18.3198
21.9828
17.3698
19.0042
20.1856
18.5429
17.5885
21.4685
17.4076
18.7474
20.181
19.2835
18.9785
17.5721
