7.61905
7.68686
9.84079
8.449
6.66568
6.47792
6.73485
6.68092
9.82749
6.78566
6.63958
6.83171
6.73271
6.35038
6.76875
6.77347
6.40342
6.9531
6.49206
6.56229
6.65621
6.69263
6.84945
6.42518
7.04997
6.43213
6.80001
6.7679
6.96703
6.90633
6.63492
6.70955
6.37153
6.82583
6.37876
7.2
6.61402
6.61243
6.70212
6.54809
6.76878
6.59182
8.60464
11.1839
6.45098
6.60605
10.2998
6.63123
7.11442
6.42559
6.81212
6.34818
6.64846
6.70798
6.59188
6.53743
6.60536
6.70327
6.50123
6.68348
7.14836
6.50928
6.50942
6.53399
6.7555
6.6473
6.81274
6.51238
6.62282
6.48242
7.51004
6.51488
9.2484
8.7481
6.81764
6.38144
6.47687
7.04103
6.78829
6.62583
6.85014
6.70819
7.43338
6.73501
7.02267
6.57631
6.73257
6.58696
6.7248
6.74348
6.59084
7.14934
6.56829
6.68061
6.41208
6.49189
6.77569
7.13324
6.40869
6.62296
