3.08899
2.48387
2.59985
2.63358
2.50759
2.89799
2.58292
2.48082
3.2093
2.53757
2.52597
2.68488
2.41826
2.47043
2.90171
2.47588
2.44986
2.46928
2.50555
2.494
2.45615
2.5474
2.52023
2.73941
3.31231
2.60726
2.49125
2.449
2.62525
2.55775
2.41011
2.5526
2.47101
2.44723
2.80043
2.60604
2.75866
2.65021
2.64303
2.87653
2.64732
2.58604
2.43462
2.66175
2.48975
2.44934
2.37611
2.37318
2.49377
2.55918
2.62594
2.77813
2.646
2.60142
2.62273
2.56996
2.71285
2.61446
2.72061
2.76326
2.45371
2.45254
2.4844
2.66051
2.40959
2.46709
2.53038
2.43502
2.53366
2.62096
2.50224
3.12707
2.69494
2.58546
2.37727
2.52859
2.49487
2.4678
2.92584
2.96688
2.59599
2.62483
2.49611
2.66837
2.65711
2.46131
2.7887
2.59518
2.47688
2.36341
2.46253
2.43946
2.41256
2.72539
2.37422
2.52257
2.56921
2.69451
2.60392
2.43527
7.10971
6.68798
6.96802
6.96031
6.79667
7.05725
6.88315
8.56212
6.9995
6.88082
6.82809
7.46689
7.21762
6.43915
7.18498
6.88084
7.6472
7.11853
7.76046
8.23232
7.11634
6.82261
6.74685
7.41712
6.67797
7.49014
7.09975
7.70774
8.35147
7.34048
6.84343
7.22804
7.67807
7.50177
7.4222
6.8839
6.86432
7.81686
7.06798
7.00181
6.75323
7.46274
7.5867
7.16673
7.17979
7.02334
6.90877
7.03354
6.88223
7.4461
6.98236
7.2501
6.82402
7.53598
6.97991
6.72277
6.86198
7.5047
6.78518
7.3274
7.63863
7.22956
7.04136
7.21121
6.83347
6.84486
7.04738
7.02431
7.02498
6.96178
7.3754
7.07128
7.0888
7.71298
7.96864
6.9077
7.50786
6.89491
7.74101
6.79043
7.91705
7.16064
6.70977
6.88606
7.2105
6.77524
7.12319
7.41744
6.81557
6.79056
6.78579
7.30498
6.6808
7.09975
7.18844
6.98672
6.75691
7.15032
7.09734
6.67739
