0.00114006
0.0011582
0.00115295
0.0011901
0.00124982
0.00113824
0.00113746
0.0015029
0.00194486
0.00193228
0.00191435
0.00187711
0.00201577
0.00175862
0.00126787
0.00116839
0.00125172
0.00116269
0.00118709
0.00123786
0.00123394
0.00129234
0.00134624
0.00142344
0.00155321
0.00121848
0.00116236
0.0011793
0.00110519
0.00144792
0.00117127
0.00116878
0.00115606
0.00188583
0.00191855
0.00187932
0.00187283
0.00196341
0.00191001
0.00133769
0.00116713
0.00146651
0.00122388
0.00139977
0.00118741
0.00149677
0.0011302
0.00129101
0.00113576
0.0013407
0.00192682
0.00114942
0.00115183
0.00118669
0.00119355
0.00115543
0.00116291
0.00125069
0.00193761
0.00197471
0.00191937
0.00197995
0.00186863
0.0018129
0.00119173
0.00137828
0.00120241
0.00118923
0.00114294
0.001181
0.001203
0.00117099
0.00130361
0.00130063
0.00142716
0.00120269
0.00122674
0.0011823
0.00131551
0.00114762
0.00124494
0.00115823
0.00125671
0.00178862
0.0020407
0.00194118
0.00197385
0.00185349
0.00201025
0.00132717
0.00115859
0.00125118
0.00115588
0.00136801
0.00120203
0.0014221
0.00131843
0.00126222
0.00123757
0.0012022
0.00128422
0.00120901
0.00112602
0.0011923
0.00116882
0.00131797
0.00115599
0.00117848
0.00139714
0.00193379
0.00193621
0.00185551
0.00186019
0.00203023
0.00174847
0.00119231
0.00124211
0.00115471
0.00116038
0.0013143
0.00116888
0.00123531
0.00114659
0.00112826
0.00135084
0.00118438
0.00122534
0.00118088
0.00129997
0.00114605
0.00119417
0.00132538
0.00118216
0.00111765
0.00152704
0.00186011
0.00188183
0.00188963
0.0018463
0.00199876
0.00162391
0.00119283
0.00125651
0.00126468
0.00121899
0.00126691
0.00137339
0.00116614
0.00116588
0.00113072
0.00119484
0.00128719
0.00115019
0.00125955
0.00117232
0.00126727
0.0011957
0.00124452
0.00119487
0.0013932
0.00192321
0.00192733
0.00191444
0.00187931
0.00187451
0.00190147
0.00115389
0.0012058
0.00129757
0.00139725
0.00129867
0.00132648
0.00111828
0.00130847
0.00115667
0.00121159
0.00141355
0.00127209
0.00128149
0.00119628
0.00111693
0.00130423
0.00137497
0.00113712
0.00116113
0.00146094
0.00217609
0.00190869
0.00177662
0.00182547
0.00160131
0.00191108
0.00128683
0.00113969
0.00128694
0.00121662
0.0011439
0.00123597
0.00129501
0.00121292
0.00112274
0.00127
0.00134823
0.00132522
0.00125337
0.00120947
0.00118458
0.00119668
0.00121737
0.00111459
0.00128575
0.00151932
0.0019597
0.00203346
0.0018792
0.00193363
0.00196444
0.00142174
0.00119957
0.0014854
0.00117105
0.00117998
0.00117169
0.00127862
0.001196
0.00115525
0.00116795
0.00121127
0.00138046
0.00125188
0.00128928
0.00114723
0.00126886
0.0012293
0.0012654
0.00116598
0.00115759
0.00201372
0.00203887
0.00188508
0.00187958
0.00190585
0.00184158
0.00125669
0.00125615
0.00136373
0.00151552
0.0011213
0.00129359
0.001386
0.00113043
0.00118978
0.00120983
0.00121212
0.00116704
0.00114676
0.00116056
0.00117281
0.00115239
0.00118568
0.00115321
0.00116184
0.00119988
0.0018849
0.00191609
0.00183942
0.00197232
0.00197646
0.00187472
0.00117272
0.00116913
0.00122346
0.00113223
0.00138947
0.00118717
0.00115804
0.00115912
0.00117241
0.00117964
0.00130846
0.00115871
0.00124168
0.00126981
0.00110185
0.00119851
0.00118551
0.00124146
0.00131424
0.00111205
0.00193641
0.0019027
0.00190141
0.00191756
0.00205547
0.00197414
0.00127888
0.00131488
0.00166465
0.00131886
0.00125114
0.0011853
0.00116474
0.00129497
0.00118262
0.00138608
0.00117815
0.00122966
0.00122032
0.00116691
0.00133257
0.00115817
0.00126417
0.00126099
0.00173674
0.00204617
0.00189376
0.00185476
0.00193103
0.0018434
0.00138636
0.00119146
0.00125863
0.00130646
0.0011774
0.00114573
0.00112766
0.0011578
0.00134587
0.00118722
0.00139137
0.00126448
0.00139989
0.00124686
0.00116716
0.00119182
0.00125576
0.0011756
0.00113166
0.00116618
0.00185986
0.00180356
0.00187299
0.00184076
0.00183035
0.00195779
0.00130283
0.00120554
0.00137479
0.00123854
0.00117764
0.00131204
0.00115306
0.00117
0.00117069
0.00125395
0.00115804
0.00116411
0.00131498
0.00114932
0.00129042
0.0011564
0.00121679
0.00129247
0.00115294
0.00122615
0.00187577
0.0021242
0.00192974
0.0019591
0.00187565
0.0018963
0.00124205
0.00115585
0.00155118
0.00118117
0.0012147
0.00113367
0.00122415
0.0012503
0.00122284
0.00117624
0.00119212
0.00129082
0.00122309
0.0013031
0.00117329
0.00126241
0.00134105
0.00124529
0.00117459
0.00122291
0.00183548
0.00187496
0.00186126
0.00196325
0.00182919
0.00185571
0.00117001
0.00124226
0.00131419
0.00136714
0.00111667
0.00118936
0.0012153
0.00123379
0.00114507
0.00115249
0.0011622
0.00113791
0.00116924
0.00113889
0.00125361
0.00117814
0.00116928
0.0011571
0.0011755
0.00123033
0.00204109
0.00198345
0.00192606
0.00189678
0.00186105
0.00187154
0.00126134
0.00113736
0.00133331
0.00115183
0.00126014
0.00125132
0.00117074
0.0011613
0.00116011
0.00136624
0.00117618
0.00123988
0.00117357
0.00132608
0.00125358
0.00116751
0.00156817
0.00157099
0.00124117
0.00192639
0.00186252
0.00165802
0.00189621
0.00197883
0.00199975
0.00154339
0.0019322
0.00127054
0.00131949
0.00119709
0.00126734
0.00120967
0.0011782
0.00113048
0.00135623
0.00119026
0.00161084
0.00115415
0.00117322
0.00148403
0.00119576
0.00119608
0.00124224
0.00162773
0.00193616
0.00202805
0.00200283
0.00199924
0.00187776
0.00135943
0.00133473
0.00119006
0.00123002
0.0011849
0.00115069
0.00115263
0.00123313
0.00116811
0.00125653
0.00120605
0.00118294
0.00127741
0.00118553
0.00124592
0.00125107
0.00156421
0.00136527
0.00119412
0.00136132
0.00200758
0.00193606
0.00179196
0.00124654
0.00120314
0.00127719
0.00119229
0.00120059
0.00119403
0.00114329
0.00115202
0.0011882
0.00144251
0.00145753
0.00128929
0.00126544
0.00138497
0.00124129
0.00119762
0.00129126
0.00125183
0.00121454
0.00113583
0.00113038
0.00124895
0.00115134
0.00133473
0.00131849
0.00148632
0.00165142
0.00186712
0.00138017
0.00119247
0.00131504
0.00187681
0.00203183
0.00170337
0.00129755
0.00112024
0.00129856
0.00118253
0.00113995
0.00114853
0.00120064
0.00122262
0.00131435
0.00116624
0.00112489
0.00112581
0.00122931
0.00121797
0.0011526
0.00111159
0.00115082
0.00120247
0.00128214
0.00115218
0.00124637
0.00122095
0.00114154
0.00122558
0.00116444
0.00118982
0.00121012
0.00125208
0.00120497
0.0011309
0.00119775
0.00117033
0.0011681
0.00119706
0.00112781
0.00117124
0.00118217
0.00118883
0.00112735
0.00127357
0.00118068
0.00131882
0.00120898
0.00114956
0.00127732
0.00121751
0.00124559
0.00126119
0.00121517
0.00114535
0.00116886
0.00119803
0.00122863
0.00113817
0.00134501
0.0011708
0.00127864
0.00118091
0.00115905
0.0014028
0.00113399
0.00118085
0.00122142
0.0012667
0.00124116
0.00118502
0.00153458
0.00131522
0.00164439
0.00120312
0.0012205
0.00121568
0.00128338
0.00118672
0.00116798
0.00117715
0.00122471
0.00122791
0.00116261
0.00118375
0.00112041
0.00114922
0.00129217
0.00118053
0.00126331
0.00116866
0.00117189
0.00123531
0.00126811
0.00163633
0.00143909
0.001383
0.0012251
0.0012157
0.00116792
0.00115053
0.00119848
0.00117108
0.00113283
0.00126072
0.00114709
0.00137329
0.00117349
0.00130108
0.00113689
0.00120402
0.00117722
0.00114832
0.00116719
0.00121949
0.00131142
0.00112997
0.00130038
0.00115575
0.00114128
0.00139569
0.00120567
0.00115948
0.00117438
0.0011673
0.00118999
0.00118103
0.00117331
0.00121861
0.00118335
0.00143072
0.00134408
0.00121709
0.00125469
0.00112617
0.0011632
0.00119611
0.00122035
0.00129715
0.00137683
0.00130205
0.00143577
0.00133794
0.00125317
0.00154152
0.00123208
0.00120743
0.00183923
0.00119954
0.00130909
0.00126825
0.00124066
0.00127018
0.00126884
0.00117701
0.00134602
0.00116048
0.00125459
0.00119435
0.00128705
0.00116931
0.00110299
0.00117565
0.00114495
0.00121253
0.00112944
0.00136935
0.00156594
0.00190384
0.00128069
0.00131762
0.00143171
0.00128221
0.00130386
0.00137505
0.0011396
0.00128601
0.00128569
0.00129854
0.00122775
0.00124023
0.00114231
0.00113822
0.00115261
0.00120857
0.00114453
0.00122348
0.0011637
0.00117828
0.0011838
0.00113791
0.00125327
0.00124776
0.0011655
0.00126879
0.0012301
0.0011542
0.00120865
0.00113422
0.00110902
0.00111275
0.00124179
0.00115176
0.0013294
0.00117862
0.00122982
0.00118362
0.00118351
0.00114876
0.00120728
0.00117841
0.00113799
0.00124142
0.00112001
0.00114423
0.0011623
0.00128551
0.00116033
0.00114971
0.0011685
0.00114948
0.00114451
0.00124972
0.00115828
0.00118619
0.00116772
0.0012349
0.00118589
0.00115689
0.00114784
0.00114402
0.00112805
0.0011195
0.00119019
0.00116404
0.00124936
0.00113898
0.00113219
0.00116473
0.00111476
0.00131116
0.00112999
0.00116224
0.00113124
0.00112728
0.00117696
0.00143068
0.0014046
0.00125505
0.00141866
0.00115574
0.00118485
0.00118603
0.00134109
0.0011595
0.0012042
0.00115839
0.00118307
0.00124315
0.00134328
0.00120648
0.00115834
0.00130417
0.00115419
0.0011647
0.00116628
0.0011263
0.00118436
0.00115167
0.00117583
0.00120877
0.00120149
0.00127612
0.0012999
0.00117809
0.00116549
0.00114981
0.0011872
0.00124939
0.00117512
0.00131909
0.00123536
0.00118202
0.00115379
0.00115408
0.00120696
0.00156642
0.00129767
0.00117392
0.0011825
0.0011854
0.00115809
0.00117063
0.00119362
0.00118502
0.00115247
0.00119814
0.0011801
0.0012149
0.00128001
0.00123146
0.00120764
0.00121699
0.00115933
0.00117371
0.00122617
0.00115917
0.00123625
0.0011668
0.0011195
0.00117558
0.00119605
0.00133215
0.00118246
0.00117745
0.00156328
0.00188317
0.00179705
0.00120009
0.0012488
0.00144941
0.00180018
0.00132507
0.0012753
0.0012739
0.00136738
0.00123344
0.00135147
0.00121724
0.00121091
0.00114438
0.00112181
0.00119341
0.00147336
0.00123765
0.00118361
0.00116389
0.00118755
0.00119933
0.00169974
0.00133666
0.00114356
0.00182374
0.00209112
0.00199221
0.00197209
0.00176913
0.00126614
0.00130366
0.00132962
0.00129539
0.00110888
0.0011495
0.00118053
0.0011754
0.00181254
0.00128686
0.00132763
0.00142541
0.0012647
0.0015446
0.00160017
0.00145176
0.00117437
0.00119907
0.0011743
0.00151113
0.00144577
0.00122722
0.00116059
0.00114756
0.00117232
0.00116675
0.00147934
0.00118799
0.00117153
0.00120325
0.00127626
0.00165736
0.00167147
0.00147511
0.00155527
0.0017931
0.00153041
0.00162241
0.00128408
0.00144968
0.00155024
0.00183463
0.00139211
0.00164672
0.00179584
0.00124341
0.00126792
0.00123199
0.00116731
0.00113693
0.00118125
0.00121188
0.00119169
0.00126026
0.00116026
0.00115127
0.00119627
0.00126459
0.00113605
0.00117833
0.00116371
0.00110063
0.00121576
0.00120926
0.00121022
0.00113854
0.00118809
0.00124552
0.00118564
0.00118741
0.00128914
0.00124013
0.00115676
0.00114683
0.00115301
0.00120208
0.00136409
0.00137533
0.00121708
0.0012801
0.00110069
0.00111122
0.00110041
0.00123234
0.00112907
0.00118001
0.00123006
0.00122352
0.00124763
0.00111429
0.00110677
0.00112858
0.00112115
0.00111739
0.00114468
0.00115453
0.00122989
0.00121577
0.00115967
0.001161
0.00116099
0.00118087
0.0011488
0.00126359
0.00118907
0.00118359
0.0012701
0.00117952
0.00114438
0.00114036
0.00118538
0.00113633
0.00114943
0.00122233
0.00148886
0.00145514
0.00135244
0.00134559
0.00113227
0.00117667
0.0011757
0.00114531
0.00115039
0.00131339
0.00131809
0.00124321
0.00116682
0.00114574
0.00116452
0.00137792
0.00118786
0.00118099
0.00114112
0.00119337
0.00127783
0.00197734
0.00124266
0.00122967
0.00143117
0.00122167
0.00114752
0.00150306
0.00204282
0.00166601
0.00132941
0.00135734
0.00188215
0.00118149
0.00121588
0.00114855
0.00132237
0.00121344
0.00143595
0.00113683
0.00126462
0.0012068
0.0012089
0.00127166
0.00153378
0.00148178
0.00128414
0.00151269
0.00172967
0.00164335
0.0017684
0.00137602
0.00158891
0.00123891
0.00141668
0.00161438
0.00156428
0.00121466
0.00134742
0.00120605
0.00133851
0.00142215
0.00128358
0.00111454
0.00120647
0.00115389
0.00123487
0.00118933
0.00122941
0.00114252
0.0011884
0.00134995
0.00130339
0.00116728
0.00140911
0.00116275
0.00119461
0.0012513
0.00117594
0.00126944
0.0017671
0.00133127
0.00144943
0.00195123
0.00186558
0.00155503
0.00163873
0.00136942
0.001891
0.00134324
0.00163732
0.00122287
0.00144433
0.00148278
0.00116676
0.00120391
0.0018245
0.00131277
0.00170678
0.001694
0.00122846
0.00169759
0.00120212
0.0012965
0.00125328
0.00113059
0.00115753
0.00168353
0.00136257
0.00118753
0.00118351
0.00120112
0.00117637
0.00126117
0.00164632
0.0012923
0.00120869
0.00132782
0.00123683
0.00127507
0.00158232
0.00140014
0.00119371
0.00130966
0.00119094
0.00153474
0.00194182
0.00125481
0.00134275
0.0014984
0.00156114
0.00196749
0.00158616
0.00192438
0.00148357
0.00185239
0.0013768
0.00136151
0.00162843
0.00174249
0.00151926
0.00141561
0.00158006
0.00180181
0.00195401
0.00215619
0.00196225
0.00194714
0.00201318
0.00188682
0.00190201
0.00143234
0.00132533
0.00152828
0.00154816
0.0012642
0.00115226
0.00133827
0.00121221
0.00120911
0.00132166
0.00130166
0.00132343
0.00131873
0.00127234
0.00113339
0.00145098
0.00122527
0.00143886
0.00127596
0.0020621
0.00194422
0.00187434
0.00192717
0.00191209
0.00147279
0.00124641
0.00117048
0.00127018
0.00117858
0.00123054
0.00158602
0.00138107
0.00119654
0.00118045
0.00114982
0.00115357
0.00125063
0.00115108
0.00125847
0.00117188
0.00118552
0.00117138
0.00134849
0.00115485
0.00118976
0.0018624
0.00214358
0.00198153
0.00203011
0.00199475
0.00165786
0.00119677
0.00117158
0.00112665
0.00123691
0.00158683
0.00118342
0.00132011
0.00117586
0.00119745
0.00116236
0.00161294
0.00124657
0.00117004
0.0012075
0.00161774
0.00129741
0.00119757
0.00115127
0.00182145
0.00187126
0.00189139
0.00195683
0.00188263
0.00189216
0.00143924
0.0011974
0.00149302
0.00116409
0.00112507
0.00134339
0.00115581
0.00128686
0.00155087
0.00117259
0.0011402
0.00119015
0.00129138
0.00116123
0.00116373
0.0014162
0.00125929
0.00119611
0.00114044
0.00163493
0.00206197
0.00192667
0.0019205
0.00211829
0.00224765
0.00135664
0.00112158
0.00134529
0.00125691
0.00151752
0.00148485
0.0012584
0.00110551
0.00120594
0.00117448
0.00126492
0.0014064
0.00120927
0.0012424
0.00136795
0.00122855
0.00126008
0.00129947
0.0013327
0.00183531
0.00199934
0.00186992
0.00206434
0.00185456
0.00186123
0.0012538
0.00135206
0.00157202
0.00119889
0.00163333
0.00145171
0.00117115
0.00114977
0.00165448
0.00119571
0.00149798
0.00131331
0.00116689
0.00132149
0.00136471
0.00130853
0.00114445
0.00121978
0.00182898
0.0020956
0.00186261
0.00203525
0.00186715
0.00200738
0.00138004
0.00128895
0.00125001
0.00138331
0.00126825
0.00120719
0.00143672
0.00131104
0.00113431
0.00122997
0.0011713
0.00159815
0.00132558
0.00152935
0.00125146
0.00124154
0.00132124
0.00131861
0.00177523
0.00196806
0.00196016
0.00197373
0.00200744
0.00191494
0.00147551
0.00143588
0.0011869
0.0012537
0.00171835
0.00137886
0.00141234
0.0014549
0.00126739
0.00166112
0.00130892
0.00147849
0.00131708
0.00119046
0.00137195
0.00174945
0.00122879
0.00128041
0.00191546
0.00211635
0.00192373
0.00186552
0.00199451
0.00188447
0.00156733
0.00138343
0.00137112
0.0012935
0.00124306
0.00118232
0.00158359
0.00118331
0.00116122
0.00117061
0.0013601
0.0017667
0.00163278
0.00132885
0.00166559
0.00132172
0.00125102
0.00218937
0.00200683
0.00203919
0.00184794
0.00204227
0.00190056
0.00147948
0.00122734
0.00148851
0.00142297
0.00182217
0.00136329
0.00132744
0.0011382
0.00128519
0.00141076
0.00112777
0.00122011
0.00123222
0.00123635
0.0012347
0.00153714
0.00124154
0.00114042
0.00186842
0.00191792
0.00184243
0.0018016
0.00173134
0.00114825
0.00121049
0.00119234
0.00145177
0.00134973
0.0011592
0.00115039
0.00118495
0.00120756
0.00152581
0.00141521
0.00131226
0.00127868
0.00142204
0.00134077
0.00141948
0.00133698
0.0011531
0.00125203
0.00121424
0.00114555
0.00142211
0.00117014
0.00122495
0.00114018
0.00123363
0.001089
0.00115205
0.00137556
0.00118391
0.00120269
0.00110518
0.00117811
0.00117691
0.00125226
0.00145434
0.00138352
0.00117927
0.00114739
0.00114957
0.0011322
0.00126459
0.00119381
0.00118016
0.00115789
0.00113498
0.00114709
0.00118995
0.0013397
0.00113179
0.00128469
0.00113768
0.00115409
0.00118434
0.00140417
0.00117141
0.00124494
0.00117387
0.00114886
0.00115382
0.00113839
0.00115391
0.0011518
0.00116441
0.00116634
0.0011462
0.00114692
0.00115082
0.00124069
0.00113376
0.0012385
0.00110654
0.00113684
0.00112462
0.00115276
0.00114926
0.00116386
0.00124578
0.00119102
0.00118509
0.00127603
0.0011352
0.00128835
0.00115973
0.00125753
0.00123287
0.00137137
0.00121478
0.00118268
0.00118502
0.00139782
0.00115707
0.00114017
0.00115224
0.00113663
0.00119002
0.00113593
0.00123249
0.00112042
0.00133248
0.00112761
0.00127674
0.00119306
0.00121054
0.00137598
0.00115076
0.00118813
0.00119475
0.00124361
0.00131739
0.00126965
0.00114853
0.00117235
0.00116361
0.00126672
0.00125199
0.00116617
0.0013311
0.00115841
0.00115744
0.00115486
0.00114167
0.00118113
0.00121752
0.00118857
0.00117949
0.0011251
0.00118961
0.00123237
0.00117888
0.00114736
0.00117745
0.00120219
0.00118475
0.00122202
0.00119268
0.00116314
0.00115677
0.00119254
0.0011139
0.00111327
0.00116098
0.00124202
0.00129601
0.00115682
0.00117157
0.00122032
0.00127903
0.00118459
0.001236
0.00121026
0.00111
0.00123905
0.00136747
0.00121099
0.00127796
0.00116195
0.00126285
0.00110105
0.0012127
0.00116315
0.0011625
0.0014446
0.00124351
0.00114918
0.00114101
0.00127394
0.00122432
0.0011766
0.00128472
0.00119726
0.00113801
0.0013429
0.00122569
0.00113761
0.00142188
0.00114476
0.00122046
0.00126427
0.00125595
0.00114996
0.00114336
0.00140669
0.001171
0.00118832
0.00119765
0.00126246
0.0011259
0.00113719
0.00125206
0.00117063
0.00118691
0.00116552
0.0012784
0.00115518
0.00127546
0.00135517
0.00154918
0.00176552
0.00201442
0.00273899
0.00239662
0.00229739
0.00272214
0.00222164
0.00178906
0.00179543
0.00174409
0.00159354
0.00136352
0.00123995
0.00193651
0.00133646
0.00114836
0.00174354
0.00118609
0.0020906
0.00194626
0.00177598
0.00178902
0.00209966
0.00207334
0.00188715
0.00183276
0.00160508
0.00211595
0.0014479
0.00222056
0.00188529
0.00160595
0.00168116
0.00210996
0.00153484
0.00144706
0.00120491
0.00115225
0.00220036
0.00244148
0.00233732
0.00223223
0.00224978
0.0017756
0.00127304
0.00156144
0.00204794
0.00198718
0.00204207
0.00230179
0.00176213
0.0016396
0.0017146
0.00121035
0.0012652
0.001358
0.00132873
0.0020236
0.00205512
0.00189216
0.00211826
0.00217326
0.00190998
0.00206657
0.00229614
0.00173792
0.00165153
0.00132781
0.00139973
0.00200294
0.001805
0.00130935
0.00124126
0.00132399
0.00133078
0.00122526
0.00141928
0.00137483
0.00236537
0.00192303
0.00222883
0.00215011
0.0020492
0.00179107
0.0014169
0.00174053
0.00150621
0.00166377
0.00119098
0.00155861
0.00162555
0.00124336
0.00135048
0.00128181
0.00130422
0.00141514
0.00145579
0.00120785
0.00122321
0.00130397
0.00124101
0.00186712
0.00221188
0.00191347
0.00186896
0.00192876
0.00180131
0.00119492
0.00132341
0.00161164
0.00125647
0.00122597
0.00129718
0.00116016
0.0011337
0.00141003
0.00116941
0.00127358
0.00185874
0.00134406
0.00116632
0.00128679
0.00123525
0.00119884
0.00121663
0.00171905
0.00208196
0.00208041
0.00192208
0.00196829
0.00204717
0.0015981
0.00114595
0.00163544
0.00145727
0.00124856
0.00132347
0.00122459
0.00119648
0.00124262
0.00122625
0.00134271
0.00119142
0.0014408
0.00115727
0.00293795
0.00173599
0.00135761
0.00209955
0.0021342
0.00194203
0.00192597
0.00200505
0.00161417
0.00119864
0.0011702
0.00122017
0.00137966
0.00114114
0.0012884
0.00114442
0.00120064
0.00117972
0.00142837
0.00131448
0.00122489
0.0017992
0.00123294
0.00116661
0.0014302
0.00115111
0.00132825
0.00187634
0.00198067
0.00241036
0.00203276
0.00189369
0.00203714
0.00177935
0.00112412
0.00124007
0.0012183
0.00155193
0.00128076
0.00117489
0.00140075
0.00178284
0.00117421
0.00116233
0.00125008
0.00130096
0.00116678
0.00124521
0.00135484
0.00119573
0.00115379
0.00183003
0.00186993
0.00208272
0.00190176
0.00205687
0.002425
0.00168499
0.00138024
0.00145681
0.00147701
0.00194498
0.00189397
0.00141573
0.00159678
0.00206406
0.00136059
0.00146977
0.00158016
0.00128163
0.00129403
0.0014487
0.00173472
0.00219221
0.00224336
0.00187979
0.00208815
0.00270998
0.00196737
0.00186364
0.00137615
0.00182974
0.0014461
0.00150553
0.00197512
0.00198244
0.0020802
0.00122616
0.00142678
0.00141888
0.00171572
0.00126795
0.00171108
0.00136104
0.0025197
0.00194551
0.00209335
0.00192301
0.00191033
0.00137166
0.00163979
0.00219261
0.0016302
0.00152702
0.00233284
0.00225937
0.00378467
0.00219877
0.0111894
0.00184671
0.0019706
0.00202775
0.00194995
0.00182074
0.00247602
0.00186836
0.00209421
0.00153316
0.00178687
0.00162622
0.00227791
0.00196061
0.00194199
0.00653687
0.0019176
0.00215866
0.00212471
0.0206681
0.00188677
0.00368307
0.00217963
0.00201004
0.00403171
0.00479761
0.0699732
0.00160299
0.00214929
0.00219323
0.00260282
0.00200474
0.0019875
0.00213813
0.0203616
0.00202617
0.00194874
0.00233946
0.0019014
0.00126315
0.00155518
0.0021164
0.00221852
0.00199787
0.00243915
0.0022055
0.00578339
0.00167372
0.00162291
0.00196889
0.00201721
0.00329014
0.00219194
0.00150314
0.00413278
0.00250851
0.00246085
0.00688402
0.00201716
0.00306722
0.00203785
0.0056472
0.00313972
0.00228097
0.00210927
0.0021724
0.00287524
0.00266799
0.00230133
0.00275224
0.00204497
0.00137404
0.00181372
0.00123351
0.00132351
0.00157424
0.0014149
0.00171566
0.0013838
0.00174452
0.00160807
0.00129425
0.001953
0.00534667
0.0114524
0.00837608
0.00211952
0.00177592
0.00159137
0.0013566
0.00125463
0.00147405
0.00129481
0.00153866
0.00189559
0.00249742
0.0025385
0.00331452
0.00686497
0.00409161
0.00383812
0.00444547
0.00279137
0.00191327
0.00192614
0.00210518
0.00234499
0.00199825
0.00206976
0.00156211
0.00200746
0.00140453
0.00154839
0.00145755
0.0013192
0.00161667
0.00174655
0.00126374
0.00228077
0.00284378
0.00466844
0.00249939
0.0024743
0.00474978
0.00230877
0.00200337
0.00829884
0.00189886
0.00262658
0.00233989
0.00707059
0.0028121
0.00212285
0.0018179
0.00233454
0.00193574
0.00199477
0.00376955
0.00218915
0.00232335
0.00321938
0.00286798
0.00188513
0.00252306
0.00219971
0.00213354
0.00215608
0.0024151
0.0019883
0.00181205
0.0022721
0.00267071
0.00202099
0.00195935
0.00213976
0.00198578
0.00196332
0.00211644
0.00193981
0.00234475
0.00264998
0.00259105
0.00252838
0.00218621
0.00144081
0.00140824
0.00154846
0.00185573
0.00213579
0.00428173
0.00212229
0.00214067
0.00263906
0.002336
0.00208695
0.00189888
0.00406593
0.00158289
0.00117826
0.0015633
0.00126373
0.00203272
0.00179303
0.00173904
0.0012573
0.00163953
0.00154242
0.00135961
0.00124223
0.00194161
0.00203123
0.00201281
0.00229746
0.00228014
0.00201307
0.00206744
0.00295149
0.00394648
0.00182045
0.0019363
0.00239377
0.00360438
0.00213165
0.00206117
0.00193183
0.00192899
0.00198279
0.00242793
0.00175094
0.00122378
0.002255
0.00121915
0.00122245
0.00142165
0.00128819
0.00132783
0.00171576
0.00164938
0.00161768
0.00172137
0.00156076
0.00122463
0.00116965
0.00162651
0.00258092
0.00216144
0.00202724
0.00441083
0.00157859
0.00135023
0.00142979
0.00243036
0.00175519
0.00123665
0.00145523
0.00120196
0.00149011
0.00213996
0.00191534
0.0014937
0.00201894
0.00165212
0.00207843
0.00193957
0.00225348
0.001981
0.00198416
0.0021056
0.00150585
0.00238926
0.0015451
0.00126209
0.00124981
0.00118251
0.00124622
0.00146762
0.00121465
0.0017723
0.00128291
0.00118645
0.00127002
0.00177777
0.0013272
0.00120528
0.00127766
0.00196562
0.00270951
0.00192075
0.00214458
0.00198761
0.00156844
0.00122374
0.00149894
0.00125194
0.00133851
0.00169243
0.00138368
0.00178558
0.00183175
0.00192566
0.00200334
0.00166659
0.00129139
0.00130907
0.00113718
0.00151631
0.00174821
0.00209453
0.00204045
0.00187201
0.00207132
0.00187844
0.00157617
0.00227671
0.00165019
0.00142678
0.00142405
0.00125016
0.001321
0.00171614
0.00122557
0.00134102
0.00174619
0.00177742
0.00150105
0.00129495
0.00125872
0.00200947
0.00200753
0.00201856
0.0019641
0.001986
0.00193767
0.00123696
0.0013223
0.00133783
0.00119124
0.00140217
0.00165951
0.00123536
0.00116269
0.00116526
0.00127631
0.00128767
0.00172853
0.00124731
0.00125843
0.00118688
0.00133271
0.00114023
0.00136668
0.00191751
0.00166003
0.00173545
0.00130293
0.00156941
0.00155173
0.00164295
0.00137766
0.00119743
0.00124388
0.00166679
0.00139072
0.00126126
0.00127428
0.00121136
0.00126631
0.00158249
0.00122487
0.00116242
0.00128584
0.00137759
0.00134929
0.00145276
0.00112258
0.00119442
0.00131536
0.00130192
0.00148659
0.0018732
0.00186556
0.00185091
0.00196039
0.00176778
0.00132764
0.00117318
0.0013435
0.00121239
0.00124586
0.00182449
0.00125242
0.00113813
0.0011503
0.00123779
0.00115199
0.00123835
0.00144205
0.00123014
0.00116821
0.00127059
0.00117815
0.00125978
0.00206285
0.00165834
0.00137859
0.00125351
0.00116872
0.00134502
0.00142071
0.00135586
0.00115386
0.00114209
0.00119155
0.00131754
0.00145878
0.00121133
0.00115724
0.00122245
0.00119147
0.00121909
0.0011445
0.00136913
0.00113927
0.00125589
0.00123845
0.00118972
0.00138911
0.00120049
0.00115651
0.00114452
0.00116445
0.00118913
0.00118131
0.00143192
0.00111763
0.00123412
0.00112811
0.00127341
0.00118915
0.00137183
0.00115778
0.00113719
0.00112385
0.00120017
0.00126495
0.00115173
0.00119369
0.00115684
0.00116428
0.00115355
0.00119561
0.001151
0.00114386
0.00132859
0.00117984
0.00114975
0.00117149
0.0011884
0.00115383
0.00119775
0.00114473
0.00126125
0.00124276
0.00122666
0.00123405
0.00113019
0.00115801
0.00110644
0.00111775
0.00119283
0.00117487
0.00125431
0.00116036
0.00128058
0.00122287
0.00121129
0.00117754
0.00114278
0.00115442
0.00115053
0.00121726
0.00135333
0.00120205
0.00114362
0.00112955
0.00129722
0.00130744
0.00124681
0.00118128
0.00128402
0.00122099
0.00126351
0.00124183
0.00124306
0.00114174
0.00115043
0.00125564
0.00111341
0.00126743
0.00120665
0.00133009
0.00118139
0.00119123
0.00139329
0.0013693
0.00121357
0.00124249
0.00117428
0.00115239
0.00117771
0.00119233
0.00136597
0.00121239
0.001548
0.00118413
0.00128318
0.00128629
0.00114633
0.00118344
0.00135448
0.00120386
0.00200522
0.00126136
0.00111188
0.00116663
0.00119163
0.00119921
0.0016449
0.00123961
0.00119277
0.00114488
0.00121612
0.00126912
0.00143974
0.00126222
0.00126116
0.00113906
0.00122256
0.00121006
0.00115305
0.00138179
0.00137677
0.00128991
0.00123807
0.00120289
0.00120005
0.00138576
0.0012075
0.00115859
0.00118971
0.00136795
0.00113354
0.00127293
0.00123098
0.0012164
0.0011868
0.00120103
0.00118499
0.00121229
0.00136238
0.00117995
0.00125678
0.00141803
0.00126447
0.001264
0.00116027
0.00120836
0.00112727
0.00109939
0.00125291
0.00124033
0.00133754
0.0013385
0.00126021
0.00115736
0.00145039
0.00114641
0.00111549
0.00128001
0.00144155
0.00117555
0.00116291
0.00124891
0.00120804
0.0012342
0.00139325
0.00115469
0.00115455
0.00114094
0.00135399
0.00115445
0.00117222
0.00129204
0.00116594
0.00108888
0.0011822
0.00125564
0.00121508
0.00140183
0.00123122
0.00129315
0.00113013
0.00125146
0.00113344
0.00117799
0.00149666
0.00116904
0.00117089
0.0015383
0.00127138
0.00120592
0.00140725
0.00118758
0.00114391
0.00132814
0.00121954
0.00118151
0.00137767
0.00118577
0.00164464
0.00117844
0.00117283
0.0012082
0.00123663
0.00150161
0.00122629
0.00125044
0.00137667
0.00114993
0.00112944
0.00113137
0.00136198
0.00122089
0.0011617
0.00127262
0.00117911
0.00141354
0.00155156
0.00116021
0.00116976
0.00119907
0.00113171
0.00167262
0.00134172
0.0011753
0.00118033
0.0011552
0.00115349
0.00153088
0.00114143
0.00115624
0.00115556
0.00119321
0.00137032
0.00117196
0.00117692
0.00120949
0.0011914
0.00112526
0.00117993
0.00124458
0.00130448
0.00175488
0.00189498
0.00199805
0.00184628
0.00186455
0.00186724
0.00171616
0.00120627
0.00111158
0.00109106
0.00129563
0.00123586
0.0011537
0.00117483
0.001215
0.00114908
0.00114775
0.00145881
0.00116039
0.0011866
0.00122877
0.0011208
0.00113927
0.00134276
0.00119535
0.00124766
0.00186868
0.00187326
0.00196184
0.0021206
0.00127213
0.00146019
0.00132469
0.00121876
0.00118722
0.00116852
0.00121967
0.00133949
0.00123544
0.00133507
0.001562
0.00122983
0.00117661
0.00123867
0.00114831
0.00136509
0.00153914
0.00118721
0.00111316
0.00115113
0.00118179
0.0011547
0.00120826
0.00145826
0.00128111
0.00124013
0.00121751
0.00119086
0.00114105
0.00131101
0.00117373
0.00114214
0.00138483
0.00128513
0.00162974
0.00182242
0.00188179
0.00185594
0.00157694
0.00217164
0.00169703
0.00190699
0.00126103
0.00116866
0.00125458
0.00134901
0.00131852
0.00134521
0.00132162
0.00131543
0.0018926
0.0018631
0.00168159
0.00138495
0.00132395
0.00140496
0.00210503
0.00163155
0.00127292
0.00120266
0.00135528
0.00139564
0.00131479
0.00119141
0.00118757
0.00120383
0.00122669
0.00154082
0.00143744
0.00118466
0.00118058
0.00114958
0.00138218
0.00194035
0.00194212
0.00164685
0.00124015
0.00151307
0.00157904
0.00167411
0.00127848
0.00128573
0.00120264
0.00176452
0.00193378
0.00191866
0.00141122
0.00182136
0.00159941
0.00145507
0.00139265
0.00119742
0.00120757
0.00121093
0.00161144
0.00192672
0.00192999
0.00185137
0.00195074
0.00216319
0.00176676
0.00171209
0.00146625
0.00148356
0.00128524
0.00139646
0.00166327
0.00198599
0.00189109
0.00189682
0.00201745
0.00175895
0.00161453
0.00162231
0.00190945
0.00164836
0.00153662
0.00154247
0.00187556
0.00145503
0.002282
0.00219428
0.00193001
0.00123867
0.00123856
0.00176912
0.00149436
0.00127836
0.00143502
0.00158014
0.00119979
0.00110043
0.00123038
0.00120737
0.00161496
0.00161077
0.00134391
0.00143617
0.00137957
0.00124712
0.00146994
0.00116357
0.00138091
0.00116456
0.00141938
0.00155628
0.0013083
0.00148069
0.00201253
0.00172992
0.00182177
0.00180478
0.00156574
0.00185761
0.00162915
0.00174789
0.00156362
0.00153312
0.00139139
0.00124215
0.00119273
0.00140028
0.00136535
0.00120285
0.00137956
0.00117169
0.00116143
0.00128799
0.00117581
0.00119097
0.00123494
0.00120816
0.00116416
0.00134293
0.00117801
0.00124901
0.00147922
0.00123616
0.00123405
0.00114479
0.00130243
0.00124928
0.0011407
0.00150903
0.00116174
0.00124189
0.00121003
0.00115475
0.00114862
0.0012897
0.00120887
0.00119564
0.00122954
0.00145056
0.0013204
0.00122535
0.00133999
0.00130064
0.00117441
0.00135066
0.00131139
0.00140468
0.00125483
0.00126114
0.00117621
0.00121011
0.00116187
0.00121923
0.00133134
0.00116442
0.00115937
0.00131622
0.00120724
0.0011625
0.0013199
0.00123757
0.0011827
0.00138413
0.00160008
0.00143551
0.00207952
0.0018033
0.00121704
0.00132299
0.00126152
0.0014301
0.00122252
0.00126121
0.00163326
0.00128295
0.00132333
0.00145545
0.00114753
0.00127846
0.00114949
0.00117338
0.0011647
0.00146989
0.00115362
0.00113709
0.00110298
0.00121873
0.00120368
0.00118591
0.00155679
0.00128859
0.00136114
0.00190079
0.00202488
0.00144925
0.00139724
0.00200119
0.00139713
0.00118394
0.00156333
0.00193986
0.00141672
0.00152956
0.00156103
0.00141882
0.00114932
0.00124811
0.00136816
0.00142307
0.00114626
0.001254
0.00122692
0.0013384
0.00127819
0.00133164
0.001577
0.00138131
0.00137846
0.00119726
0.00122726
0.00134027
0.00122437
0.0011561
0.00124946
0.00124222
0.00117695
0.00137975
0.00122317
0.00113594
0.00110331
0.00115658
0.00115412
0.00116718
0.00119274
0.00119896
0.00120447
0.0012469
0.0013917
0.00114266
0.00112859
0.00117347
0.00120374
0.00117494
0.00141401
0.00112474
0.00115227
0.00155093
0.00187771
0.00192056
0.00137221
0.00113985
0.00129047
0.0011711
0.00138982
0.00169826
0.00136365
0.00115182
0.00122305
0.00121659
0.00115256
0.00131544
0.00123269
0.00116159
0.00117679
0.00127591
0.00114443
0.00121414
0.00159665
0.00191531
0.00200184
0.00209156
0.00200432
0.00184706
0.00186299
0.00123232
0.00118049
0.00117637
0.00126949
0.00120659
0.00131836
0.00114196
0.00114229
0.00120795
0.00132463
0.00121092
0.00114303
0.00116814
0.00120785
0.00117321
0.00136121
0.0012861
0.00118203
0.00117592
0.00191493
0.00196489
0.00190112
0.00190303
0.00192258
0.0017253
0.00160231
0.00114496
0.00111976
0.00124351
0.00127937
0.00127795
0.00143535
0.0013295
0.00114481
0.00119491
0.00126426
0.00125039
0.00129841
0.00125226
0.00126879
0.00136888
0.00130062
0.00113827
0.00120755
0.00199033
0.00179228
0.00210223
0.00170598
0.0014845
0.00160037
0.00136056
0.00118303
0.00117855
0.00122432
0.00122165
0.00180917
0.0012235
0.00114891
0.00111998
0.00123194
0.00132031
0.00118496
0.00114982
0.00130691
0.00116264
0.00118096
0.0014838
0.00132677
0.00127401
0.00179265
0.00186536
0.00164224
0.00194112
0.00200142
0.00146393
0.00151965
0.00181732
0.00159898
0.00123347
0.00119604
0.00123448
0.00126609
0.00129554
0.00127999
0.0011693
0.00123291
0.001212
0.0011422
0.00127272
0.00120969
0.001157
0.00115696
0.00118055
0.00115142
0.00121915
0.00200548
0.00189208
0.00186132
0.00189496
0.00212089
0.00189674
0.00158066
0.00113992
0.00114315
0.0013974
0.00169034
0.00116086
0.00114814
0.00118649
0.00119162
0.00123339
0.00125594
0.00116414
0.00119031
0.00114967
0.00114957
0.00119643
0.00131551
0.00118297
0.00122241
0.00204805
0.00191936
0.00213765
0.00201181
0.00198445
0.0015651
0.00123924
0.00116054
0.00119936
0.00111167
0.00122088
0.00112933
0.00112292
0.00147639
0.00115038
0.00137091
0.00125129
0.00122645
0.0011491
0.00123512
0.00143427
0.00119631
0.00116491
0.00115929
0.00114038
0.00186773
0.0017589
0.00130371
0.00191649
0.00146456
0.0016285
0.00152612
0.0011976
0.00116334
0.00116183
0.00115807
0.00119217
0.00147707
0.00135029
0.0011792
0.0012015
0.00116443
0.0013032
0.00129707
0.00121246
0.00120198
0.00124844
0.00116349
0.00114483
0.00121455
0.00120813
0.00163805
0.00181096
0.00151017
0.00164138
0.00201984
0.0015757
0.00145214
0.00129122
0.0012413
0.00117012
0.00126932
0.00122359
0.00130511
0.00120629
0.00123638
0.00127886
0.00119339
0.00122265
0.00124674
0.0011667
0.0011888
0.00123569
0.00119169
0.00136705
0.0012268
0.00112392
0.00117057
0.00180141
0.00183701
0.00191167
0.00199246
0.00159928
0.00199902
0.00175721
0.00138846
0.00127241
0.00129088
0.00119132
0.00186389
0.00148347
0.00124082
0.0014931
0.00220483
0.00183676
0.00156851
0.00381871
0.00162382
0.00216362
0.00202825
0.00203224
0.0019137
0.00194625
0.0015331
0.00118487
0.00128685
0.00125296
0.00117854
0.00113724
0.00129763
0.00116451
0.00116221
0.00138752
0.0012038
0.00122754
0.00122126
0.00129221
0.0011225
0.00117035
0.00120659
0.00124865
0.0011739
0.0012627
0.00186065
0.00141
0.0016763
0.00161353
0.0013514
0.00188391
0.00133038
0.00145152
0.00127602
0.00121421
0.00124906
0.00112588
0.0012062
0.0011618
0.0012354
0.0015052
0.00117007
0.00123458
0.00118481
0.00131984
0.00122011
0.00117332
0.00114048
0.00114527
0.00130776
0.00117054
0.00120627
0.00172811
0.00186156
0.00230543
0.00203907
0.00217157
0.00212001
0.001546
0.0021435
0.00160116
0.00181896
0.00183179
0.00184964
0.00179615
0.00207491
0.00117391
0.00147392
0.00146297
0.00208695
0.00127371
0.00123773
0.00176961
0.00206076
0.00231406
0.0019937
0.0019033
0.00199255
0.00200456
0.00203733
0.0028794
0.00202032
0.00209796
0.00126356
0.00209083
0.00127195
0.00145257
0.00168091
0.00148062
0.00135398
0.00115794
0.00142808
0.00188964
0.0020024
0.00206571
0.0023508
0.00244531
0.00222871
0.00215081
0.00204785
0.00258017
0.00207083
0.00182523
0.00176515
0.00203201
0.00206872
0.00180125
0.0017548
0.00186341
0.00198412
0.00209954
0.00191263
0.00189598
0.00150051
0.00113319
0.00117946
0.00147405
0.00178733
0.00133133
0.00153094
0.00140274
0.00168016
0.00171286
0.00196748
0.0017703
0.00172222
0.0018636
0.00198865
0.00183704
0.00193729
0.001777
0.0018575
0.00184521
0.00160483
0.00143592
0.00114223
0.0011626
0.00122843
0.00110775
0.00117209
0.00117348
0.00115092
0.00113651
0.00120626
0.00126628
0.00125405
0.00122271
0.00118289
0.00138375
0.00116563
0.00141452
0.00114883
0.00116722
0.00184017
0.0018975
0.00186234
0.00191896
0.00198547
0.00191233
0.00133914
0.00122759
0.00112909
0.0013043
0.00122532
0.00126881
0.00127865
0.00128203
0.00116039
0.00118568
0.00120868
0.00113437
0.0014308
0.00114264
0.00116598
0.00110505
0.0011039
0.00123682
0.00115699
0.00135396
0.00167998
0.00189437
0.00191856
0.00183708
0.0018235
0.00197512
0.00144798
0.0012173
0.00124093
0.00128851
0.00133267
0.0013081
0.00121413
0.00113221
0.0012845
0.00137648
0.00122997
0.00122453
0.00116636
0.00133649
0.00124453
0.00176226
0.00127298
0.00124729
0.00116487
0.00183692
0.00203949
0.00184414
0.00181357
0.00190347
0.0019407
0.00153246
0.00135767
0.0013361
0.00122481
0.00128888
0.00118181
0.00113813
0.00110658
0.00123715
0.00121468
0.00137406
0.00118662
0.00123946
0.00118329
0.00120311
0.00130593
0.00140821
0.0011576
0.00117785
0.0016983
0.00191352
0.00191861
0.00200568
0.00198786
0.00193813
0.00130599
0.00121784
0.00123543
0.00127651
0.00134253
0.00124054
0.00120828
0.00113032
0.00113357
0.00117412
0.00119458
0.00135199
0.00121284
0.00119151
0.00125839
0.00118483
0.00137507
0.00117701
0.00120016
0.00136694
0.00207574
0.00183363
0.00199797
0.00185437
0.00186287
0.00178362
0.00157169
0.00115552
0.00114583
0.00123262
0.00129685
0.00121883
0.00119147
0.00124025
0.00128797
0.00124286
0.00118337
0.001151
0.00114128
0.00129503
0.00120443
0.00123846
0.00118951
0.0013156
0.00114791
0.00151963
0.00185061
0.00194067
0.00189232
0.00184696
0.00123647
0.00120983
0.00125679
0.00126838
0.00140994
0.0012289
0.00132691
0.00123278
0.00119572
0.00122236
0.00127922
0.00123293
0.00122314
0.00129632
0.00114967
0.001158
0.0011766
0.00120127
0.00118823
0.00132285
0.00114871
0.00126216
0.00128941
0.00129034
0.0017296
0.00122867
0.00122327
0.00133977
0.00128777
0.00115908
0.00115926
0.00129493
0.00117724
0.00118252
0.00144633
0.00113746
0.00126491
0.00123747
0.00131392
0.00112536
0.00117183
0.00120672
0.00115654
0.0011444
0.00115948
0.00123671
0.00114359
0.00121443
0.00130913
0.00122784
0.00120644
0.00137041
0.00124461
0.00125512
0.00147617
0.00131307
0.00127734
0.00118742
0.0012524
0.00134565
0.00116379
0.00133408
0.00124505
0.00115258
0.00207104
0.00118414
0.0012507
0.00145481
0.00122914
0.00125047
0.00119849
0.00112104
0.00113714
0.00131028
0.0013302
0.00144649
0.00113396
0.00113109
0.00144939
0.00191772
0.0019115
0.00202279
0.00150023
0.00120701
0.00117876
0.00121264
0.00120175
0.00116192
0.00129566
0.00112103
0.00121832
0.00141491
0.00122607
0.00126231
0.00117287
0.00114785
0.00123409
0.00152144
0.00121157
0.00123081
0.00118865
0.00146065
0.00117788
0.00124175
0.00129861
0.00139206
0.00154031
0.00131559
0.00115496
0.00130494
0.00150941
0.00162434
0.00159698
0.00158713
0.00129754
0.00135336
0.00123729
0.00128908
0.00124958
0.00125048
0.0012505
0.00119632
0.00117908
0.00123427
0.00129489
0.00117026
0.0011222
0.00130767
0.00118536
0.00118412
0.00136013
0.00119605
0.00126012
0.0014909
0.00136124
0.00135751
0.00133745
0.00158293
0.00152494
0.00139839
0.00144234
0.00150795
0.00129683
0.00118189
0.00150478
0.00185499
0.00145546
0.00137568
0.00118215
0.00126538
0.00150919
0.00134981
0.00163206
0.0014529
0.00127162
0.00130471
0.0012539
0.00115055
0.00140087
0.00134624
0.00122129
0.00119309
0.00122505
0.00122789
0.0013159
0.00123056
0.00146256
0.00113149
0.00120621
0.0011744
0.0013384
0.00129977
0.00120522
0.00117045
0.00127647
0.00115173
0.00123987
0.00118139
0.0011978
0.0016596
0.00144637
0.00121686
0.00117087
0.0013442
0.00143052
0.00122429
0.00116333
0.00117781
0.00117275
0.00133917
0.00115836
0.00122236
0.00128334
0.00127736
0.00114739
0.00115474
0.00121365
0.00118687
0.00118052
0.00113275
0.00114249
0.0011514
0.00122705
0.00126202
0.00137457
0.00124825
0.00129887
0.00115896
0.00121221
0.00140109
0.00112712
0.00147469
0.00124857
0.00121289
0.00123901
0.00115683
0.00115034
0.00124118
0.00128882
0.00121719
0.0013305
0.00117185
0.00138909
0.00127836
0.00121647
0.00122389
0.00115294
0.00115891
0.00118483
0.00119309
0.00138182
0.00166174
0.00120213
0.00124935
0.00117576
0.00122934
0.00128215
0.00132152
0.00118159
0.00118689
0.00128928
0.00116608
0.00127876
0.00122379
0.00114394
0.00115796
0.0011789
0.00133708
0.00136543
0.00128346
0.00125539
0.00115848
0.00116635
0.00111484
0.00122537
0.00120507
0.00111708
0.00116916
0.00118813
0.00125627
0.00121539
0.00124061
0.0011853
0.0012257
0.00115614
0.00114241
0.00132926
0.00122063
0.00131207
0.00135087
0.00132298
0.00127103
0.00124494
0.00116289
0.00116541
0.00122618
0.00113827
0.00130852
0.00116233
0.00126792
0.00120381
0.00117892
0.00135204
0.00133086
0.00125051
0.00128453
0.001303
0.00133195
0.00234885
0.00204959
0.00267536
0.0016769
0.00186497
0.00134916
0.00146198
0.00141197
0.00122602
0.00154881
0.00130665
0.00131462
0.00132163
0.00176554
0.00189778
0.00126067
0.00182859
0.00180695
0.00157896
0.0017497
0.00128268
0.00131096
0.00119886
0.00130753
0.00118258
0.00133023
0.00150297
0.00124262
0.00117907
0.00128812
0.00117603
0.00123028
0.00122643
0.00118393
0.0011256
0.00130328
0.00123041
0.00120574
0.00137023
0.00114672
0.00155058
0.00215448
0.00182864
0.00140274
0.00129494
0.00117621
0.00123019
0.00127805
0.00151318
0.00175399
0.0012932
0.00131191
0.00139088
0.00117886
0.00122481
0.00183195
0.00121865
0.00129558
0.00146125
0.00136021
0.00147047
0.00135169
0.00118939
0.00131505
0.0014337
0.00139365
0.00141288
0.00143445
0.00119285
0.00123226
0.00127495
0.00119343
0.00120247
0.00131632
0.00115812
0.00153542
0.00117285
0.00126474
0.00128883
0.00128973
0.00112935
0.00115701
0.0016629
0.00114772
0.00119384
0.00127919
0.00145918
0.00131013
0.00118884
0.00118853
0.00128457
0.00132738
0.00122367
0.00146469
0.00138857
0.00124466
0.0011397
0.00119251
0.00137037
0.00142475
0.00120747
0.00154147
0.0011935
0.00116346
0.0015103
0.00160116
0.00129211
0.00116182
0.001133
0.00119131
0.00124804
0.00139424
0.00116068
0.00119986
0.00116091
0.00134323
0.00123625
0.00145501
0.00137695
0.00114352
0.00118913
0.00114452
0.0011106
0.00131335
0.00117654
0.00117638
0.00116639
0.00115773
0.00116064
0.00123189
0.00116299
0.00114069
0.00127895
0.00125715
0.00129852
0.00119505
0.00115967
0.00117844
0.00135482
0.00114214
0.00113361
0.00119396
0.00119176
0.00116253
0.0012312
0.00122624
0.00112426
0.00119064
0.00120252
0.00113236
0.00120321
0.0013189
0.00119042
0.00113799
0.00149642
0.0018397
0.00194905
0.00118645
0.00124073
0.00112838
0.00124696
0.00127027
0.00118143
0.00148341
0.00136609
0.00114584
0.00129569
0.00126662
0.00111234
0.00122402
0.00124921
0.00117227
0.00113944
0.00135711
0.0011425
0.00120782
0.00159152
0.00182702
0.00198447
0.00142805
0.00141915
0.00158739
0.00122916
0.00116447
0.00127011
0.00123047
0.00125044
0.00121286
0.00114446
0.00126399
0.00113775
0.00116753
0.00115348
0.00125538
0.00163038
0.00124518
0.00118553
0.00133966
0.00120039
0.00113334
0.0011453
0.0013125
0.00117854
0.00116788
0.00125125
0.00115881
0.00125658
0.00169545
0.00150422
0.00113807
0.00136599
0.00117066
0.00118176
0.00139622
0.00125756
0.001173
0.00115037
0.00138134
0.00118962
0.00138129
0.00131875
0.00113785
0.00120597
0.00134733
0.00111286
0.0011677
0.00127117
0.00114106
0.00141647
0.00120131
0.00116394
0.00116358
0.00129548
0.0014304
0.00118167
0.00120975
0.00132383
0.00122782
0.00121642
0.0011637
0.0012125
0.00117878
0.00119056
0.001209
0.00119902
0.00153751
0.00153647
0.00272313
0.00153541
0.00139427
0.0015213
0.00119451
0.001156
0.00118719
0.00131434
0.00125794
0.00145776
0.00128221
0.00117998
0.00126513
0.0012019
0.00118527
0.00114011
0.00132572
0.00122832
0.00137539
0.00113485
0.00121819
0.00119141
0.00123237
0.00148346
0.00116685
0.00122908
0.00146369
0.00113284
0.00116123
0.00139495
0.00125283
0.00127488
0.00131811
0.00113855
0.00115087
0.00129597
0.00128843
0.0013203
0.00116886
0.00125141
0.00117123
0.00116361
0.0015779
0.00126241
0.00131771
0.00123862
0.00110695
0.00145576
0.00165196
0.00119207
0.00118665
0.00120958
0.00116677
0.00117656
0.00134052
0.00136021
0.00139946
0.00116159
0.00115959
0.00115325
0.00131026
0.00149234
0.00124476
0.00128985
0.00114284
0.00118617
0.00114981
0.00113207
0.00133158
0.00129836
0.00115772
0.00115425
0.00116041
0.00116045
0.00119948
0.0012404
0.00121369
0.00121352
0.00127082
0.00114529
0.0011397
0.00165329
0.00127688
0.0012684
0.0012012
0.00113634
0.00115595
0.00150732
0.00115204
0.00117948
0.00119872
0.0012807
0.00115832
0.00123192
0.00133339
0.00123236
0.00123617
0.00127951
0.00109654
0.00165602
0.00181456
0.00159187
0.0013033
0.00121566
0.00120169
0.00119809
0.00113992
0.00128476
0.00123871
0.00121917
0.00117134
0.00120901
0.00137608
0.00121442
0.00137759
0.0011487
0.00123414
0.00124902
0.00118678
0.00124371
0.00125668
0.00122533
0.00122398
0.00119662
0.0011828
0.00130178
0.00116417
0.0012351
0.00117233
0.00132957
0.00114762
0.00116005
0.00123499
0.00139498
0.00169718
0.00167024
0.00128653
0.00126869
0.00134408
0.00146514
0.00134619
0.00125002
0.00115182
0.00116553
0.00108487
0.00121161
0.00138365
0.00114693
0.0012028
0.00128685
0.00120751
0.00141274
0.00152774
0.00111794
0.00118872
0.00118947
0.00127561
0.00128837
0.00136554
0.0016129
0.00134471
0.00168659
0.00157005
0.00130485
0.00149924
0.00119786
0.0012265
0.00123954
0.00140628
0.0015338
0.00128084
0.00114992
0.00115175
0.00116717
0.00123205
0.00120925
0.0012317
0.001325
0.00128385
0.0012216
0.00114976
0.00118003
0.00134384
0.00117348
0.00113444
0.00122146
0.0012254
0.00123133
0.00128646
0.00142972
0.00123151
0.00131948
0.00139975
0.00117473
0.00125549
0.00120207
0.00123428
0.00120356
0.00113493
0.00113336
0.00114821
0.00123717
0.00129034
0.00124096
0.00115411
0.00114524
0.00118583
0.00121485
0.0014424
0.00128257
0.00115466
0.00118346
0.00114805
0.00117601
0.00163219
0.00125741
0.00122139
0.00131089
0.00123585
0.00131671
0.00118816
0.00136929
0.00145542
0.00129461
0.00120149
0.00122601
0.00148971
0.00130473
0.00121619
0.00133517
0.0015361
0.00112112
0.00128577
0.00147258
0.00116913
0.00126552
0.00119987
0.0011708
0.00121035
0.00169836
0.00126459
0.00139185
0.00127789
0.00198199
0.00195433
0.0021602
0.00193133
0.00170556
0.00154684
0.00129654
0.001331
0.00119104
0.00176762
0.0016751
0.00227961
0.00143558
0.00151637
0.00175123
0.00166743
0.00139619
0.00150316
0.00174319
0.00209325
0.00236238
0.00224976
0.00204753
0.00284624
0.0021218
0.00198224
0.00198774
0.00186957
0.00145557
0.00196935
0.00143255
0.00114344
0.00482393
0.00234422
0.00200705
0.00120022
0.00831061
0.00446356
0.00113584
0.00136482
0.00162917
0.00160378
0.00155716
0.00255084
0.00555657
0.00157109
0.003217
0.00117619
0.00179752
0.00143711
0.0027716
0.0018203
0.0018592
0.00187561
0.00214355
0.0019013
0.00177739
0.00175598
0.00167836
0.00172587
0.0012351
0.00152979
0.00119426
0.0013214
0.00126119
0.00162744
0.0021052
0.00180903
0.00188708
0.00177899
0.00167593
0.002254
0.00205326
0.00189861
0.00123191
0.00194658
0.00133437
0.00145502
0.0018658
0.00196513
0.00195244
0.00164028
0.00198921
0.00181834
0.00199508
0.00218533
0.00175223
0.00117532
0.00143599
0.00169063
0.00223527
0.00134643
0.00126951
0.001935
0.00156683
0.00187392
0.00142005
0.00122197
0.00162729
0.00141092
0.00172026
0.00125508
0.00134258
0.00132212
0.00146885
0.00143079
0.00145708
0.00180208
0.00185181
0.00220498
0.00187125
0.00209423
0.00222623
0.00146134
0.00140465
0.00133524
0.00120992
0.00181961
0.00178635
0.00337739
0.00142462
0.00247521
0.00141959
0.00133387
0.00123971
0.00135414
0.00207289
0.00202388
0.00170467
0.00201462
0.00203687
0.00199985
0.00130161
0.00125169
0.00151684
0.0015072
0.00122619
0.00137918
0.00118588
0.00123058
0.00134671
0.0013359
0.00125147
0.00153259
0.00155661
0.00137803
0.00125305
0.00125952
0.00129795
0.00149925
0.00188676
0.00202596
0.00195941
0.00190828
0.00188952
0.00147771
0.00123492
0.00124568
0.00123869
0.00124179
0.00137782
0.00116049
0.00115421
0.00116519
0.0011158
0.00115314
0.00124225
0.00117786
0.00117231
0.00121843
0.00122744
0.00114995
0.00131203
0.00123325
0.00113757
0.00181402
0.00118632
0.00117285
0.0015969
0.00124935
0.0011874
0.001262
0.00120417
0.00134986
0.00124516
0.00117776
0.00114193
0.00140682
0.00125867
0.00136773
0.00117889
0.00114972
0.00111786
0.00123137
0.0012209
0.0012507
0.00116742
0.00120996
0.00136422
0.00127247
0.00139373
0.00152899
0.00122861
0.00118278
0.00118956
0.0013027
0.00120906
0.0013497
0.00134294
0.00142056
0.0011892
0.001278
0.00135129
0.0016506
0.0013148
0.00113645
0.00139291
0.00116429
0.00113887
0.00120786
0.00165004
0.00123063
0.00129723
0.00120281
0.00115121
0.00129162
0.00172218
0.00166131
0.0013936
0.00117188
0.0012172
0.00157014
0.00140486
0.00120524
0.00122204
0.00114723
0.00114305
0.00123522
0.00161367
0.00128749
0.00123369
0.00118761
0.00118848
0.00118988
0.00134144
0.00137592
0.00120479
0.00119794
0.00117952
0.00171772
0.00200306
0.00121891
0.00132813
0.00123167
0.00121359
0.00114063
0.00163429
0.00174733
0.00124252
0.00130475
0.00128055
0.00144083
0.00124021
0.00128694
0.00116171
0.00153588
0.00141289
0.0013359
0.00130018
0.00146124
0.00162907
0.00131062
0.00155818
0.00180728
0.00171544
0.00127578
0.0012881
0.00138135
0.00118539
0.00137149
0.0011765
0.00116626
0.00116121
0.0011816
0.00118965
0.00117173
0.00120617
0.00124927
0.00124124
0.00120027
0.00153856
0.00178416
0.00173346
0.00115833
0.00116166
0.00116758
0.00169478
0.00149359
0.0011559
0.00122755
0.00124391
0.00136581
0.00154289
0.00174505
0.00135943
0.00128218
0.00117157
0.00124282
0.00127402
0.00171554
0.00140914
0.00124175
0.00113961
0.00139688
0.00129865
0.00119934
0.00180614
0.00205309
0.00120876
0.00165119
0.00150331
0.00181722
0.00151543
0.00175066
0.00197645
0.0020067
0.00194136
0.00189031
0.00182972
0.00136132
0.00157007
0.00175845
0.00177726
0.00264938
0.00139625
0.00141917
0.00193203
0.00233806
0.00172047
0.00166014
0.00169059
0.00172881
0.00442571
0.00240309
0.00214902
0.00321507
0.00591371
0.00216949
0.00237433
0.00216476
0.00246482
0.00730152
0.00250375
0.00307898
0.00199633
0.00220867
0.00149235
0.00188162
0.00179701
0.00174866
0.00182906
0.00199233
0.00213378
0.00198787
0.00220874
0.00203485
0.00976363
0.00295495
0.00222099
0.00201925
0.00334972
0.00192457
0.00128054
0.00234436
0.00160708
0.00220889
0.0020237
0.0363819
0.00260602
0.00366393
0.0167916
0.00176923
0.00126665
0.00148723
0.00333438
0.00340076
0.00313665
0.00231468
0.00200774
0.00309802
0.00266574
0.0025648
0.00582402
0.00194545
0.00193847
0.00293923
0.00185332
0.00269642
0.00179296
0.00200648
0.00180101
0.00327795
0.00238874
0.00367952
0.00270338
0.00127609
0.00204912
0.0040986
0.00149615
0.00175694
0.00142074
0.0139906
0.00209923
0.00236343
0.00233874
0.00192991
0.00181629
0.00257124
0.00189865
0.00141888
0.00235979
0.00192441
0.0020303
0.00211523
0.00210025
0.00257609
0.00207184
0.00199672
0.0024795
0.00370212
0.00275276
0.00230986
0.00199666
0.00355296
0.00240517
0.00284198
0.00210713
0.00389417
0.00233882
0.00215991
0.00229318
0.00206857
0.00435023
0.00342301
0.00218858
0.00237461
0.00153252
0.00193203
0.0013788
0.00147594
0.00127272
0.0015346
0.00160512
0.00214151
0.00190388
0.00233104
0.00174932
0.00174551
0.00228265
0.00182065
0.00217016
0.00230595
0.00225909
0.00305465
0.00232654
0.00177019
0.00125469
0.00138283
0.00153218
0.00207467
0.00169952
0.00125955
0.0012258
0.00124675
0.00133716
0.00171083
0.00119105
0.00188536
0.00192325
0.00219754
0.00168076
0.00189372
0.00200933
0.00143783
0.00168266
0.00176705
0.00135652
0.00136391
0.00150952
0.0012671
0.00125919
0.00137179
0.00118137
0.0012402
0.00144724
0.00157017
0.00131324
0.001335
0.00114079
0.00131238
0.00244433
0.00226378
0.00206505
0.00188486
0.00200268
0.00168065
0.0014845
0.00141272
0.0014596
0.00190741
0.00122183
0.00116919
0.00138116
0.00124749
0.00143414
0.00205498
0.00143162
0.00140074
0.00178196
0.00139136
0.00153277
0.0023593
0.00183321
0.00213924
0.00282585
0.0021006
0.00217484
0.00203404
0.00130795
0.00207838
0.00130102
0.00191609
0.00164193
0.00271989
0.00192536
0.00209053
0.00243371
0.00175569
0.00235157
0.00283309
0.00249669
0.0021013
0.00222503
0.00196115
0.0593443
0.00934605
0.00741161
0.00179348
0.00289221
0.0018779
0.00142833
0.0045736
0.00173695
0.00289495
0.00781147
0.00251426
0.00782502
0.00298244
0.00177417
0.00237809
0.00132292
0.00220958
0.00206499
0.0020574
0.00170863
0.00125036
0.00137137
0.00157161
0.00181581
0.00176023
0.00185255
0.00200512
0.00192831
0.00237762
0.00429369
0.00488217
0.00221164
0.00258998
0.00282887
0.00366295
0.00206506
0.0037795
0.00162875
0.00156094
0.00227108
0.00376147
0.00133783
0.00178162
0.00173093
0.00155641
0.00154486
0.00202038
0.00258241
0.0028907
0.00413549
0.00391239
0.00166376
0.00329788
0.00168834
0.00173605
0.00152592
0.00244644
0.00139359
0.00211617
0.00201069
0.00135437
0.00124014
0.00271663
0.00207346
0.00261006
0.00187466
0.0025122
0.00243429
0.00296239
0.00822494
0.0023316
0.0019787
0.0027402
0.00234984
0.00256485
0.00210612
0.00209318
0.00253208
0.00280146
0.00230575
0.0100133
0.00200543
0.00264313
0.00189739
0.00244455
0.00265987
0.00377789
0.00412185
0.00381384
0.00215723
0.0026816
0.00247891
0.00331033
0.00165538
0.00156022
0.00178984
0.00161297
0.00219823
0.00221481
0.00212873
0.00209413
0.002053
0.00227426
0.00174301
0.00209332
0.00160284
0.00226998
0.00138897
0.00162378
0.00172433
0.00166169
0.00125974
0.00158671
0.00129967
0.0018491
0.00238994
0.00201844
0.00189699
0.00193637
0.00191027
0.00207283
0.00213978
0.00202572
0.00206199
0.00190397
0.00250503
0.00214541
0.00183652
0.00183863
0.00205882
0.00183015
0.00138659
0.0011959
0.00136354
0.00208285
0.00227361
0.00232912
0.00264711
0.00216405
0.00214321
0.0016324
0.00184742
0.00199837
0.00197657
0.00139423
0.00231587
0.00152436
0.0012846
0.00144736
0.00353121
0.00222991
0.00207387
0.00210927
0.00197111
0.00187853
0.00195404
0.00188732
0.00148334
0.00135742
0.00182564
0.00242597
0.00178437
0.00184532
0.00411485
0.00206921
0.0021768
0.00225232
0.00236288
0.00237809
0.00196784
0.00225394
0.00271894
0.00443583
0.00149647
0.00782392
0.0030025
0.00251125
0.00201242
0.00291405
0.0041047
0.00384702
0.00196148
0.00198645
0.00139727
0.00175715
0.00157049
0.00166797
0.00417858
0.00160165
0.00141478
0.00180583
0.00212257
0.00123145
0.0011687
0.00150606
0.00221842
0.00210665
0.00194218
0.00192734
0.00172594
0.00241285
0.0022431
0.00191993
0.00243366
0.0019428
0.00200096
0.0018508
0.00185346
0.00167623
0.00223795
0.00224809
0.00207899
0.00197257
0.00250246
0.00207887
0.00210646
0.00218992
0.00232777
0.0019433
0.00266448
0.00327332
0.00214562
0.0027018
0.00219229
0.00571848
0.00196817
0.00198883
0.00278183
0.0019255
0.00204458
0.00193848
0.00487782
0.0229966
0.0311033
0.0516886
0.020501
0.00204979
0.00207487
0.00199246
0.00617898
0.00201068
0.00203842
0.00593102
0.00388998
0.0018777
0.00251523
0.0145728
0.00184511
0.00199011
0.00208394
0.00227686
0.0025261
0.00862018
0.0161504
0.00191709
0.00201285
0.0024609
0.00244378
0.00225614
0.00187073
0.00382583
0.00312362
0.00401468
0.00303227
0.00249638
0.00180523
0.00157315
0.00203053
0.00314641
0.00151474
0.00262326
0.00198958
0.00570193
0.0033295
0.00214599
0.00233004
0.00187873
0.00241305
0.0029369
0.00175647
0.00244202
0.0018671
0.00488261
0.00204852
0.00207997
0.00311974
0.00297842
0.00205775
0.00253106
0.00273497
0.00191746
0.00250594
0.00401445
0.00223308
0.00244698
0.00216513
0.00387547
0.00195039
0.00245755
0.00406939
0.00207095
0.00287549
0.00195297
0.00218717
0.00209309
0.00218248
0.00315531
0.00224357
0.0020832
0.00201742
0.00322628
0.00332351
0.00197259
0.00205062
0.00328222
0.00226304
0.00202156
0.00204791
0.00427159
0.00193039
0.00192688
0.00201398
0.00180905
0.00143947
0.00212174
0.00209302
0.00442267
0.00260916
0.00251979
0.00235756
0.00266667
0.00201943
0.00195648
0.00310231
0.00319434
0.00187923
0.00191713
0.0025998
0.00263334
0.00188318
0.00296036
0.00264033
0.00301589
