3.63329
2.64179
2.44859
2.38939
2.86924
2.92438
2.66651
2.46845
2.79693
2.54034
2.66736
2.46443
2.69287
2.4931
3.30064
2.53083
2.43517
2.75757
2.54629
2.61076
2.53341
2.52423
2.69225
2.54072
2.70491
2.5844
2.55574
2.87452
2.54722
2.64128
2.39805
3.09353
2.61565
2.55081
2.47894
2.47749
2.51716
2.73343
2.45105
3.46086
2.47998
2.96861
2.53755
2.41006
2.43469
2.41177
2.37307
2.4673
2.48415
2.48047
2.59682
2.57961
2.42711
2.55594
2.80921
2.69702
2.55649
2.60393
2.44504
2.54561
2.32652
2.55193
2.45036
3.04072
2.4097
2.3969
2.46406
2.45331
2.5672
2.52311
2.6684
3.02207
2.78678
2.45103
2.40618
2.95259
2.41628
2.45042
2.5042
2.77681
2.42848
2.46399
2.46832
2.81192
2.46875
2.45567
2.47844
2.57356
2.45406
2.4697
2.38219
2.4156
2.62573
2.62561
2.43573
2.56334
2.42494
2.41952
2.70897
2.43901
7.76443
7.20635
6.75433
6.77274
6.75101
6.42153
7.07914
7.05411
7.10746
7.20663
7.24
6.78088
6.76232
7.49139
7.43253
6.87931
6.9372
7.16217
6.93564
7.23975
7.04381
7.28825
6.69145
7.11068
6.55575
6.95653
6.71534
7.1909
7.46314
6.77036
8.23368
6.84678
6.90688
6.95602
7.72651
7.27884
7.00636
6.88218
6.81544
7.53606
6.77392
6.84682
7.1426
6.74423
7.9473
6.90917
7.22071
7.02805
7.42653
6.72571
7.06418
6.91789
7.56868
6.93555
6.8656
6.43123
7.30192
6.98278
7.28785
6.79504
6.70655
6.79291
6.97535
7.74558
7.2203
6.69827
6.97338
6.79186
7.70715
7.45787
6.85454
6.54844
7.45665
6.77511
6.79763
6.62184
7.67151
7.30722
7.04587
7.68608
7.20681
7.9028
6.91563
7.17258
7.36179
6.9689
7.28332
6.66856
7.17721
7.09593
6.89938
7.28445
6.89732
7.03845
7.29418
7.0767
6.86616
7.49713
7.28779
6.53643
12.3063
11.741
12.3624
11.1263
12.3134
11.5623
12.0167
11.3036
12.7366
11.4686
10.7926
11.295
13.2942
12.4031
11.6612
12.3123
11.573
12.0956
11.2964
12.0752
12.1476
12.5115
12.0773
11.6473
11.3703
12.1694
11.3943
11.2678
11.2428
12.2575
11.1464
12.2931
12.0776
11.613
11.7834
12.1276
11.8508
11.8749
11.5329
11.407
11.6349
11.9917
12.3701
12.406
11.4058
11.489
11.6463
12.6087
12.0572
11.9103
11.6819
11.7962
11.5555
12.2926
11.5514
12.0543
14.5079
12.0657
11.2902
12.1367
12.1745
14.2375
12.0699
12.3451
11.5757
14.1319
11.9785
12.0668
11.8037
11.4776
12.0421
19.452
20.0257
12.4821
12.1204
12.6759
11.615
11.9057
13.9409
12.1226
12.3883
11.8198
12.0755
13.5026
11.5109
18.4596
12.9984
12.1774
19.1675
12.9626
12.4293
11.749
11.594
12.4512
12.3743
13.3675
13.1588
18.6844
13.9291
13.6615
18.1816
17.5503
21.1767
18.9482
22.4241
23.2687
18.8133
20.366
17.1493
19.0259
16.4964
18.1994
22.77
17.3109
16.9511
19.1449
17.9369
16.4837
17.7657
17.8162
17.2217
17.6549
18.7051
17.8778
18.8229
18.4388
17.9576
17.1359
17.6497
16.2345
19.3012
18.0882
17.6313
17.4925
17.7734
17.9149
19.3107
17.8695
17.298
16.8829
19.6762
16.9094
16.5939
16.8635
18.6036
16.9427
16.5095
18.5415
18.3961
19.0141
18.174
17.4445
19.1757
19.8041
17.0685
17.5646
18.3997
16.3053
16.4519
16.7798
16.5959
19.3676
18.0621
18.741
17.0887
17.451
19.7422
18.9323
17.9636
19.026
18.7591
18.8146
20.6218
17.4805
17.8744
17.566
19.234
19.3123
17.497
17.0414
17.802
20.2204
19.7559
18.8985
18.6717
17.2281
20.0625
19.4184
18.592
16.9825
18.935
20.3196
20.6994
18.8951
18.8018
18.8514
17.5155
21.6331
18.4137
19.1942
22.6244
27.9164
24.2427
28.4015
29.5174
22.2882
34.1224
24.0729
23.0167
22.2827
23.1205
24.2329
23.7019
25.6402
24.1112
21.1664
23.1141
24.0754
23.918
23.5184
22.7172
24.4879
24.5369
25.2359
24.889
23.2906
24.6744
22.6165
25.8453
22.7161
23.4184
23.8432
22.7337
23.2059
23.142
21.6746
24.8623
24.7435
26.4674
24.7913
23.2343
23.5337
22.9432
22.2277
22.6832
25.7982
21.9598
24.114
24.1838
23.1382
22.4637
22.3125
27.8724
21.3777
21.9646
21.5066
23.5988
28.6382
22.7044
22.7578
22.9641
24.2111
28.3125
28.5213
28.2589
21.6923
21.3455
23.9531
22.2299
21.4681
22.7313
23.6484
23.2027
22.1179
22.477
25.3062
27.621
22.9427
22.0245
22.0629
28.0354
22.8395
25.3694
22.0114
30.1231
23.1055
39.9
23.1808
24.0999
21.1478
22.3264
28.0255
24.7884
23.4398
22.9877
22.3828
22.1314
22.27
26.4581
21.5428
27.6831
27.5317
27.5058
31.2982
28.876
26.7553
28.0966
28.1123
27.368
27.0772
33.0102
26.4858
27.6158
34.1116
27.9232
28.7108
32.7584
30.5452
26.1837
33.719
29.5949
32.6418
26.5437
32.6255
31.2805
26.514
26.429
28.4452
26.4875
27.1002
28.9787
27.209
28.6062
28.5194
27.2596
27.0137
26.5489
26.5866
26.453
28.7306
26.5555
28.4237
27.0562
27.399
30.4146
27.6585
29.5133
28.6492
27.5976
27.5089
26.3275
32.2598
33.583
30.7146
33.1985
30.7175
32.946
33.1412
29.0721
27.1835
28.4811
28.5641
28.7714
34.7721
31.4631
32.2042
27.8446
29.0016
30.2708
28.1163
28.0802
27.1108
26.7907
27.7813
27.9399
27.0213
27.6586
26.3001
27.258
27.6706
26.9855
27.518
29.1871
28.9004
28.6118
27.666
27.144
28.413
27.8018
27.5663
26.5755
27.476
26.7327
33.2317
34.7227
29.754
27.2404
31.7019
30.4489
31.987
605.159
47.8889
44.1395
40.0281
37.6961
31.7582
41.5957
34.1527
31.3918
33.4109
35.471
31.1906
32.9954
31.2686
33.8124
35.8755
32.7558
33.0656
32.6371
32.9316
32.0397
32.7567
32.8314
32.9491
32.3286
43.8292
33.3977
33.859
38.6936
39.9482
37.4858
36.7998
31.6774
38.5866
37.9839
32.0913
33.2243
35.8989
32.8214
38.8019
32.5352
33.232
32.4633
32.2545
31.6556
31.8682
32.7905
32.6114
31.2259
31.929
33.4992
31.6943
32.0529
31.4685
32.7241
31.9728
36.3482
32.5034
37.1432
32.9257
40.8596
32.2839
32.2153
37.4486
35.3602
39.0965
30.5893
37.1129
40.7521
38.0604
36.7339
31.59
31.165
31.2311
32.3231
32.1024
31.7626
32.7256
32.1317
31.8851
31.0693
31.7805
32.589
32.4232
32.557
31.6371
31.6861
32.0217
32.1004
31.6134
32.1744
33.7272
36.956
33.1784
31.1602
39.2276
35.015
32.4622
37.3755
32.5685
