32.2028
31.3971
32.0648
31.7335
30.9596
30.819
31.0276
32.9104
30.5461
31.2112
31.3977
31.6093
31.7582
30.7254
30.3012
30.4581
30.3032
30.6514
30.4244
31.8841
53.1194
30.5633
31.011
37.5625
36.8685
35.2865
34.0178
31.3057
37.432
37.3726
38.0062
31.1879
33.3239
30.9543
36.2309
29.8207
30.784
30.8778
31.2537
37.0013
31.0339
32.0665
30.6595
37.2337
31.4761
30.3023
30.3789
31.1661
30.8323
33.8661
35.7561
36.1002
33.881
33.9624
30.9382
35.5844
32.0979
31.8236
31.6567
30.798
35.704
30.0065
32.3634
32.3849
30.9875
31.8699
29.8104
32.0712
31.349
32.2815
32.0526
31.5188
31.5116
32.5084
31.1446
31.2979
32.2751
31.6178
30.9681
30.4703
34.6061
36.5496
32.9937
32.0665
32.9089
36.1994
31.6434
35.5876
32.2645
32.116
30.8088
34.2985
36.641
34.6468
32.0436
33.9565
38.454
31.273
37.6947
30.713
