3.08899
2.48387
2.59985
2.63358
2.50759
2.89799
2.58292
2.48082
3.2093
2.53757
2.52597
2.68488
2.41826
2.47043
2.90171
2.47588
2.44986
2.46928
2.50555
2.494
2.45615
2.5474
2.52023
2.73941
3.31231
2.60726
2.49125
2.449
2.62525
2.55775
2.41011
2.5526
2.47101
2.44723
2.80043
2.60604
2.75866
2.65021
2.64303
2.87653
2.64732
2.58604
2.43462
2.66175
2.48975
2.44934
2.37611
2.37318
2.49377
2.55918
2.62594
2.77813
2.646
2.60142
2.62273
2.56996
2.71285
2.61446
2.72061
2.76326
2.45371
2.45254
2.4844
2.66051
2.40959
2.46709
2.53038
2.43502
2.53366
2.62096
2.50224
3.12707
2.69494
2.58546
2.37727
2.52859
2.49487
2.4678
2.92584
2.96688
2.59599
2.62483
2.49611
2.66837
2.65711
2.46131
2.7887
2.59518
2.47688
2.36341
2.46253
2.43946
2.41256
2.72539
2.37422
2.52257
2.56921
2.69451
2.60392
2.43527
