401.598
404.688
395.981
396.988
401.228
399.298
397.089
456.205
397.011
399.93
398.837
469.365
452.23
475.262
467.1
732.872
475.918
471.107
471.695
471.847
477.935
439.417
474.016
476.575
449.456
410.545
464.376
422.944
480.132
476.671
471.528
474.78
476.846
476.6
523.641
459.11
482.079
452.602
438.058
469.919
400.859
441.834
443.952
407.134
402.8
450.163
459.422
426.798
420.452
401.062
397.679
424.585
412.427
410.583
452.631
387.417
400.649
400.902
397.95
396.099
401.783
419.336
400.215
398.416
393.854
405.607
399.815
406.005
403.248
400.433
394.742
394.164
393.583
395.54
401.406
396.287
398.7
399.524
412.125
400.209
403.893
404.131
401.911
429.712
407.623
401.597
397.296
412.503
405.532
402.07
411.752
395.183
398.302
402.393
401.345
401.328
400.903
401.735
407.398
406.29
