1368.22
1352.42
1360.98
1360.57
1355.42
1360.32
1361.24
1369.47
1363.07
1350.19
1343.95
1347.52
1340.58
1360.73
1366.31
1351
1517.61
1372.39
1359.73
1338.04
1352.73
1484.98
1439.76
1441.37
1497.82
1443.19
1391.58
1481.17
1487.39
1616.71
1556.51
1573.96
1568.65
1516.28
1539.92
1316.18
1349.37
1332.98
1363.49
1569.02
1407.59
1345.75
1316.26
1523.39
1451.91
1477.48
1402.92
1454.81
1326.27
1439.09
1384.31
1334.94
1564.09
1490.62
1359.37
1539.49
1378.31
1386.54
1362.11
1339.45
1341.13
1385.32
1372.11
1350.29
1353.53
1352.95
1369.25
1374.11
1360.44
1496.11
1359.57
1347.16
1384.73
1375.15
1365.69
1346.71
1358.83
1367.5
1364.6
1369.59
1596.59
1459.18
1416.46
1448.27
1389.45
1513.29
1363.62
1597.17
1365.17
1489.25
1523.42
1446.63
1530.06
1394.24
1508.14
1549.37
1580.9
1603.79
1597.6
1650.09
