367.133
343.841
344.106
334.53
332.836
337.603
347.374
335.58
333.848
325.269
332.298
330.47
334.409
331.857
340.968
338.546
333.243
372.6
367.063
324.865
379.027
358.279
356.331
329.872
360.797
336.718
383.386
337.784
341.103
336.202
334.128
328.327
353.344
330.591
388.259
361.362
394.387
376.173
388.476
395.839
379.002
331.673
395.994
393.476
388.776
387.525
388.094
393.392
372.793
387.575
383.305
376.731
331.498
338.24
326.82
347.342
330.261
329.438
337.632
325.472
335.045
395.113
334.982
338.66
334.888
328.523
352.248
342.712
327.287
326.287
365.256
357.277
377.172
324.102
336.267
329.677
360.079
356.672
331.975
360.648
386.26
331.869
401.868
396.198
411.872
331.908
338.377
330.166
331.322
332.771
330.715
332.443
342.511
328.819
330.366
331.588
479.414
333.892
340.07
330.933
