61.8793
62.3987
61.3363
63.6685
62.4072
110.644
68.6309
68.6546
59.8842
68.0005
59.7396
61.1189
59.3064
54.8446
60.0948
54.8361
54.1248
52.6187
60.466
52.7063
54.1228
53.5429
52.5879
55.0065
60.9119
61.2545
63.0876
59.3232
52.133
53.0116
53.1672
52.051
57.049
54.6131
52.553
62.7341
52.5602
52.7837
55.0137
52.5011
54.6617
52.095
51.7246
51.9621
51.9533
52.9365
53.3713
53.9659
57.8388
59.4747
52.2958
54.5879
53.8631
62.7379
61.4372
52.9397
64.0062
55.4726
52.9818
53.6238
52.0423
54.3717
56.8321
52.4187
53.033
57.2302
53.59
109.458
66.4485
55.9886
52.4798
51.8953
53.0739
53.7481
54.4945
55.7996
54.533
62.0514
60.9607
57.5411
63.6999
61.7675
61.8217
69.2653
65.1297
51.6877
59.9231
68.6118
53.34
61.673
56.0803
54.9304
65.4535
69.4041
61.05
58.5597
52.858
54.7162
52.2595
57.8091
