14.6818
12.9185
13.464
12.5986
12.6784
12.7999
13.0173
13.3399
12.522
13.1882
13.0469
12.5385
12.2445
12.8306
12.7973
12.9995
12.7623
13.9322
12.8219
12.5425
13.4458
13.3638
14.2663
12.9269
13.442
12.6868
12.7373
12.5233
13.6824
13.595
13.0317
12.9113
12.9505
13.2765
13.6195
12.8588
12.5534
14.6274
12.7943
16.3815
12.8101
12.8971
12.7763
13.4321
12.5025
12.8976
12.5345
12.9413
13.2927
12.9056
12.6595
13.1119
12.6203
12.5898
12.907
12.665
12.6881
12.926
13.4656
13.0526
13.0798
12.9223
13.6737
12.5157
12.3868
12.5617
13.5391
13.1664
12.5026
13.1651
13.0613
13.6209
13.7784
13.926
13.1248
12.373
12.7982
13.4056
12.405
12.4207
12.6608
12.4681
12.7015
12.9153
12.4237
13.343
12.8376
12.9569
13.0602
13.8149
12.7882
13.0373
14.128
12.7509
12.2788
12.8142
13.1197
13.2479
12.9229
13.1179
85.0405
80.7118
80.7486
79.1295
80.2895
79.8992
80.3278
81.3368
81.6958
80.1094
77.8954
81.0386
80.409
81.0063
82.4405
80.6026
82.118
82.3795
80.0479
80.3497
81.6027
81.9304
79.4468
82.9675
80.7461
80.2215
79.5374
80.7933
82.3147
79.3898
82.112
79.3585
79.3733
81.8172
86.3757
81.1348
80.6356
82.6756
81.4302
81.5947
80.8397
80.7665
81.4876
84.3087
79.9155
80.1263
79.3962
81.5664
82.4228
78.5055
85.2997
80.3402
79.5507
80.2458
79.9617
80.5067
99.2642
80.0685
80.4854
81.2517
78.4389
78.508
80.3753
81.4827
80.944
79.4321
81.7388
78.0028
79.145
81.6544
79.1624
80.2227
82.0395
81.0473
79.2773
78.6225
83.912
79.7866
82.159
82.1186
79.5707
78.9166
81.9883
87.622
79.6518
79.1208
81.1601
79.9081
79.0172
80.5794
78.2948
79.7448
82.2049
81.858
79.9464
81.7054
78.9291
81.7705
80.6357
80.9209
