1598.23
1608.62
1627.57
1617.84
1642.44
1630.32
1600.62
1830.47
1596.75
1616.87
1627.13
1906.58
1957.47
1890.46
1815.81
2994.17
2072.05
1881.68
1912.94
1828.47
1911.82
1768.45
2164.44
2030.97
1920.01
1802.04
1751.73
1849.73
1855.23
1905.1
1901.59
1845.96
1895.73
1889.46
1899.33
1920.89
1836.69
1862.35
1740.82
1892.51
1867.6
1726.45
1680.06
1707.15
1647.6
1827.11
1737.74
1735.74
1659.59
1604.24
1604.45
1686.8
1681.5
1700.21
1873.19
1601.22
1593.84
1617.89
1606.57
1614.83
1633.24
1648.4
1600.58
1612.86
1608
1666.48
1608.3
1676.43
1612.51
1615.14
1638.02
1609.79
1605.95
1596.07
1598.61
1648.78
1612.21
1593.82
1633.93
1638.81
1616.61
1597.39
1596.56
1654.53
1603.19
1611.8
1689.97
1680.63
1657.44
1635.22
1615.06
1605.29
1608.52
1611.53
1632.53
1668.65
1617.29
1606.05
1624.43
1615.31
