63.3618
52.2916
49.3424
52.0277
53.0914
54.2186
53.8115
51.3306
51.8437
52.3609
51.1214
52.6567
53.0286
52.537
52.8105
51.6057
51.4589
52.3629
52.7671
50.1244
50.682
52.5005
53.3753
53.5372
52.5028
52.3422
52.5212
52.2192
51.2135
52.4018
52.794
52.2132
53.4851
51.9905
51.7178
52.8912
51.1704
51.4939
53.8413
55.58
50.8956
50.6302
52.3544
53.2361
51.577
52.4242
50.2152
55.9266
51.3366
52.5637
51.9149
52.4371
52.646
51.5815
52.82
50.9308
51.9041
50.7406
52.5454
53.0932
51.4125
57.247
51.7524
51.2305
51.1988
50.8427
50.9557
54.2395
51.08
49.7801
53.2462
53.0211
52.171
51.9563
52.5401
50.9723
50.6536
50.4276
51.173
51.8835
52.719
51.9091
50.8514
50.8008
50.966
50.5183
50.033
50.9393
51.1807
52.1897
50.8175
50.9521
51.5462
51.5145
52.987
50.5942
51.9464
49.5614
51.0929
50.7053
329.078
324.124
318.392
352.149
324.796
327.32
319.046
330.611
320.016
324.794
321.162
325.394
325.009
324.501
329.032
328.464
323.836
321.473
323.1
328.808
327.115
322.103
327.499
321.458
323.77
322.808
318.268
329.343
333.058
342.71
339.046
321.772
325.442
324.766
329.9
319.437
321.951
322.559
337.301
327.598
335.018
326.167
324.49
334.218
324.585
322.358
326.043
345.266
322.226
325.83
318.385
318.565
321.924
321.768
322.177
324.79
333.245
322.149
324.454
331.489
322.542
319.81
319.872
320.269
318.86
321.297
323.951
317.15
321.101
317.016
320.989
328.217
326.947
317.675
322.989
320.111
323.57
319.544
326.21
333.679
323.252
321.373
321.068
346.156
323.414
321.465
329.045
327.672
324.867
328.491
323.539
323.906
326.914
323.994
326.206
321.62
323.607
324.063
323.121
324.141
830.711
852.659
824.112
833.411
833.122
843.791
839.401
839.489
835.865
839.83
834.521
838.163
835.465
836.559
833.465
869.66
838.683
919.261
848.052
835.774
829.505
842.015
836.334
817.498
835.909
829.148
827.55
829.839
826.194
833.43
817.297
854.232
832.433
837.916
829.122
825.55
826.718
836.559
834.867
840.314
846.593
830.497
829.032
832.09
821.292
833.956
827.21
886.655
825.278
825.143
821.41
840.49
838.367
838.005
839.25
908.664
969.141
825.684
831.225
831.437
843.849
1226.49
915.054
938.251
905.819
1091.66
852.903
989.738
966.214
831.167
832.837
920.599
1156.11
1027.24
1027.8
939.179
912.109
950.755
911.14
851.225
1038.62
877.71
886.69
947.099
815.314
975.169
1095.41
878.403
931.727
1265.05
891.803
939.333
957.384
1051.97
919.997
922.98
900.581
892.708
1050.37
940.943
1708.89
1645.21
1749.51
1749.65
1682.38
2096.16
1682.78
1766.23
1665.21
1625.14
1742.05
1683.87
1760.55
1710.83
1655.58
1693.45
1659.4
1644
1663.79
1667.09
1643.15
1664.08
1696.95
1631.37
1699.44
1689.5
1656.74
1645.46
1691.6
1683.54
1701.93
1680.95
1715.76
2285.98
1649.48
1659.32
1703.15
1624.86
1649.84
1690.58
1681.85
1682.07
1655.35
1657.51
1671.29
1698.61
1622.74
1665.61
1666.22
1682.2
1657.75
1724.61
1706.1
1676.45
1654.84
1639.91
1704.25
1642.99
1717.86
1629.34
1645.31
1682.57
1688.39
1684.82
1662.89
1678.75
1657.86
1682.3
1670.78
1651.93
1626.53
1684.21
1681.82
1663.81
1859.89
1637.26
1679.17
1660.73
1657.68
1729.66
1674.59
1735.61
1798.12
1668.06
1648.37
1705.75
1864.05
1737.21
1716.38
1785.89
1753.56
1840.04
1868.15
1673.88
1796.52
1726.76
1714.41
1758.05
1817.37
1727.62
2854.8
3156.6
3190.58
3167.04
3135.51
2967.87
3229.32
2700.82
2656.66
2692.86
2685.88
2643.15
2740.86
2702.47
2716.01
2640.37
2740.02
2758.2
2679.85
2678.71
2711.44
2719.53
2769.24
2767.1
2790.06
2751.25
2785.96
2731.13
2773.61
2680.17
2670.36
2828.85
2755.25
2659.97
2738.32
2696.62
2744.81
2668.8
2694.48
2693.81
2664.88
2723.33
2678.91
2745.31
2688.37
2833.98
2794.43
3110.62
2860.86
3105.25
2859.69
2794.73
2833.7
2704.63
2797.23
2769.84
2986.37
3028.96
2687.22
2958.47
3015.32
3008.03
2967.62
3042
3003.22
2995.44
3045.08
3009.62
2540.51
2907.96
2765.59
2889.34
2569.34
2662.57
2592.06
2965.51
2697.79
2602.93
2551.46
2778.66
2941.72
2565.36
2567.2
2540.63
2863.2
2661.62
2654.41
3007.61
3422.96
2521.93
2714.04
2610.37
2746.45
2967.72
2777.9
2580.92
2665.45
2972.2
2814.9
2602.96
3772.86
4169.36
4790.71
3861.49
4282.42
3748.75
3773.9
4047.03
4050.8
3783.08
3907.39
4195.51
3982.62
4451.53
3852.45
4460.66
4424.7
4363.55
4261.98
4413.6
4385.16
4386.25
4439.59
4403.42
4376.34
3728.84
3747.81
3951.87
3737.28
3761.87
3813.18
3943.51
3796.77
3765.93
3789.66
3951.21
3825.13
3785.42
3827.02
3819.06
3792.38
3729.54
3768.86
3759.33
3791.35
3978.95
3769.7
4186.02
3742.28
3763.08
3854.72
4309.61
4429.72
4380.35
4396.63
4399.92
4291.54
4335.79
4403.12
4059.16
4468.95
4400.56
4331.23
4364.87
4367.98
3987.49
4092.54
3961.06
4343.85
4403.67
3744.96
3796.13
3933.34
3793.02
3872.04
3764.17
3820.55
3769.53
3839.5
4656.59
3723.96
3754.4
3758.05
3807.16
3732.82
3772.06
3784.74
3777.37
3721.38
3741.9
3742.05
4200.47
3737.98
4368.5
4719.86
4273.72
4350.73
4211.29
4377.78
4229.28
