2041.21
2074.06
2120.41
1899.47
1949.62
1918.69
1900.17
1903.23
1918.39
1926.07
1934.72
1923.9
1915.99
1985.92
1949.98
2101.86
2105.94
1938.87
1926.12
1949.33
1916.42
1921.58
1933.51
1937.56
1942.82
1923.43
1924.02
1930.55
1941.14
1939.11
1930.47
1911.78
1940.04
1940.24
1938.59
1923.37
1928.71
2717.57
1926.3
1924.96
1915.55
1910.69
1907.77
1922.43
1907.08
1924.58
1913.44
1906.03
1912.21
1915.39
1898.44
1887.31
1900.75
1909.42
1894.11
1881.92
2904.78
1892.14
4566.72
4469.33
2161.38
1955.93
1904.71
1900.58
1929.45
1907.2
1907.05
1907.79
1899.16
1941.32
1943.54
1933.59
1927.8
1943.54
1947.92
2566.81
2261.55
1934.29
1907.38
1885
1908
1925.68
1951.59
1910.57
1916.25
1922.94
1900.5
1897.08
1962.49
1956.68
1926.22
1919.93
1947.2
1953.52
1932.33
1917.59
1914.01
1940.67
1942.74
1927.92
