5623.74
5471.66
5577.49
5483.05
5519.69
5489.47
5405.82
5642.04
5520.08
5454.32
5432.99
5439.49
5436.1
5470.45
5500.45
5435.03
6090.06
5558.83
5408.27
5948.87
5479.61
5975.18
5660.35
5684.4
6002.45
5897.38
6013.43
5859.41
6008.41
6357.95
6295.51
6179.48
6334.03
5967.81
5389.32
5278.11
5380.8
5465.34
5543.43
6236.7
5648.04
5349.66
5330.9
5822.21
5817.01
5723.07
5448.81
6012.08
5587.88
5908.43
5695.69
5789.66
6919.44
6126.94
5505.57
5942.97
5596.15
5614.97
5549.81
5444.17
5426.04
5426.27
5692.14
5519.93
5481.76
5575.05
5517.04
5582.59
5532.64
5532.69
5533.28
5543.45
5435.87
5524.59
5542.9
5440.25
5518.99
5495.72
5453.29
5507.95
6451.7
6026.92
5740.7
5827.31
5627.38
5873.09
5580.08
6411.45
5463.27
5945.85
5685.2
5915.69
5957.09
6029.74
5821.34
6335.41
6398.25
6339.18
6356.53
6509.26
