12273.7
12388.2
12466.4
12475.2
12661.1
12375.8
12313.4
12272.5
12449.1
12265.6
12266.3
12399.7
12322.2
12463.6
12385.1
12308.4
13037
13289.3
12306.1
13092.4
13614.5
12871
12483.6
13206.4
13311
13218.2
13759.8
13340.6
13710.9
14381
14426.9
14301.9
14208.6
14355.4
12144.7
11942.7
12336.7
12300.1
12739.2
13859.5
13138.7
12497.4
12121.7
13281.6
12977.4
12783
12469.8
13688
12882.4
12852.6
14037
14649.5
14184.5
13271.2
12489.3
12956.2
13223.1
12668.6
12291.6
12510.4
12305.5
12359.7
13079.5
12483.5
12323.6
12514.7
12565.5
12552.7
12548.4
12495.7
12705.9
12404.3
12344.3
12652.1
12482.8
12374
12566.3
12461.6
12341.7
12548.2
14658.1
13137.2
13259.5
13086.5
13042.9
12965
13108.2
14447.9
12792.8
13647.1
12592.8
13409.6
14070.5
13760.6
13022.8
14323.6
14419.1
14352.8
14298
14391.3
