14.6818
12.9185
13.464
12.5986
12.6784
12.7999
13.0173
13.3399
12.522
13.1882
13.0469
12.5385
12.2445
12.8306
12.7973
12.9995
12.7623
13.9322
12.8219
12.5425
13.4458
13.3638
14.2663
12.9269
13.442
12.6868
12.7373
12.5233
13.6824
13.595
13.0317
12.9113
12.9505
13.2765
13.6195
12.8588
12.5534
14.6274
12.7943
16.3815
12.8101
12.8971
12.7763
13.4321
12.5025
12.8976
12.5345
12.9413
13.2927
12.9056
12.6595
13.1119
12.6203
12.5898
12.907
12.665
12.6881
12.926
13.4656
13.0526
13.0798
12.9223
13.6737
12.5157
12.3868
12.5617
13.5391
13.1664
12.5026
13.1651
13.0613
13.6209
13.7784
13.926
13.1248
12.373
12.7982
13.4056
12.405
12.4207
12.6608
12.4681
12.7015
12.9153
12.4237
13.343
12.8376
12.9569
13.0602
13.8149
12.7882
13.0373
14.128
12.7509
12.2788
12.8142
13.1197
13.2479
12.9229
13.1179
