19.4491
20.8712
13.4971
18.0918
19.9811
23.8469
13.03
14.5446
14.8083
13.1521
13.9725
20.8712
19.9971
12.9866
20.2132
13.1141
21.3073
13.2514
13.3371
13.6683
13.9883
13.0633
13.1547
13.0396
12.8947
13.5592
14.419
13.4027
13.7671
13.3782
12.9149
12.8803
13.3404
13.7415
13.0839
18.4643
13.6357
13.0405
13.146
13.3778
12.862
12.9301
12.8112
13.3764
13.321
12.8884
13.2286
13.6071
13.194
17.7398
13.2519
13.2849
12.7056
13.1865
21.2445
12.8561
16.3855
13.7476
13.2661
13.0137
13.3721
12.999
13.5232
12.9588
13.1383
12.956
13.5302
22.6276
13.0992
18.6344
12.8934
13.006
15.3716
16.1742
13.0875
14.3048
12.8153
13.0066
14.677
15.0143
26.2204
13.4433
15.8436
13.4046
16.9912
12.9016
16.8692
13.9273
12.9045
13.5049
12.9031
13.0618
16.0868
28.0344
13.0469
13.6192
12.8192
13.4534
13.1085
13.0581
