8747.33
9163.95
10384.5
9718.1
8915.65
8942.28
9500.69
8829.9
8785.91
8774.09
8865.71
8950.1
8922.54
9148.69
8878.2
8983.15
8856.22
8860.23
8725.68
8853
8862.33
8844.72
8770.71
8951.89
8889.98
8858.4
8814.99
8889.24
10102
8953.65
9106.91
10278.6
9687.9
10434
10594.8
10215
10071.4
9288.68
9387.52
9280.74
9417.71
9723.1
9372.89
9513.13
9435.51
10724.8
9366.63
13160.1
9221.74
9473.77
9327.9
9268.49
9027.63
9293.96
9314.48
9446.06
9350.42
10356.6
9715.18
9217.31
9542.05
9516.67
9583.8
10297.9
10267.1
9076.36
9048.68
9140.7
10058.6
9428.09
8885.26
8896.83
8961.68
9716.55
9869.66
10167.5
10218
10537.2
9999.74
10278.2
10154.4
9533.89
10429.4
8944.63
9064.11
9178.42
8951.89
9178.41
9075.8
8990.97
9754.11
9844.99
9010.91
8935.96
9134.12
9264.52
8946.77
8942.26
8997.3
8915.53
