63.3618
52.2916
49.3424
52.0277
53.0914
54.2186
53.8115
51.3306
51.8437
52.3609
51.1214
52.6567
53.0286
52.537
52.8105
51.6057
51.4589
52.3629
52.7671
50.1244
50.682
52.5005
53.3753
53.5372
52.5028
52.3422
52.5212
52.2192
51.2135
52.4018
52.794
52.2132
53.4851
51.9905
51.7178
52.8912
51.1704
51.4939
53.8413
55.58
50.8956
50.6302
52.3544
53.2361
51.577
52.4242
50.2152
55.9266
51.3366
52.5637
51.9149
52.4371
52.646
51.5815
52.82
50.9308
51.9041
50.7406
52.5454
53.0932
51.4125
57.247
51.7524
51.2305
51.1988
50.8427
50.9557
54.2395
51.08
49.7801
53.2462
53.0211
52.171
51.9563
52.5401
50.9723
50.6536
50.4276
51.173
51.8835
52.719
51.9091
50.8514
50.8008
50.966
50.5183
50.033
50.9393
51.1807
52.1897
50.8175
50.9521
51.5462
51.5145
52.987
50.5942
51.9464
49.5614
51.0929
50.7053
329.078
324.124
318.392
352.149
324.796
327.32
319.046
330.611
320.016
324.794
321.162
325.394
325.009
324.501
329.032
328.464
323.836
321.473
323.1
328.808
327.115
322.103
327.499
321.458
323.77
322.808
318.268
329.343
333.058
342.71
339.046
321.772
325.442
324.766
329.9
319.437
321.951
322.559
337.301
327.598
335.018
326.167
324.49
334.218
324.585
322.358
326.043
345.266
322.226
325.83
318.385
318.565
321.924
321.768
322.177
324.79
333.245
322.149
324.454
331.489
322.542
319.81
319.872
320.269
318.86
321.297
323.951
317.15
321.101
317.016
320.989
328.217
326.947
317.675
322.989
320.111
323.57
319.544
326.21
333.679
323.252
321.373
321.068
346.156
323.414
321.465
329.045
327.672
324.867
328.491
323.539
323.906
326.914
323.994
326.206
321.62
323.607
324.063
323.121
324.141
