848.131
877.763
928.333
839.713
862.742
849.115
843.729
848.214
846.163
854.387
853.668
845.778
852.857
894.022
865.398
942.933
929.231
857.782
858.165
853.906
845.506
851.614
848.996
855.603
855.976
852.343
854.016
873.978
859.997
847.77
865.839
854.763
863.877
854.356
860.019
844.717
844.792
1205.82
831.625
848.556
842.736
846.135
842.754
840.041
833.721
846.952
837.027
842.075
843.776
847.912
844.736
844.153
832.728
845.839
836.06
845.906
1719.62
873.181
1961.44
1763.29
901.701
846.287
843.87
853.725
844.785
848.443
842.96
833.499
849.966
853.799
842.752
864.547
857.4
852.753
855.991
1052.35
839.282
1104.35
837.684
845.987
842.971
857.556
847.125
838.025
853.74
846.637
846.373
840.969
851.255
853.023
847.112
880.051
865.884
857.106
864.85
860.419
847.83
840.573
843.527
849.821
