124.447
120.322
114.013
115.645
116.225
115.99
113.485
114.382
115.818
117.512
115.227
116.452
114.995
118.569
116.114
114.699
115.228
117.808
115.426
117.356
120.305
119.515
121.818
114.804
116.989
117.413
119.204
122.1
117.215
117.593
115.907
119.186
116.771
116.776
113.217
119.589
115.234
115.218
118.316
117.562
116.55
115.388
118.045
116.964
115.304
116.203
114.09
117.715
115.71
119.514
118.623
113.642
115.695
117.467
115.192
116.247
113.7
114.968
115.711
114.567
113.507
122.028
115.447
116.51
114.509
115.125
113.013
120.922
116.252
115.008
125.568
129.676
115.582
121.048
114.401
116.885
113.074
115.694
114.526
113.719
115.57
117.72
114.726
115.33
116.7
116.122
114.43
115.815
114.837
116.852
114.922
114.746
118.117
114.349
113.32
114.875
117.231
113.375
115.52
113.104
