3936.96
4172.94
4468.85
3952.7
3892.02
3951.37
4088.96
3936.64
3863.3
3870.23
3911.93
3936.45
3911.55
3910.48
3896.9
3930.4
3891.38
3902.42
3888.44
3929.96
3922.12
3929.14
3860.97
3956.22
3942.99
3933.4
3872.85
3935.5
4577.35
3910.64
3874.09
4530.29
4449.39
4506.52
4538.17
4439.93
4733.72
4281.08
4174.88
4083.68
4159.4
4160.77
4158.1
4199.14
4144.65
4643.82
5598.29
4815.45
4069.19
5708.04
4047.17
4043.8
4086.48
4006.74
4159.54
4109.14
4104.71
4331.05
4248.45
4302.54
4245.21
4187.61
4247.49
4577.15
4697.32
4000.79
4089.17
3980.57
4149.76
4061.41
3890.89
3959.87
3963.94
4254.48
4283.84
4588.95
4583.84
4684.01
4656.72
4404.83
4398.32
4169.33
4264.19
3917.8
4072.21
4020.3
3958.42
3966.58
3978.48
3928.66
5044.93
4459.69
3971.39
3954.85
4141.68
4187.89
3926.72
3964.04
3973.86
3907.46
