862.07
766.136
773.951
782.687
742.813
746.493
798.859
753.849
780.303
734.1
743.233
744.248
739.654
742.735
758.494
755.117
755.937
804.553
749.81
739.418
780.105
799.147
827.899
746.692
774.15
799.159
812.998
757.65
781.912
760.439
777.427
769.245
813.509
753.604
869.947
840.707
889.723
877.96
841.223
889.264
874.903
841.911
876.346
873.04
856.437
837.921
875.859
884.812
884.091
878.131
881.155
763.026
752.508
755.569
842.955
753.488
747.791
746.648
768.542
776.212
781.328
802.259
753.767
747.624
783.768
758.871
820.053
779.636
759.032
758.34
825.309
807.827
786.359
764.801
757.589
734.606
839.523
761.645
786.587
785.67
815.251
749.223
892.759
872.489
924.695
768.834
795.298
746.996
743.066
761.035
749.895
751.303
755.133
750.233
746.18
738.775
937.394
750.773
761.548
758.363
