3606.21
3630.85
3671.17
3676.74
3733.53
3620.12
3751.49
4085.54
3580.12
3624.84
3715.44
4095.73
4298.55
4307.51
4275.22
6027.64
4546.32
4307.71
4313.33
4248.56
4282.76
4175.59
4324.19
4659.35
4399.3
4243.42
4260.55
4214.31
4223
4329.99
4286.01
4251.6
4200.75
4300.77
4174.8
4311.72
4293.37
4215.05
4207.98
4271.25
4173.95
4013.25
4194.1
3783.73
3802.5
4037
3730.22
3735.73
3831.96
3624.92
3855.98
3656.88
3740.62
3800.22
4312.05
3683.07
3689.95
3636.85
3647.2
3650.7
3714.92
3771.32
3710.27
3665.64
3719.29
3702.03
3630.91
3693.45
3727.67
3644.36
3621.74
3624
3604.71
3633.33
3610.51
3655.4
3695.33
3663.75
3705.47
3678.2
3648.72
3716.41
3666.09
3706.36
3641.31
3650.44
3683.85
3751.22
4320.55
3675.05
3647.07
3684.72
3648.57
3682.92
3686.49
3682.94
3717.94
3622.98
3664.98
3718.63
