1008.76
1040.52
1118.64
983.609
957.177
965.362
991.006
952.065
954.651
961.67
969.37
975.513
996.523
970.564
978.337
975.171
970.236
958.219
966.061
972.113
965.384
963.534
961.973
959.889
972.152
961.29
961.328
966.206
1110.32
1026.57
968.109
1127.56
1148.28
1131.14
1070.72
1037.23
1088.4
1053.04
1108.35
1011.68
999.325
1007.12
1001.59
1013.59
1007.91
1067.56
1198.95
1104.25
987.285
1016.29
1011.31
989.799
985.126
1001.14
1009.51
1000.86
1003.59
1077.64
1067.08
1007.88
1087.48
1025.79
1134.47
1208.02
1084.44
985.881
1004.35
992.828
1004.82
1005.14
1026.83
992.562
982.091
1051.14
1094.51
1143.25
1148.69
1170.4
1442.58
1043.54
1105.48
1003.49
994.369
969.55
999.864
996.148
1004.38
1001.89
1020.56
984.819
1149.7
1030.55
989.623
972.813
1002.55
992.249
967.822
965.08
976.526
971.647
