207.229
221.555
245.456
210.899
210.867
207.978
208.474
209.642
210.431
209.577
209.209
209.772
209.179
212.659
220.917
236.569
227.29
236.168
210.196
247.822
211.934
210.97
210.757
212.237
209.187
212.12
207.237
213.651
209.649
207.863
210.747
215.319
216.905
207.331
215.473
208.329
210.747
264.633
211.003
209.212
209.896
210.617
208.604
209.302
211.144
209.249
208.919
210.917
208.909
208.233
210.164
209.489
208.429
209.231
211.129
209.985
514.142
214.249
576.103
397.166
221.754
215.703
208.814
209.046
205.193
216.28
209.483
210.218
209.405
211.503
212.943
215.329
213.636
215.067
212.307
263.59
214.002
210.01
212.156
208.183
209.782
209.254
209.391
208.861
208.78
207.264
214.148
207.11
211.65
208.13
210.432
209.395
211.613
212.927
211.409
209.837
209.272
209.24
210.089
208.844
