6002.74
5910.92
6004.45
5998.36
5976.55
6068.92
5984.29
5946.71
5932.93
5983.24
5996.21
6055.54
5970.96
6487.61
6033.46
6177.22
6243.8
7051.41
6890.66
7112.56
7229.41
6914.86
6811.23
6872.69
7462.7
7116.22
6812.44
6914.62
7387.72
6920.67
7014.09
6920.36
7088.29
6805.64
6957.44
6887.43
6843.63
7253.83
6022.38
6961.47
6423.65
5940.39
6117.29
6550.1
6060.96
6010.91
5992.9
6003.18
5998.47
6047.86
5995.38
6004.33
5931.93
5971.88
6040.25
5988.18
6005.74
5978.12
6089.94
6084.04
6038.22
6005.65
6009.83
6019.08
5941.94
5956.51
6035.46
5961.57
6013
6020.66
5920.49
5954.63
6090.55
6017.47
7002.18
5992.88
6105.92
6047.07
7066.93
7068.62
6985.91
6989.63
6967.05
6871.32
7024.98
7030.47
7014.55
6926.93
6826.22
6729.81
6995.22
7010.47
6819.61
6785.86
6984.14
7023.42
6869.73
6170.06
6209.46
6344.88
