141.079
143.385
146.713
126.439
141.689
186.562
131.37
141.423
126.583
135.077
130.227
142.161
142.041
130.202
123.813
124.599
119.799
119.511
145.189
118.852
120.613
120.718
116.951
135.097
141.636
141.52
132.897
139.26
117.265
117.405
117.474
117.667
117.281
117.673
116.458
126.313
120.321
124.116
121.339
118.475
119.752
117.422
118.93
118.756
122.254
122.415
119.078
119.439
126.243
134.595
116.879
119.83
124.608
153.647
142.032
119.095
117.885
119.98
119.797
120.165
121.909
122.634
121.318
118.044
118.762
127.105
124.221
218.563
136.136
135.023
118.818
126.118
117.472
121.715
125.883
123.481
126.757
129.366
137.046
136.435
130.239
148.398
144.907
137.32
148.053
119.154
142.291
140.681
132.806
126.921
123.498
122.423
128.791
145.147
142.032
143.686
124.643
119.622
117.78
125.983
