2652.21
2652.67
2645.46
2628.69
2637.86
2639.31
2638.67
2620.11
2623.85
2632.19
2666.61
2645.42
2663.2
2681.28
2620.22
2646.32
2664.07
3004.51
3099.92
3568.35
3088.36
2991.18
2971.24
3049.41
3129.96
3495.22
3079.03
2978.22
3020.47
3081.53
3073.39
3046.89
3146.17
2967.31
3393.52
2730.28
2979.16
2672.04
2632.87
2745.56
2658.17
2636.16
2691.9
2694.37
2659.48
2645.69
2650.99
2648.05
2639.8
2657.68
2641.3
2650.99
2733.43
2628
2710.8
2651.98
2730.06
2643.93
2705.64
2631.73
2731.88
2648.93
2640.52
2622.65
2650.8
2631.47
2655.33
2661.41
2662.4
2673.34
2646.2
2646.95
2657.01
2826.01
3099.46
2599.53
2620.26
2669.94
3126.63
3121.62
3128.06
3117.97
3069.7
3075.01
3094.1
3017.34
3463.1
3073.34
3065.41
3127.43
3051.61
3105.49
3104.25
3035.7
3037.26
2885.51
2829.36
2736.15
2678.89
2770.87
