669.887
712.521
662.265
654.497
658.989
657.33
651.576
655.057
670.331
650.148
655.966
662.609
662.508
652.26
662.098
671.778
647.267
775.238
758.266
788.056
732.785
761.7
783.811
707.64
801.289
770.633
758.946
734.336
764.476
681.007
770.821
706.489
770.893
726.375
766.714
681.139
1156.42
656.826
659.578
671.343
649.957
651.375
662.044
673.851
670.655
652.814
658.72
668.257
659.769
659.75
641.612
647.614
697.293
654.323
657.878
654.566
670.872
650.051
661.303
643.81
647.417
665.992
649.586
648.157
662.022
654.279
666.68
667.889
653.427
657.216
642.275
657.741
656.576
652.123
761.864
643.627
763.13
648.991
773.029
771.653
768.732
771.839
783.345
774.091
755.234
777.817
779.625
741.524
765.224
765.678
774.54
776.549
786.366
741.677
756.343
714.545
655.973
676.234
659.856
677.903
