124.447
120.322
114.013
115.645
116.225
115.99
113.485
114.382
115.818
117.512
115.227
116.452
114.995
118.569
116.114
114.699
115.228
117.808
115.426
117.356
120.305
119.515
121.818
114.804
116.989
117.413
119.204
122.1
117.215
117.593
115.907
119.186
116.771
116.776
113.217
119.589
115.234
115.218
118.316
117.562
116.55
115.388
118.045
116.964
115.304
116.203
114.09
117.715
115.71
119.514
118.623
113.642
115.695
117.467
115.192
116.247
113.7
114.968
115.711
114.567
113.507
122.028
115.447
116.51
114.509
115.125
113.013
120.922
116.252
115.008
125.568
129.676
115.582
121.048
114.401
116.885
113.074
115.694
114.526
113.719
115.57
117.72
114.726
115.33
116.7
116.122
114.43
115.815
114.837
116.852
114.922
114.746
118.117
114.349
113.32
114.875
117.231
113.375
115.52
113.104
863.822
728.915
726.418
731.733
725.224
748.132
723.851
737.459
723.213
726.473
726.633
732.618
731.492
739.162
735.438
747.311
727.974
728.361
725.808
731.819
730.921
731.95
738.308
743.985
752.217
731.698
721.364
736.693
749.088
741.846
878.988
733.895
726.896
733.936
752.36
725.315
743.276
734.429
751.624
766.151
736.093
740.138
737.677
729.906
728.941
734.261
729.55
732.293
735.243
722.927
722.051
725.362
717.926
780.144
728.79
733.078
737.476
724.907
745.141
726.206
722.165
730.57
732.624
766.316
717.491
731.313
720.457
721.578
732.618
733.566
724.19
721.558
733.656
720.261
739.248
722.25
727.041
723.398
724.544
738.575
795.595
727.792
723.613
745.894
741.078
732.284
750.794
730.328
734.327
732.442
731.52
724.041
731.575
746.469
743.298
737.631
731.191
731.562
861.088
736.259
1908.76
1885.34
1889.46
1902.1
1883.82
1889.5
1908.87
1872.28
1893.6
1893.35
1904.77
1889.33
1914.82
1903.52
1905.77
1897.67
1892.34
1894.01
1946.88
1893.17
1931.2
1890.43
1892.03
1892.75
1879.4
1856.08
1877.61
1880.74
1851.49
1855.01
1854.32
1857.45
1877.28
1915.48
1876.1
1866.67
1869.37
1878.15
1883.87
1887.17
1917.63
1876.93
1890.75
1917.28
1866.64
1880.08
1863.07
1892.8
1868.56
1862.64
1874.58
1898
1889.19
1875.11
1889.78
2090.76
2138.63
1883.42
1893.03
1878.01
1938.41
2481.59
1967.66
2233.5
2000.38
2228.43
1946.5
2214.26
1921.41
1906.07
1891.27
2129.33
2612
2045.22
2377.61
2093.81
1902.09
1902.48
2077.47
1948.09
2050.36
2078.2
1959.3
2156.08
1860.59
2333.51
2293.18
2062.55
2135.38
2333.43
1988.76
2145.62
2059.85
2463.48
2109.15
2025.29
2029.49
2214.04
2184.85
2057.08
3770.81
3764.93
4321.75
3853.41
3933
4771.33
4252.93
3894.96
3754.59
3750.4
3873.51
3733.99
3921.83
3851.95
3789.44
3740.8
3778.63
3743.19
3759.45
3718.78
3736.69
3796.23
3803.48
3767.92
3737.57
3783.25
3777.64
3728.21
3815.75
3783.17
3738.28
3822.41
3751.31
3932.48
4559.41
3780.89
3754.79
3882.73
3779.04
3777.75
3790.49
3741.23
3795.27
3911.46
3697.54
3806.61
3782.02
3780.74
3738.15
3767.96
3739.8
3829.73
3746.84
3818.35
3759.62
3708.33
3811.7
3757.48
3773.27
3686.23
3753.42
3794.33
3854.43
3781.87
3773.49
3822.47
3834.76
3831.26
3825.3
3729.5
3746.12
3760.15
3799.01
3720.81
4280.09
3884.16
3787.43
3789.89
3685.67
3843.26
3720.58
4130.71
4023.95
3777.98
3712.86
3908.96
3898.15
4112.56
3929.95
4087.8
4073.5
4163.8
4155.33
4002.85
4163.59
4051.73
3912.97
4489.24
3947.26
4005.85
6449.22
6348.55
7149.83
7156.87
7085.61
7134.77
7202.74
6959.41
6055.77
6054.47
6069.93
6056.22
6291.21
6331.64
6054.5
6169.03
6104.08
6095.19
6117.88
6026.2
6176.75
6056.83
6394.1
6491.16
6201.14
6273.24
6204.31
6266.86
6190.17
6054.27
6156.51
6144.04
6068.19
6134.65
6175.24
6105.91
6183.44
6115.39
6075.51
6124.74
6026.3
6263.23
6054.1
6362.41
6076.36
6284.38
6643.05
7107.93
6076.14
6663.01
7256.64
6252.06
6002.94
6194.24
6319.26
6225.97
6801.48
6848.67
6337.9
6833.89
6796.94
6768.46
6795.37
6801.56
6724.73
6715.43
6778.23
6102.27
5740.81
6545.56
6713.5
5727.77
5944.78
6335.86
6454.56
6082.73
5909.56
6005.6
6219.5
6472.66
5821.06
5755.25
5909.26
6353.1
6768.49
6375.3
6566.02
6675.16
6214.05
6164.89
6511.44
5846.93
7256.56
6104.52
6389.91
5854.22
6523.52
6034.74
5820.85
5850.82
9013.54
9039.57
9212.35
8593.84
9009.57
9271.91
8762.06
8819.43
8985.36
9292.3
8628.48
8882.51
8817.04
10049.8
8882.68
10139.4
9915.24
9916.58
10050
9987.51
9894.61
9181.85
10063.7
9827.82
9708.15
8422.11
8493.42
9856.55
8461.74
8494.03
8569.17
8596.26
8619.63
9221.17
9185.19
9477.51
8515.9
8702.17
8537.41
8595.14
8476.09
8388.59
8605.15
8525.27
8436.16
8621.2
8573.52
9765.62
8484.34
8485.1
8700.8
9620.22
9713.59
10000.7
10123.5
9609.94
9891.28
9900.57
10017
9805.37
9923.33
9844.86
9919.41
9781.4
9515.05
9101.56
9006.54
8829.22
9318.52
9938.17
8572.87
8456.15
8726.06
8610.57
8683.13
8638.86
8580.58
8506.69
8647.48
8510.33
8475.7
8445.49
8523.36
8561.61
8493.6
8586.64
8552.86
8569.93
8429.49
8564.88
8479.23
9000.33
8404.7
9949.54
10060.5
9800.87
9969.1
9527.13
9695.84
10054
1.49957e+06
13084.6
14136.6
14182.1
14200.8
67177.5
13124.1
12945.5
15392
11650
11805.9
11834
11664
11592.7
11797.5
11792.8
11642.2
11838.6
11756.9
11639.3
11701.4
11678.1
11588.3
11795.5
11920.9
13203.5
12759.6
13109.6
13168.4
12904.2
12742.3
13737.5
13697
13666.5
13523.9
13445.3
11816.4
11817.3
12257.5
13756.9
12287.6
11734.2
12387.7
12231.6
12228.9
11691.7
11745.1
11774
11655.2
11688.6
11690.1
11574.4
11684.8
11650.7
11947.8
11515
11903.7
11712.3
11740.6
12299.3
13498.5
12276.2
13154.9
12666.8
13724.7
14085.2
11799.2
13017.9
12111.9
13899.5
13946.4
12465.6
11532.8
11605.1
11667.3
11621.4
12142.2
11542.9
11622.9
11608.1
11525
11588.3
11621.8
11547.6
11609
11454.8
11591.9
11641.8
11375.1
11675.3
11540.5
13484.3
13238.5
13192.4
13047.2
13371.9
13378.1
13447.7
14079.7
13471.4
