92.6827
84.3004
82.3367
90.7389
80.6686
82.3687
99.1578
82.3896
80.385
83.3572
82.6772
83.7039
82.5754
82.5587
84.5436
82.0604
83.4132
81.7872
81.9712
82.1695
87.7169
85.3779
92.6887
82.7215
84.8544
90.7343
81.9509
84.7169
83.366
85.8507
83.1504
82.8597
82.3893
82.5779
97.6593
97.5223
99.3206
98.0255
97.8665
98.6142
98.2014
90.121
98.1965
100.413
97.3658
99.1565
98.3585
88.6944
98.5372
94.9226
96.1301
88.26
84.7024
84.0897
91.54
99.3879
81.7329
83.895
82.2407
86.9989
81.8695
94.8969
83.484
93.5738
80.4652
81.6994
84.3452
81.6419
84.4104
82.4527
85.333
81.7459
98.1016
85.3673
80.7837
80.8267
93.8789
94.1319
81.7743
86.0056
86.0736
84.0708
94.5771
102.459
98.4854
81.2996
83.2083
81.9496
80.3748
81.8632
83.788
81.7573
81.418
82.3696
81.3926
81.8995
116.543
81.6767
98.5122
82.7366
