0.102191
0.10766
0.123091
0.103786
0.102759
0.101533
0.106855
0.103232
0.111604
0.104642
0.10273
0.102497
0.107824
0.1065
0.101748
0.106265
0.108686
0.104047
0.102842
0.102375
0.0993599
0.102144
0.102108
0.101683
0.102708
0.102719
0.104782
0.109022
0.111633
0.102571
0.101862
0.101413
0.103722
0.101629
0.102989
0.101212
0.101501
0.101802
0.101303
0.102799
0.105252
0.103528
0.107096
0.104693
0.102171
0.101103
0.101764
0.101573
0.101426
0.104065
0.104006
0.104067
0.104369
0.103651
0.103609
0.103468
0.102157
0.101386
0.10554
0.103988
0.103063
0.114066
0.0966239
0.101789
0.100879
0.102499
0.100989
0.101613
0.100608
0.101012
0.101271
0.101574
0.100447
0.10233
0.101416
0.101664
0.101114
0.102672
0.103629
0.103178
0.104695
0.104482
0.10429
0.102028
0.102535
0.100693
0.101016
0.102289
0.100479
0.10301
0.101703
0.102104
0.103026
0.102418
0.101958
0.102548
0.104919
0.102406
0.105964
0.102033
0.102228
0.108686
0.101215
0.100924
0.103682
0.103445
0.101269
0.100258
0.102458
0.0975076
0.0931982
0.104662
0.102856
0.0952499
0.0991273
0.107777
0.110763
0.086675
0.0905618
0.0952677
0.101286
0.100517
0.0995916
0.103909
0.100867
0.10451
0.0919809
0.0932347
0.104934
0.105886
0.105109
0.102607
0.105146
0.102361
0.101248
0.100383
0.1024
0.102194
0.101404
0.1025
0.102511
0.101329
0.101159
0.107145
0.103689
0.102054
0.103203
0.101285
0.101845
0.101415
0.0989121
0.0998219
0.102059
0.102422
0.0997278
0.0880938
0.0969711
0.102476
0.101827
0.101393
0.103508
0.102654
0.100888
0.101689
0.101473
0.100136
0.100877
0.10087
0.102485
0.0974351
0.0993866
0.101495
0.10222
0.101716
0.101892
0.102117
0.100101
0.0961276
0.102381
0.101266
0.101092
0.0896781
0.0865935
0.0934173
0.100857
0.101132
0.100359
0.100381
0.102857
0.0996188
0.100463
0.101057
0.103319
0.10103
0.100964
0.100542
0.101051
0.102744
0.101226
0.100736
0.101539
0.100722
0.0924265
0.101281
0.10262
0.102121
0.100402
0.101563
0.102391
0.101954
0.101271
0.102437
0.101639
0.100809
0.102355
0.102666
0.0933976
0.085932
0.101345
0.101868
0.0988299
0.101749
0.101778
0.101636
0.101732
0.10222
0.102753
0.101329
0.101932
0.1006
0.088378
0.0902273
0.0998479
0.1007
0.101728
0.101188
0.10225
0.100807
0.102191
0.100787
0.101003
0.101052
0.100678
0.100063
0.100899
0.100209
0.0914457
0.0953363
0.103168
0.10039
0.100862
0.101908
0.100935
0.101322
0.100892
0.101449
0.101149
0.102566
0.1024
0.100881
0.101988
0.101243
0.100686
0.100733
0.0975281
0.0863385
0.100462
0.10163
0.101753
0.100893
0.0932969
0.095781
0.101772
0.100919
0.101359
0.093505
0.101284
0.102114
0.101266
0.10085
0.102365
0.10073
0.101115
0.100698
0.103624
0.102827
0.101506
0.10158
0.100808
0.101895
0.101498
0.102679
0.101182
0.100632
0.0999474
0.102424
0.101363
0.102507
0.100865
0.100977
0.101263
0.101485
0.102264
0.0980592
0.101756
0.10447
0.101975
0.102352
0.102124
0.101504
0.095284
0.0888275
0.0952314
0.0946567
0.100797
0.101357
0.103247
0.10274
0.104152
0.102079
0.101271
0.101183
0.101541
0.0966091
0.100519
0.100788
0.102712
0.101297
0.100528
0.100927
0.0992499
0.101202
0.101216
0.101155
0.101421
0.101161
0.102509
0.101829
0.101554
0.100455
0.101497
0.0999927
0.0880937
0.101262
0.10074
0.100367
0.101868
0.102684
0.100514
0.101131
0.100673
0.101747
0.099851
0.101662
0.100883
0.101322
0.101269
0.101504
0.101243
0.102507
0.100966
0.101273
0.101272
0.100701
0.100989
0.0994392
0.0976757
0.100492
0.100944
0.101037
0.101343
0.0905259
0.101197
0.100894
0.1021
0.101208
0.100917
0.100657
0.101056
0.101432
0.102699
0.104115
0.0926567
0.0949793
0.0993283
0.102605
0.102305
0.100491
0.102178
0.0949468
0.100709
0.1013
0.100728
0.101712
0.0904884
0.089069
0.0955506
0.107375
0.111909
0.101261
0.100964
0.100322
0.100596
0.102247
0.101971
0.102169
0.101622
0.101094
0.100833
0.100742
0.100825
0.102449
0.0928433
0.100993
0.10161
0.101395
0.10321
0.103319
0.0991227
0.0922503
0.0927349
0.0904741
0.0905307
0.0897889
0.0943349
0.113169
0.105666
0.101188
0.101431
0.101597
0.100257
0.100904
0.0967515
0.102082
0.101766
0.101184
0.104891
0.103097
0.100983
0.102688
0.10214
0.101557
0.100679
0.100947
0.101151
0.0986014
0.100692
0.100657
0.100951
0.101303
0.101512
0.102505
0.101439
0.101262
0.101386
0.103028
0.10066
0.102293
0.0909598
0.101384
0.101363
0.101434
0.101313
0.0937015
0.10123
0.100717
0.100863
0.103403
0.100922
0.100563
0.104395
0.106763
0.101254
0.101132
0.101863
0.101347
0.0986995
0.0870983
0.085602
0.086027
0.0920556
0.100239
0.100028
0.0944753
0.101568
0.101482
0.101922
0.101336
0.0975622
0.0888318
0.0991781
0.0908753
0.0861747
0.086316
0.102726
0.106258
0.101865
0.10726
0.104159
0.100825
0.101461
0.10098
0.101422
0.102375
0.101589
0.101521
0.102043
0.100839
0.101902
0.102219
0.102227
0.102652
0.102534
0.101693
0.103746
0.10192
0.0999023
0.0868045
0.0936295
0.101931
0.101407
0.101322
0.1015
0.102293
0.10193
0.101177
0.096575
0.101021
0.100562
0.101256
0.100692
0.091298
0.086171
0.0902226
0.0936335
0.0897799
0.0959536
0.10072
0.100766
0.100461
0.101587
0.10032
0.101357
0.100506
0.100642
0.102009
0.101021
0.0996559
0.0870413
0.089755
0.093109
0.0941799
0.0880239
0.0951472
0.10166
0.101091
0.101698
0.0930024
0.093232
0.0934849
0.0897321
0.091437
0.087434
0.0909685
0.0913959
0.0877481
0.101164
0.0940531
0.100972
0.104091
0.101267
0.100696
0.100683
0.101473
0.101645
0.101498
0.101617
0.101478
0.100676
0.102046
0.101626
0.100526
0.100858
0.106124
0.102837
0.100907
0.100949
0.100459
0.100681
0.101192
0.102415
0.101256
0.100835
0.100736
0.101512
0.101454
0.0983814
0.100483
0.0930039
0.0858073
0.101296
0.101304
0.10184
0.103541
0.103499
0.100573
0.100592
0.0948522
0.104428
0.102537
0.101935
0.103492
0.102021
0.0987092
0.0980934
0.099422
0.0959114
0.100748
0.100248
0.103616
0.109464
0.10126
0.104577
0.10224
0.101645
0.103207
0.10244
0.101303
0.0962122
0.0896637
0.0913532
0.0976595
0.0915304
0.0869759
0.0907831
0.0993278
0.0895133
0.102113
0.091527
0.0863236
0.0878782
0.0914201
0.0949154
0.100856
0.101916
0.10206
0.109395
0.0995346
0.0996008
0.103951
0.102712
0.100947
0.103285
0.103762
0.101999
0.100837
0.101361
0.100484
0.100687
0.101426
0.100545
0.101087
0.100813
0.100304
0.101316
0.101344
0.102766
0.0920734
0.0854888
0.100337
0.101365
0.101202
0.101141
0.100705
0.100793
0.102006
0.0977834
0.0939548
0.100839
0.10172
0.101259
0.0931391
0.0958306
0.101157
0.101452
0.102251
0.0870994
0.0925106
0.0982637
0.101311
0.099351
0.100966
0.102127
0.103535
0.0926037
0.0964676
0.103902
0.106266
0.10305
0.101154
0.101854
0.102081
0.100082
0.102684
0.100966
0.0916267
0.0872695
0.100717
0.0920943
0.0954564
0.100523
0.101418
0.100385
0.0921526
0.0867369
0.0857999
0.0995666
0.0877059
0.0883712
0.0858723
0.0920153
0.102775
0.103778
0.101659
0.103035
0.103742
0.103326
0.103205
0.102704
0.110835
0.104694
0.100744
0.101172
0.101451
0.10192
0.102424
0.105268
0.101108
0.102673
0.100965
0.104004
0.101112
0.100786
0.100339
0.100738
0.0922367
0.0923371
0.0895326
0.0869178
0.10065
0.100409
0.100344
0.101448
0.101433
0.101826
0.102087
0.101291
0.101254
0.101422
0.102643
0.100219
0.100689
0.100175
0.107286
0.105117
0.101422
0.101876
0.102618
0.100402
0.101297
0.101208
0.100642
0.101392
0.102062
0.102553
0.10432
0.106556
0.103225
0.100129
0.1032
0.100556
0.10102
0.10105
0.0880599
0.0862038
0.098358
0.0893534
0.086263
0.0973976
0.0947247
0.0886201
0.0932864
0.0907083
0.0870218
0.0877267
0.0867329
0.100835
0.100606
0.0956569
0.0926275
0.10221
0.0981761
0.0962843
0.108168
0.0977202
0.100719
0.101828
0.0958873
0.103959
0.108132
0.100901
0.101868
0.103887
0.1024
0.10591
0.101864
0.102353
0.101855
0.100791
0.101962
0.100021
0.103526
0.103437
0.100678
0.0995694
0.101553
0.101811
0.100554
0.101124
0.100905
0.100913
0.100453
0.100938
0.101206
0.102174
0.104387
0.103616
0.102515
0.101264
0.101551
0.100971
0.10116
0.101563
0.100513
0.100305
0.101447
0.0989602
0.0893761
0.0968453
0.100047
0.100309
0.100717
0.100654
0.100855
0.101796
0.100909
0.101231
0.102685
0.101297
0.1015
0.100392
0.101373
0.100864
0.101136
0.100459
0.103448
0.101723
0.10192
0.101042
0.1026
0.101333
0.101685
0.100454
0.101791
0.100408
0.104048
0.10705
0.10177
0.100329
0.100645
0.100409
0.100732
0.100946
0.103067
0.102004
0.100723
0.101415
0.103263
0.102521
0.10063
0.101237
0.101271
0.101388
0.102178
0.102947
0.101218
0.101013
0.101386
0.101423
0.100771
0.100609
0.100787
0.101736
0.102869
0.104407
0.096108
0.0942971
0.100806
0.100738
0.10275
0.103259
0.102014
0.105407
0.101107
0.100816
0.101075
0.101406
0.100907
0.10099
0.10077
0.101778
0.101412
0.100874
0.100638
0.100499
0.101237
0.101542
0.101637
0.10122
0.101084
0.101383
0.103624
0.102339
0.0929765
0.0849511
0.100687
0.101503
0.100924
0.102297
0.100731
0.101314
0.102275
0.103121
0.101283
0.10167
0.103042
0.100854
0.10117
0.102717
0.101223
0.100561
0.100757
0.101735
0.10177
0.101485
0.102147
0.101471
0.1011
0.0890967
0.0939729
0.100367
0.101073
0.102083
0.10339
0.102015
0.100013
0.0982351
0.0865996
0.0855017
0.0854781
0.105855
0.10755
0.105949
0.103068
0.102435
0.101111
0.101114
0.100904
0.100767
0.102247
0.101079
0.101537
0.10118
0.0961029
0.100964
0.100943
0.101705
0.101042
0.0985749
0.100789
0.101211
0.0966994
0.102486
0.101685
0.106462
0.104722
0.101768
0.10189
0.0908232
0.100149
0.100972
0.0950063
0.0874188
0.108432
0.104214
0.0956777
0.101503
0.104367
0.100775
0.100717
0.100732
0.100984
0.102467
0.0902576
0.0950288
0.101319
0.101666
0.101203
0.0980283
0.0980848
0.101482
0.101649
0.10236
0.10134
0.090471
0.0862257
0.0977028
0.089733
0.0952653
0.10104
0.101298
0.101339
0.101606
0.103434
0.102122
0.103845
0.101399
0.101247
0.101066
0.101627
0.101338
0.10156
0.101327
0.099797
0.10129
0.101678
0.101618
0.101363
0.100051
0.0972372
0.10133
0.101396
0.101585
0.104368
0.103325
0.100878
0.101851
0.10196
0.0994695
0.0916537
0.0846572
0.0889898
0.09229
0.089407
0.0896837
0.0900333
0.0962456
0.100482
0.100952
0.101119
0.10214
0.102541
0.102339
0.103961
0.101138
0.101418
0.101521
0.100886
0.101121
0.100609
0.101628
0.101191
0.101004
0.10052
0.100045
0.10098
0.100994
0.102729
0.100479
0.100334
0.101049
0.102099
0.103393
0.103229
0.100958
0.103408
0.101167
0.104211
0.1009
0.101208
0.101817
0.101992
0.103319
0.101381
0.100403
0.100886
0.10123
0.100879
0.0935616
0.0861732
0.0878745
0.0862858
0.0889516
0.0902174
0.0897005
0.0859579
0.0857305
0.0872543
0.0862843
0.0898042
0.0874412
0.0994536
0.0981509
0.0971143
0.092012
0.0920336
0.102741
0.102581
0.101709
0.100662
0.100827
0.100996
0.100839
0.100963
0.102118
0.101576
0.100866
0.102056
0.101426
0.100435
0.101249
0.102231
0.101258
0.101114
0.100886
0.102208
0.100781
0.101113
0.101463
0.100217
0.1016
0.100873
0.10082
0.100948
0.100563
0.101373
0.101291
0.103277
0.102676
0.102157
0.102961
0.101856
0.101935
0.102377
0.100681
0.100315
0.100743
0.100572
0.102749
0.100511
0.101374
0.101094
0.102669
0.101331
0.103924
0.100404
0.102129
0.101474
0.101646
0.103316
0.100999
0.102954
0.10026
0.101506
0.100875
0.101656
0.104402
0.100831
0.100648
0.101656
0.101116
0.100691
0.101493
0.100338
0.101946
0.10152
0.100958
0.100877
0.102531
0.101048
0.100933
0.101059
0.102176
0.102176
0.103003
0.100718
0.100877
0.101926
0.100711
0.100078
0.101271
0.10125
0.100855
0.10067
0.101265
0.102634
0.101046
0.10061
0.101151
0.101861
0.102668
0.103264
0.101403
0.101949
0.101346
0.100565
0.100538
0.100907
0.100802
0.100137
0.1012
0.101604
0.100801
0.0985507
0.0983102
0.101902
0.10086
0.100603
0.100731
0.101679
0.100586
0.102074
0.0913988
0.085478
0.0899961
0.0869983
0.086194
0.100332
0.101224
0.101234
0.101185
0.100969
0.101053
0.101235
0.0996841
0.098322
0.101344
0.101543
0.103131
0.104102
0.101746
0.102366
0.100696
0.0985318
0.0895167
0.0944323
0.0938412
0.093309
0.100058
0.101489
0.101909
0.102296
0.102411
0.101546
0.0993011
0.101502
0.101641
0.101558
0.100376
0.100445
0.101294
0.102765
0.101609
0.101424
0.101568
0.102744
0.102253
0.0881778
0.0961513
0.100743
0.100596
0.100874
0.104486
0.106827
0.101747
0.100525
0.101912
0.101729
0.107501
0.102065
0.10333
0.101854
0.100938
0.101265
0.101777
0.101873
0.102203
0.100806
0.101138
0.100235
0.101129
0.100242
0.101143
0.103456
0.105632
0.100687
0.0890628
0.0886456
0.087129
0.101521
0.100566
0.102254
0.102183
0.0994792
0.0878573
0.0999115
0.100825
0.10165
0.102715
0.101181
0.100772
0.101665
0.100957
0.0943262
0.101547
0.101954
0.101362
0.091871
0.0851007
0.100591
0.100661
0.101784
0.100898
0.101677
0.103757
0.100833
0.100578
0.101812
0.101248
0.101084
0.101339
0.101587
0.101003
0.101385
0.102393
0.102174
0.103058
0.0964862
0.100749
0.10156
0.102086
0.10368
0.10065
0.10048
0.100831
0.100597
0.100806
0.101758
0.101641
0.101691
0.100905
0.101278
0.100679
0.0982268
0.0866085
0.0902488
0.0978055
0.100386
0.101222
0.101145
0.10163
0.10114
0.101086
0.0913229
0.101152
0.102225
0.101199
0.101048
0.101162
0.0998707
0.0990937
0.0992196
0.101698
0.0936616
0.0902718
0.101297
0.101029
0.101421
0.102064
0.100912
0.101221
0.101573
0.102236
0.102601
0.102814
0.102527
0.101077
0.100988
0.100422
0.103917
0.101313
0.102798
0.0987775
0.0937796
0.0932071
0.0875087
0.0966171
0.0971723
0.101552
0.108584
0.104296
0.101885
0.0870919
0.100435
0.101817
0.100827
0.10029
0.101437
0.100906
0.10531
0.103741
0.0888165
0.0853712
0.0880891
0.086461
0.0860206
0.0870544
0.086835
0.0937537
0.100711
0.0995319
0.101014
0.10094
0.101541
0.101116
0.10065
0.100521
0.101108
0.109162
0.100922
0.100977
0.100487
0.104007
0.10375
0.104948
0.101138
0.101483
0.101607
0.102043
0.101171
0.102158
0.101838
0.101194
0.100324
0.101783
0.100371
0.100835
0.0979692
0.0868737
0.0891817
0.100865
0.101508
0.100306
0.101695
0.101424
0.100644
0.100994
0.100385
0.101814
0.101458
0.10266
0.101275
0.101065
0.102026
0.100813
0.0962435
0.0933676
0.101214
0.100999
0.100343
0.101062
0.101725
0.101981
0.10058
0.104075
0.101706
0.101976
0.101376
0.0932572
0.0866074
0.101344
0.100786
0.10232
0.103045
0.101049
0.102117
0.101121
0.101116
0.101753
0.102241
0.102558
0.100887
0.101137
0.101359
0.101279
0.102841
0.101355
0.100571
0.101339
0.0992828
0.0874536
0.101375
0.101084
0.100364
0.0999317
0.100399
0.101094
0.101331
0.102722
0.101021
0.103261
0.101836
0.101299
0.0904936
0.0872112
0.0921798
0.0952186
0.0857798
0.0877781
0.0992388
0.0993372
0.0907523
0.102431
0.0966766
0.0900946
0.100342
0.0954654
0.0862515
0.0854075
0.0935142
0.103509
0.0892609
0.0910429
0.0882064
0.102272
0.092877
0.0862628
0.101568
0.102293
0.0902712
0.0863539
0.0869497
0.087309
0.0990942
0.0988492
0.0903577
0.0866537
0.0877817
0.0949039
0.100347
0.0873941
0.086313
0.0852389
0.0861918
0.0864462
0.0867763
0.0911115
0.0860831
0.097279
0.0982783
0.0863371
0.101661
0.099286
0.0884838
0.0867526
0.0882884
0.0882396
0.0939917
0.100567
0.0869311
0.0867982
0.086104
0.0865078
0.0867057
0.0869446
0.0953293
0.0923807
0.0859654
0.086272
0.0855984
0.0866107
0.0865454
0.0863236
0.0868688
0.0880705
0.0863409
0.0867201
0.0875888
0.0862674
0.0864254
0.087978
0.0858966
0.0863706
0.0854542
0.0856212
0.0866087
0.0867234
0.0862035
0.0852147
0.0879445
0.0862064
0.0857804
0.0858051
0.0858448
0.0861761
0.087597
0.0861225
0.0866366
0.0855504
0.0857898
0.0868428
0.0877282
0.0864197
0.0855001
0.0853985
0.0871896
0.0857521
0.0859147
0.085665
0.0871912
0.0859741
0.0856653
0.0864663
0.0859576
0.086176
0.0856786
0.0858403
0.0862857
0.0862202
0.0859777
0.0865677
0.0859796
0.0857018
0.0863792
0.0873869
0.093385
0.0857502
0.101758
0.10136
0.0940105
0.0857137
0.0870452
0.101576
0.0994296
0.0922505
0.0986651
0.10296
0.102252
0.100879
0.103649
0.103178
0.103855
0.103181
0.101695
0.104349
0.101711
0.102087
0.0923917
0.10113
0.100805
0.102503
0.102737
0.101954
0.100653
0.101872
0.101597
0.101626
0.100591
0.102487
0.0934571
0.102395
0.102564
0.101174
0.102336
0.107218
0.10072
0.102082
0.106313
0.0993115
0.0947605
0.0906636
0.098454
0.100096
0.103406
0.104117
0.102738
0.103919
0.101667
0.100969
0.100496
0.101217
0.101852
0.10101
0.101261
0.100944
0.102315
0.100755
0.100883
0.10119
0.101415
0.103266
0.101351
0.102654
0.103324
0.101727
0.10076
0.10045
0.101274
0.101674
0.1016
0.101634
0.100819
0.100648
0.102148
0.101918
0.101141
0.101503
0.100798
0.0882471
0.0860169
0.0893968
0.101326
0.10064
0.101345
0.101349
0.1024
0.101819
0.100242
0.101515
0.101404
0.101823
0.102544
0.101253
0.101042
0.101029
0.101111
0.100874
0.0989506
0.101313
0.101298
0.103246
0.101841
0.10055
0.104373
0.102779
0.100922
0.101522
0.101264
0.100923
0.101961
0.100841
0.0963446
0.0959533
0.095031
0.0948809
0.0919889
0.107804
0.101582
0.101346
0.101482
0.101938
0.103535
0.10107
0.10288
0.102275
0.102073
0.102118
0.101726
0.10222
0.100962
0.103017
0.103053
0.105374
0.103674
0.102141
0.101789
0.101561
0.100628
0.101782
0.101541
0.101886
0.101218
0.102225
0.10289
0.102551
0.0924548
0.0927366
0.101688
0.0967868
0.0870226
0.0951398
0.101262
0.101398
0.0963964
0.087355
0.0969628
0.102856
0.103577
0.101507
0.10095
0.102678
0.100422
0.101182
0.101257
0.102177
0.101543
0.101582
0.101024
0.100864
0.102116
0.102324
0.101461
0.103273
0.105037
0.101541
0.10191
0.103109
0.102178
0.10179
0.101341
0.10119
0.100999
0.101289
0.101462
0.100744
0.101512
0.100618
0.101264
0.100826
0.10174
0.100758
0.100637
0.0967253
0.101106
0.100751
0.101397
0.100611
0.101117
0.101166
0.101417
0.100854
0.101693
0.101156
0.100732
0.102369
0.102621
0.100694
0.100854
0.10129
0.101049
0.101247
0.102464
0.101152
0.101131
0.100422
0.100319
0.100785
0.10195
0.103017
0.100993
0.100605
0.100971
0.101708
0.101075
0.101113
0.10061
0.100264
0.101015
0.101162
0.101873
0.100914
0.100622
0.10078
0.101026
0.102276
0.100583
0.100608
0.102366
0.101941
0.1009
0.101453
0.109866
0.102206
0.104672
0.101468
0.101107
0.101245
0.101491
0.10115
0.101248
0.101712
0.102505
0.101365
0.100561
0.100592
0.100241
0.100396
0.100659
0.101471
0.101077
0.100486
0.100906
0.102507
0.0997314
0.100112
0.102056
0.101184
0.102739
0.102078
0.101537
0.10161
0.101808
0.101272
0.103212
0.0980509
0.0863769
0.0868749
0.0877424
0.0865617
0.085848
0.0946541
0.0864862
0.0900905
0.0860938
0.101286
0.089173
0.0881206
0.0875131
0.0889027
0.096216
0.100781
0.100732
0.101204
0.101929
0.101235
0.101099
0.101341
0.100783
0.103897
0.103397
0.100652
0.101062
0.100434
0.100883
0.100417
0.100019
0.10257
0.101657
0.10137
0.10107
0.103913
0.101854
0.101005
0.100056
0.100688
0.10225
0.100538
0.101196
0.101591
0.100503
0.0933945
0.0929214
0.0964338
0.10046
0.101848
0.101326
0.101364
0.100979
0.101453
0.100924
0.100527
0.10081
0.104611
0.100752
0.101949
0.100701
0.102586
0.102658
0.100971
0.101722
0.101382
0.100704
0.100862
0.104318
0.103144
0.100392
0.100972
0.101211
0.101159
0.10184
0.103397
0.103945
0.104486
0.101647
0.101962
0.101497
0.100856
0.101975
0.100933
0.101431
0.101395
0.101371
0.101597
0.101784
0.100931
0.101976
0.101741
0.101741
0.101263
0.102723
0.104491
0.102581
0.101826
0.101936
0.101137
0.101047
0.100842
0.102376
0.100531
0.100434
0.10076
0.100618
0.100794
0.100959
0.101223
0.10129
0.100843
0.100756
0.100646
0.101101
0.100939
0.101198
0.101729
0.100909
0.0952289
0.0936851
0.0896826
0.096988
0.0983105
0.101119
0.102621
0.101416
0.100205
0.101203
0.10223
0.10144
0.109752
0.103235
0.104495
0.104647
0.103154
0.10591
0.102949
0.101149
0.101021
0.117648
0.10234
0.100994
0.100597
0.102003
0.101194
0.102902
0.100908
0.102072
0.100939
0.10177
0.102002
0.102429
0.101146
0.101279
0.101536
0.102259
0.101443
0.101953
0.102772
0.103823
0.101131
0.10147
0.10133
0.100153
0.102392
0.100351
0.0958842
0.10063
0.101861
0.102099
0.100989
0.101676
0.101503
0.101839
0.102509
0.101668
0.101082
0.10258
0.101324
0.102977
0.104163
0.0990213
0.086925
0.0951136
0.104109
0.1041
0.103362
0.102998
0.100631
0.0904499
0.0860812
0.094026
0.102302
0.102787
0.101323
0.103288
0.102011
0.0962793
0.0977349
0.102571
0.0927362
0.0863722
0.0868898
0.0861654
0.104472
0.105636
0.102507
0.105603
0.102434
0.096954
0.10222
0.102553
0.100871
0.100674
0.101671
0.0950161
0.103
0.101393
0.10098
0.103441
0.101554
0.100916
0.100204
0.0856143
0.100916
0.10094
0.108456
0.101386
0.102091
0.0908582
0.0884911
0.0863442
0.0855411
0.0857327
0.098222
0.110983
0.110671
0.100734
0.101177
0.101252
0.101244
0.101435
0.0971225
0.100828
0.101471
0.0963389
0.0967728
0.0878392
0.087724
0.109486
0.0987472
0.098065
0.100107
0.100239
0.10384
0.101883
0.100209
0.0924761
0.0903357
0.10238
0.101628
0.103427
0.100101
0.102033
0.100359
0.0999945
0.102082
0.10368
0.101508
0.10143
0.101119
0.101406
0.101391
0.102177
0.102065
0.100737
0.0938007
0.0931246
0.100157
0.101496
0.102265
0.106933
0.101144
0.101871
0.092213
0.08577
0.0902045
0.102252
0.101823
0.103426
0.102978
0.103541
0.0982233
0.0856092
0.0918527
0.0989627
0.103811
0.102194
0.101906
0.102477
0.100795
0.101618
0.102117
0.0946725
0.0852588
0.0857921
0.100482
0.0994537
0.100917
0.102101
0.102424
0.101107
0.101449
0.0979254
0.0886325
0.0929548
0.101285
0.101337
0.101357
0.10167
0.0927902
0.0916334
0.101796
0.1011
0.101087
0.0887653
0.0855288
0.101926
0.10362
0.103753
0.100472
0.102372
0.092761
0.0885684
0.0880446
0.0981585
0.0929643
0.10233
0.102009
0.103987
0.100888
0.100914
0.101189
0.10123
0.100989
0.101079
0.100976
0.1007
0.101474
0.10064
0.0946172
0.0928864
0.0985396
0.107131
0.103752
0.1051
0.101006
0.102116
0.0914693
0.0848335
0.0996135
0.100326
0.103769
0.103833
0.101745
0.101597
0.100913
0.101276
0.101419
0.102223
0.10117
0.101079
0.0996724
0.0976458
0.102845
0.101627
0.101228
0.101521
0.100925
0.101766
0.0919232
0.0852623
0.0869977
0.0861994
0.101391
0.101398
0.101644
0.102482
0.101672
0.102902
0.101853
0.101126
0.101778
0.10142
0.101582
0.100629
0.101481
0.103339
0.100903
0.100982
0.101442
0.101218
0.101256
0.101565
0.100875
0.10034
0.10029
0.106631
0.103523
0.100651
0.103487
0.100702
0.103064
0.102069
0.101114
0.10024
0.0961185
0.0988469
0.101568
0.101595
0.0960544
0.086588
0.0853839
0.085833
0.0906809
0.087653
0.0866957
0.10186
0.101843
0.102785
0.10088
0.101297
0.101075
0.101413
0.104779
0.102114
0.102999
0.100449
0.100767
0.0964095
0.10101
0.10174
0.101586
0.101262
0.102134
0.100729
0.100762
0.101694
0.103471
0.102773
0.101272
0.103051
0.100753
0.101466
0.101108
0.100606
0.101487
0.101245
0.101048
0.102025
0.101023
0.101233
0.100826
0.0987229
0.100502
0.10118
0.100441
0.101448
0.10119
0.101563
0.0915234
0.0875771
0.102322
0.101209
0.103372
0.101283
0.103552
0.103325
0.103843
0.100671
0.100123
0.0903467
0.0951893
0.100751
0.100686
0.100306
0.101107
0.103061
0.106652
0.101905
0.101179
0.101424
0.0961958
0.101364
0.101451
0.101126
0.100616
0.0996788
0.0972203
0.101519
0.101038
0.0983497
0.0920367
0.092246
0.0855955
0.0891776
0.100499
0.101486
0.101348
0.10377
0.102061
0.101158
0.101766
0.101628
0.10175
0.0865365
0.0919717
0.0884475
0.0987064
0.101673
0.101513
0.102242
0.10146
0.100526
0.10124
0.102152
0.0997633
0.100209
0.101814
0.103644
0.103653
0.101547
0.0958268
0.0856717
0.101089
0.101346
0.0992007
0.106518
0.105033
0.103652
0.102148
0.102152
0.101933
0.101274
0.101032
0.101375
0.105678
0.101089
0.101157
0.101194
0.101498
0.101236
0.101507
0.09442
0.0942668
0.100693
0.100583
0.101264
0.100851
0.11961
0.0934067
0.0855134
0.102429
0.100796
0.10047
0.101974
0.101451
0.102967
0.102807
0.101517
0.102585
0.10172
0.101739
0.10121
0.102364
0.100385
0.0936811
0.0868076
0.08647
0.0871274
0.0927466
0.0951261
0.0974927
0.0929375
0.104107
0.100664
0.0997428
0.0999782
0.101302
0.101997
0.104166
0.0920957
0.091944
0.101439
0.0916072
0.0990631
0.103327
0.101799
0.102271
0.101208
0.101782
0.100792
0.10366
0.101257
0.100571
0.100934
0.100379
0.101006
0.102119
0.102023
0.101415
0.101198
0.103745
0.100881
0.104397
0.101654
0.0918035
0.0867527
0.085845
0.0890832
0.0864005
0.102601
0.10099
0.100978
0.0955358
0.0860931
0.0847526
0.102447
0.101302
0.10061
0.104602
0.105937
0.100843
0.0889813
0.100977
0.104891
0.101161
0.102063
0.101485
0.102157
0.0966772
0.100878
0.101177
0.0962669
0.100718
0.101889
0.100082
0.10073
0.10072
0.101385
0.10156
0.101026
0.102337
0.101078
0.101752
0.0941121
0.095207
0.101133
0.101505
0.100536
0.10093
0.101059
0.0991194
0.0972282
0.100948
0.101947
0.101341
0.10116
0.104438
0.100549
0.102636
0.101807
0.0994338
0.0893264
0.0940704
0.101419
0.101714
0.101161
0.101384
0.0897042
0.087626
0.0971342
0.101739
0.10256
0.103069
0.103901
0.104198
0.102609
0.10325
0.101388
0.102843
0.10158
0.107268
0.101577
0.1012
0.100711
0.101623
0.101817
0.10172
0.100804
0.101333
0.103728
0.102482
0.101646
0.102545
0.101284
0.101165
0.103103
0.101213
0.100776
0.0970674
0.102451
0.101466
0.105876
0.105845
0.101429
0.101445
0.102594
0.0930494
0.101449
0.100959
0.104972
0.101874
0.105731
0.101157
0.100271
0.101004
0.103555
0.101465
0.101657
0.101147
0.100461
0.0907056
0.0866937
0.102837
0.101664
0.102688
0.101502
0.0866584
0.0853981
0.101008
0.100787
0.103776
0.114364
0.102805
0.101075
0.10055
0.100387
0.0932937
0.0991051
0.106841
0.103552
0.101623
0.100768
0.101796
0.101011
0.101496
0.101438
0.101432
0.101166
0.101152
0.101321
0.101288
0.101916
0.0982946
0.0973794
0.104877
0.102295
0.10391
0.102202
0.103388
0.102942
0.101251
0.101783
0.101199
0.10109
0.102681
0.101211
0.101681
0.101625
0.0903359
0.101122
0.100283
0.106623
0.111
0.101267
0.10336
0.113933
0.106234
0.101472
0.106569
0.101715
0.101807
0.101305
0.101976
0.101214
0.100491
0.101579
0.101073
0.10069
0.102733
0.0958742
0.0998805
0.101752
0.0961947
0.097682
0.103965
0.106555
0.102237
0.102603
0.101307
0.0995563
0.102094
0.104799
0.103299
0.106479
0.10116
0.101912
0.102715
0.101971
0.101136
0.100312
0.100769
0.100911
0.101061
0.102477
0.10117
0.10497
0.10111
0.100766
0.100346
0.101798
0.0988982
0.0965832
0.104041
0.102832
0.104282
0.101824
0.10123
0.101273
0.101496
0.101008
0.101277
0.101699
0.101814
0.101241
0.100991
0.101177
0.101794
0.102168
0.102572
0.101201
0.104829
0.103474
0.104767
0.11141
0.102168
0.101053
0.0999819
0.0940357
0.0902902
0.0943437
0.101675
0.102315
0.100241
0.100291
0.106365
0.102009
0.102049
0.0996385
0.0891004
0.102143
0.0999719
0.0985602
0.10062
0.0972778
0.100494
0.100931
0.0959801
0.0946183
0.102345
0.101667
0.0985388
0.0937406
0.10189
0.103731
0.102876
0.104519
0.10321
0.1017
0.100842
0.101009
0.101194
0.101853
0.102883
0.10178
0.103258
0.102168
0.10157
0.10045
0.101857
0.100465
0.103587
0.103328
0.102444
0.10088
0.102063
0.102403
0.10208
0.101239
0.101464
0.102089
0.103836
0.0922092
0.0905761
0.0916905
0.0987088
0.099342
0.103
0.10356
0.102809
0.102527
0.102275
0.102671
0.0898266
0.0857894
0.094221
0.10195
0.101188
0.109475
0.101192
0.10537
0.101842
0.102901
0.101538
0.100302
0.0887396
0.101602
0.100753
0.101001
0.102438
0.0995367
0.0891866
0.0908233
0.0998336
0.0887544
0.0990639
0.0878958
0.090259
0.10112
0.100339
0.0887332
0.09394
0.107941
0.104971
0.100696
0.10037
0.106393
0.107105
0.101006
0.10182
0.101304
0.102206
0.102347
0.102625
0.0924131
0.0935609
0.103077
0.103642
0.0971069
0.092062
0.0869953
0.0933537
0.101068
0.100412
0.0980318
0.103779
0.0991007
0.0955582
0.0880092
0.0855702
0.0919997
0.099627
0.103029
0.103295
0.103191
0.103174
0.0959088
0.0927419
0.0885233
0.0893784
0.0923635
0.0970003
0.0936649
0.106391
0.104682
0.103078
0.103041
0.101352
0.0910867
0.0941845
0.102726
0.101439
0.103245
0.101019
0.0955202
0.0970513
0.0871524
0.0857882
0.0848788
0.0915084
0.102515
0.1071
0.102321
0.101963
0.104057
0.101632
0.104148
0.0978401
0.101026
0.0995213
0.100635
0.0909676
0.086398
0.0892195
0.0902106
0.104851
0.100344
0.101783
0.102918
0.100556
0.100654
0.0990008
0.0947326
0.0901058
0.0878774
0.0982746
0.106976
0.101982
0.10155
0.106238
0.103791
0.100458
0.104035
0.102533
0.105962
0.103051
0.101541
0.0970499
0.0927621
0.0965582
0.0884417
0.0883871
0.0896786
0.100465
0.114946
0.109038
0.0931249
0.101734
0.102342
0.100746
0.102823
0.100855
0.102467
0.105004
0.102664
0.10118
0.104106
0.102659
0.101905
0.0890288
0.101181
0.101645
0.102859
0.100615
0.0947595
0.0994215
0.102907
0.102651
0.100864
0.101172
0.100795
0.0929475
0.0888053
0.0873079
0.0852568
0.0989808
0.102262
0.101677
0.10229
0.10143
0.102085
0.10168
0.0975234
0.0857725
0.0937732
0.0944251
0.100989
0.101726
0.101713
0.101002
0.10069
0.101792
0.103061
0.102645
0.101704
0.0993514
0.0920679
0.0930627
0.101308
0.102767
0.100893
0.103047
0.101946
0.101217
0.100948
0.0989454
0.0934771
0.0858468
0.0859205
0.0886659
0.0952302
0.0979669
0.110115
0.119785
0.10217
0.102126
0.101952
0.103212
0.100991
0.102253
0.10002
0.0961429
0.0965723
0.0986059
0.0948973
0.0942083
0.0983003
0.108207
0.104401
0.101864
0.102154
0.101837
0.102002
0.0982918
0.0992817
0.0994985
0.102182
0.101184
0.10117
0.102756
0.105709
0.105789
0.10133
0.104183
0.108036
0.101126
0.102231
0.102394
0.100579
0.10056
0.101268
0.101545
0.101434
0.10203
0.100812
0.10096
0.0961953
0.103257
0.100954
0.101365
0.101937
0.102375
0.10268
0.0997051
0.0915339
0.096864
0.102346
0.101694
0.101683
0.101093
0.095637
0.101418
0.101179
0.101191
0.100896
0.10113
0.101699
0.103112
0.101339
0.101095
0.101603
0.102522
0.101963
0.100416
0.0935127
0.101079
0.100996
0.101103
0.101041
0.0993482
0.0928114
0.101605
0.102069
0.10115
0.102197
0.1004
0.0896454
0.102599
0.100527
0.101038
0.100818
0.0952261
0.101201
0.101365
0.101813
0.100128
0.101795
0.103182
0.10149
0.10129
0.101638
0.100781
0.10157
0.0961774
0.0890101
0.0854744
0.0939667
0.101388
0.101998
0.100973
0.103505
0.103577
0.102773
0.101197
0.096316
0.107851
0.103009
0.10017
0.100534
0.0952134
0.101691
0.101716
0.100648
0.100724
0.101535
0.100904
0.100905
0.101021
0.100662
0.101872
0.1017
0.102025
0.100852
0.10184
0.100982
0.094352
0.087424
0.0866278
0.102209
0.101066
0.102512
0.102677
0.102628
0.101291
0.100161
0.100839
0.101941
0.101742
0.100932
0.09689
0.0862611
0.0959641
0.101653
0.10224
0.100846
0.101078
0.0955171
0.0883795
0.101895
0.100539
0.101576
0.100846
0.0899769
0.0852625
0.0856307
0.10094
0.101074
0.100724
0.100383
0.100812
0.100338
0.101585
0.102984
0.104479
0.102018
0.092624
0.0901284
0.104601
0.111827
0.100522
0.101082
0.102918
0.100675
0.101132
0.100854
0.101669
0.100365
0.100879
0.100242
0.101624
0.0963582
0.0930391
0.098937
0.09095
0.0853892
0.100177
0.0993427
0.105479
0.0993941
0.0993682
0.104951
0.102365
0.100744
0.101373
0.101198
0.0984308
0.0956495
0.101497
0.102688
0.0967083
0.0945567
0.106134
0.102227
0.101994
0.101851
0.0988842
0.0885097
0.0880351
0.0878897
0.0875262
0.0905298
0.101913
0.102233
0.108169
0.104564
0.102285
0.102948
0.0945822
0.0997298
0.0890728
0.0901643
0.100877
0.104046
0.109709
0.103473
0.101424
0.102246
0.101251
0.102313
0.100353
0.10098
0.100972
0.100887
0.100116
0.100424
0.10004
0.103848
0.102004
0.100581
0.101898
0.112656
0.116495
0.104846
0.100728
0.100827
0.101454
0.101198
0.102487
0.103663
0.100845
0.101438
0.10375
0.102207
0.101109
0.102131
0.103117
0.100208
0.10088
0.102817
0.102261
0.10241
0.102071
0.102364
0.101572
0.101441
0.101717
0.101678
0.101592
0.101591
0.105097
0.101064
0.101629
0.100976
0.104235
0.101779
0.100764
0.108791
0.100974
0.0942482
0.101755
0.101789
0.101436
0.101685
0.100835
0.100692
0.101649
0.101708
0.102088
0.100322
0.103557
0.095413
0.0935965
0.102641
0.102049
0.101691
0.101861
0.101694
0.102022
0.101888
0.101453
0.101055
0.10169
0.101452
0.102798
0.101827
0.101031
0.10131
0.10147
0.101766
0.10145
0.0991384
0.100654
0.100745
0.10536
0.092112
0.0852046
0.102406
0.110155
0.101253
0.105068
0.111248
0.100785
0.101308
0.103465
0.105748
0.102198
0.104118
0.101746
0.101225
0.102313
0.101798
0.103073
0.100246
0.101739
0.103128
0.101491
0.101652
0.102654
0.101882
0.100813
0.100892
0.10055
0.1011
0.101346
0.101541
0.101269
0.101595
0.101457
0.102291
0.101714
0.100646
0.101003
0.105218
0.103391
0.102557
0.101341
0.101138
0.101196
0.101161
0.100941
0.101604
0.101686
0.101429
0.100706
0.102538
0.100305
0.102026
0.100525
0.100963
0.09256
0.102031
0.101315
0.100878
0.103967
0.102508
0.100717
0.102192
0.10244
0.10391
0.100993
0.101066
0.101702
0.101329
0.101458
0.104482
0.102062
0.101872
0.101867
0.10123
0.101209
0.101066
0.0980939
0.101349
0.100556
0.101676
0.111998
0.119399
0.100772
0.101416
0.102359
0.0920434
0.101125
0.101421
0.103691
0.103268
0.102821
0.106909
0.101398
0.0978071
0.088406
0.0972037
0.10016
0.100359
0.103413
0.10024
0.10186
0.102955
0.101789
0.0892473
0.0963879
0.100992
0.102982
0.0917445
0.102016
0.102484
0.101014
0.101566
0.101629
0.101056
0.100836
0.101131
0.100898
0.100686
0.101027
0.102179
0.101153
0.102815
0.101961
0.0962749
0.101378
0.101604
0.101322
0.101776
0.103878
0.106592
0.102797
0.101056
0.100863
0.100282
0.101313
0.102755
0.100666
0.103044
0.101333
0.102883
0.101669
0.101217
0.101733
0.101115
0.100297
0.090326
0.0869176
0.0999779
0.0900283
0.093071
0.110934
0.102914
0.101562
0.10128
0.101396
0.100598
0.100268
0.100508
0.100151
0.0959172
0.0978353
0.100033
0.102863
0.102918
0.10355
0.106098
0.102578
0.102361
0.102805
0.1056
0.102435
0.101559
0.104407
0.103472
0.101444
0.1028
0.101024
0.10112
0.101396
0.102354
0.105808
0.101452
0.0960757
0.103789
0.104257
0.101776
0.101732
0.100702
0.100275
0.0992953
0.101188
0.100585
0.101121
0.102654
0.100852
0.101024
0.1011
0.101038
0.101442
0.101396
0.100903
0.101127
0.101077
0.101648
0.102133
0.10394
0.100893
0.101598
0.104156
0.101425
0.101466
0.100238
0.0881875
0.0854902
0.0864937
0.0853391
0.1028
0.100456
0.104252
0.10134
0.101519
0.101197
0.101794
0.103265
0.101772
0.103363
0.101745
0.102521
0.102816
0.103527
0.101714
0.101447
0.10213
0.101264
0.101589
0.102262
0.100422
0.101212
0.10129
0.102951
0.101688
0.100976
0.102692
0.101223
0.101572
0.101221
0.102695
0.104034
0.101243
0.101618
0.102512
0.102445
0.101426
0.101558
0.101625
0.10121
0.100569
0.100806
0.100698
0.100453
0.101618
0.0976152
0.098925
0.102572
0.098694
0.0892899
0.103083
0.100944
0.100807
0.101922
0.100662
0.0998727
0.101593
0.102679
0.101425
0.106021
0.100435
0.103599
0.101962
0.102708
0.10283
0.101636
0.10242
0.0964041
0.0899666
0.091743
0.0989065
0.102166
0.102144
0.100629
0.101526
0.102041
0.101198
0.101387
0.101198
0.102777
0.101082
0.100722
0.101025
0.125318
0.104541
0.113484
0.10298
0.0883217
0.102082
0.100376
0.0945903
0.0977926
0.100575
0.104426
0.102105
0.10384
0.103115
0.100889
0.103986
0.100577
0.0982786
0.0945792
0.100485
0.100318
0.103166
0.103105
0.100173
0.0870595
0.103436
0.104776
0.101535
0.0951134
0.0964952
0.103827
0.10117
0.103115
0.101414
0.100961
0.102962
0.102694
0.101434
0.100614
0.100898
0.101321
0.100488
0.0975345
0.0888586
0.100174
0.100752
0.100947
0.0995685
0.101331
0.100218
0.100918
0.0948143
0.0976195
0.101034
0.101308
0.101174
0.101214
0.101743
0.101135
0.101171
0.101924
0.100692
0.101507
0.101107
0.102118
0.100799
0.0993175
0.102089
0.103579
0.102977
0.103019
0.100989
0.102052
0.0939731
0.100625
0.100759
0.101265
0.101463
0.101788
0.0900757
0.0888728
0.103023
0.100016
0.0985112
0.102088
0.102342
0.1033
0.102292
0.101712
0.101205
0.102026
0.102578
0.102157
0.100555
0.10301
0.105239
0.104313
0.102189
0.100697
0.101308
0.101913
0.101742
0.101351
0.101507
0.100759
0.100792
0.101275
0.101433
0.102372
0.10245
0.101829
0.10351
0.101143
0.10405
0.102444
0.10161
0.101611
0.10146
0.101281
0.102018
0.101241
0.0895824
0.0935719
0.107172
0.10278
0.105374
0.102422
0.104969
0.100854
0.0866148
0.0942749
0.101603
0.100107
0.100636
0.101123
0.101955
0.101853
0.10159
0.100585
0.103313
0.101768
0.101742
0.101501
0.100759
0.101798
0.102455
0.102891
0.10465
0.101038
0.100979
0.101354
0.0906108
0.0892141
0.102834
0.101993
0.0945419
0.100944
0.102732
0.104646
0.102358
0.101115
0.101285
0.10161
0.098517
0.0990017
0.092509
0.0997574
0.09953
0.102012
0.113194
0.100621
0.102273
0.101495
0.100756
0.100427
0.0931372
0.0929839
0.099655
0.101993
0.0997061
0.100717
0.103528
0.10369
0.102146
0.10129
0.105294
0.0904398
0.0967015
0.101139
0.101598
0.100867
0.101046
0.100138
0.102673
0.103064
0.102233
0.0981695
0.0887323
0.0854537
0.0945815
0.101563
0.102606
0.101607
0.101506
0.101473
0.101245
0.102968
0.0913965
0.0941027
0.100679
0.101321
0.0989012
0.0902984
0.0971616
0.102006
0.101117
0.101376
0.101507
0.103304
0.102246
0.101164
0.102546
0.104889
0.103231
0.102007
0.100865
0.087968
0.100725
0.0955504
0.101889
0.0994469
0.0899129
0.0894943
0.102186
0.101199
0.102239
0.105891
0.106986
0.101854
0.101545
0.101546
0.0904862
0.0890879
0.100086
0.101972
0.103513
0.104753
0.10052
0.100629
0.100755
0.100907
0.100416
0.101099
0.100351
0.100453
0.098361
0.0871805
0.084886
0.0858484
0.0933206
0.100987
0.098895
0.101749
0.102303
0.101339
0.101401
0.100907
0.10083
0.0993697
0.0955907
0.101836
0.0986583
0.106168
0.103326
0.100288
0.090671
0.101823
0.093307
0.0883811
0.0948518
0.102124
0.102354
0.105394
0.102967
0.104015
0.102039
0.103312
0.101967
0.0981922
0.0986028
0.0970289
0.093809
0.0962652
0.0871943
0.0939209
0.107091
0.104329
0.115077
0.104124
0.104036
0.103362
0.101065
0.102505
0.101946
0.102832
0.102546
0.101736
0.102874
0.104115
0.103137
0.101609
0.101114
0.101121
0.0992622
0.0886826
0.0985943
0.103807
0.102199
0.102667
0.101943
0.101082
0.101732
0.101773
0.103081
0.103304
0.106574
0.0997414
0.101839
0.103584
0.0937703
0.0896615
0.0933336
0.103242
0.103678
0.102739
0.103984
0.104154
0.0878276
0.100311
0.101286
0.101934
0.105198
0.109892
0.101622
0.102469
0.101533
0.0939532
0.0871979
0.0920906
0.093933
0.102732
0.102036
0.0998907
0.112791
0.100788
0.101917
0.101537
0.100962
0.100555
0.100596
0.101081
0.101056
0.101397
0.0986292
0.0920404
0.0901548
0.0905269
0.0934758
0.106579
0.102223
0.10328
0.107464
0.100893
0.102481
0.100711
0.102414
0.102079
0.102259
0.101191
0.100035
0.100459
0.101598
0.103444
0.103941
0.102747
0.101068
0.0995567
0.100255
0.10434
0.1032
0.10404
0.10091
0.101526
0.101053
0.102071
0.101167
0.101646
0.0999958
0.0976285
0.10086
0.102452
0.105344
0.103419
0.104146
0.103658
0.0987949
0.0952574
0.102857
0.101842
0.103229
0.101216
0.101136
0.10193
0.103249
0.103664
0.100769
0.100797
0.100546
0.101241
0.102516
0.102579
0.104814
0.103355
0.105547
0.103117
0.10215
0.101775
0.101799
0.101635
0.101379
0.101136
0.101874
0.101861
0.102466
0.101691
0.105068
0.104479
0.107063
0.102495
0.102584
0.0994383
0.089438
0.0960018
0.102241
0.102682
0.103083
0.102094
0.102478
0.101418
0.102248
0.101401
0.101594
0.101007
0.100153
0.100358
0.102256
0.10253
0.102943
0.101067
0.107287
0.102696
0.102431
0.1016
0.10141
0.101432
0.102947
0.101574
0.10104
0.101729
0.100716
0.0990652
0.102326
0.100825
0.110346
0.113323
0.10127
0.102592
0.101395
0.102566
0.10109
0.101603
0.102761
0.101877
0.102343
0.102042
0.0897671
0.0859647
0.0882782
0.0876444
0.0890153
0.108471
0.103942
0.0981568
0.0915137
0.0913704
0.102121
0.100076
0.0879266
0.100685
0.0930838
0.0923065
0.101665
0.0929959
0.0879707
0.0968604
0.102454
0.0926038
0.0943816
0.100861
0.101377
0.100632
0.0985092
0.101252
0.108063
0.102078
0.10183
0.101864
0.102443
0.102881
0.101279
0.102645
0.101768
0.101865
0.10174
0.101802
0.102409
0.102804
0.104849
0.102392
0.102013
0.10346
0.101457
0.101083
0.100751
0.101262
0.100787
0.101037
0.0983714
0.0948009
0.100344
0.101951
0.102139
0.101467
0.101487
0.101257
0.101266
0.100304
0.10007
0.0979581
0.100469
0.101306
0.101763
0.100854
0.100498
0.10022
0.101621
0.100273
0.098396
0.100025
0.101794
0.102615
0.102059
0.103875
0.0855757
0.0946242
0.100565
0.101787
0.101383
0.104748
0.100955
0.102484
0.101836
0.0996256
0.095642
0.0988081
0.099577
0.100894
0.0889603
0.0860939
0.0965792
0.101881
0.101414
0.098428
0.0912858
0.0987788
0.0936604
0.0977547
0.0938528
0.0983286
0.105044
0.100513
0.102526
0.102336
0.104087
0.103806
0.103654
0.100944
0.106526
0.102613
0.10239
0.101409
0.101435
0.102245
0.102224
0.101874
0.100875
0.100955
0.100216
0.100903
0.0943463
0.101692
0.10129
0.101622
0.101228
0.100813
0.101663
0.101133
0.102301
0.100567
0.101193
0.102712
0.104249
0.103044
0.0990037
0.100049
0.100966
0.102756
0.100363
0.101714
0.102171
0.108865
0.103216
0.101215
0.101026
0.102465
0.104415
0.096173
0.101684
0.100712
0.10078
0.101974
0.101874
0.100539
0.101797
0.103426
0.102774
0.10126
0.10164
0.100763
0.10146
0.101344
0.0881386
0.0937296
0.10078
0.101027
0.103461
0.103103
0.103109
0.101952
0.102078
0.1009
0.100586
0.101682
0.10503
0.103328
0.102186
0.100707
0.101035
0.100764
0.102
0.101426
0.100569
0.101397
0.0999785
0.0890145
0.0901948
0.100666
0.102482
0.0964464
0.100922
0.102497
0.101202
0.100713
0.10086
0.101042
0.101517
0.101313
0.101791
0.101239
0.101785
0.103228
0.101039
0.101352
0.100487
0.101644
0.101018
0.102708
0.101432
0.10062
0.103309
0.102041
0.106453
0.102351
0.0985442
0.101604
0.100542
0.101483
0.100176
0.100607
0.100386
0.101021
0.102763
0.101679
0.101325
0.101516
0.100397
0.100054
0.0906138
0.101381
0.100257
0.099536
0.101343
0.101178
0.10248
0.103999
0.102349
0.103116
0.101513
0.101886
0.100431
0.101033
0.100865
0.100701
0.100605
0.101216
0.101307
0.101371
0.10136
0.101038
0.101229
0.101687
0.100561
0.101202
0.0900454
0.101008
0.0924132
0.100942
0.101198
0.102044
0.100925
0.101516
0.101554
0.101217
0.101465
0.100952
0.101539
0.100291
0.0937725
0.101714
0.101439
0.101616
0.103957
0.103499
0.101207
0.101164
0.0879282
0.0859325
0.0993625
0.0861138
0.0894305
0.097541
0.0859406
0.0937526
0.100257
0.0872948
0.0977382
0.10049
0.101199
0.10133
0.100958
0.101225
0.101473
0.103532
0.102296
0.102842
0.101931
0.101316
0.100716
0.0971838
0.104032
0.101374
0.100989
0.103003
0.0981739
0.0929267
0.104037
0.101466
0.102143
0.103461
0.102776
0.101273
0.10158
0.102241
0.10224
0.100761
0.102756
0.101415
0.102909
0.0875439
0.0905733
0.101422
0.0999125
0.0915716
0.0862736
0.0914396
0.086429
0.0941198
0.0861987
0.0895327
0.0917965
0.0918067
0.0927695
0.0858154
0.0953923
0.101723
0.101824
0.101416
0.102059
0.101156
0.10276
0.096173
0.101471
0.101022
0.0994009
0.0884506
0.101662
0.10068
0.101025
0.102143
0.104233
0.101786
0.101885
0.100674
0.102296
0.101263
0.100701
0.10069
0.101549
0.0967264
0.101498
0.101362
0.10108
0.101557
0.0963988
0.0987269
0.102979
0.10129
0.100564
0.101084
0.0918363
0.106537
0.101753
0.102134
0.100746
0.100754
0.103416
0.101668
0.102597
0.102488
0.102196
0.100865
0.101431
0.101949
0.100954
0.100786
0.100629
0.100864
0.100586
0.103299
0.0974126
0.0867094
0.100968
0.101691
0.10201
0.101485
0.101712
0.10083
0.101424
0.101952
0.106309
0.116531
0.0995835
0.103417
0.101994
0.100094
0.100611
0.102109
0.101494
0.0943156
0.0922396
0.0854967
0.0846571
0.10167
0.102552
0.100763
0.101073
0.0952846
0.101672
0.0939924
0.0931402
0.1002
0.104009
0.103269
0.101302
0.101475
0.101367
0.100944
0.100922
0.11365
0.102574
0.0972701
0.100998
0.101036
0.101986
0.101655
0.101615
0.105533
0.108369
0.101285
0.100014
0.101173
0.10165
0.102853
0.100779
0.0924983
0.0982374
0.101278
0.101371
0.104315
0.104165
0.101808
0.100802
0.101941
0.100805
0.100794
0.0994171
0.0886795
0.0873568
0.093599
0.100229
0.097052
0.100448
0.102969
0.0933917
0.0859485
0.0862367
0.0858579
0.108596
0.110671
0.100616
0.101169
0.102647
0.100879
0.0986836
0.0872782
0.0958526
0.101171
0.101418
0.102286
0.100597
0.100634
0.100823
0.101573
0.101382
0.100852
0.0963999
0.106814
0.102541
0.10253
0.0910695
0.099636
0.101644
0.101299
0.103031
0.103052
0.102631
0.10341
0.113024
0.104196
0.101039
0.103209
0.103318
0.100908
0.100761
0.100954
0.0941399
0.101571
0.103237
0.10208
0.106779
0.0993933
0.0938879
0.113912
0.105539
0.103942
0.102433
0.102031
0.100988
0.100761
0.103298
0.101828
0.101097
0.104385
0.103807
0.0974098
0.103407
0.100716
0.100753
0.101524
0.101661
0.101138
0.0908122
0.101517
0.102406
0.102519
0.101601
0.102265
0.102063
0.100505
0.100863
0.100787
0.0954182
0.093768
0.101676
0.100803
0.0879454
0.0924453
0.102644
0.104167
0.102499
0.0980557
0.0911795
0.0956356
0.0956245
0.100767
0.107426
0.10217
0.103626
0.102679
0.101793
0.0978157
0.100254
0.100877
0.0992349
0.0939654
0.100539
0.0959894
0.101668
0.103017
0.107549
0.100578
0.0962666
0.0958906
0.103021
0.102089
0.104115
0.104648
0.105532
0.102492
0.102104
0.10118
0.101065
0.09332
0.102599
0.100683
0.101263
0.101214
0.10019
0.097416
0.100132
0.0963529
0.102298
0.0962981
0.092888
0.103175
0.103195
0.102799
0.100781
0.0975513
0.0968249
0.0947846
0.100211
0.101543
0.103685
0.10273
0.102157
0.101469
0.101045
0.100847
0.101078
0.102711
0.103422
0.0921227
0.088318
0.100145
0.10199
0.103585
0.101918
0.0908862
0.101328
0.101638
0.10131
0.101441
0.10478
0.10325
0.0997132
0.0976445
0.0904308
0.0983552
0.100018
0.0989516
0.101739
0.109431
0.104389
0.10191
0.101593
0.102448
0.101685
0.102095
0.099021
0.0980705
0.098423
0.102749
0.101339
0.0996747
0.102921
0.102025
0.104094
0.102876
0.104558
0.100081
0.0925846
0.0962502
0.101359
0.101274
0.102286
0.101025
0.100893
0.101753
0.102981
0.104042
0.102486
0.100967
0.101443
0.101089
0.101698
0.101007
0.101089
0.101784
0.101094
0.101416
0.100829
0.101917
0.100456
0.0952831
0.0894216
0.10113
0.102748
0.102297
0.100726
0.100912
0.101277
0.101035
0.100655
0.104719
0.103751
0.103214
0.103327
0.099915
0.102378
0.101068
0.101244
0.0934944
0.0878402
0.094914
0.102751
0.0993219
0.0868848
0.100707
0.101014
0.100597
0.100436
0.100769
0.102962
0.100689
0.0987662
0.0857962
0.102461
0.101534
0.101174
0.10089
0.10066
0.0996624
0.101301
0.103068
0.104933
0.0909542
0.0955239
0.101175
0.101032
0.101037
0.102074
0.101156
0.101012
0.101313
0.10208
0.100578
0.100559
0.0881279
0.0889868
0.088261
0.0878122
0.0901538
0.0902436
0.0909073
0.0999048
0.103438
0.101915
0.087024
0.0886267
0.0857178
0.0887939
0.0864517
0.0866254
0.0869691
0.08929
0.0896496
0.087427
0.0905331
0.0902459
0.100749
0.0925136
0.0875586
0.0916309
0.102603
0.0919786
0.0861892
0.0869798
0.0854945
0.0999629
0.102939
0.10229
0.0894159
0.0862501
0.0994373
0.0997245
0.0869253
0.0862842
0.086109
0.0858112
0.0856519
0.0905473
0.0998138
0.0988835
0.0932461
0.102114
0.101728
0.0942553
0.0861519
0.0873553
0.0957634
0.0989555
0.0907959
0.0918535
0.102409
0.0958658
0.0878681
0.0868998
0.0937581
0.10141
0.096205
0.088677
0.0900714
0.0861148
0.0856169
0.0860984
0.0967115
0.103283
0.0946483
0.0874801
0.0856052
0.0938157
0.103578
0.0951538
0.0876689
0.0857867
0.0848451
0.0854298
0.0854568
0.085495
0.0880909
0.087054
0.0857759
0.0992959
0.0901954
0.0862426
0.0861464
0.0968906
0.103263
0.0884649
0.0852672
0.0871927
0.0853266
0.0850867
0.0865597
0.0977722
0.100551
0.0917583
0.0852431
0.0974123
0.102659
0.101055
0.0901438
0.0882208
0.086207
0.0863345
0.0844038
0.0852459
0.0926644
0.107169
0.0956385
0.0895788
0.0857141
0.092689
0.0989557
0.100822
0.10195
0.100723
0.0980182
0.0980119
0.105555
0.104332
0.101291
0.102435
0.101404
0.101673
0.101376
0.100864
0.100249
0.101883
0.101268
0.102131
0.100684
0.101738
0.101267
0.100779
0.101638
0.10157
0.101103
0.10438
0.100123
0.10038
0.100779
0.10176
0.100774
0.100452
0.0998007
0.101978
0.101593
0.0874456
0.0847796
0.0983173
0.103285
0.106052
0.103973
0.102997
0.102992
0.101809
0.101074
0.100461
0.100461
0.102212
0.101704
0.101088
0.101197
0.10128
0.100756
0.100927
0.101624
0.101384
0.10425
0.100074
0.0983318
0.0977573
0.101225
0.100847
0.102468
0.100752
0.101765
0.10149
0.0895332
0.0986137
0.1003
0.107532
0.10325
0.102861
0.0917153
0.0983111
0.101804
0.101958
0.101003
0.10213
0.103204
0.0968635
0.0878835
0.102448
0.103302
0.101795
0.103545
0.102015
0.101469
0.100687
0.10228
0.0940272
0.0930594
0.104515
0.103133
0.102901
0.102163
0.103915
0.102533
0.103209
0.102416
0.102909
0.101833
0.101179
0.101026
0.100706
0.101135
0.100994
0.100798
0.100574
0.0998264
0.0884963
0.0919896
0.100709
0.100466
0.1024
0.103902
0.102621
0.102243
0.100921
0.101396
0.101371
0.100881
0.102273
0.101897
0.101585
0.101365
0.0949083
0.0889351
0.100349
0.102415
0.103126
0.105201
0.102483
0.10442
0.102212
0.104631
0.101371
0.0998826
0.10194
0.109454
0.102919
0.10213
0.0993843
0.102337
0.101021
0.095095
0.0964244
0.100773
0.102853
0.102013
0.102932
0.101233
0.102883
0.0914087
0.0968465
0.094578
0.0951355
0.0970499
0.101466
0.115541
0.113319
0.103247
0.102076
0.10091
0.100952
0.0997802
0.101976
0.100808
0.101005
0.0998948
0.102405
0.101346
0.103504
0.102546
0.102758
0.103814
0.103151
0.106134
0.101922
0.0900582
0.0863859
0.10087
0.100167
0.100118
0.096658
0.0929743
0.0956922
0.102065
0.0998903
0.0961937
0.0995635
0.101781
0.0998483
0.100239
0.0889993
0.10251
0.101857
0.100767
0.0992434
0.0911267
0.104573
0.103307
0.10181
0.101903
0.102739
0.101296
0.104521
0.106416
0.102923
0.101007
0.101499
0.101423
0.10072
0.101331
0.100583
0.101182
0.101284
0.101766
0.0916468
0.0928761
0.10148
0.100736
0.101496
0.101226
0.100952
0.0879233
0.0898517
0.0891012
0.0859763
0.0863246
0.101874
0.101701
0.101855
0.100888
0.101753
0.101188
0.101128
0.101575
0.100927
0.0904605
0.101358
0.104576
0.093301
0.0930693
0.101377
0.100735
0.101355
0.101429
0.101339
0.105333
0.103028
0.091682
0.0928274
0.091762
0.100919
0.100691
0.10223
0.101752
0.101556
0.0939678
0.100028
0.100726
0.101352
0.101148
0.0953007
0.0911675
0.0869234
0.0869037
0.100863
0.101179
0.100101
0.106005
0.100752
0.1007
0.101706
0.10102
0.102167
0.100651
0.100847
0.0933166
0.0899809
0.0921821
0.102274
0.10483
0.101938
0.101178
0.101935
0.10292
0.102484
0.100608
0.103641
0.0961969
0.0903866
0.101206
0.10135
0.102563
0.101224
0.10215
0.103084
0.101857
0.103938
0.105789
0.105026
0.0880081
0.0933803
0.0964911
0.086246
0.085717
0.0862019
0.09028
0.114701
0.104256
0.0949986
0.0869403
0.0862025
0.0883398
0.0862471
0.0862742
0.102526
0.0900606
0.0885215
0.0866133
0.0892386
0.0856796
0.0857732
0.0884237
0.112696
0.114932
0.104172
0.103156
0.101374
0.102317
0.100771
0.101163
0.102231
0.103357
0.10143
0.102153
0.102547
0.101833
0.101585
0.101142
0.101137
0.101677
0.103329
0.103673
0.104387
0.0991521
0.0993236
0.0859707
0.087228
0.103301
0.103344
0.102488
0.103619
0.102735
0.102136
0.0862778
0.0877766
0.102542
0.10088
0.104187
0.107059
0.104261
0.105334
0.101168
0.101065
0.100658
0.101953
0.10154
0.0949854
0.0927461
0.0959292
0.101992
0.0926445
0.0870051
0.100854
0.116589
0.103867
0.102079
0.101124
0.103587
0.101879
0.102105
0.101739
0.101417
0.100446
0.101438
0.100628
0.101336
0.102036
0.104452
0.102478
0.100917
0.0945329
0.0873156
0.0933978
0.101303
0.100844
0.101355
0.103724
0.103282
0.102953
0.101982
0.102044
0.102232
0.101705
0.102732
0.102924
0.100129
0.105742
0.103511
0.100789
0.0864028
0.0991847
0.0912164
0.101603
0.101416
0.101246
0.0907859
0.0946866
0.0974811
0.0996625
0.101414
0.103183
0.105725
0.102884
0.097563
0.0968138
0.0991224
0.0994106
0.0957342
0.0973568
0.101821
0.103669
0.1027
0.102763
0.101015
0.101807
0.101093
0.101359
0.101107
0.0943478
0.0932834
0.102
0.0951299
0.101513
0.104473
0.102783
0.104986
0.10278
0.102493
0.101315
0.0905836
0.0907315
0.102836
0.111931
0.11074
0.112549
0.108287
0.102604
0.10282
0.105971
0.10283
0.104242
0.102276
0.104135
0.102821
0.101524
0.10278
0.106754
0.101358
0.0980184
0.100496
0.101309
0.10094
0.0992194
0.0943679
0.0920837
0.104158
0.101082
0.0965559
0.0978005
0.100786
0.100754
0.119968
0.102627
0.0972745
0.099168
0.0935891
0.107855
0.129306
0.118293
0.113213
0.1055
0.102821
0.103064
0.101833
0.102793
0.106337
0.103408
0.10262
0.100907
0.101586
0.101696
0.100851
0.100761
0.100743
0.101606
0.10118
0.100863
0.100782
0.100518
0.101928
0.101224
0.101108
0.101135
0.102411
0.101946
0.104363
0.102948
0.103255
0.102184
0.102263
0.102497
0.10255
0.100503
0.102197
0.102275
0.100854
0.101731
0.100632
0.102557
0.102156
0.103491
0.105238
0.104163
0.104396
0.100356
0.093793
0.101708
0.102045
0.104169
0.102867
0.103074
0.101255
0.102166
0.101472
0.101137
0.10109
0.101659
0.102305
0.105278
0.104133
0.105266
0.102433
0.101688
0.101471
0.102663
0.101933
0.101454
0.101935
0.101103
0.102095
0.104123
0.106806
0.104152
0.100694
0.101423
0.103699
0.105125
0.103734
0.108974
0.104625
0.0988888
0.0891858
0.0957527
0.0938988
0.0992989
0.0992644
0.1012
0.101252
0.0955076
0.0927511
0.10246
0.100518
0.103661
0.102655
0.101246
0.103322
0.102856
0.101347
0.0886015
0.103574
0.102127
0.102825
0.101796
0.102326
0.103234
0.103171
0.104572
0.103454
0.102018
0.102145
0.100829
0.102314
0.101116
0.101194
0.100488
0.100582
0.101013
0.0914015
0.0865845
0.10202
0.10331
0.100388
0.0996155
0.101438
0.101709
0.101574
0.0994883
0.102416
0.104386
0.103277
0.102146
0.101278
0.101888
0.103502
0.102699
0.100976
0.104527
0.1007
0.0989341
0.100992
0.094987
0.0929003
0.0881369
0.0919012
0.0983339
0.0954258
0.101287
0.102517
0.113449
0.103181
0.087126
0.0875252
0.094636
0.100255
0.102633
0.100818
0.103464
0.102119
0.101854
0.103379
0.101477
0.104539
0.10498
0.100692
0.100289
0.0931108
0.0909846
0.09107
0.0959671
0.0979084
0.0994429
0.0913873
0.105215
0.101018
0.0999188
0.0902245
0.0917431
0.0893594
0.0967957
0.0928227
0.100467
0.10288
0.103358
0.103259
0.100064
0.0942104
0.0892071
0.0948382
0.11176
0.102187
0.101585
0.102057
0.100946
0.100833
0.101765
0.10147
0.103092
0.102349
0.10213
0.10369
0.103153
0.102811
0.102468
0.102661
0.10196
0.096438
0.0919388
0.086708
0.0969614
0.095654
0.0896971
0.0967839
0.100882
0.10085
0.100819
0.10076
0.10118
0.102684
0.101795
0.101664
0.101244
0.101615
0.102342
0.10116
0.102209
0.088435
0.100525
0.096409
0.101202
0.101026
0.0945818
0.101112
0.101588
0.101468
0.100979
0.102328
0.103332
0.102881
0.10171
0.10169
0.101015
0.101577
0.101629
0.101123
0.101166
0.100965
0.101129
0.101238
0.09943
0.101428
0.100699
0.0995406
0.089945
0.10122
0.101701
0.101959
0.100352
0.0945898
0.0948849
0.10189
0.103987
0.101182
0.101229
0.100336
0.0972074
0.0966276
0.0999395
0.100669
0.0981473
0.0983578
0.0975375
0.107013
0.102677
0.100296
0.102896
0.104501
0.101008
0.101996
0.101756
0.101246
0.102144
0.102414
0.100992
0.100682
0.0992358
0.0891035
0.100845
0.101363
0.101897
0.100437
0.100936
0.101709
0.100437
0.0885013
0.101116
0.101141
0.102601
0.101425
0.101837
0.103387
0.101938
0.10182
0.101609
0.101288
0.100998
0.101111
0.100753
0.101993
0.1014
0.0960646
0.0951939
0.102446
0.104644
0.101929
0.103827
0.101788
0.101784
0.10071
0.0982587
0.0995313
0.100344
0.0993653
0.106065
0.101356
0.100566
0.101267
0.101316
0.0953388
0.0860818
0.0863889
0.092409
0.0950367
0.103198
0.105608
0.107267
0.100914
0.100834
0.102373
0.100857
0.09323
0.0872358
0.0951357
0.102296
0.102769
0.102351
0.101736
0.100395
0.101508
0.100721
0.103579
0.101816
0.101502
0.100743
0.100512
0.102235
0.102169
0.100529
0.101738
0.0931653
0.0933261
0.10142
0.101158
0.0952953
0.0951512
0.101548
0.101499
0.100763
0.101167
0.100809
0.0927465
0.100189
0.100955
0.101196
0.0897819
0.0929281
0.097625
0.100625
0.101171
0.100066
0.101013
0.0973852
0.086595
0.094377
0.0957348
0.101346
0.102277
0.104291
0.102773
0.10168
0.091767
0.0852826
0.101498
0.101258
0.102643
0.102738
0.10338
0.102357
0.103955
0.101327
0.101479
0.101589
0.101373
0.100361
0.101253
0.100301
0.101369
0.103653
0.101755
0.102079
0.0930873
0.0928855
0.101418
0.100394
0.101318
0.101032
0.0941432
0.0948067
0.0955641
0.088297
0.100843
0.10323
0.101455
0.0966046
0.0947415
0.101547
0.0994441
0.086814
0.0866864
0.10254
0.103233
0.100916
0.0890598
0.0990645
0.10095
0.0928979
0.100883
0.102955
0.102737
0.10183
0.102499
0.102438
0.0888521
0.0900698
0.0876677
0.0939318
0.101888
0.10213
0.101293
0.101967
0.1018
0.102894
0.101648
0.101216
0.101304
0.0993177
0.0891647
0.102048
0.103148
0.101183
0.100769
0.101385
0.101832
0.102762
0.104109
0.102641
0.100385
0.0941083
0.100259
0.103552
0.100814
0.101725
0.10161
0.101017
0.0955653
0.0862558
0.0899862
0.0927011
0.0897367
0.0973366
0.100827
0.100378
0.10103
0.100219
0.0905566
0.0974203
0.0970252
0.0962478
0.0994398
0.0993647
0.103031
0.108341
0.101072
0.0971649
0.0956667
0.101707
0.10119
0.102366
0.101617
0.101339
0.100637
0.0900175
0.0879278
0.101677
0.10051
0.101326
0.100552
0.101806
0.0941837
0.102102
0.100515
0.100117
0.0870355
0.0979849
0.0956942
0.102558
0.103787
0.102227
0.102318
0.102683
0.10177
0.101225
0.0965445
0.1026
0.100632
0.101071
0.102984
0.0968186
0.100648
0.102312
0.10117
0.0997104
0.0921945
0.100464
0.105041
0.101979
0.101143
0.0998205
0.0997851
0.0976389
0.105539
0.100963
0.102933
0.10012
0.103451
0.101735
0.101623
0.101466
0.0916521
0.0864837
0.0984755
0.101549
0.101605
0.102269
0.101473
0.101572
0.101256
0.092427
0.0871817
0.0886055
0.111668
0.0907684
0.0932331
0.0936787
0.100471
0.101109
0.100252
0.101818
0.0935675
0.0910374
0.0943841
0.102323
0.101618
0.101998
0.090132
0.0933219
0.101276
0.101209
0.101452
0.100518
0.100692
0.0904916
0.10098
0.102244
0.100808
0.100681
0.100873
0.102047
0.101158
0.102145
0.103599
0.101554
0.10064
0.100399
0.101028
0.101004
0.101738
0.104202
0.105723
0.103268
0.101009
0.09611
0.0851652
0.086032
0.0849709
0.0846624
0.08592
0.0875287
0.101436
0.109796
0.101067
0.0926318
0.0928062
0.101167
0.0858002
0.0899228
0.0847511
0.0884278
0.101421
0.0887244
0.0888992
0.0913871
0.0902891
0.0893412
0.0907652
0.0871239
0.123117
0.111734
0.101895
0.0957381
0.0924497
0.0907983
0.0908697
0.0978252
0.102025
0.0939466
0.0928624
0.095121
0.0942251
0.101562
0.101715
0.102105
0.109857
0.103301
0.101529
0.100552
0.100889
0.101276
0.101024
0.101471
0.105205
0.102153
0.102763
0.100775
0.101505
0.101445
0.100958
0.100741
0.101095
0.100622
0.102328
0.104506
0.102934
0.101177
0.100517
0.101115
0.101397
0.100694
0.101918
0.102004
0.102171
0.101616
0.10119
0.101468
0.102181
0.101222
0.101617
0.100611
0.101344
0.102484
0.100339
0.101412
0.100939
0.101517
0.099604
0.0949639
0.0876278
0.0889411
0.0929736
0.0976743
0.102798
0.097414
0.0880925
0.0909641
0.0873744
0.096436
0.0966709
0.0997802
0.0944836
0.0907428
0.0939053
0.0941238
0.101197
0.0912475
0.0991744
0.10139
0.101358
0.100852
0.100862
0.101261
0.101109
0.100207
0.102169
0.10319
0.104207
0.101976
0.100274
0.100914
0.100745
0.100789
0.101519
0.100138
0.100517
0.100984
0.101583
0.101224
0.102051
0.100536
0.10205
0.101512
0.10197
0.100846
0.101061
0.100842
0.10094
0.10164
0.100448
0.100451
0.101991
0.101897
0.101997
0.100546
0.101798
0.101343
0.100899
0.10106
0.102188
0.101795
0.102184
0.10113
0.101014
0.100706
0.10151
0.100769
0.102014
0.101546
0.100467
0.102108
0.101553
0.102507
0.101253
0.103068
0.10056
0.101095
0.100018
0.102098
0.102255
0.100219
0.100828
0.10186
0.100932
0.101565
0.100645
0.100248
0.101136
0.101069
0.10066
0.10075
0.102226
0.100922
0.100878
0.100698
0.103325
0.101385
0.101868
0.103419
0.101689
0.100531
0.101462
0.101501
0.100941
0.102704
0.101288
0.101056
0.101297
0.100522
0.100873
0.102042
0.101362
0.100973
0.10141
0.103954
0.100805
0.101355
0.100612
0.100767
0.0888843
0.0939478
0.101161
0.101454
0.10136
0.0925112
0.0874328
0.0865767
0.100326
0.101971
0.10114
0.101861
0.10151
0.100693
0.10063
0.100858
0.10104
0.100113
0.100109
0.0948991
0.0857897
0.101023
0.0938028
0.0852904
0.0943731
0.104021
0.0865402
0.0957897
0.100557
0.100998
0.100675
0.101968
0.101273
0.101358
0.101346
0.101322
0.101375
0.101849
0.101133
0.102028
0.100523
0.101536
0.101318
0.0931118
0.0877516
0.0894978
0.0914292
0.0963856
0.10365
0.102843
0.105032
0.103831
0.101751
0.105195
0.0982521
0.0993897
0.105103
0.10073
0.101233
0.0985545
0.0959428
0.102843
0.101816
0.103419
0.101665
0.102981
0.105059
0.102084
0.100962
0.100834
0.0905999
0.0897146
0.100759
0.102104
0.102164
0.101326
0.101214
0.106633
0.101005
0.102451
0.101679
0.0934199
0.0883744
0.100872
0.101119
0.103908
0.102241
0.103234
0.105684
0.101101
0.100387
0.096696
0.0875931
0.0920818
0.0968447
0.0981255
0.103634
0.10065
0.105807
0.112537
0.101454
0.0967004
0.100159
0.10463
0.103061
0.106011
0.112616
0.102787
0.104509
0.102924
0.102761
0.101818
0.101507
0.100678
0.101445
0.100872
0.101604
0.104481
0.092445
0.0862638
0.0858665
0.0987637
0.102404
0.102019
0.101313
0.107982
0.10255
0.100715
0.101551
0.10114
0.0978249
0.0968403
0.100833
0.10042
0.100904
0.100832
0.100954
0.100692
0.101785
0.101325
0.0992792
0.101099
0.10114
0.10101
0.100835
0.0993794
0.0856581
0.0947697
0.0904276
0.0909112
0.102762
0.107763
0.105461
0.112345
0.10067
0.100303
0.0958904
0.100281
0.10167
0.0996234
0.0947857
0.0907728
0.0978474
0.101643
0.101398
0.102286
0.101252
0.0986978
0.102005
0.100393
0.10096
0.0996824
0.0972387
0.0929464
0.0964192
0.0985658
0.0946739
0.0959344
0.102636
0.0983444
0.0991685
0.0973242
0.0980368
0.0967231
0.101938
0.100112
0.0934969
0.0918935
0.100304
0.101752
0.101556
0.103967
0.101911
0.091332
0.0890677
0.0861934
0.088092
0.0881827
0.0862428
0.114069
0.10833
0.102984
0.101295
0.0940779
0.0941273
0.0976157
0.096571
0.0961459
0.100492
0.10034
0.101503
0.103146
0.100842
0.0934712
0.0947219
0.101073
0.100876
0.100536
0.099865
0.102136
0.101939
0.101502
0.102799
0.102118
0.101195
0.103523
0.101488
0.10044
0.102604
0.0962131
0.0875263
0.101478
0.101841
0.100899
0.100869
0.0937347
0.0931404
0.10066
0.101473
0.101687
0.0893951
0.0884281
0.0931273
0.102216
0.100332
0.101513
0.100891
0.103137
0.100587
0.101308
0.102083
0.0991438
0.0996088
0.0977104
0.100877
0.102032
0.102386
0.101257
0.100971
0.102139
0.101368
0.101584
0.101592
0.102346
0.102083
0.10485
0.0999561
0.0934131
0.10032
0.101683
0.102302
0.10303
0.101305
0.100965
0.0999
0.100605
0.100165
0.100605
0.100805
0.104542
0.101765
0.101329
0.0860567
0.0868916
0.0892573
0.0872941
0.0886921
0.0873517
0.0854095
0.0857957
0.0931464
0.0987289
0.0911823
0.0984159
0.10088
0.100672
0.100707
0.100349
0.100634
0.102703
0.101139
0.100326
0.098235
0.100312
0.10105
0.101057
0.101297
0.105551
0.102199
0.101748
0.10099
0.0965022
0.104186
0.10111
0.10254
0.101436
0.0864713
0.0994564
0.101568
0.100157
0.100597
0.101153
0.0963809
0.087053
0.093722
0.101077
0.0860554
0.0871115
0.100782
0.0955593
0.101742
0.100923
0.101065
0.101029
0.101115
0.100512
0.10174
0.100995
0.101274
0.10194
0.101274
0.101625
0.101441
0.101058
0.104383
0.101263
0.102488
0.103014
0.101687
0.102458
0.102122
0.102623
0.102029
0.108533
0.099089
0.0860952
0.10056
0.101202
0.100664
0.101016
0.101107
0.101799
0.102062
0.10138
0.102421
0.101409
0.100592
0.100955
0.10307
0.100415
0.0877982
0.0860142
0.101873
0.101217
0.100404
0.100631
0.101397
0.101221
0.101073
0.1006
0.102345
0.103447
0.101557
0.0962426
0.100717
0.10171
0.0958846
0.0851451
0.0864157
0.101031
0.101045
0.102931
0.1015
0.0858586
0.0929049
0.0920087
0.0855405
0.092302
0.101911
0.100243
0.100959
0.102458
0.101068
0.101231
0.101352
0.102428
0.102146
0.102487
0.100667
0.100879
0.101279
0.101674
0.100986
0.0999213
0.101853
0.101873
0.101072
0.100539
0.101472
0.100864
0.101622
0.10102
0.101237
0.101654
0.10295
0.105521
0.0970718
0.0857718
0.0946988
0.0977479
0.102123
0.102062
0.10138
0.101004
0.101264
0.103109
0.102539
0.101835
0.103581
0.0942048
0.0879075
0.101412
0.0883282
0.0853127
0.093335
0.0961624
0.0900827
0.0997199
0.10408
0.101096
0.101667
0.0965273
0.0859466
0.102643
0.104131
0.0937326
0.0994723
0.0915822
0.0895094
0.0986306
0.0864424
0.0876421
0.103051
0.101055
0.102459
0.102177
0.102597
0.0998792
0.0991981
0.102221
0.101766
0.102722
0.100428
0.110306
0.104055
0.101248
0.0956536
0.0950984
0.100571
0.102522
0.104091
0.0917364
0.112806
0.100982
0.103681
0.101394
0.101075
0.100421
0.101467
0.101827
0.103279
0.104973
0.104552
0.107726
0.102196
0.103528
0.0993749
0.102882
0.103365
0.101684
0.100945
0.101587
0.100836
0.101173
0.10275
0.103284
0.101744
0.103114
0.108227
0.113793
0.104478
0.101824
0.102612
0.100908
0.101203
0.101081
0.101832
0.103037
0.107064
0.10313
0.103257
0.102644
0.101859
0.102169
0.102422
0.103476
0.102085
0.108708
0.100443
0.102449
0.102844
0.101564
0.104552
0.102451
0.102157
0.102463
0.101151
0.102235
0.103192
0.102364
0.10313
0.103447
0.101787
0.102678
0.103526
0.104257
0.1064
0.10349
0.103023
0.103929
0.102492
0.102843
0.102522
0.101332
0.100839
0.101208
0.101985
0.100013
0.0924775
0.0931351
0.0923644
0.103227
0.101368
0.102355
0.116587
0.106463
0.095685
0.0997081
0.101715
0.101454
0.101025
0.102298
0.102523
0.102775
0.102267
0.101363
0.101409
0.101492
0.102376
0.102207
0.100712
0.101324
0.105253
0.10578
0.10278
0.101494
0.101522
0.102021
0.102485
0.103225
0.101004
0.0911889
0.102321
0.103216
0.102038
0.0997928
0.0924487
0.103752
0.102261
0.100931
0.103436
0.103151
0.102885
0.102428
0.0968771
0.101841
0.090971
0.103337
0.0990507
0.101917
0.104326
0.104839
0.10098
0.0992893
0.100565
0.0953044
0.0939384
0.0910435
0.0980486
0.0987898
0.103353
0.100451
0.101381
0.1022
0.102405
0.0934518
0.089674
0.088575
0.104898
0.10868
0.103214
0.105818
0.096077
0.102931
0.100965
0.101899
0.097203
0.105789
0.105732
0.101277
0.102799
0.101362
0.101813
0.10658
0.0949391
0.0888099
0.0976599
0.0963763
0.101508
0.0936489
0.0925299
0.0945602
0.0959057
0.0866419
0.101361
0.102798
0.104136
0.101766
0.103566
0.100863
0.101488
0.100482
0.101542
0.102048
0.101837
0.100778
0.10155
0.101321
0.103007
0.102641
0.102072
0.102454
0.101704
0.102309
0.101945
0.101079
0.100395
0.103003
0.101315
0.100913
0.101856
0.102234
0.101128
0.102367
0.100954
0.101622
0.0978961
0.100399
0.0997666
0.102251
0.102268
0.10492
0.102766
0.103046
0.105121
0.1023
0.102507
0.101987
0.101023
0.101167
0.101221
0.102122
0.101092
0.100907
0.101893
0.101108
0.101842
0.102345
0.101577
0.101548
0.1015
0.0988404
0.104052
0.0954977
0.101689
0.102773
0.104368
0.102174
0.100578
0.101402
0.102121
0.101217
0.101479
0.10201
0.101245
0.101385
0.102322
0.102549
0.102499
0.102331
0.103377
0.102032
0.101756
0.101802
0.088224
0.100834
0.102673
0.101748
0.102193
0.102005
0.100976
0.101442
0.101193
0.101721
0.0995116
0.101609
0.0973042
0.0934734
0.101249
0.101322
0.101433
0.100704
0.10189
0.100793
0.100889
0.0927929
0.0950926
0.0998338
0.100941
0.100817
0.100893
0.100856
0.100663
0.101138
0.101487
0.101933
0.0975684
0.100893
0.101554
0.102771
0.102748
0.104227
0.102061
0.122329
0.100575
0.0954321
0.0953811
0.100861
0.0993127
0.10156
0.10106
0.10122
0.101173
0.100949
0.0914756
0.101946
0.100844
0.102661
0.10247
0.10081
0.102463
0.101979
0.103137
0.102968
0.102893
0.104474
0.103345
0.103169
0.102551
0.102443
0.101213
0.101278
0.101863
0.101603
0.10128
0.101106
0.100804
0.101437
0.101748
0.100955
0.101691
0.100687
0.101849
0.100385
0.101792
0.102934
0.101129
0.0945911
0.101884
0.100763
0.10085
0.100734
0.102344
0.10136
0.100656
0.100915
0.100606
0.101414
0.101692
0.0872188
0.0935434
0.100118
0.100821
0.0986655
0.102397
0.101519
0.101382
0.100785
0.10082
0.0913834
0.0913131
0.0959898
0.0853836
0.102219
0.103534
0.102447
0.102854
0.102133
0.102139
0.101089
0.100647
0.0912296
0.101183
0.102812
0.101575
0.102006
0.101763
0.101233
0.0929189
0.0939157
0.101179
0.102081
0.102812
0.101842
0.102143
0.10194
0.101909
0.102069
0.0988106
0.10125
0.0965824
0.0933744
0.102226
0.1013
0.10314
0.112108
0.103483
0.108686
0.101429
0.100978
0.10135
0.101455
0.101418
0.10129
0.100813
0.102601
0.101149
0.101744
0.10236
0.100861
0.101262
0.10122
0.103664
0.103837
0.102951
0.102809
0.101046
0.102352
0.100643
0.102005
0.101051
0.100549
0.101633
0.102417
0.101994
0.102102
0.101716
0.101815
0.101197
0.10107
0.100669
0.101323
0.102785
0.102081
0.100827
0.103375
0.102443
0.101786
0.100694
0.100034
0.086205
0.0996386
0.0922212
0.0958736
0.102567
0.102472
0.100774
0.102077
0.100752
0.100617
0.0927679
0.100142
0.100922
0.102035
0.102202
0.102064
0.101177
0.101176
0.100645
0.101836
0.0998805
0.0878939
0.0857872
0.0882246
0.100362
0.0940674
0.101623
0.101245
0.100887
0.10182
0.0922841
0.0858781
0.0863518
0.0909124
0.102271
0.102856
0.102541
0.102949
0.101986
0.100609
0.102134
0.100881
0.100596
0.101308
0.101177
0.103133
0.10077
0.101529
0.0934776
0.0849044
0.0942632
0.0948522
0.0876993
0.0931257
0.0994083
0.0931806
0.0849749
0.085461
0.0967751
0.0906386
0.0865575
0.0970011
0.0997819
0.0884903
0.0874435
0.101107
0.100732
0.10195
0.101354
0.102059
0.100831
0.101867
0.101782
0.100922
0.101452
0.101282
0.101708
0.0990924
0.0981692
0.101239
0.100338
0.0929248
0.100984
0.101469
0.101842
0.100971
0.101861
0.101911
0.102809
0.100927
0.100365
0.101456
0.101989
0.101747
0.100951
0.101243
0.101305
0.10111
0.103301
0.10078
0.101682
0.101466
0.101407
0.101153
0.0960264
0.100815
0.101566
0.102607
0.100974
0.100547
0.100984
0.101134
0.101463
0.101084
0.100826
0.0962996
0.0874709
0.0988298
0.100903
0.101292
0.101739
0.102035
0.102427
0.105281
0.100849
0.0977473
0.101462
0.0892415
0.0858239
0.100434
0.103011
0.110025
0.101687
0.103745
0.092417
0.0964294
0.101441
0.102248
0.101848
0.100422
0.101274
0.0984203
0.0921491
0.101289
0.102085
0.100612
0.100547
0.101437
0.101453
0.0888591
0.100851
0.100571
0.101381
0.102586
0.102518
0.101084
0.10336
0.1008
0.102221
0.100849
0.102069
0.10162
0.101888
0.101101
0.105401
0.0920396
0.0949098
0.097736
0.10056
0.100744
0.100573
0.101528
0.0968429
0.0942023
0.100769
0.10202
0.101726
0.102332
0.101477
0.100699
0.101372
0.102184
0.102079
0.102419
0.103955
0.101973
0.101523
0.100987
0.100629
0.100982
0.100521
0.101493
0.101606
0.101652
0.101075
0.101958
0.0895041
0.0940844
0.100329
0.0901756
0.0873615
0.0990152
0.103612
0.0965571
0.0853332
0.0863538
0.0953562
0.0870415
0.0902758
0.0947674
0.0898509
0.0900055
0.0945038
0.0994179
0.0924822
0.085281
0.0966551
0.0943024
0.0880962
0.0958179
0.095508
0.0914865
0.0915071
0.0887426
0.0851328
0.0865396
0.098863
0.0901148
0.0867733
0.0866989
0.100827
0.0923757
0.0860062
0.0852912
0.0889057
0.101724
0.0879408
0.0866782
0.101212
0.089964
0.0866294
0.0858512
0.0866714
0.0875113
0.0864644
0.0866734
0.087851
0.0881343
0.0872138
0.0852382
0.0859541
0.0871797
0.0853129
0.0851558
0.0885439
0.086267
0.0862379
0.0858793
0.0864492
0.0848723
0.0861211
0.085598
0.0862548
0.0864437
0.0865939
0.0864043
0.0865706
0.0856966
0.0891172
0.0867919
0.0865977
0.0870779
0.0870255
0.0870409
0.0883489
0.0868967
0.0876216
0.0847688
0.0846302
0.0871501
0.0865365
0.0863601
0.0866918
0.0871186
0.0882176
0.0856792
0.090267
0.087872
0.0881723
0.0876129
0.0885578
0.0873377
0.0859317
0.0876511
0.100351
0.0978153
0.0979163
0.0886384
0.091174
0.0895684
0.0909822
0.0925891
0.0889836
0.0882625
0.0867886
0.0869646
0.0923575
0.0856592
0.0880902
0.0862751
0.0866981
0.0890074
0.0865658
0.0874232
0.0897917
0.0865206
0.0868887
0.0860935
0.0867033
0.0863881
0.0856758
0.0859766
0.0849777
0.0857415
0.0861089
0.0867304
0.0857692
0.0863648
0.0868178
0.0943895
0.0884271
0.0933016
0.0872939
0.0901904
0.0870115
0.0948137
0.0915059
0.0921917
0.108617
0.103716
0.100943
0.10003
0.100787
0.105796
0.101655
0.101983
0.101027
0.102155
0.101771
0.101804
0.101583
0.101739
0.10229
0.10214
0.101455
0.101322
0.102666
0.102702
0.101248
0.102257
0.102126
0.10017
0.0986936
0.0915045
0.0859878
0.0859158
0.091943
0.107361
0.104434
0.0959778
0.0949918
0.0942191
0.090478
0.0897108
0.0978689
0.10051
0.0975876
0.100669
0.0963951
0.0962077
0.0966281
0.103007
0.10244
0.101406
0.100316
0.0972438
0.0970265
0.0933025
0.089167
0.0872423
0.08846
0.0873617
0.0856969
0.0889101
0.0934987
0.0873906
0.0871458
0.087078
0.0862051
0.0870709
0.0879738
0.0870754
0.0872533
0.0865953
0.0856638
0.0860434
0.0862995
0.0854959
0.0860444
0.0861554
0.0874333
0.0856022
0.085606
0.0880592
0.0873685
0.0872178
0.0862286
0.0852803
0.0858582
0.0855832
0.0861746
0.0860144
0.0863521
0.0871852
0.0861342
0.0858826
0.0855546
0.0866048
0.0860839
0.0855444
0.0857071
0.0849212
0.0890351
0.0863169
0.0863233
0.0863684
0.0866798
0.0874754
0.0869332
0.0863891
0.0852347
0.0867884
0.0858592
0.0879759
0.0876937
0.0866941
0.0967359
0.100447
0.0994853
0.08758
0.0881722
0.0862741
0.0875001
0.0858867
0.0861561
0.0881646
0.086125
0.0868168
0.0858937
0.0858473
0.0872617
0.0859111
0.086972
0.0851985
0.0855686
0.0857247
0.0864913
0.0854223
0.085977
0.0869531
0.0858968
0.0868645
0.0882873
0.0859335
0.0858499
0.0858527
0.0868582
0.084871
0.0907098
0.0861291
0.0862075
0.0863008
0.0864913
0.0866479
0.0853636
0.0884685
0.105949
0.100246
0.0904528
0.0863387
0.0884774
0.0896937
0.0904683
0.0904341
0.0948896
0.0853267
0.0866893
0.0871389
0.100493
0.102143
0.0981659
0.0912358
0.0968448
0.086618
0.085764
0.0895522
0.0866878
0.100313
0.0901255
0.0861368
0.100374
0.100587
0.0904218
0.0971318
0.0950749
0.0918829
0.0907076
0.090168
0.0901378
0.101574
0.0908812
0.0894016
0.0994267
0.103209
0.0963077
0.0914087
0.0883207
0.0870536
0.0861316
0.0963524
0.0866265
0.0932177
0.0892641
0.0880305
0.0934691
0.0944506
0.0896219
0.0909113
0.0882723
0.0962738
0.0911594
0.0858913
0.0867628
0.0863102
0.0868718
0.0869528
0.0862506
0.0859753
0.0885451
0.0874513
0.0854785
0.0865569
0.0865716
0.0871169
0.0867355
0.0861279
0.0876778
0.0864977
0.0860932
0.085653
0.0889608
0.086716
0.0857952
0.0857043
0.0851617
0.0853531
0.0863611
0.0848353
0.0878822
0.0879964
0.0873658
0.086754
0.0878128
0.0894847
0.0939249
0.0923154
0.09208
0.0906266
0.0868447
0.0886071
0.0893132
0.0955117
0.0933172
0.0861567
0.0849922
0.0883641
0.0863134
0.0940102
0.0909215
0.0922575
0.0933372
0.0876182
0.092182
0.0858526
0.0864334
0.096526
0.0903901
0.0955921
0.090887
0.0888839
0.0851638
0.0956016
0.0945629
0.0969592
0.0899244
0.0902377
0.0930706
0.0895659
0.0932678
0.0937296
0.089052
0.0916721
0.0923005
0.0880152
0.0890224
0.0854584
0.0881862
0.0861926
0.0854488
0.0866223
0.0881416
0.0883139
0.0878746
0.0885579
0.0876376
0.0887984
0.085816
0.0882599
0.0874661
0.0932477
0.0925667
0.0883301
0.089581
0.0934341
0.090467
0.0957365
0.0903548
0.0852312
0.0859825
0.0904981
0.0879843
0.0904904
0.0865728
0.0874379
0.0857462
0.0858522
0.0852993
0.0854516
0.0860276
0.0855094
0.0865288
0.085133
0.0846414
0.0861431
0.0866219
0.0860904
0.0854352
0.0857424
0.0856679
0.0849023
0.0876484
0.0852535
0.0851574
0.0846973
0.0861868
0.0858347
0.085901
0.0867909
0.0864546
0.0860327
0.0869174
0.0881277
0.110356
0.0903299
0.0870238
0.0879709
0.0880121
0.0862171
0.0866747
0.0849401
0.0873348
0.0845807
0.0856714
0.084991
0.0859368
0.0859714
0.0840794
0.084837
0.0857276
0.0858638
0.0855731
0.0856806
0.0863379
0.0852619
0.085178
0.0860299
0.0858726
0.0880943
0.08523
0.0855486
0.0864982
0.0853749
0.0858624
0.0863695
0.0890702
0.0868203
0.0860474
0.0865933
0.0886947
0.0852758
0.0859402
0.0853881
0.0856857
0.0854889
0.084826
0.0864023
0.0859304
0.0860564
0.0858194
0.0848598
0.085962
0.084878
0.0850485
0.0865062
0.0849096
0.0852692
0.0843808
0.0858446
0.0853634
0.0855665
0.08636
0.085771
0.0856126
0.0859533
0.0863465
0.0863686
0.0851316
0.0862828
0.0850107
0.0862232
0.0856492
0.0866053
0.0863789
0.0857693
0.0857794
0.0857261
0.0873809
0.0855033
0.08592
0.0854751
0.086171
0.0862694
0.0860356
0.0855399
0.0858348
0.0866828
0.085341
0.0868573
0.0914622
0.0865929
0.088229
0.0867733
0.0861929
0.085631
0.0864488
0.086194
0.0858258
0.0843178
0.0853124
0.0866947
0.0853725
0.085559
0.0867648
0.08661
0.0847167
0.0854879
0.08661
0.0854081
0.0857702
0.0855212
0.0860755
0.0869047
0.0855865
0.0850543
0.0854702
0.0876153
0.0853204
0.0857231
0.0958659
0.0859484
0.0852747
0.0866577
0.0863228
0.0864748
0.0855118
0.0851507
0.10571
0.0944089
0.0856505
0.0875232
0.0872583
0.085881
0.0864506
0.0888022
0.0855028
0.0850156
0.0866022
0.0856801
0.0864867
0.0862827
0.0859707
0.0864755
0.0855477
0.0862995
0.087087
0.0851342
0.0865592
0.0851437
0.0858248
0.0864523
0.0855023
0.0859277
0.0890242
0.0888503
0.0858369
0.0901488
0.0881338
0.0856916
0.085287
0.0865099
0.0942117
0.105625
0.087655
0.089541
0.0867506
0.0862093
0.0884191
0.0860196
0.0875168
0.08643
0.0858355
0.0867037
0.0857055
0.0904352
0.0863685
0.0991313
0.0989994
0.0990526
0.0962288
0.093906
0.0973774
0.0968661
0.0963299
0.0946619
0.0939595
0.0911216
0.106372
0.0879247
0.0862222
0.0917471
0.0861343
0.0870129
0.0931751
0.0919553
0.08596
0.0905281
0.0863253
0.0906909
0.0865176
0.0904383
0.0932736
0.0957172
0.0904692
0.0857135
0.101268
0.0972027
0.0994668
0.0930479
0.0880883
0.0922668
0.0862048
0.0914434
0.0871233
0.0878936
0.0861336
0.0846649
0.090537
0.0859899
0.0842882
0.0879144
0.0860068
0.0851095
0.090372
0.0864817
0.0838193
0.0861014
0.0860994
0.0856165
0.0867472
0.0865664
0.0865356
0.0848644
0.0857171
0.0863718
0.0868876
0.0860871
0.08674
0.0852128
0.086753
0.0853056
0.0860576
0.0855389
0.0869201
0.0858019
0.0853936
0.0888074
0.0857745
0.0859699
0.0898727
0.0874142
0.088551
0.0902685
0.0879578
0.0887833
0.0866267
0.0873819
0.0879717
0.0900419
0.0866082
0.088183
0.0885796
0.0892106
0.0859685
0.0857931
0.0862828
0.0859039
0.0862648
0.0856528
0.0865969
0.086732
0.090307
0.0922214
0.0856251
0.086247
0.0858413
0.0846734
0.0868515
0.08726
0.0891799
0.0905242
0.0874476
0.0859264
0.0878864
0.0907523
0.0888421
0.0889116
0.0925729
0.0914511
0.0910026
0.0938831
0.0925635
0.0908104
0.093123
0.0918873
0.0942928
0.0930277
0.086425
0.085082
0.0883621
0.0850128
0.087048
0.0871123
0.086181
0.086433
0.0845326
0.0856279
0.0854322
0.084448
0.0860508
0.0859311
0.084989
0.0854376
0.0863787
0.0862686
0.0859181
0.0856336
0.0873671
0.0864976
0.0928484
0.0995147
0.0952539
0.0857807
0.0945593
0.101476
0.0886928
0.0969721
0.0965652
0.0860672
0.0909247
0.0957485
0.0932563
0.0964717
0.0849409
0.090187
0.0963188
0.0886874
0.100595
0.117035
0.0913136
0.0994684
0.0901965
0.0951057
0.0988262
0.0895384
0.0864695
0.0893906
0.0923441
0.0963455
0.0977548
0.100484
0.101892
0.101783
0.0985451
0.0992971
0.0968321
0.0877127
0.094895
0.0879613
0.0868641
0.0993457
0.101049
0.0930943
0.103092
0.100945
0.0964957
0.0950396
0.0900574
0.0876163
0.102378
0.0927413
0.100843
0.101418
0.102433
0.101686
0.102102
0.0972432
0.0910913
0.0857991
0.0890375
0.0977792
0.100081
0.0958682
0.100969
0.101038
0.100101
0.0882979
0.0884635
0.0930121
0.0988861
0.0912236
0.0939085
0.12052
0.107009
0.097235
0.0890555
0.0932178
0.101163
0.102067
0.100481
0.100547
0.102747
0.103822
0.0975909
0.0936447
0.0941504
0.100571
0.096093
0.100925
0.0921893
0.100866
0.107278
0.0940699
0.088558
0.0891741
0.0932421
0.093683
0.0975299
0.102076
0.0928498
0.0912942
0.0933886
0.0917819
0.0893729
0.0936274
0.104448
0.100973
0.0967929
0.105286
0.100524
0.102529
0.103706
0.10143
0.0992754
0.100676
0.104909
0.103342
0.105676
0.101763
0.0996641
0.102235
0.102756
0.100071
0.0966708
0.0950945
0.0964226
0.0937138
0.100892
0.0977716
0.0880553
0.0866984
0.0870985
0.0899336
0.0937058
0.101716
0.101081
0.100787
0.101452
0.101671
0.103252
0.101923
0.0993322
0.0877591
0.0867756
0.0887275
0.0880273
0.0916007
0.0910148
0.0941166
0.105963
0.101489
0.0982582
0.0959015
0.0900464
0.0933069
0.0928394
0.093636
0.0885394
0.0925427
0.101816
0.100561
0.0929847
0.0914941
0.0870735
0.0862362
0.0935686
0.0969755
0.0924667
0.100332
0.0920084
0.0903167
0.086502
0.0913859
0.0909823
0.100033
0.102815
0.103767
0.0998332
0.0949082
0.0907114
0.0955389
0.0914315
0.0966269
0.105167
0.114597
0.101717
0.101985
0.0899247
0.0917766
0.0969651
0.102735
0.101299
0.0980883
0.0945625
0.103039
0.10226
0.101777
0.102718
0.104928
0.104614
0.106079
0.102226
0.101816
0.101033
0.102145
0.103335
0.102878
0.100329
0.102493
0.101598
0.102155
0.101779
0.102139
0.102776
0.0955793
0.098147
0.0997138
0.0963101
0.0953097
0.102339
0.103105
0.107353
0.106086
0.102049
0.101319
0.0980989
0.101112
0.0950774
0.0898678
0.0964078
0.0955631
0.0892315
0.0984492
0.0973558
0.0970376
0.0893775
0.0868269
0.0864214
0.104231
0.100957
0.0887634
0.0916706
0.091377
0.093079
0.0955625
0.0935338
0.0982103
0.0937136
0.0903136
0.0897091
0.0981082
0.0974236
0.0957988
0.0939022
0.100518
0.0945692
0.092724
0.0952296
0.095191
0.0910813
0.0922
0.0876335
0.0887708
0.0919123
0.0974657
0.104844
0.0968123
0.0906161
0.0882199
0.0862765
0.0880495
0.0879378
0.0878496
0.0891067
0.0933762
0.085852
0.0859914
0.0864736
0.085675
0.087615
0.0898162
0.0875802
0.0876029
0.0867847
0.0862111
0.0848335
0.0856273
0.0851766
0.08529
0.0849036
0.0865697
0.0866521
0.0860047
0.0888149
0.0888316
0.0867907
0.0858615
0.0865405
0.0868213
0.0874187
0.0896918
0.0863495
0.0864998
0.0866947
0.0877069
0.0880443
0.0861331
0.109006
0.0938264
0.0869233
0.0881304
0.0861515
0.0892239
0.0873084
0.08692
0.0885202
0.0876165
0.086934
0.0892401
0.0865003
0.0878076
0.089651
0.087595
0.0884121
0.0862294
0.0860109
0.0884931
0.0879241
0.0890273
0.088025
0.087573
0.0879467
0.0870478
0.109177
0.0867438
0.0861351
0.0854029
0.0876518
0.0867861
0.0871722
0.0857059
0.0853676
0.0895891
0.0861589
0.0865702
0.0866332
0.0868844
0.0866889
0.0862896
0.0860447
0.0922047
0.0957027
0.0931414
0.0884496
0.088467
0.0896707
0.0926011
0.0885959
0.0862687
0.0877253
0.0876783
0.0877674
0.0879064
0.0859465
0.0869047
0.0869892
0.0855349
0.0871944
0.0863179
0.0864677
0.0864303
0.0870894
0.0867745
0.0885397
0.0894874
0.0878167
0.0881171
0.0864341
0.0916573
0.0874576
0.0854479
0.0862998
0.0867502
0.0888623
0.0893094
0.0873674
0.0869646
0.0874882
0.0880261
0.0915614
0.0887452
0.0869598
0.0870724
0.0899487
0.0873379
0.0861021
0.0863902
0.0850425
0.0878501
0.0853465
0.086882
0.0882827
0.0863373
0.088514
0.0883004
0.0852817
0.0869768
0.0886392
0.0851845
0.0874736
0.0910804
0.087262
0.0893016
0.0873051
0.0883304
0.0871681
0.0923308
0.0957542
0.0929862
0.085728
0.0895259
0.0867408
0.0859692
0.0902793
0.0857839
0.0876118
0.0883361
0.0859104
0.085663
0.0916719
0.0889155
0.0904327
0.0867644
0.0864533
0.0873364
0.0859677
0.0861104
0.090688
0.0941543
0.093493
0.0923011
0.0927521
0.0890288
0.0862994
0.0873049
0.0894125
0.0871391
0.0879333
0.0903969
0.0892721
0.0868413
0.0880226
0.0875745
0.0861773
0.0876977
0.0873516
0.0870717
0.0922166
0.0873768
0.0859829
0.0848534
0.0857682
0.0863268
0.0856238
0.0857339
0.0854116
0.0870845
0.0865755
0.0859153
0.0859582
0.084965
0.088862
0.089155
0.0858928
0.0866103
0.0900653
0.0867294
0.0863911
0.0859357
0.0982669
0.142089
0.0901061
0.0874988
0.0867534
0.0856333
0.0885439
0.0866605
0.0861538
0.0863672
0.0943011
0.0954001
0.101122
0.0961178
0.086355
0.0878905
0.0880825
0.0881036
0.0889255
0.0890976
0.0859614
0.0910265
0.0977284
0.0934108
0.0871873
0.0872225
0.0907706
0.0991259
0.0906229
0.088669
0.0867493
0.0869161
0.0897395
0.0886447
0.0864843
0.0867021
0.0862115
0.0862278
0.0917757
0.0879219
0.0853392
0.087512
0.0925036
0.0962908
0.0868316
0.0861879
0.0951429
0.0881237
0.0943567
0.0987115
0.0939319
0.0901315
0.0852684
0.0853753
0.0916164
0.0914808
0.0856677
0.0899271
0.0865623
0.0916171
0.086566
0.0868184
0.0886832
0.0863823
0.0853413
0.0901965
0.0872834
0.089089
0.0864468
0.0856803
0.0856672
0.0865865
0.0857659
0.0883687
0.0902203
0.0870069
0.0862985
0.0871295
0.0935953
0.0896649
0.0924191
0.0867423
0.0853622
0.0892921
0.0894231
0.0866619
0.0867314
0.0874258
0.0914715
0.0877013
0.0875291
0.0857391
0.087299
0.0902245
0.089353
0.0889775
0.0879443
0.0866319
0.0866244
0.0908432
0.0881104
0.086611
0.087977
0.0910836
0.0889087
0.0883782
0.0871564
0.0959006
0.0957727
0.0891216
0.0916412
0.0911711
0.0982987
0.0882855
0.0864145
0.0863169
0.0875065
0.0900459
0.0883371
0.0939964
0.0877573
0.0922326
0.0873131
0.0879588
0.0874565
0.0899852
0.0886546
0.0862474
0.0969931
0.0983678
0.101528
0.0906399
0.0963445
0.0941371
0.0929519
0.101024
0.0855886
0.088516
0.0867265
0.0868235
0.0880701
0.100648
0.103843
0.0991923
0.0910741
0.0868778
0.0870584
0.0907784
0.0862791
0.0957468
0.0890512
0.0879496
0.0881943
0.0934507
0.0900957
0.0902882
0.0924338
0.0882362
0.0899834
0.0873071
0.0851657
0.0871223
0.086643
0.0853933
0.089168
0.0877838
0.0898765
0.0881107
0.0880131
0.0873926
0.0865249
0.090026
0.0869049
0.0888413
0.0887141
0.0869843
0.0901497
0.0856098
0.0856078
0.0912736
0.0855188
0.088941
0.0871348
0.0864753
0.0880054
0.0878449
0.0908311
0.0861098
0.08547
0.0874745
0.0860456
0.0868005
0.085741
0.0863401
0.0858231
0.0884706
0.0858147
0.0887575
0.0861145
0.0862491
0.0883713
0.086641
0.0878668
0.0864194
0.0858598
0.0857632
0.0871222
0.087202
0.0860968
0.0862568
0.0854081
0.0860442
0.08576
0.0861253
0.0865628
0.0855437
0.08734
0.0869401
0.0864965
0.0881446
0.0859411
0.0861482
0.0856635
0.0875435
0.0869633
0.0851126
0.0858341
0.0876115
0.085322
0.0861642
0.0850045
0.0867605
0.0855524
0.0883626
0.0909662
0.0877439
0.0902069
0.0867743
0.0913682
0.0911422
0.0873422
0.0909794
0.0946027
0.0868122
0.087008
0.0928529
0.0862823
0.0947784
0.0973442
0.100622
0.115664
0.100783
0.0999825
0.0906384
0.0932281
0.0925452
0.086189
0.0880328
0.0910431
0.0927461
0.0879199
0.0864747
0.100054
0.0864039
0.1009
0.0992437
0.096474
0.0927149
0.0876058
0.086487
0.0924601
0.0942614
0.0924546
0.0888301
0.101857
0.0943602
0.0974327
0.0939086
0.0967848
0.0916381
0.0909478
0.0885335
0.086819
0.0983813
0.0887713
0.0942639
0.0962903
0.101581
0.10271
0.0947273
0.0870302
0.0973356
0.101795
0.0903692
0.0866229
0.0887827
0.103286
0.101956
0.100371
0.0886196
0.100447
0.101082
0.0983572
0.0906713
0.0980905
0.0945427
0.0859965
0.0857852
0.0920172
0.0875337
0.0858045
0.0991716
0.0888896
0.0957871
0.0906978
0.0856044
0.0970656
0.0892487
0.0909942
0.0982064
0.0942981
0.0981879
0.104711
0.0980133
0.0948223
0.0909593
0.101651
0.103272
0.0988723
0.089453
0.0877893
0.0936947
0.103335
0.0989396
0.0877456
0.116496
0.111136
0.100848
0.100973
0.102357
0.10144
0.102105
0.0980604
0.0911157
0.0923742
0.102654
0.101798
0.102184
0.0985692
0.0946543
0.0985196
0.0925763
0.0867124
0.0962358
0.105426
0.102177
0.0998162
0.0950993
0.0998678
0.107498
0.103079
0.0956344
0.0887846
0.0854714
0.103003
0.0925872
0.0983956
0.102267
0.0955026
0.0866931
0.0971012
0.086875
0.102381
0.102109
0.101312
0.0943103
0.0883777
0.0855351
0.0863042
0.0869851
0.0863001
0.0880758
0.0915288
0.104123
0.0938593
0.0889365
0.0864821
0.0993829
0.0882061
0.0890175
0.0880818
0.0983113
0.0891566
0.0945994
0.0848793
0.0906252
0.0859236
0.0863852
0.0857402
0.0860893
0.0871931
0.0863943
0.0860932
0.0875847
0.0864005
0.0856094
0.0859242
0.0855914
0.0868685
0.0870155
0.0863111
0.0861492
0.0872477
0.0853955
0.0864098
0.0856692
0.0863762
0.0863804
0.0845225
0.0860586
0.0872267
0.0900625
0.0865415
0.0864683
0.0894061
0.0887074
0.0857066
0.0869167
0.0863509
0.0867177
0.0876189
0.0858108
0.0891169
0.0884641
0.0862661
0.0865156
0.0866114
0.0864224
0.0856853
0.0850507
0.0870388
0.0859628
0.0870622
0.0860765
0.0866753
0.0848011
0.0863192
0.086734
0.0862737
0.0860232
0.0857053
0.0860515
0.0862319
0.0862709
0.0862877
0.0870101
0.086202
0.0859235
0.0865366
0.0866574
0.0867508
0.0864486
0.0858243
0.0862198
0.0852694
0.0858831
0.0860258
0.0858599
0.0850796
0.0867631
0.0856834
0.0876441
0.0854668
0.0856909
0.086666
0.0856588
0.0862347
0.0868733
0.0864369
0.0862322
0.0851999
0.0860959
0.0858955
0.0855375
0.0853238
0.0866575
0.0863571
0.0854576
0.0875968
0.0878827
0.0855759
0.0858745
0.0862034
0.0849048
0.086928
0.0857382
0.0854452
0.0870155
0.0865151
0.087291
0.0855086
0.0878378
0.0868348
0.0869587
0.0864889
0.0859688
0.0863103
0.086703
0.0862136
0.0864275
0.0857603
0.0866634
0.0874232
0.0855987
0.0877494
0.0866226
0.0876486
0.109868
0.0865436
0.0866315
0.0854581
0.0859959
0.0874227
0.0858983
0.0869829
0.085553
0.0862869
0.0870292
0.0866158
0.0865536
0.0855497
0.0872592
0.0865221
0.0856072
0.0860351
0.0858657
0.0854755
0.0856248
0.0863928
0.0876767
0.0891512
0.0858987
0.0860926
0.0856877
0.0856027
0.085939
0.0864299
0.0868156
0.0862888
0.0855994
0.0859186
0.0868217
0.087195
0.0865346
0.0853627
0.0858438
0.0859244
0.0873482
0.0975213
0.0852918
0.0858494
0.0867193
0.0860154
0.0866885
0.084995
0.0863873
0.0860515
0.0876434
0.0866064
0.0865848
0.0862583
0.0853395
0.0854787
0.0864883
0.0864491
0.0887143
0.0881678
0.0893942
0.0856665
0.0849346
0.08542
0.0885188
0.0881157
0.0853737
0.0880684
0.0855034
0.0847317
0.0867358
0.0864088
0.0879595
0.0864193
0.0865439
0.0881037
0.102119
0.098356
0.100158
0.106079
0.102537
0.101684
0.102859
0.10003
0.101078
0.105387
0.102549
0.0899115
0.0918784
0.0888553
0.0922366
0.0868674
0.0871668
0.0852169
0.0862775
0.0865308
0.0874846
0.0864087
0.0859853
0.0879518
0.0863153
0.0864524
0.0859758
0.0865648
0.0861081
0.0867378
0.0859411
0.086057
0.086974
0.0857659
0.0862937
0.0862717
0.0896563
0.086798
0.0860041
0.0858313
0.0864916
0.0877704
0.0860409
0.0875024
0.0909367
0.0850646
0.0859469
0.0856241
0.0877032
0.0860193
0.0855926
0.087306
0.0885044
0.0878797
0.0866737
0.0861558
0.0851971
0.0859659
0.0854858
0.0875436
0.0858333
0.0856945
0.0863343
0.0864346
0.0872167
0.087189
0.0876475
0.0858705
0.0859488
0.085641
0.0855678
0.0869861
0.0855006
0.0851557
0.0867192
0.0859312
0.0865221
0.0860239
0.0865845
0.0874407
0.0864358
0.0857725
0.0864178
0.086268
0.085927
0.0862009
0.0866468
0.0852616
0.086448
0.0875183
0.0862176
0.0860094
0.085893
0.0857442
0.0867465
0.0891479
0.0857919
0.0868344
0.0873421
0.0877731
0.0872929
0.0885691
0.0880449
0.0853232
0.0864777
0.090527
0.0875425
0.0893188
0.0865199
0.0888429
0.0878034
0.088366
0.08567
0.0873601
0.0879571
0.0865019
0.0871734
0.0895061
0.0869258
0.0859951
0.0890503
0.0870437
0.0878988
0.0879457
0.0874533
0.0865816
0.0856174
0.0868892
0.0870644
0.0877807
0.0859242
0.0860905
0.0860632
0.0878203
0.0885834
0.0872523
0.0858772
0.086422
0.0870736
0.0866222
0.0874492
0.0855519
0.0874158
0.0863295
0.0868944
0.0873774
0.086828
0.0875767
0.0893641
0.091124
0.0917506
0.0871195
0.0885073
0.0935017
0.0937232
0.0945127
0.0921763
0.0917744
0.103293
0.091434
0.0911948
0.0930211
0.092319
0.0932918
0.0877244
0.0897292
0.0865697
0.0858593
0.0906106
0.0896508
0.0878853
0.0912458
0.089406
0.0875548
0.0854994
0.09217
0.0869507
0.0877587
0.0869264
0.0884166
0.0929772
0.0864759
0.0857395
0.0880598
0.0866115
0.0862709
0.0864057
0.0850416
0.0862191
0.0869352
0.086025
0.0854614
0.0850364
0.0867753
0.0871382
0.0863592
0.0858984
0.0859228
0.0858255
0.0853332
0.086622
0.0859386
0.0853985
0.0858932
0.0859472
0.0855028
0.0859463
0.0861069
0.0855915
0.0870647
0.087706
0.0866551
0.0865991
0.0871632
0.0856917
0.0862372
0.0856063
0.0861146
0.0850107
0.0855247
0.0854447
0.0861729
0.0863544
0.086941
0.0862695
0.0855453
0.0863379
0.0860846
0.0868905
0.0860693
0.0861309
0.0863211
0.0859539
0.0853118
0.0873202
0.0877696
0.0864767
0.0874775
0.0854238
0.0872796
0.0861727
0.0857346
0.0967961
0.0911698
0.0885657
0.0862849
0.0860336
0.0861144
0.086846
0.0861765
0.085786
0.0865908
0.0864653
0.0865004
0.087205
0.0864144
0.0865473
0.0854848
0.0859161
0.0867463
0.0931885
0.0871587
0.0875094
0.0949285
0.0897544
0.0863747
0.0894511
0.0863957
0.0875623
0.0857111
0.0902166
0.086294
0.0889686
0.0870741
0.0871102
0.0877942
0.0859772
0.0868532
0.0866886
0.0864633
0.0879414
0.0895591
0.0871293
0.0858576
0.0873488
0.0854767
0.0900712
0.0861145
0.0868593
0.0852978
0.0861453
0.085992
0.0897879
0.0874105
0.0860895
0.0852331
0.0898751
0.0858665
0.0867659
0.090445
0.0860194
0.0856185
0.0872783
0.10134
0.0998697
0.0920237
0.0857493
0.0907678
0.0862506
0.0914488
0.0875669
0.0884828
0.0846655
0.0876839
0.0898829
0.0863775
0.087053
0.0882865
0.0889036
0.0894348
0.087684
0.0858846
0.0891478
0.0851259
0.0890836
0.0871359
0.0883088
0.0929531
0.0923539
0.0982531
0.100801
0.101611
0.0950323
0.0886318
0.086243
0.0902194
0.0937856
0.0933683
0.0971928
0.0939813
0.0867712
0.0918996
0.0897086
0.0925611
0.0940972
0.0906911
0.0944631
0.0923409
0.090375
0.0869749
0.085708
0.0909836
0.0889027
0.0859077
0.0881103
0.092248
0.0937021
0.0876483
0.0860135
0.0913856
0.0866541
0.0901668
0.0901368
0.0871689
0.0874992
0.0972045
0.0939603
0.0886993
0.086967
0.0914988
0.0873072
0.0852873
0.0889854
0.0916392
0.0896075
0.0930494
0.0870228
0.0893356
0.0895919
0.0867863
0.0878284
0.0918309
0.0933807
0.0871548
0.0860206
0.088474
0.0907365
0.0919096
0.0864816
0.0862134
0.0987122
0.0924568
0.0929405
0.0952494
0.092422
0.0935595
0.0885153
0.0926683
0.0881951
0.0876557
0.0938722
0.0903367
0.0880393
0.0859836
0.0984694
0.101671
0.0967627
0.0931834
0.101839
0.0949742
0.0965199
0.0973952
0.0935024
0.0865577
0.0861804
0.0949842
0.0903866
0.0885585
0.0896913
0.0863211
0.0866292
0.0928055
0.0872629
0.0857982
0.0880703
0.0939233
0.0870809
0.0887893
0.0877341
0.0873075
0.085586
0.0897371
0.0859825
0.0886734
0.0873136
0.0858724
0.0875103
0.0860855
0.0862734
0.0933355
0.0897198
0.0913224
0.0899299
0.0892486
0.088454
0.0878622
0.0888984
0.0921114
0.0870562
0.0878554
0.0932671
0.0872338
0.0879003
0.0915135
0.0898282
0.0879143
0.0878561
0.0907543
0.0878524
0.0979477
0.0925888
0.0957461
0.100941
0.102244
0.104976
0.100906
0.0939731
0.092975
0.0910113
0.0876348
0.0891183
0.0896656
0.0917191
0.0875751
0.0889359
0.0883114
0.0940309
0.0893928
0.0978128
0.0975835
0.0901836
0.0875647
0.0900576
0.0874852
0.0912846
0.0894109
0.0894912
0.0871091
0.0861258
0.0862417
0.0857887
0.0870564
0.0863866
0.0876479
0.0874763
0.0864838
0.0862315
0.0856956
0.085493
0.0860589
0.0882646
0.0865327
0.0891963
0.0881322
0.0873311
0.0867311
0.0868783
0.0871271
0.0878255
0.0893877
0.0882384
0.0900481
0.0916755
0.0878565
0.0936153
0.0979455
0.0941174
0.0891874
0.091172
0.0927467
0.0924282
0.0924206
0.0899284
0.0907514
0.089469
0.0888054
0.0915563
0.0986995
0.10099
0.091105
0.0892124
0.0863544
0.0948201
0.0902584
0.0956709
0.0905274
0.0853103
0.0876108
0.0866635
0.0858997
0.087543
0.0854453
0.0897238
0.0873738
0.0875151
0.087185
0.0874627
0.0867369
0.086654
0.087468
0.0852506
0.0858326
0.0851893
0.0858765
0.0863231
0.089244
0.086852
0.0864275
0.08722
0.0855962
0.0862653
0.0862394
0.0863243
0.085896
0.085794
0.0860026
0.0876814
0.0869736
0.0892175
0.0863746
0.0875881
0.0875029
0.0881926
0.086583
0.0865911
0.0875037
0.0871767
0.0859872
0.0871756
0.0863221
0.0871592
0.0850209
0.0856962
0.0871795
0.0864819
0.0869305
0.0882844
0.0867365
0.0874855
0.0856485
0.0859309
0.0881462
0.087511
0.0861187
0.0856755
0.0972649
0.0930733
0.0889952
0.0871577
0.0856135
0.088068
0.0873893
0.0894659
0.0865027
0.0864269
0.0889468
0.0884345
0.0860582
0.0856613
0.0870301
0.0868286
0.0877003
0.0887659
0.0905917
0.0924971
0.0911524
0.0886101
0.0898678
0.0879596
0.100469
0.0876098
0.0872174
0.0885479
0.087913
0.0894824
0.0901836
0.0905164
0.0869664
0.0882555
0.0882894
0.0873174
0.0895157
0.0933176
0.0931243
0.0900866
0.0930999
0.104199
0.0986477
0.0955092
0.0960257
0.0902116
0.0951822
0.0872045
0.0932984
0.0963834
0.0938183
0.0904895
0.0922641
0.0932932
0.0937695
0.0907473
0.0907198
0.0887724
0.0898318
0.0887925
0.0876041
0.0876062
0.0889909
0.0873315
0.0940581
0.0882168
0.0899238
0.0885062
0.0875702
0.0886951
0.0885195
0.0893461
0.0934801
0.0914287
0.0888273
0.0896432
0.0881474
0.0890613
0.0890846
0.0879304
0.0866018
0.0876281
0.0899248
0.0925188
0.0922995
0.0886249
0.0888745
0.0895945
0.0938944
0.0916581
0.0870567
0.0864221
0.0884135
0.0855146
0.0862569
0.0867683
0.0859559
0.0857385
0.0854254
0.0864079
0.0876728
0.0860824
0.08648
0.0859663
0.0863742
0.0874907
0.0886587
0.0885803
0.0887529
0.0858088
0.0882071
