9.71195
9.66113
9.78339
9.78911
9.68971
10.1219
10.398
10.7566
10.2171
10.3515
9.73441
10.8522
10.1803
10.1944
10.3766
10.42
10.0274
9.98335
9.79576
10.5806
9.75459
10.4235
12.4868
9.89663
11.1835
12.2047
9.82453
10.2038
9.89654
9.81603
10.1747
10.4203
13.44
10.0129
9.9177
9.53548
9.93392
10.3441
10.156
10.0238
9.6452
9.75227
9.80394
10.4042
10.1838
10.3009
10.2679
12.8602
9.87006
9.90742
9.93448
9.98919
10.0961
10.0008
10.3236
13.6684
12.3703
10.2513
9.90017
10.1328
10.0712
10.4639
11.1342
9.98566
9.75405
10.0448
9.79583
11.5626
10.8325
9.67393
11.464
9.91679
10.1603
10.0416
10.9552
9.84064
10.257
9.93387
10.2081
9.60961
13.1679
11.7368
11.4037
9.94317
9.88645
9.99829
11.3423
9.65409
10.7438
10.2472
10.2148
10.3645
10.2099
10.6762
9.73697
9.87121
9.68769
13.446
9.96184
9.80872
