0.874529
0.915897
0.868169
0.876458
0.888912
0.946672
0.936448
1.0642
0.839651
0.897411
0.953172
0.875904
0.905186
0.882072
0.861562
0.922354
0.911734
0.873392
0.897629
0.882633
0.950378
0.96362
0.879309
0.914521
0.883813
0.910448
1.18633
0.883147
0.942053
0.873692
0.918605
0.889606
0.997419
0.946136
0.848138
0.886517
0.893368
0.891692
0.913586
0.918171
0.923529
0.894016
1.02096
1.23135
0.903076
0.880592
0.920049
0.900041
0.993899
0.914538
0.998986
0.993106
0.92631
0.906869
0.960412
0.903948
1.40966
0.936245
0.911962
0.876176
0.878804
0.928996
0.929536
1.36949
0.903145
0.86578
0.972961
0.907049
0.887109
0.891718
0.876443
0.916022
0.937391
1.02238
0.937652
0.86945
0.865031
0.919104
0.950996
0.932613
0.886863
0.916829
0.89031
0.906019
0.87051
0.951131
0.970239
0.872788
0.874314
0.882805
0.882924
1.04734
0.910511
0.934541
0.884742
0.984122
0.889459
1.08448
0.942807
0.947176
