107.195
100.749
98.8354
84.6754
91.1989
193.77
95.6279
97.954
90.9743
99.7323
95.4548
98.2399
99.8835
97.1693
89.5069
77.4218
80.5317
84.4607
93.9389
87.3619
72.562
84.8353
69.3157
98.3702
99.3723
96.0868
84.8762
89.5795
65.833
83.8656
77.167
70.9832
85.9155
79.8706
70.6838
91.4038
68.7354
86.2882
84.322
85.1808
74.5164
86.2992
85.0411
83.6209
84.1779
86.835
82.9157
86.7406
93.6097
66.0207
80.9163
84.6565
338.324
101.045
97.4041
84.0802
104.866
84.1804
76.4351
92.5495
87.6174
91.2585
82.9027
83.0224
83.0591
74.2399
83.4132
85.7398
98.5892
83.8746
87.1255
84.7582
86.8219
85.1648
87.4321
84.4123
97.2585
80.5256
105.812
98.5789
132.388
82.7719
100.783
83.7623
95.5899
89.4582
88.6592
102.111
96.3402
86.5699
67.4777
98.1065
90.0056
87.3504
101.232
92.7113
68.8607
85.6037
85.9563
85.7083
