0.769181
0.91435
0.752953
0.792882
1.01953
0.850867
0.839555
0.828388
0.839753
0.765173
1.10359
0.893873
0.773531
0.793232
0.801137
0.737967
0.801221
0.752264
0.791724
0.850316
0.762627
0.800816
0.784026
0.81204
0.732739
0.731953
0.836168
0.82257
0.843042
0.75876
0.775513
0.735987
0.767053
0.813801
0.79428
0.751943
0.78622
0.829888
0.814422
0.850086
0.748909
0.779569
0.769011
0.782776
0.842907
0.826347
0.770551
0.78549
0.771898
0.76873
0.810103
0.793027
0.780547
0.762759
0.732222
0.824025
0.893113
0.787118
0.834332
0.791536
0.821854
0.882879
0.747504
0.778787
0.758943
0.794209
0.784547
0.879597
0.794086
1.2445
0.776743
0.774262
0.753259
0.779207
0.76659
0.793732
0.889058
0.839375
0.935711
0.821339
0.746948
0.839479
0.778311
0.83459
0.767876
0.789348
0.788259
0.769386
0.805111
0.765483
0.803466
0.754159
0.770246
0.77576
0.784979
1.53311
0.746036
0.755524
0.753708
0.790662
2.1248
2.05694
2.29905
2.45908
2.10951
2.07385
2.00918
2.59032
2.07127
2.15009
2.062
2.08944
2.01527
2.43885
2.20729
2.0637
2.12822
2.09929
2.16941
2.09066
2.05156
2.15373
2.10606
1.96457
2.17374
2.06443
2.05395
2.37133
2.33704
2.07118
2.12171
2.07011
2.0718
2.14147
2.01258
2.20467
2.13598
2.43151
2.13129
2.8659
2.15246
2.13338
2.38059
2.27133
2.26422
2.27577
2.0757
2.09379
2.14615
2.07405
2.60954
2.40588
2.05396
2.04499
2.10835
2.10632
2.07097
2.18539
2.15575
2.37841
2.03605
2.13113
2.16676
2.77252
2.29453
1.9859
2.36455
2.24089
2.11662
2.25514
2.14321
2.34471
2.03613
2.0511
2.13496
2.13553
2.03513
2.355
2.25403
2.09491
2.31867
2.18945
2.15077
2.22332
2.06351
7.78047
2.14503
1.99216
2.22881
2.19111
2.04695
2.07977
2.36532
2.23805
2.03909
2.2682
2.35389
2.06317
2.08815
2.08947
3.57368
3.6248
3.76792
3.43966
4.2058
3.38933
3.35552
3.42243
3.6043
3.46752
3.68261
3.71431
3.36226
3.28234
3.4747
3.65102
3.93794
3.559
3.64625
3.51592
3.81539
3.5624
3.37374
3.63266
3.50187
3.96443
4.24747
3.38793
3.56559
3.48354
3.43601
3.50718
3.64143
3.39112
3.4014
3.5009
4.09803
3.43468
3.61407
3.50856
3.43902
3.42353
3.71516
3.36533
3.51971
3.44871
3.64226
3.7431
3.51447
3.6409
3.80249
3.62323
3.65329
3.73063
3.47239
3.43263
3.84976
3.50808
3.59847
3.37837
4.03987
4.09078
3.8858
3.71984
3.55471
5.34951
4.01747
3.4951
3.47206
3.57041
3.72974
5.47945
6.0762
3.45633
3.50427
3.4709
3.63413
3.59847
3.50819
3.5098
8.25661
3.53949
3.5677
3.40387
5.03108
3.53495
5.16223
3.8395
6.13331
3.69877
3.56771
4.668
3.56496
3.58407
3.40404
3.55079
3.66001
3.81122
3.59379
3.47039
5.17612
4.82892
5.26145
5.85255
4.9499
5.2207
5.35787
5.06162
4.8312
5.8134
5.00015
4.80878
5.56076
4.95646
6.03523
5.05706
5.78623
4.9627
5.29047
4.94607
5.23651
4.98787
5.26292
5.25497
5.16985
5.12442
5.1099
5.56283
4.924
5.10381
5.48072
5.59587
5.18069
5.16514
5.73289
5.06438
5.01544
5.16386
4.88427
4.96519
6.05032
6.04183
6.49917
4.93649
5.09963
4.97734
5.04864
4.98689
4.76563
4.85907
6.30209
5.32288
5.12165
5.21763
5.14749
6.16388
5.31299
5.07576
5.03233
5.87718
5.17862
5.27575
5.10919
5.07356
4.66857
4.9145
5.26981
4.95733
5.54961
4.92256
5.0625
5.40403
5.01711
5.53692
4.9918
5.07109
4.93015
4.93753
5.64476
6.75939
5.81194
5.13943
5.61944
4.9934
5.10565
4.96212
5.25057
5.69697
5.00936
5.48296
5.28492
5.40873
5.15818
5.47246
5.85205
5.10563
5.10559
5.32835
5.0109
5.53365
6.42749
6.76203
6.96335
7.8724
7.21695
10.1763
6.72366
8.11166
6.72854
6.59158
6.64491
7.38907
7.27897
6.35979
7.09914
6.59047
6.67937
6.39986
6.54741
6.80551
6.53441
6.33659
6.90127
7.68193
6.54756
8.04672
6.75788
6.89709
7.08129
7.58939
6.8772
7.22524
6.60966
7.16692
6.75436
8.62396
6.57849
6.69175
6.40233
6.41443
6.69804
6.69364
7.30641
9.06851
6.26957
6.57954
6.33547
9.86284
6.75478
7.08695
7.82197
6.2905
7.93689
6.56283
6.25286
6.31412
9.97158
9.72663
6.40415
7.91466
6.70934
10.2876
6.95031
6.24773
6.46173
6.53036
7.56028
6.50042
6.59311
6.90213
6.89417
6.56186
6.35881
6.37205
6.79047
6.36079
8.05818
9.32294
6.3285
6.3676
6.25888
6.29573
6.66878
8.29879
6.4478
7.31688
7.37462
6.39234
6.86596
6.14001
6.19701
6.39384
8.29887
6.24606
6.77922
6.46905
6.50032
7.78448
7.03237
8.83757
8.09854
9.12121
8.20408
7.97502
7.68629
8.53842
8.20781
7.57151
8.97088
7.9241
8.01331
8.22312
7.93273
7.76764
9.69481
8.58479
8.65491
8.1648
8.97238
11.7179
8.0651
12.5296
7.89313
7.71169
7.98657
8.03719
7.95277
7.52178
7.58525
8.34301
8.4484
7.7161
7.59455
7.80217
7.63231
8.42362
8.77867
8.38986
8.376
7.76057
7.99369
7.8318
7.72832
7.9943
7.69623
9.42226
8.1592
7.76466
7.56965
7.86805
7.96017
8.59462
7.69256
11.7887
8.05934
8.85143
7.89072
7.59842
7.54491
7.83577
7.9613
9.42239
11.276
7.85645
8.15529
8.49344
8.16299
7.66466
9.87777
10.9285
7.91153
8.1448
7.95869
8.46761
8.27421
7.61706
7.79268
10.7768
9.51399
8.24981
7.80167
8.35357
7.95705
8.0447
8.36957
7.8171
7.83485
7.74165
8.35685
8.01878
7.56482
11.7746
7.89552
8.35633
7.87668
12.736
12.3318
7.95877
7.53225
12.3714
10.3772
12.8808
11.645
11.4496
11.332
10.5586
9.93935
10.4827
9.13981
9.82999
9.82104
9.93727
9.46912
8.9932
9.16153
9.52254
9.54575
9.13313
10.1571
9.07035
9.13571
9.4342
9.63458
9.32864
9.03502
9.61747
12.6576
9.67782
9.53433
9.22976
9.12688
9.49433
10.6367
10.8394
9.28156
9.35982
9.8232
9.74706
9.88784
9.19727
9.81291
9.00064
9.02483
9.886
10.2212
9.54554
9.3072
9.51742
9.95356
9.30735
9.72321
9.36995
9.67724
9.35746
9.29055
9.41923
9.55587
9.29757
9.42686
13.6956
9.86699
9.23019
9.44818
9.63784
9.19614
9.65842
14.7485
9.33291
9.18361
9.21584
9.2505
9.11285
13.7445
9.361
9.23693
9.42336
8.96084
9.4583
10.0603
9.14148
9.1697
9.00516
10.1773
10.0972
9.1037
9.46578
9.33908
9.89191
10.4406
9.08638
9.38614
9.76405
9.162
14.6361
9.49779
9.1548
9.85792
13.5929
10.1042
9.06829
