1.74156
1.42673
1.35125
1.38177
1.40599
1.34483
1.5084
1.39607
1.39651
1.31118
1.34815
1.44004
1.27802
1.57459
1.41008
1.43012
1.43071
1.35707
1.40235
1.35021
1.35279
1.42323
1.53082
1.43326
1.32004
1.48279
1.50417
1.37019
1.38171
1.39841
1.38218
1.2869
1.416
1.34669
1.38273
1.42142
1.40265
1.38443
1.4881
1.39305
1.56399
1.47122
1.67589
1.3296
1.31901
1.43816
1.3818
1.37168
1.45705
1.27469
1.3118
1.75855
1.43401
1.36737
1.51187
1.34786
1.34987
1.31922
1.36796
1.4044
1.38622
1.34181
1.34549
1.39671
1.32871
1.38158
1.3955
1.43561
1.40379
1.40653
1.52038
1.40689
1.31931
1.41095
1.37702
1.35959
1.27998
1.36078
1.32699
1.39441
1.56178
1.45821
1.39552
1.57549
1.37275
1.41596
1.38212
1.36531
1.31266
1.4784
1.36535
1.32799
1.3894
1.34824
1.34462
1.31492
1.26505
1.33525
1.33107
1.42548
4.10726
4.042
4.63036
3.84953
3.91718
4.19171
3.8718
3.66875
3.89805
3.92223
3.7915
4.06965
3.77271
3.952
4.02697
3.90793
3.75757
4.1043
3.78217
3.73195
3.89765
3.85042
3.82159
3.66596
4.40834
3.7798
3.81892
3.67475
3.88031
3.84852
4.12893
4.64965
4.02657
3.93211
3.98042
3.82793
3.86716
3.7094
3.73554
3.68003
3.81062
4.03364
3.95732
4.17163
3.68927
3.75163
4.26599
4.14242
3.68463
3.96139
3.81118
3.88759
3.8989
3.80256
3.67494
3.68734
5.30571
3.86035
3.74054
3.68759
3.8849
3.59371
3.90953
3.69813
3.72166
3.66651
3.66518
3.74782
3.66322
4.11163
3.9502
3.97751
3.97958
4.20475
3.76228
3.68695
3.73547
3.82913
4.20892
4.17153
4.26947
3.91994
3.96282
3.89012
3.84424
3.95507
3.6146
4.13285
3.89775
3.75294
3.70166
3.64301
3.70483
3.96627
3.79598
4.15577
3.85398
3.72543
3.86743
3.87616
