0.959772
0.916545
0.939668
0.915367
0.951122
0.93221
0.916835
0.929024
0.957855
0.948061
1.62028
0.940173
0.922163
0.951105
1.38455
0.914939
0.932544
0.955516
0.946702
0.935953
0.969089
0.930785
0.949214
1.48735
1.43369
0.939844
1.28175
0.940153
0.927633
0.948739
0.935396
0.932593
0.912014
0.911801
0.928584
0.98186
0.959926
0.995711
0.923036
0.944907
0.901819
0.948057
0.963915
1.14046
0.930175
0.975353
0.950903
0.931766
0.947727
0.920996
0.927004
0.948549
0.982377
1.4522
0.996309
0.927554
0.969127
0.945029
1.10666
0.924852
0.967678
0.917997
1.0403
0.947701
0.913519
0.982394
1.61721
1.04307
0.922064
0.905279
0.955092
0.944526
0.933747
0.995156
0.996628
0.945785
0.948155
0.950853
0.966393
1.08108
1.02078
0.917871
0.996888
0.95594
0.961578
1.01049
0.993125
1.44569
0.920663
0.910515
0.923808
0.986932
0.926715
1.55531
1.4772
0.93581
0.985611
0.946213
0.94321
0.928847
