0.000863272
0.000774626
0.000822626
0.000784261
0.00107603
0.00094901
0.00101506
0.000928489
0.000969248
0.000918254
0.00070763
0.000811344
0.000674119
0.000698226
0.000727326
0.000744145
0.000718829
0.000721628
0.00089286
0.000690864
0.000849027
0.000706065
0.000747023
0.000671724
0.000729672
0.000701535
0.000768735
0.000700871
0.000865002
0.000687077
0.000649459
0.000723964
0.000697469
0.000711394
0.000669056
0.000799082
0.00074121
0.000688471
0.000706901
0.000766818
0.000964388
0.00100961
0.00100251
0.000871939
0.000655397
0.000824683
0.000782902
0.000747485
0.000779344
0.000843541
0.000688567
0.00074482
0.000707571
0.00067461
0.000665576
0.000697069
0.000692054
0.000663208
0.000648698
0.000864472
0.000675047
0.000748897
0.000692638
0.000810266
0.000767089
0.000975092
0.000746638
0.000719106
0.000664141
0.000758435
0.000785131
0.00067503
0.000665084
0.000714331
0.000682442
0.000816057
0.000653155
0.00064901
0.000651419
0.000747388
0.000729294
0.000734908
0.000699309
0.000805046
0.000716924
0.000633781
0.000655837
0.000713265
0.000673361
0.00077717
0.000795437
0.000877497
0.000663347
0.0006779
0.000670588
0.000709623
0.000937844
0.000806669
0.000707744
0.000774579
0.000678049
0.000671762
0.000687924
0.00071039
0.000648197
0.000686327
0.000784933
0.00066108
0.00065724
0.000696421
0.000776485
0.000869167
0.000966876
0.000978201
0.000762008
0.000696397
0.000678531
0.000823004
0.000770704
0.000715102
0.000955533
0.000710945
0.000662308
0.000683836
0.000655812
0.000741127
0.00075331
0.000752594
0.000690289
0.000678405
0.000691056
0.000670909
0.00080156
0.00068078
0.000648872
0.000723029
0.000653584
0.000694717
0.000752848
0.000651648
0.000918099
0.000651492
0.000762852
0.000722225
0.000709368
0.00115865
0.000956651
0.000663975
0.000755934
0.00067155
0.000665883
0.000717162
0.000659866
0.000705445
0.000956534
0.000679724
0.000806848
0.000845008
0.000653091
0.00067155
0.000694
0.00081141
0.000811458
0.000688003
0.000835929
0.000728704
0.000650491
0.000843191
0.000680803
0.000878449
0.000871055
0.000663934
0.000664765
0.000658508
0.000686677
0.000644643
0.000678777
0.000715458
0.000746953
0.000649736
0.000685769
0.000662033
0.000668766
0.000671161
0.000722514
0.000672407
0.000689555
0.000670534
0.000725812
0.000888809
0.000703472
0.000703162
0.000710683
0.000655648
0.000867794
0.000752529
0.000685268
0.000684602
0.0006591
0.000696663
0.000793315
0.000655451
0.000659005
0.000663681
0.000654605
0.000916761
0.000669912
0.000711009
0.000712587
0.000664162
0.000662746
0.000893167
0.000803337
0.000664029
0.00073345
0.000661084
0.000772268
0.000743686
0.000732454
0.000828158
0.00113082
0.000759905
0.000710583
0.000767575
0.000655383
0.000658586
0.00068634
0.000664033
0.000690063
0.000746486
0.000756154
0.000655271
0.000669858
0.000663226
0.000692748
0.000738046
0.00075989
0.000973064
0.000736883
0.00108547
0.000796175
0.000699736
0.000706356
0.000956862
0.000959167
0.00068043
0.000702496
0.000660461
0.000640967
0.000659027
0.000974687
0.000736013
0.000851944
0.000653412
0.000920939
0.000695657
0.000779742
0.000896163
0.000922892
0.000931006
0.000719053
0.00118606
0.000737009
0.00109325
0.000759051
0.000699186
0.000897875
0.00080954
0.000682542
0.000710755
0.000743314
0.000805004
0.000679931
0.000679474
0.000972973
0.000658043
0.000753414
0.000826193
0.000681689
0.000659221
0.000668164
0.000655269
0.000703466
0.000680086
0.00088474
0.000684174
0.000667364
0.000878763
0.000907976
0.000975997
0.000858878
0.00096086
0.000987374
0.00092884
0.000957031
0.000948515
0.000954402
0.0012233
0.000644853
0.000895666
0.000684562
0.00108115
0.00100174
0.00121166
0.00100614
0.000743408
0.00101573
0.000693582
0.000741896
0.000679279
0.000750444
0.000704313
0.00092207
0.000702272
0.000657303
0.000774175
0.000762691
0.000714956
0.000717409
0.000682014
0.000691334
0.000675376
0.000790947
0.000699365
0.000783545
0.000787785
0.000941164
0.000769075
0.000716973
0.000669136
0.000654018
0.000656335
0.000697693
0.000676911
0.00078069
0.000667223
0.00068407
0.000682927
0.000661554
0.000626091
0.000724116
0.000735459
0.000676486
0.000733639
0.00068865
0.000668254
0.00064639
0.000682637
0.000701972
0.000778048
0.00098472
0.00069892
0.000808799
0.000688935
0.000905195
0.000947673
0.000742357
0.000640356
0.000836087
0.000669778
0.000707459
0.000638218
0.000702381
0.000673544
0.000691964
0.00110713
0.000675563
0.000641508
0.000626969
0.000642887
0.000683812
0.000728086
0.000781687
0.000698422
0.000838494
0.000927145
0.000774046
0.000831805
0.000738036
0.000663284
0.00103973
0.000655343
0.000686418
0.000631834
0.000675088
0.000681634
0.000808254
0.000722146
0.000668739
0.000736278
0.000685888
0.000678192
0.000701782
0.00068387
0.000664843
0.000677828
0.000829581
0.000664542
0.000643458
0.000692318
0.000775234
0.000799871
0.000803346
0.000727776
0.000676998
0.000699904
0.000713466
0.000776618
0.000654483
0.000688558
0.000775256
0.000724433
0.000764576
0.000713929
0.000724071
0.000722415
0.000647133
0.00064437
0.000659853
0.000650499
0.000676748
0.000688434
0.00068518
0.000657748
0.000664464
0.000798513
0.000843805
0.000679796
0.000779503
0.000731309
0.00070616
0.000766562
0.000732904
0.000695862
0.000667274
0.000692128
0.000697046
0.000675
0.000681587
0.000946229
0.000662633
0.000795112
0.000701806
0.000717122
0.000664366
0.000709541
0.000757471
0.000674493
0.000682921
0.000737216
0.000831519
0.00090113
0.000767186
0.000918469
0.000668033
0.000640373
0.000693435
0.000729312
0.000701994
0.000762895
0.000647038
0.000697178
0.000700224
0.0009791
0.000991726
0.000707252
0.000875532
0.000681414
0.000717059
0.000675558
0.000754363
0.000688933
0.00113997
0.00087295
0.000969058
0.000820045
0.000722332
0.000837918
0.000725
0.00066158
0.000680673
0.000696886
0.00096914
0.000962505
0.00134709
0.000916303
0.000645283
0.000743724
0.000787006
0.000848945
0.000815438
0.000721994
0.00111948
0.00100251
0.00104438
0.00119359
0.000776019
0.000731853
0.000774248
0.000664057
0.00074296
0.000867758
0.00104766
0.000778405
0.000822263
0.000678886
0.000648081
0.000950189
0.000680502
0.000679651
0.000701935
0.000938693
0.000658914
0.000847567
0.000922109
0.000848545
0.000867655
0.000823167
0.000797466
0.000676456
0.00069648
0.000671149
0.00073144
0.000625747
0.000716246
0.000753743
0.00112198
0.000704549
0.000821365
0.000731253
0.000972559
0.000703602
0.00077812
0.000709741
0.000774775
0.00071557
0.000692415
0.000867976
0.000783182
0.000765532
0.000886207
0.000663878
0.000655411
0.000804254
0.000666554
0.000720935
0.00066266
0.000703067
0.000675519
0.000884872
0.000739748
0.000656349
0.000729167
0.000710342
0.000719324
0.00098233
0.000887978
0.000777154
0.00121968
0.00112708
0.000856914
0.000797241
0.000664878
0.000759309
0.000758686
0.000808611
0.000682348
0.000965934
0.00076277
0.00103004
0.000676212
0.000731433
0.000681084
0.000769895
0.000864381
0.000702856
0.000989467
0.00072783
0.00107094
0.00137779
0.00116094
0.000850231
0.000726375
0.000926472
0.000708015
0.000717225
0.000714599
0.000836753
0.00102995
0.000847513
0.000690145
0.000717896
0.00107766
0.0007813
0.000673946
0.000697855
0.000758538
0.000718693
0.000797803
0.000705429
0.000750036
0.00101641
0.00080672
0.000848791
0.000692996
0.000823569
0.000761581
0.00070564
0.000671556
0.000777011
0.000712055
0.000853662
0.000760879
0.000680829
0.000676588
0.000698706
0.000680396
0.000684881
0.000673525
0.000686327
0.000676353
0.000659267
0.000688017
0.00112188
0.000697561
0.00115026
0.000767089
0.00073286
0.000844131
0.000791541
0.000741477
0.000849998
0.00101679
0.000988918
0.00115356
0.00113524
0.00100207
0.000912812
0.000772897
0.00110709
0.000854174
0.000954566
0.000977189
0.00106946
0.00095363
0.000837454
0.000706321
0.00069558
0.00078337
0.000752327
0.000839534
0.00102958
0.00100466
0.000674346
0.000876903
0.000823364
0.000703648
0.000790809
0.000727733
0.000795435
0.000865651
0.000878373
0.000720366
0.000821852
0.0007841
0.00069814
0.000745359
0.000720665
0.000698581
0.000693668
0.000680502
0.000802823
0.000685264
0.000890523
0.000740033
0.000942668
0.000829129
0.00070076
0.000696133
0.000672464
0.000881552
0.000658783
0.000735485
0.000687067
0.000723776
0.000664398
0.000667839
0.000705756
0.000835172
0.000711277
0.000961184
0.000760715
0.000640727
0.000650553
0.000722209
0.000707817
0.000703671
0.000988974
0.000724839
0.000670604
0.000648429
0.000681639
0.000694717
0.000752281
0.000635831
0.000670746
0.000745355
0.000667792
0.000861994
0.000681027
0.000730136
0.000686693
0.000853751
0.000807409
0.000787932
0.00073516
0.000655053
0.000663194
0.000913127
0.000786377
0.00103821
0.000825491
0.0007146
0.000682593
0.000691692
0.00103273
0.00120382
0.000714447
0.00107007
0.000640352
0.000772717
0.000789973
0.000718529
0.000683209
0.000766833
0.000705127
0.000708046
0.000731354
0.000704994
0.000668808
0.000712063
0.000766487
0.00066891
0.000680579
0.00071423
0.000661293
0.00067924
0.000687927
0.000710309
0.000745873
0.000865827
0.000681216
0.00069473
0.000671345
0.000693575
0.000842497
0.000830896
0.000657005
0.000689174
0.000705922
0.000716393
0.000657984
0.000707954
0.000801947
0.000652981
0.000670033
0.000717246
0.000692445
0.00063217
0.000920509
0.000664939
0.000675688
0.000803513
0.000683416
0.000708653
0.000724591
0.000651106
0.000669897
0.000713282
0.000668484
0.000658202
0.00067522
0.000698115
0.000690483
0.000786235
0.000667353
0.00065176
0.000734251
0.000853623
0.000718023
0.000648506
0.00063186
0.000673932
0.000692968
0.000661577
0.000808405
0.000814617
0.000678075
0.000887331
0.000865455
0.00069502
0.000731016
0.000954638
0.000798109
0.000764073
0.00090375
0.000878931
0.000678996
0.000680428
0.000771591
0.000715174
0.000733845
0.000789095
0.000666498
0.00067222
0.000859467
0.000759702
0.000888957
0.000731101
0.000713244
0.000679376
0.00069617
0.000732305
0.000770535
0.000638638
0.000946647
0.000855014
0.000845396
0.000755673
0.00072271
0.000673805
0.000680038
0.000844007
0.000759544
0.00114498
0.00071819
0.000706888
0.00109121
0.000838545
0.000866643
0.000959884
0.000813663
0.000727829
0.000722394
0.000898428
0.000760169
0.000668879
0.00082167
0.00066342
0.000731467
0.000728126
0.000669744
0.000721461
0.000713894
0.00070726
0.000786982
0.000664363
0.0011184
0.000782004
0.000765542
0.000841834
0.000753839
0.00104231
0.000786915
0.000738709
0.00106772
0.00102957
0.00134181
0.000715935
0.000987192
0.000764411
0.000816945
0.000717147
0.000943175
0.000785323
0.000667301
0.000763421
0.000708222
0.000676627
0.00088874
0.000805922
0.000934165
0.000790479
0.000637728
0.000672068
0.000804331
0.000691471
0.000682577
0.000707872
0.000749242
0.000793196
0.000714816
0.000923559
0.000846231
0.000891054
0.000754636
0.000688394
0.000765549
0.00064609
0.000734875
0.000691063
0.000791522
0.000676161
0.000834899
0.000841978
0.000725677
0.00065055
0.000646835
0.00070187
0.000708549
0.000848688
0.000707138
0.000709407
0.000706509
0.000647888
0.000759814
0.000650165
0.000848769
0.000855975
0.000703712
0.000802374
0.000710669
0.000654138
0.000671554
0.000678436
0.000813937
0.000928124
0.000776986
0.000779178
0.000689601
0.000664548
0.0007266
0.000681337
0.000739663
0.000788977
0.000762084
0.000802846
0.000674772
0.00083721
0.000923745
0.000823275
0.000725604
0.00076396
0.000648642
0.000680931
0.000763867
0.000749217
0.000677882
0.00086572
0.000750047
0.00080206
0.000822662
0.000815385
0.0007267
0.000631322
0.000907742
0.000695196
0.000755464
0.000813153
0.000758814
0.000651673
0.000769622
0.000678441
0.00097594
0.000984111
0.000784229
0.000805318
0.000730826
0.000816775
0.00064749
0.000805076
0.00100583
0.00103502
0.00119565
0.000757433
0.000725459
0.000671806
0.000649442
0.000695224
0.000754813
0.000697423
0.000799254
0.000664903
0.000699984
0.00069305
0.000709201
0.000738298
0.000905162
0.000725138
0.000691978
0.000667947
0.000683821
0.000649578
0.000723513
0.000756307
0.000813397
0.000694687
0.000985475
0.000914687
0.000911536
0.000864434
0.000849361
0.000945727
0.000695092
0.000731506
0.000645638
0.000771252
0.000749333
0.000758698
0.000779874
0.000681901
0.000691301
0.000661803
0.000651038
0.0007248
0.000695366
0.000678496
0.000889417
0.000847367
0.000725736
0.000969425
0.000780441
0.000731692
0.000681723
0.0007578
0.00069378
0.000713837
0.000717784
0.000806869
0.000722421
0.000718995
0.00065663
0.000784148
0.000928852
0.000784461
0.000684392
0.000742859
0.000896868
0.000664987
0.000818736
0.000750049
0.000934113
0.000805278
0.000844763
0.000826909
0.00066149
0.000691631
0.000640676
0.000787657
0.000720361
0.000667739
0.000723994
0.000676512
0.000707595
0.000769393
0.000785698
0.000704542
0.000674181
0.000654798
0.000669801
0.000646185
0.000647804
0.000688082
0.000872415
0.000739441
0.000976753
0.000744919
0.000810405
0.000764197
0.000690323
0.000783162
0.000652594
0.000673662
0.00088823
0.000881895
0.000775794
0.00135927
0.000783838
0.000681793
0.000765543
0.000754804
0.000652506
0.000684707
0.000665786
0.000806632
0.000683506
0.000730928
0.000699025
0.000847363
0.000718904
0.000932502
0.000695419
0.000732733
0.000766259
0.000683483
0.000870727
0.000676571
0.000945011
0.000760631
0.000730808
0.000717665
0.000838869
0.000853019
0.000689147
0.000668834
0.00067495
0.000684068
0.000659714
0.000664922
0.000631076
0.000680608
0.00088011
0.000988311
0.000752189
0.000770381
0.000696568
0.000755808
0.000697645
0.000831446
0.000692572
0.000794927
0.000684364
0.000657757
0.000771162
0.000678906
0.000746949
0.000811811
0.000652128
0.000727622
0.000676769
0.000678744
0.000672033
0.000661663
0.000958657
0.0006889
0.00106323
0.00106437
0.000874629
0.000721317
0.00068519
0.000679144
0.000662638
0.000867068
0.000636686
0.000786962
0.000647228
0.000762259
0.000661666
0.000941352
0.000782539
0.000754451
0.000644245
0.000644892
0.000678176
0.000657357
0.000700692
0.000717969
0.000778789
0.000738986
0.00103134
0.00067699
0.000808339
0.000831186
0.000661747
0.000682706
0.000674019
0.000705615
0.00075327
0.000823266
0.000749244
0.000691881
0.000734219
0.000924621
0.000894203
0.000764309
0.000740134
0.000700313
0.000666664
0.000756533
0.000715386
0.000672198
0.000848845
0.000985679
0.000931312
0.000884077
0.000858037
0.000649766
0.00078823
0.000699211
0.000729916
0.000682036
0.000676228
0.00096524
0.000674186
0.00086484
0.000803973
0.000694426
0.000706102
0.000650034
0.000662917
0.000766443
0.00077154
0.000777439
0.00067824
0.000655801
0.000765949
0.000836342
0.00102799
0.000918114
0.000954972
0.000717352
0.00067127
0.000799001
0.000727305
0.000770742
0.000989474
0.000702754
0.000834448
0.000706558
0.000779708
0.000845564
0.000910023
0.000937043
0.000695636
0.000679831
0.000803706
0.000670858
0.000662515
0.000758562
0.000812441
0.000677676
0.000858492
0.000675793
0.000726201
0.000708337
0.00101637
0.000947637
0.0008951
0.000950149
0.000824023
0.000710278
0.000878166
0.000813071
0.000848686
0.000680582
0.000706104
0.000657829
0.000693412
0.000801585
0.000972204
0.000657743
0.000701262
0.000701048
0.000765091
0.000727168
0.000779797
0.000738375
0.000765873
0.000660334
0.000678208
0.00067865
0.000641716
0.000735907
0.000797386
0.000683885
0.000685654
0.000646859
0.000636775
0.00065689
0.000679647
0.000648985
0.000633963
0.000833897
0.000705293
0.000780216
0.000707595
0.000695968
0.00101541
0.00089622
0.000700787
0.000659419
0.000823059
0.000758592
0.000735986
0.000683954
0.000717746
0.000696598
0.000665433
0.000725168
0.000677232
0.000658112
0.000668813
0.000670395
0.00063849
0.000673549
0.000720805
0.000763689
0.00078186
0.000665767
0.00093962
0.000718444
0.000719519
0.000738447
0.00065048
0.000669968
0.000663531
0.000891727
0.000843302
0.000765397
0.000670633
0.000639748
0.00107357
0.000735247
0.000888288
0.0006709
0.00070744
0.000636543
0.000661941
0.000743985
0.000720688
0.000710498
0.000790942
0.000677704
0.000799861
0.000752811
0.000676599
0.000672098
0.000956301
0.000688389
0.000694586
0.000621959
0.000704566
0.000675739
0.000776671
0.000740021
0.000650871
0.000776898
0.000863829
0.000691261
0.00068531
0.00064874
0.000648135
0.00077916
0.000849512
0.000641579
0.000807061
0.000745715
0.000892628
0.00102245
0.00105629
0.00109109
0.000651553
0.000660121
0.00069474
0.000795559
0.00102795
0.000682854
0.00080524
0.000681581
0.000781477
0.000653999
0.000672836
0.000728195
0.000668614
0.00067319
0.000674752
0.000732627
0.000748142
0.000720921
0.000755119
0.000867366
0.000707631
0.000703716
0.000839039
0.000643585
0.000634388
0.000660439
0.000665293
0.000694795
0.000709863
0.000717108
0.000922019
0.000669063
0.000759528
0.000666589
0.000656684
0.000786926
0.000679449
0.00068738
0.000735139
0.000874746
0.000648116
0.00074947
0.000647888
0.000685146
0.000776919
0.000746766
0.000887143
0.00107132
0.00074568
0.000690567
0.000700933
0.000669037
0.000684292
0.00075238
0.000736715
0.000843588
0.000647875
0.000692636
0.000677355
0.000659334
0.000682831
0.000663489
0.000659586
0.000728311
0.000740743
0.000775067
0.000669617
0.000921185
0.000672433
0.000646272
0.000771692
0.000651871
0.00074823
0.000676703
0.000644889
0.000760068
0.000680401
0.000846753
0.000684274
0.000783594
0.000692757
0.000691312
0.000709207
0.000673328
0.000651553
0.000808697
0.000695054
0.000667744
0.000706833
0.000664595
0.000730481
0.000702326
0.000720081
0.000645283
0.000698207
0.000681227
0.000685089
0.00069414
0.000695994
0.000647497
0.0007835
0.000707577
0.000908678
0.000671435
0.000970951
0.000680102
0.000692327
0.000633961
0.000662519
0.000657706
0.000714237
0.000663912
0.000718506
0.000721315
0.000693539
0.000890487
0.000657947
0.000669925
0.000643499
0.000667305
0.000691995
0.000850429
0.000882667
0.000826438
0.000842767
0.000714728
0.000720412
0.000868568
0.000809565
0.00113161
0.000795793
0.000688969
0.000830249
0.000778195
0.000747521
0.000778251
0.000659364
0.000722737
0.000820678
0.00085043
0.000691489
0.000848223
0.000970117
0.00080342
0.00100033
0.000751083
0.000790622
0.000825073
0.000902655
0.000723773
0.000786355
0.000737821
0.000670956
0.000651378
0.000717451
0.000687623
0.000676333
0.000775362
0.000792882
0.000670846
0.000775598
0.000686881
0.000685958
0.000678375
0.000767553
0.000714558
0.00067366
0.000676829
0.000821631
0.000702882
0.000689887
0.000780205
0.000853056
0.000684643
0.000999217
0.000689727
0.000668637
0.000750341
0.000718283
0.000734049
0.000653916
0.000679915
0.000711893
0.000691005
0.000647683
0.000629146
0.000706128
0.000705296
0.000719159
0.000666574
0.000673142
0.000734466
0.000691785
0.00085053
0.000674185
0.000764385
0.000875931
0.000789895
0.000655191
0.000857278
0.000973202
0.000779273
0.000763966
0.000809971
0.000688171
0.000686862
0.000689387
0.000756982
0.000646006
0.000678444
0.000670564
0.000701404
0.000709253
0.00066891
0.000681646
0.00067782
0.000668245
0.000756872
0.000814182
0.00080272
0.000674931
0.00129865
0.000714521
0.000866346
0.000785956
0.000750288
0.000658913
0.000723911
0.000651455
0.000676378
0.000659681
0.000686334
0.000641672
0.000675448
0.000765689
0.000663244
0.000673981
0.000711803
0.000694967
0.000669281
0.00069355
0.000687367
0.000717026
0.000781097
0.0007863
0.000800383
0.000706639
0.000801345
0.000980337
0.000680712
0.000931581
0.000831413
0.000865615
0.000810085
0.000793721
0.000692741
0.000662583
0.000762798
0.000688204
0.000663838
0.000687784
0.0006725
0.000620926
0.000646842
0.000736136
0.000772927
0.000886812
0.000935065
0.000722723
0.000746392
0.000737659
0.00153032
0.00070347
0.000693485
0.000695626
0.00067169
0.000881648
0.000760046
0.000750514
0.000654231
0.000805064
0.00096671
0.000801824
0.000711937
0.000773014
0.000687389
0.000697871
0.000852239
0.000802367
0.000843085
0.00108763
0.00087252
0.000850767
0.000691629
0.000851461
0.000743409
0.000677155
0.000896881
0.000790464
0.000725374
0.000669784
0.000935736
0.000894434
0.000721102
0.00065366
0.000698069
0.000898632
0.000707895
0.000700446
0.00112042
0.000873612
0.000924476
0.000982335
0.000828362
0.00119644
0.00070372
0.000843054
0.000734197
0.000722067
0.000654455
0.00073935
0.00104664
0.000898015
0.000669984
0.000801605
0.000655266
0.000704793
0.000689577
0.000668194
0.000893345
0.000686112
0.00065917
0.00073283
0.000895601
0.000972569
0.000852173
0.000730429
0.000676918
0.000665663
0.000773561
0.000776413
0.000775968
0.000755166
0.000697458
0.000766081
0.000677879
0.000720385
0.000661628
0.000672843
0.000991918
0.000893591
0.000683021
0.000661718
0.000887357
0.00069134
0.00113098
0.000741054
0.000812689
0.000874109
0.000787034
0.000741545
0.000739549
0.000878242
0.000723899
0.000743624
0.000716025
0.000792879
0.00117998
0.000928791
0.00067224
0.000727691
0.000825489
0.000735267
0.000757316
0.000705927
0.000846054
0.000808538
0.000909494
0.000923053
0.00110229
0.000931948
0.00106345
0.000737661
0.000714458
0.00081932
0.000797661
0.000700304
0.000913923
0.00110279
0.000808883
0.000693829
0.000859539
0.000766398
0.000677047
0.000758907
0.000802666
0.000705992
0.000681936
0.00113591
0.000880707
0.000977667
0.000808157
0.000743618
0.000670447
0.000656197
0.000707602
0.000677542
0.000744627
0.000980696
0.000719807
0.000783918
0.000744333
0.00067519
0.000951953
0.000979615
0.0009234
0.000691315
0.000754955
0.000821102
0.000743167
0.000834887
0.000741523
0.000895061
0.000670978
0.000803403
0.000631034
0.000680432
0.000676027
0.000797872
0.000660029
0.000793205
0.000704121
0.000849002
0.000695646
0.000906784
0.000694534
0.000664659
0.000767737
0.000710471
0.000691136
0.000683302
0.000660695
0.000731303
0.000685395
0.000918826
0.000844971
0.000878464
0.000871434
0.000642845
0.000720363
0.000670454
0.000680536
0.000673749
0.000678279
0.000673493
0.000902674
0.000674234
0.000794906
0.000717122
0.00064657
0.000638958
0.000669434
0.000688454
0.00079747
0.000708474
0.000859568
0.000773072
0.000717941
0.000750391
0.000839476
0.000684977
0.000983232
0.000650232
0.000792703
0.000737414
0.00072388
0.00069249
0.000664734
0.000818646
0.000675158
0.00076415
0.000915489
0.000800203
0.000663094
0.000679459
0.000805952
0.000686395
0.000701197
0.000648395
0.000658337
0.000743975
0.000687611
0.00101143
0.000831004
0.000676956
0.000821939
0.000766254
0.000705889
0.000660808
0.000684877
0.000681666
0.000704879
0.000686682
0.000723339
0.000892106
0.000736414
0.000801026
0.000654415
0.000825761
0.000663336
0.00063254
0.000735719
0.000677189
0.000677531
0.00064987
0.000669275
0.000673177
0.00070901
0.000966746
0.000884796
0.000885758
0.000688646
0.000712498
0.000669648
0.000656322
0.000790278
0.000715952
0.000678525
0.000705633
0.00100188
0.000803451
0.000696808
0.000694305
0.000696612
0.000743733
0.000676852
0.000724768
0.000663818
0.000786932
0.000656998
0.000724327
0.00100466
0.00103565
0.00101849
0.000654329
0.000691039
0.000647202
0.000651372
0.000674326
0.000675266
0.000737626
0.000835036
0.00100255
0.000744847
0.00067354
0.000843979
0.000743766
0.00073209
0.000764432
0.00065883
0.000694595
0.000702438
0.000913981
0.000755059
0.00082448
0.000808125
0.000711099
0.000661274
0.000736654
0.000685202
0.000885086
0.000694919
0.000658953
0.000670804
0.000891168
0.00068703
0.000751344
0.000662924
0.000704162
0.000812895
0.000656887
0.000683027
0.000644437
0.000654771
0.000722811
0.000769112
0.000709883
0.00104097
0.000875929
0.000712507
0.00068465
0.000722192
0.000651927
0.000665031
0.000680873
0.000719957
0.000679017
0.000732175
0.00111486
0.00097835
0.000704344
0.000651436
0.000711086
0.000807389
0.000761288
0.000683447
0.00066466
0.000671212
0.000747027
0.000696651
0.000775236
0.000765372
0.000885638
0.000657631
0.000834172
0.000849487
0.000685871
0.000725264
0.000888347
0.000631041
0.000831197
0.00076448
0.000665455
0.000655396
0.000677217
0.000990717
0.00076862
0.000700855
0.000692306
0.000675008
0.000760218
0.000671189
0.000917712
0.000667157
0.000970041
0.000940272
0.000793474
0.000724205
0.0007
0.000721023
0.000885436
0.00065801
0.00078049
0.000665796
0.000687554
0.00119449
0.000798281
0.000730368
0.000696073
0.000697037
0.000786246
0.00068955
0.000756241
0.000697894
0.000685539
0.000711086
0.000652279
0.00107794
0.00093978
0.000936949
0.00082835
0.000695493
0.000678179
0.000688067
0.000691831
0.000693569
0.000721815
0.000960206
0.000760818
0.000811538
0.00069342
0.000734288
0.000743536
0.00104087
0.000672994
0.000696842
0.000677652
0.000848019
0.000828861
0.000680879
0.000824571
0.000801924
0.000659736
0.00068653
0.000674366
0.000661683
0.000828074
0.00072277
0.00106276
0.00110089
0.000954136
0.000720835
0.00111257
0.000685353
0.000927158
0.000679217
0.000720729
0.000690069
0.000662925
0.000716627
0.000835585
0.000959831
0.000883227
0.000724413
0.000669889
0.000664618
0.000635997
0.00069105
0.000732952
0.000728446
0.000990139
0.000742888
0.00075779
0.000658989
0.00070581
0.000868965
0.000810331
0.0007693
0.000643644
0.000772877
0.00081609
0.0007156
0.00082182
0.000771798
0.000825357
0.000734146
0.000705482
0.000831396
0.000704451
0.000702624
0.000685366
0.00077177
0.000810604
0.000682441
0.000850838
0.000740928
0.000747495
0.000718897
0.000711167
0.00081136
0.000802213
0.000789646
0.000630376
0.000683461
0.000763058
0.000645046
0.000899692
0.00069547
0.000789939
0.000693835
0.000893772
0.000654806
0.000663879
0.000662741
0.000778969
0.000816501
0.000641516
0.000652947
0.00107873
0.000716466
0.000655661
0.000939996
0.000864493
0.000661193
0.000785542
0.000650523
0.000692513
0.000688067
0.000695579
0.00109745
0.000734263
0.000708753
0.000668629
0.000760437
0.000809483
0.000703672
0.000820155
0.000851993
0.000668038
0.000730318
0.000680096
0.000844998
0.00076463
0.000667466
0.000641227
0.000710031
0.00066292
0.000691266
0.000646587
0.000732204
0.000720776
0.00105766
0.000743788
0.000810076
0.00108724
0.000948218
0.000893447
0.000988166
0.000683526
0.000693538
0.00076343
0.000705337
0.00068359
0.000665453
0.00122199
0.000784402
0.000662922
0.00070747
0.000895379
0.000898648
0.000729444
0.000727007
0.000683861
0.000667534
0.000848802
0.000683895
0.000642725
0.000740511
0.000722799
0.00081357
0.00070522
0.000978405
0.000652029
0.000691762
0.000704008
0.000700108
0.000688287
0.000800895
0.000864885
0.000998389
0.000647486
0.000657372
0.000715983
0.000676794
0.000717649
0.000733209
0.000800773
0.000671833
0.000665253
0.00104824
0.000691679
0.000915698
0.000705895
0.00068656
0.000748097
0.000727358
0.000727954
0.000859042
0.000675257
0.000694947
0.000671287
0.000761253
0.00113315
0.000924402
0.000691451
0.000683718
0.000638609
0.000745624
0.000651251
0.000687229
0.00070513
0.000683984
0.000675475
0.000679801
0.000836206
0.000668463
0.000802321
0.000897784
0.000810719
0.000846544
0.00073015
0.000677503
0.000666943
0.000660694
0.000817879
0.000682346
0.000676069
0.000818518
0.000679997
0.000673084
0.000701273
0.000650322
0.000760311
0.000983501
0.000741648
0.000665714
0.000640773
0.000636587
0.000768172
0.000668718
0.000656194
0.00082595
0.000685309
0.000700026
0.000670189
0.000677128
0.000741551
0.000792241
0.000717299
0.000705458
0.000698265
0.000887824
0.000784056
0.000951417
0.000727954
0.000663238
0.00090937
0.000787381
0.000725784
0.000670117
0.000688961
0.000682736
0.000694097
0.000662848
0.000717509
0.000841023
0.000648356
0.000712762
0.000763347
0.00068611
0.000675182
0.000760859
0.000657275
0.000653589
0.000765903
0.000667659
0.000706927
0.000686295
0.000664945
0.000661648
0.000652235
0.000846377
0.000758518
0.00070199
0.000655304
0.000679367
0.00070922
0.000695804
0.000610325
0.000685066
0.000699921
0.000767644
0.000675416
0.000877127
0.000681147
0.000666916
0.00103883
0.000659205
0.000730442
0.000679951
0.00100253
0.000798438
0.000718866
0.000661742
0.000666117
0.000751925
0.000701189
0.000686716
0.000658214
0.000673014
0.00066048
0.000687734
0.000751196
0.000869766
0.00113772
0.000739711
0.000653561
0.000667964
0.000816471
0.000662697
0.000724323
0.000762778
0.000819872
0.000676509
0.000823038
0.0010924
0.000723684
0.000661904
0.000662875
0.000794881
0.000762419
0.000662989
0.000657311
0.000717282
0.000678471
0.000676029
0.000722991
0.000734705
0.000800289
0.000816282
0.000734612
0.000661297
0.000701592
0.000659327
0.000655648
0.000714687
0.000692301
0.000704032
0.000666614
0.00068274
0.000815106
0.00072685
0.000682182
0.000744711
0.000950015
0.000718209
0.000653101
0.000683719
0.000840601
0.000670223
0.000681111
0.000664676
0.000821966
0.000926039
0.00068486
0.000777579
0.000661744
0.000693488
0.000734844
0.000687852
0.000685285
0.000928588
0.000693945
0.00102442
0.000772121
0.000692285
0.000702153
0.000683625
0.000711397
0.00071791
0.000678514
0.000681955
0.000704313
0.000727682
0.000695336
0.000664019
0.000718184
0.000810697
0.000797814
0.000923352
0.00067458
0.000646528
0.000696542
0.000681199
0.000685266
0.000929248
0.00070098
0.000821915
0.000697362
0.000723037
0.000668347
0.000700431
0.00107885
0.000682914
0.000693599
0.000675671
0.000891536
0.000680099
0.000712084
0.000756834
0.000705709
0.000667802
0.000653865
0.00087846
0.00071502
0.000637671
0.000689434
0.000724124
0.000728413
0.000681678
0.00107904
0.000734224
0.000695043
0.000782574
0.000717042
0.000687378
0.0006625
0.00065404
0.000862529
0.00068118
0.000693868
0.000739616
0.000661819
0.000654283
0.000659285
0.000709936
0.00085864
0.000787985
0.000727133
0.000656463
0.000721415
0.000675202
0.000653496
0.000666487
0.000678818
0.000659891
0.000834569
0.00105368
0.000677292
0.000671055
0.000690455
0.000786059
0.000775922
0.000701741
0.000775282
0.000689601
0.000694404
0.000675045
0.000670813
0.00075894
0.000649172
0.000865909
0.000899325
0.000635868
0.000705953
0.00069644
0.000677093
0.00071554
0.000769745
0.000723537
0.000753191
0.000721642
0.00094497
0.00117538
0.000719043
0.000656395
0.000756944
0.000717895
0.000751303
0.000667903
0.000642663
0.000669317
0.000653626
0.000787096
0.000682236
0.000862456
0.00067121
0.000660193
0.000673788
0.000652071
0.000652055
0.000680803
0.000650382
0.000717979
0.000659056
0.000823417
0.000926235
0.000881124
0.000703123
0.000722162
0.000722862
0.000781685
0.000668342
0.000693013
0.000655029
0.000671668
0.000678322
0.000729569
0.0007655
0.000693565
0.00071346
0.000656006
0.000676243
0.000663342
0.000655802
0.000701672
0.000639324
0.000643211
0.000706993
0.000725044
0.00081194
0.000861485
0.000713479
0.000883603
0.000676253
0.000674998
0.000637309
0.000823854
0.00070095
0.000695459
0.00068742
0.000685644
0.000695784
0.00067877
0.000715163
0.000677314
0.000650171
0.000755891
0.000677626
0.000671504
0.000655938
0.000725129
0.000669458
0.000675443
0.000789269
0.000969127
0.000942338
0.0010693
0.000761415
0.000928162
0.000768069
0.00068901
0.000728171
0.000692061
0.000782741
0.000680566
0.00067747
0.000703795
0.000670182
0.000737301
0.000730964
0.000738984
0.000689054
0.00063412
0.000649507
0.000634882
0.000642922
0.000672705
0.000714642
0.000673216
0.000830685
0.000674116
0.000693351
0.000714159
0.000760802
0.000660136
0.000715544
0.000681115
0.000761024
0.00087722
0.000775826
0.000668726
0.000735447
0.000695863
0.00085568
0.00097298
0.00105709
0.00067916
0.000756248
0.000668167
0.000697439
0.000785442
0.000698733
0.000982058
0.000811664
0.00082187
0.000664602
0.000912159
0.000745138
0.000680658
0.000708883
0.000722251
0.00070788
0.00082458
0.000657736
0.000741451
0.0006661
0.000792595
0.0009591
0.000730848
0.000668564
0.000655697
0.000699099
0.000665315
0.000652327
0.000645117
0.000773746
0.000711582
0.000789181
0.00101292
0.000839282
0.000961752
0.000732037
0.00072221
0.000744116
0.000661756
0.000883342
0.000701328
0.000737676
0.000659546
0.000723431
0.0007422
0.00069416
0.000746507
0.000737589
0.000686614
0.000824214
0.000670925
0.000781291
0.000764825
0.000681443
0.000708811
0.000753229
0.000749285
0.000684366
0.000690058
0.000662672
0.000670892
0.000751022
0.000675137
0.000788198
0.000766638
0.000653179
0.000684461
0.00078917
0.000867052
0.000748719
0.000846124
0.000668809
0.000667835
0.000677321
0.000688196
0.000686436
0.000723851
0.000722036
0.000716123
0.000671987
0.000692873
0.00087665
0.000733588
0.00069443
0.000713472
0.000710477
0.000675878
0.000833938
0.000662968
0.000638775
0.000674392
0.00067441
0.000790869
0.000746081
0.000663964
0.000663162
0.000670709
0.000657914
0.000879949
0.000667971
0.000661227
0.00072677
0.000685583
0.00066513
0.000673429
0.000661597
0.00118339
0.000696311
0.000665097
0.000658973
0.000767584
0.000699496
0.00100861
0.000800216
0.000916454
0.00066333
0.000824476
0.000739374
0.00068486
0.000683556
0.000622183
0.000693728
0.000667659
0.000645264
0.000657761
0.000699023
0.000662225
0.000704886
0.000844071
0.00079119
0.000678124
0.0010083
0.000700418
0.000722184
0.000726946
0.000815197
0.000788304
0.00103798
0.000730931
0.000739316
0.000822152
0.000734478
0.000794421
0.000811324
0.000647305
0.000688205
0.000651049
0.000683495
0.000645229
0.000721704
0.00069322
0.00075972
0.00074123
0.00082539
0.000731122
0.000720197
0.000684432
0.000805617
0.000632713
0.000882476
0.000690936
0.000655969
0.000678715
0.000678032
0.000687579
0.00111776
0.000674988
0.000768347
0.000660187
0.000652653
0.000665392
0.00075398
0.000659158
0.000656237
0.000718525
0.000721667
0.000918176
0.000947535
0.000691981
0.000868842
0.000666147
0.000650089
0.000646323
0.000790688
0.000805248
0.000693559
0.000667582
0.000680468
0.000688975
0.000675528
0.00109516
0.00100014
0.00110577
0.000709133
0.000711358
0.00077523
0.000769008
0.000771321
0.000954772
0.000798472
0.000675721
0.000778425
0.000686909
0.000722744
0.000684274
0.000727142
0.000872875
0.000674066
0.000821959
0.00076429
0.00085406
0.000777459
0.000748133
0.000787467
0.000773711
0.00071099
0.000646152
0.000747608
0.000653526
0.000944687
0.000771456
0.000699686
0.000893218
0.000744282
0.000695424
0.000875482
0.000794399
0.000701473
0.000702577
0.0006607
0.000669508
0.00080009
0.000736686
0.000650469
0.00104245
0.000665305
0.000775314
0.000670441
0.000649905
0.000666808
0.000650042
0.000733748
0.000698699
0.0006744
0.000752704
0.000643658
0.000645418
0.000679985
0.000725326
0.000690462
0.000919161
0.00068462
0.000652358
0.000712309
0.000776881
0.000728362
0.000997993
0.000846801
0.000694111
0.00104628
0.000782676
0.000867931
0.000660105
0.000982654
0.000717147
0.00076093
0.000714227
0.000827709
0.000732477
0.000848666
0.000761074
0.000892336
0.000693424
0.000737546
0.000692013
0.000713593
0.000627609
0.000714823
0.00101786
0.000657259
0.00102194
0.000696889
0.00088116
0.000667673
0.000667988
0.000737222
0.000722028
0.000661062
0.000674205
0.000687222
0.000755641
0.000658077
0.000725506
0.000717433
0.000862113
0.000754906
0.000876857
0.000670163
0.000786238
0.000915507
0.00065505
0.00070992
0.00070085
0.000652779
0.000678346
0.000663207
0.000654891
0.000843459
0.000686411
0.000765189
0.00073604
0.000671208
0.00069905
0.00066526
0.000694282
0.000705351
0.00066305
0.000667081
0.000747304
0.000769935
0.000729583
0.000777862
0.000950004
0.000704188
0.000735954
0.00104629
0.000721052
0.000930036
0.00107462
0.000795435
0.000736065
0.00072387
0.000676604
0.000859065
0.000662199
0.000653653
0.000671031
0.000691476
0.000680657
0.000674758
0.000662194
0.000754599
0.000850374
0.000812814
0.000859895
0.000712705
0.00072717
0.00066667
0.000659235
0.000680309
0.000685958
0.000745987
0.000754635
0.000661246
0.000660031
0.000907464
0.000703146
0.00082436
0.000727158
0.000655896
0.000694823
0.000843829
0.000690282
0.000677609
0.000676455
0.00071124
0.000663263
0.000711862
0.000877266
0.000721324
0.000716628
0.000912015
0.000775917
0.000661999
0.000710936
0.000639036
0.000768807
0.000844639
0.00067695
0.000868782
0.000707569
0.000676638
0.000667433
0.000738916
0.000658894
0.000671418
0.000744699
0.000678947
0.000723523
0.000656909
0.000753727
0.000658669
0.000661026
0.000794613
0.000818482
0.000787829
0.000734706
0.000644977
0.000742976
0.000707654
0.000773497
0.000680258
0.000651522
0.000676149
0.000784072
0.000657656
0.000687283
0.000653373
0.000699859
0.000697502
0.000691192
0.000720463
0.000831448
0.000688952
0.000664655
0.000688906
0.000727053
0.000729991
0.000774479
0.000735336
0.000947165
0.000866295
0.00069647
0.00077813
0.000692106
0.000731146
0.000718373
0.00110065
0.0006645
0.00074937
0.000651991
0.000649946
0.000654638
0.00068674
0.000655194
0.0008507
0.000688984
0.000685984
0.000814977
0.000679732
0.00063271
0.000643005
0.000647165
0.00071878
0.000748096
0.000723692
0.000732453
0.000706051
0.000654718
0.000656776
0.000774666
0.000903349
0.000718667
0.000722936
0.000674705
0.000690621
0.00068068
0.000652012
0.000705291
0.000709991
0.00075233
0.000679311
0.000857319
0.000703945
0.000664757
0.000672716
0.000801795
0.00084837
0.000784616
0.000661363
0.000957776
0.000710924
0.000700668
0.000697792
0.000666772
0.000882211
0.000844633
0.000811687
0.000656918
0.000732388
0.000676362
0.000648896
0.000771855
0.000641583
0.000802956
0.000676546
0.000652677
0.000798761
0.000668921
0.000650627
0.000678186
0.000740653
0.000647236
0.000710042
0.000817116
0.00087675
0.000686892
0.000669728
0.000700862
0.000713057
0.000761801
0.000941797
0.000686201
0.000788851
0.000683702
0.000669834
0.000735057
0.000734415
0.000681868
0.000807801
0.000676876
0.000661006
0.000766511
0.000739415
0.000679736
0.000640265
0.000675696
0.000756739
0.000748993
0.000771861
0.000717988
0.000841291
0.000683502
0.000702611
0.000632624
0.000796865
0.000941222
0.000647761
0.000777878
0.000698449
0.000817413
0.000695354
0.000642262
0.000733808
0.000762023
0.000681242
0.000712176
0.000738279
0.00068412
0.00065887
0.00064126
0.000779129
0.000634307
0.000706121
0.000657718
0.000727567
0.000739304
0.000772692
0.000670111
0.000700172
0.000893831
0.000663271
0.000772406
0.000701604
0.000691965
0.000810508
0.000668617
0.000670131
0.000735545
0.000641326
0.000655991
0.00072444
0.00072773
0.000693713
0.000766786
0.000773237
0.000822194
0.000750081
0.000678795
0.000670396
0.000824519
0.000684638
0.000669866
0.000796514
0.00109757
0.000754255
0.00069984
0.000717471
0.000651961
0.000685414
0.000677247
0.000707774
0.000710961
0.000683734
0.000767587
0.000659807
0.000637985
0.000642778
0.000700183
0.000747504
0.000661114
0.000896463
0.000965367
0.000821453
0.00073059
0.000676948
0.000704267
0.000698418
0.000691487
0.00067476
0.000750654
0.000634991
0.000676774
0.000650455
0.000636017
0.000715538
0.000733101
0.00066559
0.000651771
0.000714946
0.000773733
0.000668836
0.00067071
0.000692376
0.000689726
0.000668366
0.0007948
0.000784445
0.000744424
0.000856298
0.000705613
0.000699277
0.000647171
0.000894992
0.000664369
0.00072157
0.000663816
0.000664658
0.000696709
0.000684018
0.000685714
0.000676941
0.000708942
0.000709398
0.000766549
0.000654121
0.00064828
0.000669814
0.000810686
0.000671227
0.000666647
0.000663579
0.000730253
0.000739315
0.000812667
0.000711993
0.000665657
0.000691163
0.000824599
0.000665474
0.00072274
0.000666598
0.000704861
0.000656574
0.000675063
0.00067462
0.000697372
0.000647033
0.000657961
0.000835301
0.000680071
0.000681309
0.000668948
0.000670027
0.000657393
0.000648003
0.000663735
0.000685211
0.000696438
0.000679212
0.00068861
0.000933302
0.000743301
0.000893087
0.000692047
0.000689736
0.000648341
0.000832779
0.00071975
0.000673554
0.000874793
0.000673022
0.000763196
0.000781813
0.000711723
0.000667415
0.000668881
0.000666047
0.000671645
0.000679578
0.000747192
0.000746086
0.000664547
0.000931344
0.000691853
0.000719718
0.000730581
0.000691562
0.000800398
0.000637698
0.000672766
0.000683963
0.000700639
0.00066929
0.00070392
0.000711863
0.000672087
0.000664384
0.000756085
0.000658558
0.000692623
0.000674935
0.000664175
0.000679857
0.00067121
0.000735193
0.000773755
0.000740268
0.000868174
0.00078674
0.00126853
0.000799113
0.000738306
0.00069436
0.000680382
0.000660978
0.000675616
0.000670337
0.00071791
0.000643669
0.000771684
0.00074281
0.000691084
0.000680433
0.000783258
0.000723446
0.000637938
0.000681102
0.000747661
0.000684713
0.000662955
0.000783822
0.000743718
0.00072938
0.00068764
0.000681074
0.000920051
0.000784089
0.000910086
0.000659618
0.0006719
0.000787673
0.000710427
0.000640406
0.000748575
0.000721065
0.000708067
0.000722765
0.000625671
0.000635804
0.000660791
0.000647915
0.000664248
0.000653197
0.000706863
0.000948156
0.000917129
0.000702366
0.000933065
0.000662427
0.000936854
0.000629355
0.000713971
0.000630255
0.000794615
0.000677832
0.00069042
0.000675565
0.000664481
0.000665695
0.000657793
0.000719542
0.000712719
0.000651267
0.000712941
0.00064437
0.000681999
0.000656082
0.000695545
0.000677771
0.000670184
0.000891737
0.000846071
0.000742307
0.000854945
0.000649332
0.000980159
0.00066444
0.000727443
0.000672751
0.000663349
0.00068959
0.000713119
0.00065798
0.000736299
0.000720589
0.000743213
0.000686014
0.00069777
0.000688379
0.000895106
0.000654401
0.000784028
0.00064965
0.000705673
0.000666939
0.00081572
0.000663791
0.000725085
0.000681525
0.000678501
0.000728423
0.000681128
0.000704079
0.000662655
0.000722031
0.000686097
0.000652024
0.00071795
0.00066601
0.0006557
0.000817468
0.000885925
0.000711702
0.000674855
0.000679425
0.00077136
0.000763463
0.000751794
0.000658543
0.000689757
0.000865241
0.000703603
0.00069408
0.000779178
0.000647297
0.000667831
0.000654216
0.000762169
0.000749494
0.000663829
0.000686409
0.000755285
0.000679116
0.000653788
0.000690633
0.000799529
0.000779334
0.000686849
0.000668772
0.000650903
0.000650486
0.000704794
0.000694292
0.000720278
0.000657955
0.000746911
0.000732767
0.000728977
0.000734954
0.000674775
0.000852895
0.000769637
0.000751783
0.000670415
0.000683512
0.000709429
0.000665819
0.000688363
0.000703638
0.000735641
0.000893959
0.000712887
0.000704686
0.000667216
0.00068739
0.000713149
0.000652695
0.000687827
0.000658182
0.000660207
0.000719345
0.000665302
0.000892147
0.000745954
0.000688147
0.000689848
0.000668778
0.000642364
0.000654009
0.000690834
0.000666927
0.000671802
0.000821449
0.000662707
0.000811619
0.000898588
0.000664993
0.000639963
0.000670102
0.000651422
0.000733972
0.000713823
0.000653318
0.000690478
0.000636397
0.000665669
0.000689986
0.000660154
0.00073562
0.00066025
0.000671182
0.000948846
0.000696202
0.000638097
0.000735941
0.000661176
0.000685607
0.000647151
0.000738034
0.000659701
0.000708943
0.000682756
0.00074102
0.00067741
0.000689758
0.000677069
0.000637535
0.000665524
0.000696489
0.00064743
0.000688197
0.000721089
0.000667589
0.000648394
0.000793444
0.000731057
0.0010833
0.000689964
0.000666776
0.000664279
0.00067615
0.000690655
0.00065867
0.000757988
0.00067644
0.000697851
0.00100431
0.000717875
0.000962768
0.000687012
0.000652633
0.00070224
0.00114772
0.000646299
0.000690236
0.000662774
0.000687103
0.000764601
0.000806157
0.000702339
0.00085336
0.000699437
0.000674047
0.00066355
0.000658734
0.000630104
0.000664727
0.000682393
0.000662678
0.000650961
0.000681901
0.0007276
0.000694743
0.000666941
0.000698054
0.000653991
0.000685723
0.000636184
0.000774589
0.000695251
0.000686673
0.0006539
0.00064688
0.000660394
0.000664935
0.00068293
0.000737151
0.000755674
0.000700209
0.00070621
0.000751943
0.00071868
0.000673135
0.000724463
0.000665811
0.000711173
0.000695897
0.000903551
0.000676739
0.000652091
0.000665408
0.000680924
0.000690507
0.000777599
0.000687932
0.000729388
0.000720876
0.000684006
0.00077401
0.000770242
0.0013906
0.000974627
0.000779523
0.000901014
0.000678414
0.000660933
0.000664983
0.000709295
0.000743017
0.000790907
0.000857274
0.000807128
0.000673262
0.000683549
0.000642574
0.000698268
0.000925697
0.000666092
0.000635654
0.000634428
0.00069938
0.000674628
0.0007005
0.000735894
0.000678523
0.00100819
0.00073148
0.000654977
0.000702976
0.000698812
0.000743842
0.00080727
0.000739838
0.000706268
0.000857901
0.000701573
0.0006779
0.000643588
0.000663938
0.000732394
0.000663881
0.000666085
0.00066236
0.000675907
0.000646751
0.000675978
0.00068217
0.000728136
0.000684397
0.000675977
0.000823609
0.000743483
0.000705721
0.000660371
0.000704891
0.000681716
0.000676708
0.000685668
0.000665259
0.000746776
0.000832549
0.000730806
0.000781318
0.000670508
0.000746221
0.00075323
0.000657716
0.000676756
0.000663018
0.00068577
0.000681381
0.000644862
0.000740855
0.000700295
0.000649429
0.000746749
0.000739913
0.000680114
0.000725786
0.000732008
0.000676325
0.000748023
0.000652045
0.000659327
0.000910677
0.000709463
0.000772343
0.000708529
0.000636499
0.000737244
0.000650336
0.000738498
0.000672083
0.000664623
0.000691683
0.000815033
0.000671773
0.000714725
0.000685531
0.000816846
0.000835178
0.000756962
0.000659695
0.000668445
0.000664527
0.000733271
0.000774411
0.000676913
0.000846255
0.000882882
0.00073765
0.000775465
0.000703723
0.000725563
0.000777187
0.000672069
0.000833532
0.000677187
0.000669852
0.000899857
0.000750215
0.000661863
0.000729598
0.000955125
0.000735796
0.000881092
0.000662827
0.000698473
0.000697857
0.00067103
0.000657196
0.000746514
0.000980565
0.00107469
0.00098204
0.000840174
0.000735487
0.000888612
0.000652267
0.000767849
0.00069696
0.000759377
0.000672632
0.000988876
0.000981624
0.000989284
0.000751161
0.000866815
0.000869826
0.000798408
0.0008059
0.000808698
0.00098316
0.000764286
0.000712251
0.000668413
0.000798095
0.000851281
0.000721257
0.000856838
0.000812082
0.000692982
0.000650727
0.000687132
0.000878515
0.00112175
0.00067634
0.000958534
0.000918093
0.000701544
0.000671377
0.000632614
0.00065476
0.000764198
0.000880908
0.00114212
0.00081535
0.000859986
0.000928842
0.000859649
0.000644936
0.000681125
0.000638177
0.000661125
0.00071461
0.000674463
0.000744597
0.000868947
0.000671939
0.000874798
0.000713465
0.000826925
0.000709379
0.000711208
0.000725537
0.000673362
0.000794381
0.000701458
0.000697007
0.000712495
0.000673386
0.000783386
0.000713776
0.000826441
0.000661382
0.000660461
0.000829635
0.000756089
0.000728214
0.00104186
0.00150502
0.000777512
0.000796195
0.000846135
0.00073109
0.000765281
0.000737069
0.000880566
0.00092708
0.000825598
0.00069758
0.00066342
0.000699619
0.000741632
0.000794494
0.000654525
0.000735963
0.00079057
0.000645883
0.000648442
0.000867201
0.000674802
0.000858269
0.000887461
0.000712617
0.000684012
0.000647562
0.00100204
0.000728234
0.000717617
0.000705328
0.000728817
0.000899608
0.000718102
0.000674097
0.00073093
0.00118357
0.000761081
0.000709538
0.00064268
0.000655599
0.000684645
0.000695652
0.000954476
0.000775845
0.000644722
0.000797187
0.00068646
0.000763519
0.000693668
0.000649379
0.00077442
0.000703125
0.000711569
0.000725498
0.000726732
0.000948006
0.000788037
0.00071268
0.000671998
0.00068752
0.000711744
0.000666985
0.000651349
0.000681936
0.000675437
0.000751896
0.000663695
0.000653651
0.000770438
0.000670764
0.000747858
0.000857029
0.000816594
0.00090549
0.000703662
0.000738401
0.000695753
0.000750627
0.000733647
0.000796892
0.000675705
0.000653067
0.000629571
0.000659332
0.000689928
0.00068792
0.000679245
0.000630579
0.000783636
0.000764101
0.00065024
0.000644014
0.000739659
0.0007421
0.000715295
0.00066662
0.000707849
0.000710401
0.000666308
0.000732082
0.000682723
0.00069327
0.000730479
0.000890618
0.000890324
0.00069638
0.000659526
0.000652339
0.000813148
0.000732403
0.000678682
0.000680435
0.000725493
0.000867876
0.000673984
0.000689605
0.000673209
0.000722177
0.000837612
0.000702113
0.000775535
0.000693534
0.000738109
0.000847332
0.000681843
0.000679977
0.000692827
0.000699234
0.000795199
0.000763158
0.000643514
0.000668373
0.00069465
0.000756555
0.000655491
0.000669096
0.000657518
0.000711614
0.000664098
0.000683585
0.000668801
0.00084673
0.000788793
0.000679959
0.000672486
0.000770334
0.000712876
0.000663078
0.000751224
0.000744865
0.00104073
0.00107009
0.000855131
0.000742736
0.00069702
0.000666236
0.000815081
0.00088203
0.000783365
0.000697261
0.000639769
0.000674599
0.000674913
0.000752367
0.000663133
0.000926253
0.000668391
0.000675637
0.00067748
0.000660854
0.000731678
0.000710808
0.000893615
0.0010628
0.000711056
0.00108373
0.000846897
0.000839247
0.00078594
0.00088477
0.00067387
0.000704958
0.000725178
0.00067441
0.000700901
0.000683904
0.000771137
0.000666274
0.00089413
0.00065173
0.00077336
0.000656514
0.000737235
0.000687292
0.000717249
0.000764291
0.000909382
0.000693569
0.000845232
0.000698547
0.000670071
0.000656797
0.00066408
0.000665848
0.000722923
0.000723491
0.000675977
0.000686969
0.000714301
0.000674187
0.000998155
0.000693783
0.000669011
0.000792401
0.000670434
0.000698687
0.000794923
0.00066662
0.000682091
0.000681221
0.00067999
0.00076028
0.000689632
0.00070282
0.000792365
0.000736156
0.000734126
0.000700696
0.000906973
0.000732763
0.000750222
0.000881417
0.000653358
0.000668427
0.000677674
0.000733318
0.000806278
0.0007531
0.000674534
0.000715172
0.000701789
0.000681009
0.000714064
0.000740097
0.000721068
0.000678737
0.000750322
0.000677688
0.000906486
0.000650796
0.000677838
0.000673316
0.00074447
0.000676756
0.000740982
0.000704822
0.000694419
0.000711439
0.000702305
0.000674885
0.000710272
0.000840249
0.000711877
0.000787189
0.000716791
0.00063617
0.000662626
0.000681559
0.000767828
0.000898387
0.000811038
0.000835411
0.000721893
0.000786027
0.000654922
0.000659301
0.000687682
0.00072406
0.000715663
0.00077245
0.000973263
0.000672177
0.000732547
0.000745946
0.00100136
0.000947071
0.000945771
0.000723282
0.000674639
0.000673599
0.000783558
0.000688956
0.000704857
0.000761441
0.000815033
0.000650623
0.000668191
0.000679669
0.000673622
0.00069052
0.000742576
0.000721451
0.000743488
0.000952743
0.000691028
0.000632584
0.000647851
0.000674143
0.000687159
0.000945411
0.000645664
0.000810589
0.000702508
0.000682256
0.000699443
0.000660786
0.000689887
0.000786709
0.000749876
0.000919249
0.000712781
0.000725912
0.000695676
0.000821984
0.000679374
0.000656829
0.000764134
0.000717488
0.000733039
0.000684826
0.000699705
0.000695986
0.000672474
0.00101412
0.000785991
0.000704423
0.000688132
0.000655622
0.000757684
0.000669372
0.000637494
0.000668003
0.000656539
0.000756069
0.000789219
0.000702079
0.00072234
0.000670901
0.000693084
0.00085984
0.000669383
0.000674293
0.00066421
0.000683799
0.000649789
0.000669698
0.000794078
0.000691492
0.000715218
0.000664867
0.000731166
0.000685973
0.000676447
0.000809221
0.000801296
0.000757621
0.000673309
0.000855012
0.000744396
0.000664097
0.000698176
0.000833102
0.000664363
0.00070479
0.00069624
0.000841339
0.000678491
0.000674811
0.000729065
0.000710476
0.00117512
0.00109876
0.000750329
0.000730369
0.000653366
0.000679517
0.000697567
0.000794671
0.000767938
0.000675163
0.000681205
0.000843131
0.000878793
0.000913491
0.00104403
0.000708494
0.00070024
0.000693541
0.00103913
0.000741218
0.000978149
0.000810644
0.000869427
0.000868211
0.000679485
0.00089305
0.000677466
0.000822666
0.000677614
0.000681569
0.000787838
0.000684846
0.000639566
0.000927818
0.000805389
0.000773399
0.000669457
0.000708488
0.00070958
0.000684924
0.000658347
0.000811198
0.000762354
0.000860361
0.000764617
0.000640738
0.000694618
0.000807512
0.000675937
0.000763761
0.000725608
0.000721164
0.000690831
0.000704169
0.000673614
0.000709949
0.000668877
0.000743092
0.000924431
0.000915167
0.000688845
0.000689746
0.00067522
0.000714908
0.000821919
0.000652815
0.000848445
0.000685253
0.000696528
0.000682239
0.0007016
0.000795817
0.000690288
0.000634007
0.00080532
0.000687746
0.00066474
0.000683537
0.000700095
0.000638412
0.000652664
0.000821712
0.000704657
0.00070145
0.000819233
0.000671418
0.000689223
0.000662467
0.000795683
0.000668499
0.000787022
0.00087901
0.000701705
0.000717614
0.000650787
0.000659675
0.000741832
0.000674398
0.000662688
0.000721159
0.000696278
0.000663324
0.000689134
0.000808737
0.00072748
0.000671125
0.000741949
0.000750621
0.000655454
0.000682507
0.000695172
0.00070303
0.000750213
0.000753601
0.0006495
0.000708031
0.000762674
0.000696603
0.000679346
0.000759828
0.000687936
0.000964113
0.0006645
0.000739549
0.000654453
0.000682934
0.000695598
0.000669235
0.000646509
0.000789642
0.000714714
0.000699463
0.000700249
0.000647853
0.00065625
0.000816872
0.00074408
0.000869303
0.000768455
0.000685274
0.000654547
0.000658924
0.000757881
0.00072734
0.000654821
0.000865486
0.000668899
0.000688465
0.000717692
0.000656414
0.000655057
0.000717184
0.000658977
0.000681146
0.000767612
0.00070301
0.000657551
0.000662772
0.000669682
0.00067578
0.00100101
0.000657036
0.00071861
0.000673735
0.000661362
0.000687936
0.000693739
0.000663294
0.0007281
0.000771132
0.000818224
0.000682961
0.000678802
0.000665044
0.000667396
0.000724325
0.000666829
0.000746768
0.000731918
0.00065622
0.000654837
0.000784531
0.000678996
0.000659719
0.000725111
0.000701423
0.000726049
0.000743726
0.000724273
0.000678347
0.000726298
0.000634593
0.000681417
0.000753059
0.00086755
0.000717547
0.00066128
0.000873215
0.000727537
0.000693238
0.00067253
0.000673165
0.000719269
0.000680526
0.000694251
0.000707903
0.000725114
0.000675419
0.000704695
0.000645595
0.000815735
0.000722068
0.000670438
0.000717497
0.000751051
0.000794206
0.000709447
0.000679367
0.000838881
0.000858146
0.00105547
0.000890829
0.000680619
0.000834879
0.000721401
0.000668375
0.000685461
0.000662421
0.000724344
0.00065722
0.000658834
0.000745987
0.000712973
0.000815726
0.00078384
0.000664847
0.000751913
0.000838661
0.000704198
0.000701822
0.000665759
0.000828788
0.000684781
0.000701786
0.000735181
0.000671327
0.000707259
0.000661271
0.000746854
0.000668025
0.000678952
0.000649835
0.000747695
0.00067088
0.000709664
0.000763673
0.000673208
0.000732763
0.000685688
0.000656513
0.000751089
0.000733637
0.000757767
0.000798204
0.000908456
0.000639507
0.000694514
0.000903727
0.000948741
0.000816247
0.000671439
0.000793193
0.000667158
0.000657282
0.000674741
0.000662402
0.000658863
0.0006926
0.000789772
0.00109034
0.000649634
0.000752033
0.00085009
0.000707546
0.00129245
0.000679124
0.000753927
0.000832269
0.000695538
0.000670096
0.000944784
0.00109575
0.00099853
0.000717943
0.000733409
0.000636708
0.000711792
0.000690844
0.000699309
0.000680089
0.000654255
0.000982317
0.0010702
0.00112721
0.000715374
0.000698103
0.000908627
0.000811873
0.000889211
0.000669617
0.000698359
0.000917954
0.000856953
0.000709214
0.00074855
0.00066024
0.000702004
0.000789194
0.00070145
0.000662093
0.000831732
0.000915923
0.000693188
0.000636786
0.000748
0.000729746
0.000754811
0.000664478
0.000743816
0.000850542
0.00111149
0.000666316
0.000711164
0.000793971
0.000917695
0.00100813
0.000883673
0.000680444
0.000728972
0.000691162
0.000750577
0.000678211
0.000686374
0.000654316
0.000671736
0.000818239
0.000685484
0.000636204
0.000677919
0.000662154
0.000810033
0.00071404
0.000728248
0.000737073
0.000844837
0.000802631
0.000685818
0.0007178
0.00101072
0.00066965
0.000881054
0.000815476
0.000651626
0.000732719
0.000674585
0.000733798
0.000642234
0.000699051
0.000727906
0.000672822
0.000671581
0.000670431
0.00066491
0.000729759
0.000669691
0.000908273
0.000734528
0.000730933
0.000715968
0.000853482
0.000720487
0.000749937
0.000804563
0.000725644
0.000636626
0.000769192
0.000703453
0.000659182
0.000648137
0.00083791
0.000664986
0.000652883
0.000693082
0.000736725
0.000663448
0.000641332
0.000671127
0.000690853
0.000728145
0.000669777
0.000723831
0.000829188
0.000755286
0.000740136
0.000714013
0.000759646
0.000695669
0.0007765
0.000689036
0.000703887
0.000687989
0.000823556
0.000700256
0.000826906
0.000667513
0.000665408
0.000745936
0.000825574
0.000696368
0.000700231
0.000703646
0.000703058
0.000747291
0.000720655
0.000813173
0.000845322
0.000828272
0.000773242
0.000689155
0.000722667
0.000795984
0.000698331
0.000749059
0.000756413
0.000812271
0.000707479
0.000723728
0.000659447
0.000717475
0.000669776
0.000725786
0.000743295
0.000680306
0.000718804
0.000743696
0.000683998
0.00110321
0.000863459
0.000846556
0.000760423
0.00100419
0.000761996
0.000663099
0.000883031
0.00090514
0.000846555
0.000727407
0.000753332
0.000695935
0.000678105
0.000715652
0.000672349
0.000659069
0.000671864
0.00100468
0.000766948
0.000721986
0.000678307
0.000716131
0.000769231
0.000686125
0.000761755
0.00168601
0.000825599
0.000707765
0.00069494
0.000791986
0.00092471
0.000718284
0.000734991
0.000711567
0.000700568
0.000873553
0.000712891
0.000990102
0.000834785
0.000894776
0.000666723
0.000715771
0.000762481
0.000670234
0.000756514
0.000689895
0.000807659
0.000628445
0.000945488
0.000861504
0.000678918
0.000732602
0.00122532
0.000909747
0.000711139
0.000645372
0.000722008
0.000703306
0.000735339
0.000708184
0.000866364
0.00103157
0.000965535
0.000959464
0.000970654
0.000689435
0.000829376
0.000690992
0.000786877
0.000766132
0.000691405
0.000742373
0.000700562
0.00105173
0.000688738
0.000822288
0.000688592
0.00084744
0.000645675
0.000744384
0.00102194
0.000732006
0.00084779
0.000903869
0.000802085
0.000680386
0.000795744
0.000675439
0.00093472
0.000700479
0.00066851
0.000709113
0.000730414
0.000649462
0.000719152
0.000905604
0.00095558
0.000719485
0.000697881
0.000675111
0.000651383
0.00065897
0.000677731
0.000667172
0.000645069
0.000893799
0.000732589
0.000663726
0.000666341
0.000650717
0.000741156
0.000905969
0.000737925
0.000714787
0.000802579
0.000948642
0.00121722
0.000990457
0.00117396
0.000740512
0.000823073
0.000691909
0.00116955
0.000934592
0.000951802
0.00108681
0.00088907
0.000731893
0.0008688
0.000731237
0.000801377
0.000749498
0.000707527
0.000867945
0.000672463
0.00086014
0.000877228
0.000696231
0.000667437
0.000659756
0.000636538
0.00121555
0.000717528
0.000656816
0.000673211
0.000790875
0.000946142
0.000844024
0.000660852
0.000698162
0.000731528
0.000821069
0.000731485
0.000713539
0.00065455
0.000693425
0.000713613
0.000766678
0.000761081
0.000886693
0.00077734
0.000934293
0.000799353
0.000732149
0.000717369
0.000717229
0.000663294
0.000795687
0.000703249
0.000868413
0.000844177
0.000787345
0.000758559
0.000805114
0.000725556
0.000888476
0.000657229
0.000897848
0.000680213
0.00107385
0.000768311
0.000855893
0.00117857
0.000726373
0.000663668
0.000659434
0.00095715
0.000653348
0.000671744
0.000700856
0.000827755
0.00110896
0.000803981
0.000742346
0.00068038
0.000965669
0.000785297
0.00070405
0.000724055
0.000696566
0.000672539
0.000967797
0.000932361
0.000731184
0.00111594
0.000676828
0.00133323
0.000691877
0.00105377
0.00070698
0.000664948
0.000672612
0.000686117
0.000762628
0.00112713
0.000695017
0.000773548
0.000753595
0.000770406
0.000794517
0.000741939
0.000660072
0.000906366
0.000663385
0.000755289
0.0010284
0.000806465
0.00100161
0.00086385
0.000802385
0.000694023
0.000755582
0.000668785
0.000701241
0.000762153
0.000903016
0.00116341
0.000806097
0.000696425
0.000835377
0.000697154
0.000759947
0.000928704
0.00064528
0.000683154
0.000712639
0.000691626
0.000968916
0.00097923
0.00102382
0.000760464
0.000737641
0.000914611
0.000677591
0.000673571
0.000838905
0.000686616
0.000872146
0.00097903
0.000813391
0.000701687
0.000808154
0.000723204
0.000785964
0.000682876
0.000656019
0.000643508
0.000733907
0.000701361
0.000695123
0.000750208
0.00076121
0.000863362
0.000798865
0.000644208
0.000656618
0.000678867
0.000683506
0.000645674
0.000690448
0.000715019
0.000810896
0.000658297
0.00066142
0.000851621
0.000736904
0.000661327
0.000697192
0.000674518
0.000699311
0.000644744
0.000711034
0.000648864
0.000680051
0.000682822
0.000952898
0.000953356
0.000789935
0.000763065
0.000831609
0.000674607
0.000754481
0.000801554
0.00068959
0.000696072
0.000724974
0.000804702
0.000696571
0.000706923
0.000707763
0.000677808
0.000768045
0.000685742
0.000667388
0.000657601
0.000689169
0.000699261
0.000682924
0.000663185
0.00101881
0.00067342
0.000746239
0.000716753
0.000680122
0.000657647
0.000717408
0.000725608
0.00070277
0.000726264
0.000741355
0.000697073
0.000708336
0.000645398
0.000759372
0.000788797
0.000685163
0.00072095
0.000670958
0.000667943
0.000675735
0.000854069
0.000658362
0.000693562
0.000670519
0.000893228
0.00077044
0.000649941
0.000641192
0.000676637
0.000645147
0.00065677
0.000745086
0.000785801
