7.00507
6.38277
6.35742
6.36449
6.43173
6.64658
6.7835
6.55743
6.50985
6.39713
6.48631
6.3298
6.33093
7.41679
7.40063
7.15864
6.44007
6.49228
6.42741
9.19611
6.43766
6.59124
6.41862
6.32353
6.33729
6.39417
6.61907
6.85208
6.96631
6.31323
6.48
6.2753
6.39823
7.16564
6.93565
6.80686
6.44193
8.36308
6.57865
6.46708
6.52934
6.28824
6.46427
6.35475
6.33303
6.45054
6.55868
6.45105
6.66698
6.48484
6.39008
6.44604
6.40632
6.54017
6.29847
7.07116
9.60872
6.58813
10.653
11.2792
6.94759
6.49946
6.35308
6.28364
6.3664
6.34395
6.40347
6.65265
6.53078
6.86751
6.66416
6.59013
6.62079
6.5153
6.56933
6.56849
6.7261
6.68511
6.45743
6.49805
6.47002
6.45453
6.6654
6.43793
6.41194
6.44458
6.49158
6.49038
6.61446
6.70798
6.48971
6.52511
6.58896
6.52209
6.62744
6.32017
6.57302
6.50738
6.50131
6.7729
