4.0197
3.96908
4.40809
4.05446
3.93534
4.13442
3.99677
3.86043
4.46316
4.00234
4.0081
3.90539
4.00844
3.96218
4.06112
3.91438
3.96242
3.94281
4.07599
3.89699
4.11471
4.11414
3.90804
3.95817
4.06425
3.92414
3.95665
4.00328
3.94273
3.96935
3.91205
3.93513
3.84954
4.01765
3.98534
5.74997
4.06358
4.14142
3.97742
3.94539
5.47651
4.02289
3.90817
6.04843
4.09811
3.93079
5.63807
3.93356
5.97967
3.83528
3.93939
3.94855
3.84137
3.96002
3.81267
3.98517
4.02361
4.00884
4.18014
3.9177
4.23647
4.31058
3.88599
4.16742
4.01728
4.11404
4.30385
3.95568
3.98496
4.11593
5.7103
4.19789
5.41317
4.99765
3.99775
4.09716
3.91657
3.92995
4.11307
4.13814
4.03319
4.03672
4.31792
5.50233
4.07455
3.9158
4.16644
4.1431
4.1994
3.97716
4.45497
4.2689
3.9872
3.97271
4.09785
4.14452
4.09377
3.96316
3.96309
3.90979
