14.2945
12.6227
15.6508
12.4937
12.5814
12.7081
13.9496
12.5232
13.1114
12.3288
12.6865
13.2767
12.3751
12.7312
12.364
12.5455
12.101
13.3344
12.3787
13.6581
12.5353
12.9211
12.2879
12.4614
12.5378
14.0584
12.6396
13.1853
14.0451
12.4823
13.8371
12.735
13.1981
15.3663
12.7454
12.6006
12.5255
13.1312
13.9502
13.5178
12.6361
12.7783
13.3384
13.0096
13.5482
17.9455
12.7257
16.2746
13.1932
13.2241
14.3502
12.6202
12.7289
12.9698
13.0471
13.5558
13.2637
13.0277
13.3117
13.0079
15.9147
12.9131
14.4925
12.5697
13.2748
12.7591
13.2865
13.4498
13.4257
13.5408
13.315
12.4723
12.4827
18.2003
12.5064
17.6001
13.7672
12.3083
13.2871
14.3748
15.4485
14.046
12.8288
12.8213
12.9519
12.8192
12.9005
13.0393
12.9387
12.188
13.2356
12.1208
13.0136
12.8749
12.3838
13.1176
12.3732
12.4994
11.9394
12.3539
