1.82348
1.31536
1.21057
1.80091
1.82156
1.98885
1.17595
1.81785
1.21789
1.62117
1.17636
1.8414
1.1932
1.20149
1.20275
1.39526
1.24197
1.23167
1.23751
1.16491
1.17839
1.23275
1.20698
1.23271
1.21671
1.18539
1.18691
1.20127
1.18731
1.15955
1.30852
1.21637
1.19483
1.24382
1.23144
1.48526
1.22493
1.16567
1.19862
1.20622
1.31481
1.23021
1.27682
1.16383
1.25879
1.42655
1.29667
1.16393
1.19671
1.24139
1.20238
1.25576
1.70159
1.22935
1.46159
1.24782
1.20602
1.22395
1.20486
1.25167
1.22992
1.24587
1.23649
1.33406
1.16599
1.21643
1.25894
1.79838
1.17787
1.23534
1.18991
1.18795
1.45712
1.30689
1.23164
1.25941
1.23553
1.37326
1.3463
1.19141
6.64809
1.22636
1.29492
1.20663
1.84185
1.18467
1.21483
2.0767
1.19874
1.16921
1.18376
1.26166
1.58147
1.86942
1.23114
1.16682
1.18017
1.16324
1.24845
1.21059
