0.828928
0.957624
0.806079
0.81652
0.798955
1.49435
0.865616
1.26674
0.806201
1.30152
0.820965
1.27432
0.800069
0.851828
0.818499
0.81151
0.792496
0.845174
0.843241
0.810136
0.812047
0.809557
0.838048
0.797953
0.797294
0.811221
0.81818
0.828679
0.89019
0.803894
0.816771
0.817403
0.820427
0.817923
0.805848
0.79665
0.794701
0.813259
0.827283
0.818243
0.800857
0.812932
0.821911
0.91859
0.812796
0.789495
0.879834
0.805285
0.822519
0.819002
0.893759
0.828529
1.26509
0.801932
0.793221
0.811959
1.27466
0.838345
0.822351
0.824948
0.799336
0.84518
0.806789
0.781769
0.816588
0.801689
0.819861
1.04254
0.798366
0.823754
0.813253
0.835423
0.795992
0.815856
1.07416
0.818322
0.81523
1.32174
0.900203
0.810115
1.24322
0.80245
0.805539
1.35332
1.26513
1.27442
0.836234
0.843151
0.812497
0.887841
1.4006
0.814818
0.807026
0.82584
0.803786
0.810528
0.84393
0.821079
0.846337
0.816421
