11.5587
11.1594
11.2161
12.068
11.7469
11.1869
11.5445
11.5005
11.6358
11.7286
11.6315
11.3432
12.1002
12.027
11.4834
11.8167
14.9652
11.8966
11.1291
12.8853
12.2433
11.256
11.5998
12.7839
11.2453
11.3934
11.7921
12.4946
14.7023
11.8328
17.3678
13.9827
11.1212
11.589
12.2706
11.3133
11.4204
11.6497
11.4876
13.0702
11.8324
11.2941
11.5584
11.4456
10.8153
11.5487
11.8278
11.6019
14.4006
11.0663
12.0906
12.8622
11.7461
11.8219
12.309
12.2582
13.0392
12.7328
11.4356
11.767
11.5508
11.5806
13.091
11.5066
11.4722
11.204
12.055
11.5366
11.1713
11.4266
11.8073
11.7798
12.9788
11.4544
11.3054
12.039
11.2801
10.8264
12.1575
11.5218
18.2687
11.645
11.3353
11.7985
11.341
11.5877
12.8244
11.8595
11.6102
12.4338
12.5385
12.5042
12.4326
14.9178
11.1675
14.3911
13.9329
11.797
15.6737
15.9691
