1.48535
1.48741
1.5546
1.56145
1.41707
1.62896
1.78952
1.6637
1.61063
1.46407
1.43648
1.60747
1.41872
1.6206
1.57202
1.58299
1.43016
1.43934
1.35032
1.47748
1.50437
1.39661
1.42147
1.43234
1.41031
1.43875
1.54763
1.55192
1.39714
1.40489
1.4991
1.38081
1.45436
1.38007
1.39398
1.61264
1.52568
1.41546
1.50986
1.44775
1.45915
1.62043
1.86118
1.40148
1.48617
1.67443
1.42221
1.61958
1.61713
1.42403
1.50411
1.4136
1.44348
1.56387
1.70206
1.50921
1.41984
1.46411
1.38209
1.59911
1.49643
1.37259
1.59584
1.51326
1.38573
1.40517
1.46169
1.37276
1.38424
1.39816
1.51438
1.47538
1.40587
1.38816
1.41048
1.43209
1.38864
1.55897
1.32955
1.39482
1.38725
1.35344
1.61868
1.61767
1.45418
1.36116
1.57648
1.39864
1.34566
1.83356
1.44748
1.39326
1.4502
1.41139
1.38671
1.5701
1.39693
1.38288
1.43
1.49888
3.90249
3.82275
3.83411
4.36279
3.84118
4.17631
3.89968
3.72804
3.84233
3.90734
4.1141
3.83056
4.28682
4.07672
3.88324
4.04821
4.11937
4.06687
3.92761
4.03542
3.70616
4.00172
4.16425
4.31131
4.26616
3.92881
3.78478
4.09292
4.54615
3.86137
4.07118
4.17636
3.92778
4.05621
4.26867
3.79203
4.29911
3.79862
3.84748
4.02986
4.11873
3.70286
4.2613
4.07329
3.70342
4.17841
3.89565
4.08866
4.15194
4.1678
3.89355
3.81853
4.06823
3.88193
3.97834
3.98792
4.85921
4.13874
3.67685
3.83769
3.88169
3.87962
3.91786
3.81718
4.15899
3.9041
3.76048
3.8469
3.80767
4.48632
3.75292
3.94939
4.3191
3.91714
3.75237
4.19126
3.85317
3.85284
3.94175
4.10736
3.93527
3.8058
4.09625
4.05802
3.9671
3.87423
3.85539
3.69633
3.88698
3.94871
4.10358
4.0665
4.14766
4.22636
3.99923
3.9064
3.80915
3.92791
4.42603
3.8609
6.54439
7.20584
6.98574
6.6692
6.27179
6.56506
6.64058
6.88167
6.5796
6.59653
7.01677
7.79077
6.9305
6.95015
7.21949
6.26307
7.13431
6.6718
6.76388
6.42724
6.35375
6.49713
6.52463
6.40829
6.24429
6.65911
6.47637
6.48846
6.37094
6.29568
6.4356
6.21652
6.92318
6.53086
6.80327
6.32123
6.17984
6.41094
6.64078
6.40667
6.449
6.70657
6.27122
6.57756
6.49312
6.7155
6.37642
6.30199
6.40281
6.55056
6.76506
6.63425
6.98715
6.65351
6.52894
6.49371
6.83412
6.42349
6.59033
7.1672
6.75802
7.83276
7.77464
6.88916
6.85533
7.63709
6.44428
6.85581
6.66357
6.56877
6.62094
10.7849
11.1914
6.97691
6.69899
7.07905
7.08261
6.68929
6.65358
7.83138
7.06958
6.78094
6.77538
6.33801
6.3143
6.50482
9.2401
6.90002
7.18397
7.28746
8.01652
6.78632
6.81619
7.37031
9.67531
8.59458
6.49296
6.8297
7.62653
6.57902
11.3205
10.0447
12.9188
9.6077
11.3238
12.2608
9.4114
10.4263
9.52096
11.2941
9.73556
9.50448
9.81571
9.40794
9.76714
10.4426
9.76006
9.376
9.67461
9.65009
9.59087
9.21332
10.9456
10.1907
10.509
9.88271
10.802
9.26957
9.89361
9.5834
9.832
9.68772
9.77018
10.4943
9.52104
9.41001
9.77328
9.54717
10.0006
10.1463
9.8544
10.3691
9.82297
9.47747
9.77078
9.15863
9.17935
9.45222
11.3795
9.40392
9.30213
10.5353
10.6298
10.3115
10.8843
9.34359
10.5228
11.2118
9.51375
10.0685
9.28929
10.7786
10.3929
10.1832
10.8037
9.70004
9.46979
9.40052
9.89944
9.48533
9.88352
10.5395
10.7062
9.89726
9.33468
10.3206
9.88441
9.67673
9.30894
9.47929
9.27768
11.1964
11.4096
9.91688
10.4296
10.6148
10.9765
9.31854
9.38682
9.6389
10.6861
11.7757
10.0197
9.97564
9.20488
9.4372
9.88417
10.9952
11.4223
11.0464
