35.0742
33.6016
34.3638
35.2866
35.4772
33.8926
34.6613
36.9242
34.9659
35.369
33.9215
36.0736
34.6907
34.5956
34.4637
35.1088
33.9881
33.9603
34.7141
34.9795
37.2515
35.4115
35.1723
34.2301
34.6262
34.7355
34.1083
37.1433
35.941
35.2955
34.5219
33.3891
34.6359
37.43
34.3345
34.5917
34.4545
34.4054
37.2439
36.1867
34.1157
34.216
37.4371
34.6046
33.4048
34.964
33.7041
35.4147
33.4689
35.8496
35.7236
33.8952
34.4617
34.3439
34.3733
33.7126
34.0794
34.8562
35.9181
33.5745
34.1368
34.1489
36.1177
35.6612
34.0514
35.1157
34.0295
34.7742
34.0243
37.6641
36.4267
35.5767
34.0733
34.7917
34.6456
34.3222
34.7559
34.0782
34.9031
34.283
34.4493
35.7668
34.5719
33.3084
34.5299
33.5355
34.815
35.2749
36.6658
34.2091
34.6411
35.0679
34.9467
33.9301
33.6395
38.0134
34.8
34.0011
34.1358
33.7774
