1.48535
1.48741
1.5546
1.56145
1.41707
1.62896
1.78952
1.6637
1.61063
1.46407
1.43648
1.60747
1.41872
1.6206
1.57202
1.58299
1.43016
1.43934
1.35032
1.47748
1.50437
1.39661
1.42147
1.43234
1.41031
1.43875
1.54763
1.55192
1.39714
1.40489
1.4991
1.38081
1.45436
1.38007
1.39398
1.61264
1.52568
1.41546
1.50986
1.44775
1.45915
1.62043
1.86118
1.40148
1.48617
1.67443
1.42221
1.61958
1.61713
1.42403
1.50411
1.4136
1.44348
1.56387
1.70206
1.50921
1.41984
1.46411
1.38209
1.59911
1.49643
1.37259
1.59584
1.51326
1.38573
1.40517
1.46169
1.37276
1.38424
1.39816
1.51438
1.47538
1.40587
1.38816
1.41048
1.43209
1.38864
1.55897
1.32955
1.39482
1.38725
1.35344
1.61868
1.61767
1.45418
1.36116
1.57648
1.39864
1.34566
1.83356
1.44748
1.39326
1.4502
1.41139
1.38671
1.5701
1.39693
1.38288
1.43
1.49888
3.90249
3.82275
3.83411
4.36279
3.84118
4.17631
3.89968
3.72804
3.84233
3.90734
4.1141
3.83056
4.28682
4.07672
3.88324
4.04821
4.11937
4.06687
3.92761
4.03542
3.70616
4.00172
4.16425
4.31131
4.26616
3.92881
3.78478
4.09292
4.54615
3.86137
4.07118
4.17636
3.92778
4.05621
4.26867
3.79203
4.29911
3.79862
3.84748
4.02986
4.11873
3.70286
4.2613
4.07329
3.70342
4.17841
3.89565
4.08866
4.15194
4.1678
3.89355
3.81853
4.06823
3.88193
3.97834
3.98792
4.85921
4.13874
3.67685
3.83769
3.88169
3.87962
3.91786
3.81718
4.15899
3.9041
3.76048
3.8469
3.80767
4.48632
3.75292
3.94939
4.3191
3.91714
3.75237
4.19126
3.85317
3.85284
3.94175
4.10736
3.93527
3.8058
4.09625
4.05802
3.9671
3.87423
3.85539
3.69633
3.88698
3.94871
4.10358
4.0665
4.14766
4.22636
3.99923
3.9064
3.80915
3.92791
4.42603
3.8609
