9.20587
9.59907
9.55922
9.23607
9.84966
9.42237
9.25935
11.2302
9.77206
9.73723
9.3694
11.1922
14.1064
9.55874
11.5765
13.4853
14.0182
12.4137
9.529
12.5266
9.58459
12.6242
10.9771
12.8768
9.3731
14.4573
13.2239
9.78021
10.0501
9.52266
13.893
9.79556
10.9587
9.26136
9.3806
9.32484
9.35592
11.2033
9.40345
13.8037
10.6134
10.9042
12.5535
9.34835
9.30679
9.36022
9.44125
9.28551
9.74623
9.65772
9.1011
9.4356
9.52788
9.76095
9.25966
9.37899
9.42662
9.55222
9.47176
9.22525
9.65486
9.62012
9.41808
9.53364
9.45264
9.64888
9.75416
9.35026
9.94608
9.55354
9.26066
8.97765
9.29853
9.64091
9.59562
9.45631
9.27282
9.80683
9.73981
9.56665
10.1106
9.32051
9.31772
10.2833
9.60019
11.3115
9.61639
9.4011
9.85934
9.33023
11.4657
9.48326
9.66097
9.37054
9.63622
9.28311
9.6634
9.64029
9.42485
9.38035
