0.000701812
0.000906304
0.000770991
0.000755813
0.000673037
0.000895086
0.000984262
0.000761868
0.000679901
0.000823418
0.000749426
0.00087504
0.000690952
0.00070219
0.000638205
0.000730056
0.000880087
0.000912719
0.000848382
0.000757631
0.000746633
0.000694649
0.000727191
0.000680337
0.000641696
0.000763587
0.000676275
0.000796164
0.000883141
0.000839942
0.000688616
0.000899914
0.000631055
0.000674975
0.000747518
0.000659013
0.000669949
0.000716739
0.000653876
0.000663678
0.000679653
0.000631162
0.000737394
0.000730159
0.000822874
0.000754574
0.000767711
0.000732943
0.000719481
0.000625428
0.000653782
0.000897241
0.00076642
0.000989488
0.000763286
0.00069703
0.000693541
0.000633004
0.000724389
0.000744169
0.000664816
0.000615335
0.000766735
0.000717035
0.000626947
0.000674188
0.000656625
0.000666774
0.000706616
0.000685261
0.00065677
0.000687112
0.000762624
0.000745326
0.000727857
0.000802873
0.000649682
0.000998832
0.000647894
0.000731744
0.000772951
0.0006621
0.000660807
0.000692707
0.000686922
0.000778563
0.000617561
0.000643437
0.000912665
0.000705961
0.000715247
0.000689696
0.000766172
0.000727025
0.000743016
0.000664247
0.000988174
0.000821548
0.000631552
0.000645964
0.000698157
0.000670313
0.000696357
0.000668329
0.000673856
0.000659399
0.000816157
0.000672747
0.000658155
0.000694393
0.000627256
0.000642827
0.000684224
0.000775313
0.000647928
0.000621309
0.000632124
0.000687735
0.000910911
0.000656119
0.00094616
0.00108832
0.000728958
0.000643269
0.000641417
0.000822424
0.000955447
0.000871858
0.000815067
0.00073793
0.00071764
0.00066683
0.000740268
0.000793682
0.000638825
0.000721802
0.000683734
0.000639283
0.000644983
0.000642497
0.000632336
0.000641906
0.000658414
0.000710319
0.000727092
0.000666241
0.000679059
0.00063922
0.00064572
0.000729588
0.000970219
0.000909219
0.000856086
0.000809251
0.000635115
0.000707855
0.00073077
0.000647924
0.000627115
0.000927139
0.00066455
0.000686013
0.000749838
0.00097428
0.000625076
0.000675011
0.000782511
0.000718408
0.000783187
0.000642002
0.000718609
0.000668422
0.000656136
0.000661207
0.000827739
0.000659465
0.000721486
0.000635909
0.000676008
0.000638149
0.000756437
0.000652402
0.000683213
0.000652328
0.000818675
0.000655506
0.000639461
0.000774919
0.000729701
0.000633795
0.000641918
0.000765188
0.000641523
0.000771048
0.000696241
0.000743184
0.000689971
0.000654121
0.000876232
0.000803734
0.000697743
0.000800693
0.000636382
0.000701325
0.000729623
0.000765635
0.000635066
0.000722119
0.000776006
0.000605313
0.000655495
0.00067685
0.000771254
0.000655281
0.00105926
0.000821668
0.000775315
0.000662896
0.000995697
0.000641484
0.000764585
0.000822993
0.00103405
0.00100239
0.000981369
0.000636608
0.000923988
0.000844176
0.000634353
0.000630717
0.000640501
0.000671776
0.000673977
0.000665062
0.000710097
0.000940181
0.000735153
0.000755626
0.000939576
0.00108711
0.00101311
0.000998347
0.000841435
0.000791475
0.000690171
0.000841628
0.000746254
0.000890504
0.000737439
0.000646376
0.000652904
0.000680828
0.000672332
0.000697841
0.000652899
0.000860866
0.0010057
0.000639595
0.000659215
0.000958882
0.00108106
0.000733092
0.000838726
0.000676296
0.000693226
0.00075484
0.000974476
0.000621885
0.0007632
0.000638536
0.000852962
0.000690573
0.000649419
0.000637538
0.000690632
0.000636539
0.000634896
0.000620891
0.000650563
0.000643364
0.000679458
0.000656056
0.000653186
0.000669685
0.000652595
0.000733338
0.000739821
0.000740118
0.000631791
0.000659515
0.000809392
0.000687822
0.000819442
0.000697237
0.000745766
0.000632526
0.000647374
0.000663502
0.000756226
0.000804595
0.000648446
0.000641136
0.000651133
0.000641067
0.000623583
0.000694982
0.000654865
0.000633189
0.000622338
0.000714902
0.000692752
0.000649835
0.00062374
0.000636898
0.000678299
0.000667391
0.000625842
0.000726858
0.000727422
0.000835618
0.000677398
0.000769546
0.000639582
0.000646547
0.00064453
0.000657486
0.000638807
0.000649838
0.000639198
0.000628289
0.000695512
0.000624924
0.00065277
0.000673677
0.000654639
0.000648359
0.000885002
0.000821509
0.000883885
0.000708627
0.00063028
0.000688171
0.000707951
0.000654538
0.00065473
0.000607499
0.000681297
0.000703741
0.000650014
0.000713247
0.000753585
0.000805353
0.000623811
0.000663852
0.00067318
0.000726776
0.000716481
0.000695115
0.000642332
0.000630841
0.000626044
0.000652566
0.000685797
0.000893374
0.000706599
0.000615975
0.000646237
0.000655491
0.000707943
0.000685845
0.000755625
0.000614353
0.000813682
0.000608757
0.00067301
0.000706852
0.000680235
0.000733118
0.000749029
0.000664679
0.000660871
0.000652038
0.000749871
0.000667247
0.000667884
0.00065205
0.000653174
0.000648261
0.000690248
0.000658162
0.000713054
0.000635352
0.000701651
0.000686591
0.000626489
0.00067467
0.000759402
0.000648881
0.00072268
0.000666861
0.000640201
0.000649005
0.000677072
0.000788502
0.000654202
0.000649706
0.000688774
0.000671911
0.00074479
0.000647905
0.000633108
0.000639972
0.000629267
0.000612004
0.000628004
0.000599206
0.000719601
0.000654135
0.000694509
0.000758016
0.000756404
0.000623675
0.000685353
0.000621385
0.000631192
0.000636137
0.000635159
0.000615801
0.000635996
0.000729145
0.00071724
0.000729229
0.00065311
0.000777923
0.000821339
0.000731931
0.000650177
0.000662615
0.000653657
0.000649332
0.000700446
0.000834754
0.000639027
0.000668225
0.000811634
0.000677593
0.000844335
0.000709861
0.000704157
0.000626381
0.000935304
0.000737157
0.000908104
0.000897776
0.000977821
0.000658539
0.000653699
0.00065899
0.000786557
0.000738983
0.00086785
0.000638278
0.000813501
0.000671549
0.0009303
0.000812329
0.000811513
0.000809475
0.000686091
0.000856388
0.000702225
0.000813272
0.000660031
0.000693512
0.000678692
0.000787379
0.000689647
0.000727157
0.000635514
0.000716021
0.000660593
0.000703549
0.000682599
0.000648084
0.000684268
0.000633555
0.000646076
0.000637151
0.000623521
0.000639188
0.000760352
0.000643918
0.00071052
0.000685886
0.000632287
0.000684886
0.000624138
0.000732439
0.000694814
0.000668549
0.000703272
0.000657725
0.000691206
0.000657664
0.000643151
0.000663519
0.00072907
0.000744219
0.000635432
0.000707191
0.000637346
0.000665931
0.000648231
0.000644807
0.000649229
0.000651927
0.00070517
0.000764372
0.000688261
0.000710101
0.000689559
0.000690657
0.000654183
0.000698456
0.000667156
0.000664724
0.000704093
0.000786175
0.000635907
0.000659913
0.000630326
0.00062022
0.000828294
0.000627219
0.000649796
0.00062397
0.000661927
0.000653664
0.000657333
0.000688768
0.000622651
0.000675616
0.00064186
0.000731845
0.000659584
0.00064481
0.000672063
0.000657741
0.000613132
0.000690852
0.000646543
0.000621183
0.000642633
0.000739175
0.000761562
0.000623917
0.000695339
0.000624942
0.00069242
0.000653097
0.000636729
0.000658882
0.000655737
0.000647281
0.000633571
0.00063743
0.000626699
0.000667283
0.000679885
0.000652323
0.00074625
0.000653041
0.000622384
0.000728176
0.000667959
0.000675632
0.00063784
0.000632726
0.000647397
0.000722938
0.00125407
0.000709714
0.000641661
0.000765813
0.0006694
0.000754733
0.000814316
0.000666912
0.000740255
0.000648342
0.000632982
0.000657886
0.000631628
0.000643337
0.000776257
0.000789282
0.000742082
0.000643981
0.000654898
0.000716658
0.000792097
0.00077004
0.000831134
0.000717584
0.000913622
0.000704061
0.000682042
0.00062055
0.000877431
0.000669466
0.000827526
0.000676891
0.000634489
0.000727408
0.000648493
0.000655997
0.000640203
0.000640067
0.000677798
0.000936879
0.000629492
0.000723455
0.000656127
0.000688528
0.000726748
0.000668649
0.000838453
0.000665444
0.000721002
0.000702559
0.000673343
0.000633174
0.000631836
0.000609384
0.000647406
0.00068261
0.000641525
0.00064871
0.000633338
0.000627006
0.00076157
0.000776027
0.000954456
0.000653672
0.000647914
0.000680314
0.000630749
0.000787231
0.000720697
0.000696519
0.000604237
0.000656203
0.000662823
0.000643867
0.00074148
0.000666747
0.000699238
0.00064921
0.000828081
0.000774606
0.000684499
0.000636765
0.000647182
0.000651916
0.000669963
0.000632294
0.000723162
0.000628195
0.000702661
0.00068832
0.000727242
0.000700434
0.000652244
0.000711831
0.000781288
0.000651575
0.00070617
0.000773141
0.000678527
0.000684657
0.000733764
0.000635331
0.000709789
0.000804592
0.000726725
0.000623442
0.000733576
0.000631873
0.000639476
0.000609873
0.000619198
0.000843995
0.000750498
0.000660309
0.000667062
0.00071496
0.00069931
0.000638949
0.000755209
0.000740291
0.000768912
0.000661574
0.000642196
0.000681128
0.000685081
0.000657914
0.000642965
0.000649041
0.000627087
0.000667733
0.000637269
0.000641614
0.000637505
0.000622376
0.000624438
0.00070814
0.00062874
0.000643932
0.000635448
0.000650741
0.000632454
0.000741815
0.000677912
0.000677267
0.000686375
0.000748046
0.000962777
0.000665482
0.000644226
0.000709022
0.00075077
0.000726766
0.000653356
0.000788986
0.000867204
0.000871006
0.000804813
0.000642147
0.0008385
0.000652998
0.000670821
0.000674504
0.000828107
0.000719934
0.000831599
0.00103429
0.000701075
0.000684075
0.000885269
0.000805024
0.000694214
0.00123066
0.000914673
0.00101288
0.000940267
0.000858674
0.000663009
0.0007629
0.000765431
0.000738316
0.000647608
0.000657201
0.00064826
0.000704987
0.000707785
0.000682867
0.00080013
0.000774878
0.000638289
0.000724604
0.000897633
0.000688594
0.000725117
0.000659012
0.000671075
0.000757403
0.000715967
0.000765658
0.00064632
0.000762703
0.000626642
0.000659692
0.000647897
0.000666885
0.000628386
0.000676275
0.000717278
0.00061084
0.000647383
0.000630004
0.000705225
0.000730386
0.000688368
0.000629318
0.00070698
0.000740858
0.000631051
0.000828006
0.000708655
0.000770603
0.000649043
0.000662789
0.000667969
0.000823148
0.000777868
0.000621858
0.000636751
0.000686436
0.000638898
0.000710148
0.000656371
0.000633843
0.000662806
0.000723398
0.000624036
0.000652702
0.000726765
0.000698096
0.000647166
0.000676566
0.000779831
0.000667554
0.000689983
0.000677729
0.000833098
0.000800985
0.000664791
0.00062962
0.000713331
0.000619943
0.000732115
0.000644807
0.00068304
0.000632605
0.000644754
0.000651943
0.000615528
0.000717603
0.000711622
0.000664242
0.000658692
0.000642802
0.000750105
0.00062462
0.000736698
0.000764198
0.000726104
0.000656451
0.000667483
0.000816145
0.000782791
0.00063111
0.000679987
0.000667621
0.000735928
0.000651856
0.000668669
0.000626588
0.000666774
0.000705361
0.000638786
0.000668201
0.000639746
0.000662808
0.000712733
0.000932286
0.000675381
0.000749079
0.000630472
0.000633992
0.000655816
0.000717493
0.000899079
0.000746417
0.000715141
0.000687992
0.000647589
0.00076434
0.000730485
0.000645962
0.00074829
0.000644154
0.000635871
0.00067864
0.000645762
0.000655899
0.000674437
0.000614486
0.000626947
0.000847977
0.000761161
0.000637763
0.00065335
0.000844572
0.000651335
0.000646972
0.000762839
0.000623637
0.000657142
0.000832053
0.000662911
0.000640829
0.000719451
0.000784629
0.000725647
0.000750614
0.000814559
0.000659073
0.000751066
0.000936625
0.000960529
0.000654187
0.000658941
0.000689324
0.000707124
0.000650923
0.000728353
0.000704169
0.000880346
0.000866818
0.000833199
0.000922842
0.00108161
0.000696786
0.000787317
0.000697239
0.000969257
0.000682667
0.000645612
0.000705244
0.000919983
0.000641544
0.000704146
0.000634268
0.000808031
0.000723395
0.00123361
0.000946806
0.000989465
0.00103517
0.00114742
0.000971409
0.000690266
0.000847157
0.000641597
0.000811365
0.00077224
0.00076763
0.000739781
0.000616969
0.000732184
0.000684513
0.000756641
0.000707593
0.000724414
0.000709491
0.000805112
0.000639188
0.000705296
0.000668022
0.000626762
0.000681465
0.00080951
0.000942603
0.000842996
0.00102991
0.000667029
0.000944826
0.000722277
0.000821511
0.000874623
0.000725553
0.00067625
0.000691829
0.000657379
0.000680753
0.000686041
0.00078913
0.000622877
0.000717572
0.000742478
0.000636682
0.000826454
0.000662398
0.000711479
0.000725756
0.00077251
0.000710165
0.000862203
0.000681409
0.000652539
0.000624168
0.000795913
0.000980159
0.000940936
0.000691682
0.000662322
0.000678265
0.000618724
0.000699608
0.000940585
0.00116061
0.0010406
0.00100006
0.000982128
0.00174389
0.00144743
0.00115179
0.00114665
0.000681722
0.000670358
0.000739753
0.000728544
0.00078637
0.000830701
0.000656032
0.000957119
0.00105239
0.00106173
0.000722655
0.000810078
0.000857875
0.00107752
0.000943083
0.000958202
0.000747868
0.00101283
0.00194924
0.000951463
0.00125045
0.00141037
0.000679673
0.000704162
0.000689258
0.0007083
0.000882465
0.000679871
0.000788199
0.000664223
0.000784421
0.000662771
0.000823813
0.00073848
0.000668232
0.000684643
0.000681569
0.00067612
0.00067488
0.000728359
0.000634277
0.000741103
0.000712946
0.000646449
0.000746988
0.000662825
0.000620261
0.000602072
0.000720371
0.000690696
0.000677231
0.000810549
0.000691331
0.000762553
0.000684579
0.000746482
0.000722217
0.00111706
0.00120126
0.000858613
0.000845815
0.00113298
0.000732038
0.000633292
0.000622179
0.000630779
0.000774911
0.000725427
0.000699284
0.000637164
0.000716918
0.000658716
0.000650253
0.000729862
0.000655721
0.000687275
0.000855248
0.000627906
0.000716087
0.000655376
0.000761636
0.000686106
0.000683489
0.000703986
0.000979079
0.00100917
0.000997688
0.00068972
0.00104971
0.00108185
0.00100158
0.000996287
0.000619383
0.000663524
0.000693611
0.000650489
0.000633255
0.000783182
0.000706745
0.000692357
0.000658633
0.00064674
0.000633004
0.000637861
0.000689987
0.000821353
0.000695381
0.00068686
0.00073413
0.000653505
0.000645856
0.000688348
0.000731818
0.000617708
0.00069983
0.000656927
0.000630998
0.000678574
0.000971897
0.00105353
0.000959842
0.00104603
0.000981475
0.00091573
0.000887996
0.000753231
0.000723449
0.000842809
0.000996816
0.000986251
0.00111472
0.00102361
0.000624248
0.000651765
0.000651855
0.00064945
0.000640154
0.000672856
0.000652717
0.000673837
0.000631835
0.000730518
0.000641883
0.000649221
0.000640698
0.000626876
0.000695361
0.00065202
0.000639447
0.00089554
0.000656922
0.000729174
0.000988807
0.000731598
0.000650027
0.000737671
0.000882806
0.00090661
0.000791261
0.000691346
0.000734705
0.000804333
0.000681384
0.000632863
0.000628448
0.00083616
0.000647243
0.000724608
0.000616124
0.000646865
0.000651336
0.000639451
0.000672722
0.000639132
0.000659479
0.000664186
0.00069472
0.00101321
0.000680132
0.000622526
0.00063501
0.000678258
0.000651085
0.000668534
0.000653681
0.000758325
0.000642167
0.000730905
0.000737843
0.000641577
0.000721485
0.000669889
0.000635595
0.00070278
0.000759672
0.000645068
0.000635262
0.000665524
0.000656515
0.000677737
0.000662157
0.000648929
0.000688492
0.000705278
0.000651972
0.00064761
0.000658094
0.000745132
0.000663919
0.000705008
0.000615396
0.000631463
0.000663073
0.000663465
0.000744113
0.000665926
0.000689661
0.000643285
0.000695284
0.000725777
0.000642153
0.000634412
0.00066363
0.000612664
0.000682109
0.000685654
0.000751551
0.000863357
0.000778851
0.000674602
0.0006455
0.000697497
0.000640796
0.000695435
0.000710888
0.000655572
0.000620874
0.000636211
0.000705213
0.000706988
0.000673261
0.000845626
0.000871383
0.000693941
0.000648665
0.000634125
0.000804483
0.000675039
0.000626387
0.000638074
0.000784528
0.000692031
0.000640978
0.000800899
0.00081602
0.000643762
0.000699823
0.000735426
0.000668396
0.000668222
0.000692161
0.000611725
0.000664437
0.000641188
0.000646161
0.00065812
0.000813458
0.000630747
0.000607527
0.000615636
0.000877896
0.000637827
0.000664551
0.000633577
0.000748955
0.000671888
0.00065417
0.000765828
0.000649069
0.000683524
0.000679215
0.00105746
0.000606617
0.000726785
0.000668766
0.000881662
0.000839371
0.000665667
0.000691427
0.000702379
0.000673057
0.000727186
0.000793422
0.000689266
0.000658144
0.000686913
0.000753929
0.000749192
0.000628828
0.000775356
0.000694901
0.000624143
0.000741518
0.00070387
0.000737614
0.000766567
0.00066144
0.000789288
0.000616077
0.000684397
0.000689199
0.000718733
0.00071911
0.00078906
0.000713381
0.000716678
0.00068148
0.000612206
0.000704172
0.000691469
0.000687783
0.000719707
0.000625569
0.000641583
0.000802822
0.000650367
0.000733946
0.000818726
0.000641616
0.000663491
0.000683609
0.000716552
0.000691503
0.000666477
0.000789371
0.000871174
0.000668838
0.000754825
0.000790283
0.00065055
0.00067452
0.000813236
0.000639024
0.000666683
0.000641641
0.000675175
0.000644868
0.000647759
0.000629021
0.000671539
0.000697109
0.000663414
0.000824
0.000775789
0.000877722
0.000731725
0.000634601
0.000649778
0.000642888
0.000646398
0.000663695
0.000707163
0.00066788
0.000671944
0.000667493
0.000636801
0.000635508
0.000672408
0.000645564
0.000664267
0.000814129
0.000647702
0.000648521
0.000653398
0.000669162
0.000634787
0.000654324
0.000607618
0.000684755
0.00074071
0.000724482
0.000802992
0.000767513
0.000681816
0.00063474
0.000647535
0.000668798
0.000748059
0.000666366
0.000664259
0.000639506
0.000645839
0.000653142
0.000692734
0.000660701
0.000765175
0.000666699
0.000629195
0.000651617
0.000648241
0.000677166
0.000664517
0.000628896
0.00066941
0.000674393
0.000776827
0.000660154
0.000701415
0.000662207
0.000711687
0.000670872
0.000628695
0.000717348
0.000667417
0.000744078
0.000670321
0.000683896
0.000601742
0.000811448
0.000727847
0.000700672
0.000732027
0.000704575
0.00064748
0.000624372
0.00063339
0.000640991
0.00061789
0.000621638
0.000649378
0.000730096
0.00068776
0.000748355
0.00066566
0.000678977
0.000756637
0.000662863
0.000636929
0.000628082
0.000634768
0.000724038
0.000681619
0.000777841
0.00069185
0.000626181
0.000671454
0.000643897
0.000667148
0.000629271
0.000627197
0.000671848
0.000684454
0.000606882
0.000798314
0.000651563
0.000683558
0.000643184
0.000681162
0.000700978
0.000670535
0.000696192
0.000750747
0.000721004
0.000649132
0.000654682
0.000783674
0.000640156
0.000833781
0.000715059
0.000805998
0.000680296
0.000604501
0.000655866
0.000643149
0.000671961
0.0007142
0.000630487
0.000617228
0.000650194
0.000645629
0.000645555
0.000630865
0.000633854
0.000663566
0.000678825
0.000809152
0.000919216
0.000632295
0.000635942
0.000721436
0.000683489
0.00076602
0.000663181
0.000716811
0.000648322
0.000783964
0.000626487
0.000730901
0.000654006
0.000634563
0.000669519
0.000794277
0.000702512
0.00072524
0.000640502
0.000655955
0.000655671
0.000653736
0.00065296
0.000635399
0.000724551
0.000672337
0.000709514
0.000670469
0.000642706
0.00062621
0.000630859
0.000776678
0.000834072
0.000740361
0.000779995
0.000668754
0.000670899
0.000685252
0.000644743
0.000634037
0.000626654
0.000666694
0.000657886
0.000686116
0.000655656
0.000727155
0.00104259
0.000683405
0.000852397
0.000638062
0.000735248
0.000698415
0.000721548
0.000638514
0.000653964
0.000631763
0.000636255
0.000617578
0.000803889
0.000663301
0.000845212
0.000611374
0.000621968
0.000644587
0.000663391
0.000624419
0.000644119
0.000626136
0.00062038
0.000655559
0.000650529
0.000635895
0.000681847
0.000639972
0.000643418
0.000649281
0.000734806
0.000702564
0.000659696
0.000695653
0.000666188
0.000645271
0.000713189
0.000638278
0.000677382
0.000700829
0.000653949
0.000837612
0.000647108
0.000755692
0.00061023
0.000661599
0.000635054
0.000696433
0.000659302
0.000655867
0.000607538
0.000695536
0.000658646
0.000769241
0.000641026
0.000765748
0.000638515
0.000639413
0.000823813
0.000629026
0.0006352
0.000820355
0.000655348
0.000736444
0.000697536
0.000797656
0.000667495
0.000678325
0.000665613
0.000914337
0.000632777
0.000672695
0.000659809
0.000661361
0.000655709
0.000612151
0.00109871
0.000966591
0.000651492
0.000694074
0.000666954
0.000704917
0.000740823
0.00123362
0.000666192
0.000620178
0.000650656
0.000773829
0.000700569
0.000666268
0.00102451
0.000669176
0.000669753
0.000831538
0.000695256
0.000720523
0.000872609
0.000636832
0.000687988
0.000906529
0.000747163
0.000663375
0.000697424
0.000690397
0.000657908
0.000649447
0.000611476
0.000773602
0.000656938
0.000757256
0.000670896
0.000671588
0.000748781
0.000761819
0.000629297
0.000722718
0.000677902
0.000745575
0.00111395
0.000853518
0.000751574
0.00066219
0.000617408
0.000672896
0.00070462
0.00074203
0.000680721
0.000649539
0.000785655
0.000693508
0.000792188
0.00075866
0.00064402
0.000634097
0.000614332
0.000748685
0.000711577
0.000655655
0.000776842
0.00088477
0.000633513
0.000741612
0.000734774
0.000817864
0.000761336
0.00118653
0.000708334
0.000731339
0.00060703
0.000637668
0.000717488
0.000764674
0.000718155
0.000811949
0.000651337
0.000823433
0.000686241
0.000627528
0.000641227
0.000653711
0.000820592
0.000723969
0.000839953
0.000850454
0.000643079
0.000650295
0.000883322
0.0007079
0.000703923
0.000688085
0.000641794
0.000652087
0.000625089
0.000671837
0.000719321
0.000640345
0.000669914
0.000621751
0.000761395
0.000662945
0.000781298
0.000696416
0.000681281
0.00063052
0.000653496
0.0007511
0.000728385
0.000679962
0.00064886
0.000698935
0.000645822
0.000681701
0.000750931
0.000700266
0.000964261
0.0006291
0.000637317
0.000685767
0.000773754
0.000655033
0.000705833
0.000752193
0.000729394
0.000691487
0.000629671
0.000692001
0.000668648
0.000636814
0.000685398
0.000693841
0.000725965
0.000675874
0.000670868
0.000704862
0.000616942
0.00067858
0.000691969
0.000643475
0.000645061
0.000686362
0.000720849
0.00069279
0.000656634
0.000935409
0.000677796
0.000797515
0.000676532
0.000650699
0.000692245
0.000641986
0.000915758
0.000706376
0.00066036
0.000663107
0.000683241
0.00068522
0.000676839
0.000742921
0.000726223
0.000652872
0.000655156
0.000719351
0.00072563
0.000668715
0.000690749
0.000680534
0.000632373
0.000647539
0.000987751
0.000690185
0.00064969
0.00072125
0.000689564
0.000662163
0.000649357
0.00074415
0.000650649
0.000748877
0.000737129
0.000671184
0.000912266
0.000629961
0.000730146
0.00067881
0.000630401
0.000655374
0.000743036
0.0008882
0.000945691
0.00111723
0.000753612
0.000732967
0.00150022
0.000693384
0.000719246
0.000691183
0.000760895
0.000738796
0.000710718
0.000684312
0.000631496
0.000698002
0.000706821
0.000783229
0.000708734
0.000780678
0.000795302
0.000643456
0.000744144
0.000634165
0.000826204
0.00071216
0.000681339
0.000660264
0.000702449
0.000710941
0.000643166
0.000638633
0.000658093
0.000642246
0.000616413
0.000687969
0.000941402
0.000628553
0.000692448
0.000609956
0.000672759
0.000691794
0.000640792
0.000678389
0.000620846
0.000727886
0.000648482
0.000680564
0.000637114
0.000647834
0.00080567
0.000686937
0.000678603
0.0006815
0.000624198
0.000605794
0.000705968
0.000618743
0.00061901
0.000682026
0.000641037
0.00065093
0.000770039
0.000834615
0.000662685
0.000645271
0.000724822
0.000679176
0.000641911
0.00073149
0.000741199
0.00064897
0.000686392
0.000655323
0.000618295
0.000646293
0.00075581
0.000626832
0.000673096
0.000659525
0.000635956
0.000673858
0.000742439
0.000691295
0.000657469
0.000703329
0.000725836
0.000643361
0.00069439
0.000808844
0.000682095
0.000680233
0.000654424
0.000727714
0.000650525
0.000759824
0.000700227
0.000763122
0.000619151
0.000695707
0.00071917
0.000782903
0.000816338
0.000627651
0.000635897
0.000671414
0.000709699
0.000649149
0.000752878
0.000684331
0.000676308
0.000679655
0.000633048
0.00072019
0.0006275
0.000732077
0.000688977
0.00073476
0.000917047
0.000789516
0.000734555
0.000867832
0.000677496
0.000649886
0.000671569
0.000651859
0.00081643
0.000696509
0.000677824
0.000655161
0.000638633
0.00067806
0.000655276
0.000649576
0.000720674
0.000626982
0.000666396
0.000753821
0.00064083
0.000735998
0.000610268
0.000725388
0.000750172
0.000698213
0.000734736
0.000691573
0.000730862
0.00062024
0.000674013
0.000652951
0.000702831
0.00074632
0.000761572
0.00073576
0.000654857
0.000650974
0.000628387
0.000663955
0.000643633
0.000931394
0.000765948
0.000639449
0.000656648
0.000687882
0.000662329
0.000679856
0.00080302
0.00114851
0.000668102
0.000630437
0.000729848
0.000687671
0.00063474
0.000707782
0.000644474
0.000668516
0.000641277
0.000874128
0.000745991
0.000702631
0.000662437
0.000685999
0.000961835
0.000679968
0.000701879
0.00063461
0.000670294
0.000645123
0.000711112
0.000654183
0.0007055
0.000777012
0.000798837
0.000727518
0.000621771
0.000670645
0.000650032
0.000637457
0.00063061
0.000724837
0.000805876
0.000861261
0.000693452
0.000789352
0.000652084
0.000648651
0.000918464
0.000704679
0.000655933
0.000712496
0.000627147
0.000750158
0.000650555
0.000649353
0.000650597
0.000707779
0.000772076
0.000734326
0.00065213
0.000660716
0.000715235
0.000633402
0.000778397
0.000647816
0.000846839
0.000768043
0.000904352
0.000757029
0.000866294
0.00110703
0.00137488
0.00069313
0.000648036
0.000641089
0.000662443
0.000693095
0.000743741
0.000649998
0.000997055
0.0007422
0.000657102
0.000709853
0.000828626
0.000650512
0.000821678
0.000646551
0.000686835
0.000826716
0.000743223
0.000682007
0.000637087
0.00066387
0.000623614
0.000768393
0.000637277
0.000681283
0.000721675
0.000752019
0.000689866
0.000635478
0.000706603
0.000990778
0.000690951
0.000693512
0.000699416
0.000987842
0.000635089
0.000689624
0.000695008
0.000729621
0.000741063
0.000652972
0.000833333
0.000677993
0.000652568
0.000802464
0.000835085
0.000715817
0.000661682
0.000653823
0.000644541
0.0006575
0.000855522
0.000623797
0.000692683
0.000693985
0.00068721
0.000784451
0.000882097
0.000886056
0.000876247
0.000639596
0.00076358
0.000747936
0.00106057
0.000699196
0.000636584
0.000735531
0.00065326
0.000747513
0.000724301
0.000731045
0.00078389
0.00069432
0.000639455
0.000682968
0.000641824
0.000664013
0.00069776
0.000819001
0.000803692
0.000806892
0.000629203
0.00080273
0.000651903
0.000675467
0.000774013
0.000725458
0.000779334
0.000784427
0.00067599
0.000668904
0.000686456
0.000653472
0.000687208
0.000652702
0.000653073
0.000668489
0.000718439
0.000671582
0.000834981
0.000629509
0.000622794
0.00117806
0.000841592
0.0008804
0.000719514
0.000689485
0.000632327
0.000638348
0.000801253
0.000667543
0.000874219
0.000680107
0.000657995
0.000710716
0.000766767
0.000639541
0.000786917
0.000630962
0.000642524
0.000732624
0.000647178
0.00067415
0.000743729
0.000638578
0.000748491
0.000743069
0.00119043
0.000620663
0.000713888
0.000674328
0.000614349
0.000820011
0.000735028
0.000656583
0.000784348
0.000903794
0.000699121
0.000785581
0.000841011
0.000720407
0.00071153
0.000641536
0.000745626
0.0006732
0.000723844
0.000717788
0.000755302
0.000805419
0.000638342
0.00073554
0.000669773
0.000708201
0.000739493
0.000645476
0.000658722
0.00074579
0.000807448
0.000696888
0.000665376
0.000637486
0.000692253
0.000751052
0.000911668
0.0007134
0.000650412
0.000732933
0.000874184
0.00065038
0.000829867
0.000684717
0.000634212
0.000696961
0.000647865
0.000724674
0.000709671
0.000767824
0.000860404
0.00064115
0.000640047
0.000648833
0.000799893
0.000747203
0.000688428
0.000710407
0.00063745
0.000650963
0.000803506
0.000677984
0.000639596
0.000649949
0.000642037
0.000650752
0.000808177
0.000627357
0.000638793
0.000632067
0.000636147
0.000763966
0.000758706
0.000638635
0.000715556
0.000689803
0.000802217
0.000712269
0.000690606
0.000648052
0.000757282
0.000703077
0.000755205
0.000670193
0.000702872
0.00074307
0.000706241
0.000837595
0.000631051
0.000637493
0.000701487
0.000616723
0.000642367
0.000622872
0.000662632
0.000662227
0.000663807
0.000652056
0.00066854
0.000779149
0.000742452
0.000838455
0.000710656
0.00064236
0.00063178
0.000651191
0.000725266
0.000686742
0.000668476
0.00062934
0.000679527
0.0007232
0.000658873
0.000704259
0.000648552
0.000646739
0.000674634
0.000640367
0.000653577
0.00066059
0.000738253
0.000639334
0.000659299
0.000648966
0.000814324
0.000617129
0.000758789
0.000635328
0.000700442
0.000644685
0.000660782
0.000850507
0.0010897
0.000736113
0.000646398
0.000654009
0.00068195
0.000654979
0.000641004
0.000655195
0.000648976
0.00063238
0.000636497
0.000618913
0.000616975
0.000676293
0.000670028
0.000690881
0.000647155
0.00103391
0.000649047
0.000692499
0.000668461
0.000660515
0.000804196
0.000671186
0.000706656
0.000880213
0.000681365
0.000669206
0.000738907
0.000631121
0.000753908
0.000646414
0.000706879
0.000639922
0.000793996
0.000649664
0.000649267
0.000631186
0.000680269
0.000665427
0.000726762
0.000721962
0.000654254
0.00065376
0.00069177
0.00072602
0.000670512
0.00100031
0.000749759
0.000657109
0.000638536
0.000780487
0.00068648
0.000709478
0.000641814
0.000794224
0.000896378
0.000656278
0.000652475
0.000656141
0.000641646
0.000612719
0.000761592
0.00061321
0.000642176
0.000690777
0.00065521
0.000628106
0.000685591
0.000640568
0.000744996
0.000715568
0.000769868
0.000691993
0.000934886
0.000738811
0.000654437
0.000703224
0.000704618
0.000643559
0.000644988
0.000904067
0.000651481
0.000641352
0.000648314
0.000672899
0.000653121
0.000636909
0.000652085
0.000645452
0.000707297
0.000708139
0.000688515
0.000641365
0.000736092
0.000637655
0.000683001
0.000753527
0.000861329
0.000848541
0.000687678
0.000735148
0.00102203
0.000795943
0.000659202
0.000650541
0.000653849
0.00067402
0.000695988
0.000790747
0.000632658
0.00064697
0.000654914
0.000701764
0.000646466
0.000670966
0.000696006
0.000644866
0.000651842
0.000854065
0.000699201
0.000744509
0.000663849
0.000642177
0.000730714
0.000633485
0.000641681
0.00106178
0.000717006
0.000689839
0.000806327
0.000775429
0.000720844
0.0007308
0.000640368
0.000654244
0.000622244
0.000692903
0.00065373
0.00061806
0.00062409
0.00065183
0.000679108
0.000635739
0.000712395
0.000870632
0.000650371
0.000838166
0.000669297
0.000634858
0.000770263
0.000699422
0.000708458
0.000671952
0.000612462
0.000632008
0.000682199
0.000755157
0.000681537
0.000681966
0.000655608
0.000662089
0.000670762
0.000639492
0.000636644
0.000646474
0.0006547
0.000688196
0.000670089
0.00065535
0.000760262
0.00062806
0.00061121
0.000646047
0.000655963
0.000705923
0.000826161
0.00121634
0.00082507
0.000704766
0.000831151
0.000674493
0.000762704
0.000634921
0.000987671
0.000859975
0.000652736
0.000676952
0.000636049
0.000723619
0.000638678
0.000716893
0.000972875
0.000713667
0.000691921
0.000662374
0.000621165
0.000805495
0.000832159
0.000791856
0.00114152
0.000774802
0.000921903
0.000704903
0.000715549
0.000752272
0.000816216
0.000764876
0.000732644
0.000599626
0.00064902
0.000642873
0.000798844
0.00064807
0.000713973
0.000694932
0.000828612
0.000619951
0.000684843
0.000631189
0.000664185
0.000817169
0.00073731
0.000848719
0.00075493
0.000696858
0.000660013
0.000667844
0.000647109
0.000763571
0.000823542
0.000870861
0.000648672
0.000663557
0.000743944
0.000618801
0.000791933
0.000661141
0.000853078
0.000666991
0.000702839
0.000634664
0.000742696
0.000687896
0.000702607
0.000629336
0.000918169
0.000732298
0.000717694
0.000711754
0.000638949
0.000660822
0.00069174
0.000703346
0.000689176
0.000689302
0.00065268
0.000636445
0.000654056
0.000656724
0.000661438
0.000732489
0.000652831
0.000753009
0.000654757
0.000732101
0.000848528
0.000655495
0.00126375
0.000721662
0.000650775
0.000925048
0.000707767
0.000904165
0.000723007
0.00062735
0.000759857
0.000631333
0.000666821
0.000682548
0.000631661
0.000695402
0.000666815
0.000634973
0.000991315
0.000744209
0.000646622
0.000672619
0.000639602
0.000702926
0.000638664
0.000676324
0.000691952
0.000746097
0.000663769
0.000670573
0.000693553
0.000813857
0.000628808
0.000868996
0.000708783
0.000742408
0.00067436
0.000671212
0.00075615
0.000655513
0.000657092
0.000637143
0.00071273
0.000625224
0.000816002
0.000698642
0.000668391
0.000606991
0.000776244
0.000739902
0.000638487
0.000647127
0.000708781
0.000627075
0.000644829
0.000644539
0.000678112
0.000662311
0.000689278
0.00076679
0.000692891
0.000773296
0.000651316
0.000655079
0.000815979
0.000645143
0.000656763
0.00075283
0.000629592
0.000698491
0.000713503
0.000633783
0.000654379
0.000742401
0.000694465
0.00061981
0.000686391
0.000644941
0.000680543
0.000633344
0.000658468
0.00065436
0.000644762
0.000732062
0.000837692
0.000893723
0.000669135
0.000680634
0.000667762
0.000648983
0.000814753
0.000623746
0.000683897
0.000698668
0.000674201
0.000658387
0.000729997
0.000652731
0.0007752
0.000660902
0.000758988
0.000655674
0.000870113
0.000629393
0.000622473
0.000653339
0.000852787
0.000696594
0.000749502
0.00086454
0.000768638
0.000889403
0.000920323
0.000663002
0.000858019
0.000785263
0.000662004
0.000734934
0.000673715
0.000872222
0.000653129
0.000782882
0.000640596
0.000759839
0.000661313
0.000663052
0.000784485
0.000678863
0.000697307
0.000790969
0.00061171
0.000780905
0.000750527
0.000752799
0.000818482
0.000949894
0.000839249
0.000836351
0.000674963
0.000658232
0.000771306
0.000709209
0.000795957
0.00108197
0.000731878
0.000655891
0.000640407
0.000631536
0.000902553
0.000775359
0.00076296
0.000688533
0.000698107
0.000904604
0.000670847
0.000874196
0.000689844
0.000800946
0.000839575
0.000688478
0.000674596
0.000622451
0.000641071
0.000684268
0.000750954
0.000630733
0.000680628
0.000705041
0.000619518
0.000885305
0.000622703
0.000685928
0.000692677
0.000655046
0.000710167
0.000678175
0.000653092
0.000634573
0.00065263
0.000659781
0.000679931
0.000655434
0.000634824
0.000767035
0.000774634
0.00066741
0.00076667
0.000954177
0.00117593
0.000716629
0.00081666
0.000655272
0.000663189
0.00070188
0.000678856
0.000711254
0.000703641
0.00067423
0.000762532
0.000692939
0.000666355
0.000705324
0.000638833
0.000835677
0.0011595
0.000954231
0.00103669
0.000785088
0.00071088
0.000796331
0.000759549
0.00105021
0.000726137
0.000865805
0.000669881
0.000792448
0.000903256
0.00113473
0.000730543
0.000657204
0.000684421
0.000741781
0.000671444
0.000693696
0.000668499
0.000814566
0.000799827
0.000672038
0.000715483
0.00106086
0.000896054
0.000689879
0.000665556
0.000865579
0.000694336
0.000820636
0.000916635
0.000616372
0.00104084
0.000645678
0.000678258
0.000694625
0.000632832
0.000673815
0.00063715
0.000665482
0.000649156
0.000634387
0.000699834
0.000740893
0.00077969
0.000701286
0.000762729
0.000988265
0.000702139
0.00066063
0.000646814
0.000684623
0.000801572
0.000698461
0.000787162
0.000642276
0.000818201
0.000627973
0.000650078
0.00068286
0.000667928
0.000650128
0.000653416
0.00063901
0.000738729
0.000729039
0.000661788
0.00080414
0.000732971
0.00102627
0.000809511
0.00109541
0.000806146
0.000672503
0.000633743
0.00063761
0.000640009
0.000687151
0.000673812
0.000706
0.000728851
0.000623447
0.000884635
0.000671263
0.000666361
0.000655132
0.000669334
0.000644899
0.000639343
0.000689672
0.000872847
0.000783046
0.000680463
0.000767849
0.000723862
0.00107407
0.000727227
0.000639187
0.000682136
0.000805406
0.000695323
0.000714398
0.000777382
0.000700191
0.000771698
0.00066837
0.000760352
0.000616283
0.000642571
0.00070859
0.000621804
0.000776027
0.000654726
0.000617182
0.00065205
0.000642899
0.000632354
0.000966518
0.000949089
0.000965743
0.000682403
0.000642369
0.000703185
0.000717016
0.000804421
0.000657184
0.000865469
0.000889951
0.000782372
0.000850602
0.000682171
0.000702187
0.00096343
0.000672057
0.000649511
0.000622049
0.000707197
0.000648932
0.000657001
0.000724898
0.000937313
0.000649389
0.000740217
0.000937708
0.000661712
0.000697343
0.000654024
0.0010588
0.000888299
0.000715153
0.000686067
0.000832618
0.00072651
0.00089359
0.000648188
0.000686072
0.000741008
0.000662117
0.000652097
0.000671619
0.000607193
0.000680176
0.000729487
0.000982142
0.000869859
0.000975234
0.000920397
0.000818615
0.000672744
0.000806284
0.00108176
0.000700505
0.000837016
0.00126607
0.000808727
0.000886533
0.000650095
0.000682217
0.000716255
0.000642067
0.000645126
0.000632055
0.000640902
0.000619396
0.000873815
0.000699123
0.000837822
0.000660188
0.000759112
0.00079864
0.000627787
0.0011235
0.00075389
0.000741262
0.000847805
0.000662439
0.000689476
0.000633393
0.000642315
0.000725988
0.000685165
0.000653378
0.000677749
0.000658205
0.000669703
0.000638866
0.000640364
0.000748103
0.000728914
0.000697354
0.00069739
0.000840698
0.000842235
0.000675106
0.000700792
0.000650634
0.000610046
0.00066105
0.000674766
0.000729497
0.000641243
0.000670662
0.000733263
0.000633869
0.000863192
0.000705121
0.000635798
0.000618465
0.000642668
0.000628894
0.000644047
0.000660179
0.000646666
0.000802936
0.000640479
0.000643302
0.000649134
0.000718908
0.000719972
0.000874199
0.000662487
0.000658723
0.000635804
0.000645362
0.000727938
0.000694138
0.000686868
0.000656147
0.000648815
0.000654851
0.000724597
0.000664713
0.000630832
0.000631008
0.000675322
0.000680461
0.000653914
0.000632113
0.000638008
0.000689084
0.000762383
0.000666597
0.000665516
0.000756008
0.00114628
0.000668037
0.000697403
0.000721383
0.000629033
0.000787215
0.000649627
0.000681868
0.000731748
0.000957504
0.000735006
0.000651754
0.000626625
0.000630615
0.000650428
0.000724059
0.000630675
0.000612036
0.000705124
0.000717541
0.000619444
0.000664369
0.000630069
0.000631034
0.000631173
0.000904873
0.00061036
0.000627852
0.000656542
0.000664554
0.000864121
0.000736667
0.000756022
0.000624487
0.000735641
0.000664587
0.000631847
0.000665861
0.000613202
0.000642251
0.000662752
0.000644297
0.000634839
0.000721693
0.000630263
0.000623663
0.000736075
0.000739151
0.000665363
0.000630693
0.000628383
0.000745076
0.000651824
0.000674392
0.000717982
0.00070167
0.000695909
0.000655467
0.000727271
0.000711826
0.000662614
0.000633543
0.000644064
0.000755921
0.0006463
0.000670972
0.000652904
0.000682569
0.000636762
0.00064363
0.000638481
0.000647439
0.000752855
0.0006459
0.00065382
0.000644357
0.000778011
0.000725683
0.000681716
0.000731883
0.000669452
0.000631907
0.000659066
0.000786084
0.00069266
0.000630199
0.000869579
0.000654809
0.000676358
0.000690488
0.000898524
0.000717104
0.000655714
0.000675526
0.000655122
0.000667162
0.000746749
0.000710101
0.000701276
0.000663845
0.000670796
0.000770651
0.000732722
0.00080569
0.000642515
0.000694256
0.000684111
0.000683191
0.000648191
0.000664058
0.000652573
0.000706531
0.000646804
0.000651787
0.000631554
0.000673662
0.000711788
0.000802537
0.000638013
0.000676703
0.000644049
0.000731452
0.000816371
0.000669921
0.000635272
0.000622948
0.000681859
0.000762311
0.000632125
0.000675288
0.000760587
0.000660987
0.000678106
0.000691257
0.000665791
0.000710031
0.000791348
0.000749443
0.000763596
0.00073768
0.000685628
0.00071986
0.000777428
0.000713924
0.000650362
0.000764043
0.000692841
0.000831784
0.000655701
0.00064335
0.000661206
0.000964965
0.000680167
0.0007991
0.000687965
0.000727817
0.000654219
0.000628143
0.00074474
0.000630259
0.000651215
0.000662788
0.000626641
0.000687986
0.000636504
0.000709333
0.000784558
0.00067652
0.000634798
0.000781272
0.000733418
0.000652603
0.000778955
0.000657904
0.000723201
0.000664288
0.000679428
0.000752623
0.000666936
0.000627008
0.000637787
0.000630712
0.000685426
0.00071536
0.0006308
0.000660839
0.000744826
0.000739257
0.000648459
0.000712387
0.000642748
0.000687464
0.000808494
0.000645734
0.000673869
0.00071651
0.000692594
0.000822461
0.000732925
0.00068808
0.000686639
0.000615661
0.00108079
0.0011361
0.000653219
0.000648916
0.000660402
0.000850803
0.000702894
0.000736452
0.000660093
0.000835634
0.000632466
0.00080253
0.000648463
0.000684269
0.000707541
0.000755454
0.000720129
0.000681114
0.000705327
0.000739594
0.000825197
0.000638048
0.000614124
0.000668365
0.000787073
0.000780345
0.000630019
0.000703353
0.000624294
0.000859051
0.000633784
0.000994318
0.000647487
0.000766874
0.000663455
0.000754058
0.000621287
0.000676703
0.000784438
0.000724356
0.000701478
0.000657331
0.000652548
0.000686139
0.000742773
0.000924159
0.000684627
0.000677537
0.000766879
0.000627049
0.000656038
0.000747425
0.000643254
0.000650062
0.000742769
0.000669346
0.000732232
0.00064387
0.000783061
0.000644487
0.000784466
0.000718477
0.00081305
0.000925399
0.000672304
0.000665529
0.000646606
0.000774812
0.000963019
0.000660093
0.00062731
0.000700468
0.00062663
0.000671712
0.000640804
0.000734595
0.000701639
0.000628877
0.00102256
0.000704571
0.000619199
0.000648341
0.00086815
0.000650203
0.000734233
0.000645749
0.000685761
0.000750173
0.000697303
0.000666083
0.000638439
0.00062508
0.000764891
0.000786847
0.000753871
0.000632584
0.000660792
0.000661847
0.000630106
0.000677564
0.000799506
0.000699608
0.00065632
0.000857639
0.000714631
0.000737943
0.000866045
0.000729774
0.000610711
0.000798941
0.000850656
0.000755456
0.000785731
0.000651232
0.000696524
0.000644196
0.000649326
0.000647351
0.000709368
0.000762472
0.000652391
0.000628409
0.00062727
0.000669245
0.000686792
0.000694897
0.000788889
0.000917855
0.000728335
0.000677653
0.000653002
0.000747427
0.000704861
0.000652536
0.000630198
0.000644993
0.000673541
0.000685797
0.000695946
0.000645233
0.000672087
0.0009872
0.000670221
0.000639731
0.000636476
0.000721294
0.000651802
0.000649154
0.000723868
0.000720387
0.000659627
0.000723446
0.000705565
0.000667425
0.000883357
0.000697012
0.000805947
0.000661834
0.000638109
0.000671549
0.000652649
0.000722464
0.000705334
0.00100699
0.000661849
0.000677051
0.000695742
0.000811128
0.000851076
0.000675729
0.000638629
0.00077192
0.000732373
0.000685726
0.000642691
0.000645652
0.000684537
0.000710447
0.000652168
0.000693174
0.00063075
0.000769917
0.000626392
0.000643036
0.000850819
0.000658235
0.00083937
0.00064418
0.000621048
0.000716216
0.000646575
0.00073575
0.000828415
0.000864771
0.000706371
0.0007453
0.000629772
0.000670837
0.000695385
0.000623587
0.000649662
0.000875807
0.0006434
0.000716206
0.00075195
0.000687089
0.000811216
0.000643755
0.000717354
0.000614873
0.000640517
0.000663391
0.000752222
0.000635017
0.000637005
0.000609041
0.000695626
0.000902752
0.000659946
0.000705788
0.000692532
0.000640026
0.000602432
0.000685368
0.000690834
0.000629016
0.00067269
0.000696603
0.000687354
0.000696276
0.000633571
0.000626282
0.000690665
0.000641553
0.000723573
0.000696511
0.000654501
0.000887207
0.000743946
0.000634258
0.000612654
0.00062887
0.000700231
0.000803822
0.000662794
0.000780826
0.000646152
0.000707468
0.000636615
0.000667254
0.000639502
0.000621127
0.000645535
0.000677853
0.000939526
0.00073555
0.000669027
0.000717929
0.000707077
0.00065378
0.000655637
0.000654456
0.000670124
0.000750041
0.000725878
0.000636024
0.000639167
0.000660986
0.000850875
0.000670253
0.000643004
0.000666418
0.000631101
0.000625809
0.000647543
0.000673294
0.000681733
0.000659444
0.000633405
0.000658687
0.000627804
0.000820635
0.000663346
0.00061801
0.000640556
0.000609049
0.000637108
0.000803608
0.000678292
0.000683368
0.000731535
0.000611183
0.000640199
0.000667214
0.000702691
0.000764113
0.000665663
0.000700288
0.000707927
0.000733743
0.00065112
0.000705131
0.000657472
0.000619204
0.000630719
0.000700561
0.000689101
0.000755072
0.000745474
0.000704448
0.000648152
0.000639892
0.000671848
0.000641356
0.000642057
0.000677903
0.000694111
0.000636998
0.000645311
0.00071117
0.000660347
0.00066084
0.000670045
0.000669694
0.0006614
0.000682671
0.000700271
0.000679688
0.000647719
0.000653432
0.000646399
0.000678576
0.000665928
0.000785828
0.000663596
0.000663773
0.000687182
0.0006604
0.000679438
0.000721507
0.000681914
0.000769656
0.000645639
0.000645076
0.000630841
0.00061975
0.000662765
0.000682131
0.000624803
0.000673394
0.00064672
0.000658622
0.000659259
0.000675253
0.000679809
0.00063436
0.0006453
0.000691398
0.000740492
0.000895033
0.000742518
0.000632068
0.000642627
0.000621208
0.000647913
0.000699023
0.00100966
0.000728886
0.000634043
0.000690829
0.000808698
0.000738715
0.000883274
0.000818151
0.000626162
0.000648152
0.000791229
0.00064483
0.000632975
0.000637148
0.000717266
0.000689982
0.000726968
0.000723686
0.000965645
0.000817016
0.000632622
0.000916733
0.000865669
0.000721703
0.000690247
0.000661817
0.000659561
0.000698183
0.000851874
0.000709652
0.000718607
0.000745994
0.000720415
0.000642752
0.000644655
0.000746446
0.00062858
0.000635496
0.000678532
0.000830022
0.000715674
0.000695225
0.000704494
0.000752383
0.000620397
0.000714281
0.00062584
0.000747514
0.000717099
0.000652769
0.000654844
0.000672137
0.000661671
0.000731164
0.00110187
0.000645874
0.0006556
0.000658008
0.000680511
0.000670877
0.000629564
0.000634588
0.000672658
0.000679101
0.000726032
0.000908966
0.00071719
0.000794677
0.000962132
0.000719523
0.000691431
0.000703439
0.000772888
0.000653554
0.000650964
0.000631091
0.000690788
0.000698824
0.000794059
0.000649393
0.000667071
0.00062117
0.000672788
0.000633114
0.000682732
0.000658951
0.000611661
0.000641687
0.000623764
0.000672125
0.000829027
0.000665616
0.000800391
0.000823209
0.000669561
0.000642543
0.000687062
0.000756336
0.000772232
0.000635546
0.00064586
0.000663506
0.0007124
0.000718095
0.000676822
0.000649203
0.000651055
0.000699697
0.000654172
0.00064266
0.000680822
0.000654317
0.000625455
0.000895574
0.000689497
0.000692583
0.000748737
0.000736198
0.000646446
0.000655082
0.000633974
0.000620462
0.000692601
0.000629888
0.000681416
0.000681603
0.000660967
0.000635519
0.000661522
0.000965371
0.0006576
0.000639106
0.000705237
0.000625981
0.00065999
0.000673728
0.000623152
0.000663342
0.000687962
0.000727712
0.00065243
0.000688949
0.000680755
0.000638903
0.000767853
0.000818237
0.000808506
0.000679552
0.000687016
0.000710133
0.000677847
0.000644056
0.000664761
0.000661971
0.000668452
0.000663374
0.000620715
0.000653206
0.000797147
0.000635291
0.000696343
0.000629982
0.000633594
0.000653545
0.000688815
0.000677283
0.000668773
0.000651035
0.000648048
0.000679189
0.00080243
0.00068316
0.000769087
0.000662661
0.000667822
0.000661638
0.000671763
0.000648535
0.000712211
0.000689423
0.000661966
0.000613731
0.000653985
0.000650548
0.00073213
0.000642305
0.00068721
0.000611193
0.000611006
0.00059617
0.000682063
0.000754009
0.000810445
0.000657272
0.000653772
0.000678753
0.000653389
0.000686294
0.000663882
0.000789447
0.000637178
0.000671036
0.000658341
0.000660349
0.000704557
0.000701144
0.000626971
0.000798274
0.000644467
0.000703102
0.000641748
0.000654261
0.000676332
0.000630939
0.000667991
0.000638247
0.000772603
0.000649875
0.000651946
0.000730572
0.000678031
0.000679738
0.000648949
0.00081033
0.000626689
0.000677556
0.000660369
0.000687919
0.000726345
0.000648781
0.000630963
0.000791376
0.000667925
0.000612584
0.000714626
0.000665659
0.000644983
0.000679223
0.00064008
0.000652983
0.000769385
0.00063518
0.00064394
0.000727318
0.000704138
0.000765595
0.000791916
0.000676729
0.000681397
0.000849078
0.000907216
0.000803235
0.000697947
0.000820931
0.000638112
0.000695999
0.000765313
0.000666125
0.000705365
0.000728869
0.000696314
0.000628731
0.000769393
0.000656504
0.000642887
0.00061268
0.000665227
0.000653941
0.000738133
0.000669128
0.0006531
0.000710896
0.000638066
0.000652893
0.000729778
0.000797266
0.000958157
0.00076341
0.000768738
0.000634338
0.00063543
0.000640536
0.000882512
0.00066657
0.000626262
0.000954411
0.000654458
0.00065443
0.000669747
0.000626815
0.000657931
0.000853328
0.000797468
0.000688746
0.000762926
0.000734404
0.000878599
0.000624307
0.000827722
0.000852825
0.000802029
0.000852808
0.00117785
0.000655072
0.000804813
0.000654097
0.000780483
0.00072187
0.000744691
0.000667684
0.00063123
0.000686984
0.000670779
0.000625962
0.000672319
0.000691563
0.000637755
0.000813907
0.000658146
0.000707704
0.000639928
0.000708614
0.000791575
0.000732183
0.000847298
0.000723853
0.00088495
0.000815205
0.000735388
0.000751199
0.000660644
0.00061597
0.000698106
0.000816744
0.000667882
0.000645674
0.00065684
0.000692875
0.000679573
0.000822356
0.000728259
0.000638513
0.000635456
0.000658448
0.000673569
0.000707588
0.000722027
0.000672384
0.000771762
0.000722415
0.000693402
0.000713027
0.000642856
0.000714306
0.000697874
0.00071566
0.000625369
0.000647206
0.000715352
0.000631279
0.000649356
0.000663152
0.000634367
0.000751217
0.000645797
0.000660123
0.00070132
0.000623759
0.000741142
0.000685665
0.000725422
0.000690376
0.000745539
0.000711748
0.000648129
0.00065647
0.000625971
0.000729804
0.000660004
0.000831839
0.000654971
0.000639011
0.000676445
0.000710611
0.000680475
0.000647578
0.000671905
0.000635717
0.000620901
0.000719255
0.000625487
0.000634929
0.000678866
0.000704185
0.000894295
0.000620506
0.000629973
0.000697376
0.000629759
0.000664596
0.000651207
0.000818956
0.00103484
0.000765185
0.000638997
0.00061864
0.000637473
0.000656041
0.000683614
0.000817323
0.00062144
0.000639456
0.000629723
0.000611641
0.000649056
0.000663129
0.000643935
0.000671287
0.000658877
0.00070979
0.000628702
0.000742517
0.000653566
0.000621785
0.000719482
0.000715945
0.000677537
0.000666473
0.000674933
0.000675306
0.000709393
0.000705237
0.000756113
0.000637067
0.000662119
0.000768238
0.000681335
0.000618366
0.000661885
0.000621947
0.000616691
0.000689334
0.000803128
0.000658877
0.000702494
0.00066341
0.00065524
0.000710457
0.00084275
0.000702009
0.000747047
0.000682455
0.000730091
0.000722623
0.00070044
0.00063177
0.000691671
0.000683185
0.000634349
0.000661136
0.000683248
0.000684762
0.000618821
0.000637048
0.000636002
0.000687752
0.000656414
0.000641304
0.000648197
0.000829172
0.000630106
0.000693828
0.000622281
0.000638158
0.00065454
0.000661168
0.000787063
0.000665443
0.000636202
0.000697983
0.000636283
0.000645769
0.00067655
0.000814266
0.000708952
0.00067817
0.000661371
0.000619446
0.000633436
0.000656576
0.000699325
0.000905444
0.000737325
0.000647221
0.000693286
0.000649925
0.000626555
0.000779338
0.000765233
0.000676693
0.000635004
0.000644924
0.00066699
0.000771591
0.000667389
0.000669892
0.000746373
0.000657048
0.00062031
0.000691638
0.000626842
0.000673415
0.000642053
0.000656456
0.00061703
0.000722454
0.000693124
0.000719383
0.000656926
0.000666822
0.000725299
0.000629112
0.00069202
0.000679507
0.000680775
0.000633089
0.000659241
0.000621902
0.000687213
0.000782605
0.000715465
0.000729139
0.000910156
0.000646791
0.000635013
0.000639583
0.000701081
0.000636067
0.000653938
0.000646755
0.000650581
0.00063857
0.000652474
0.000661091
0.000878613
0.000660189
0.000704887
0.000646617
0.000722208
0.000673109
0.000654783
0.000636017
0.000718875
0.000770729
0.000639385
0.000666104
0.00073495
0.000740452
0.000701403
0.000652464
0.000655144
0.000635957
0.000802186
0.000638149
0.000662235
0.000652575
0.000621255
0.000677476
0.000729007
0.00063068
0.000657136
0.000652722
0.000703333
0.000654763
0.000698846
0.000675891
0.0006135
0.000700141
0.000648519
0.000623009
0.000613606
0.00067953
0.00092639
0.000656813
0.000671079
0.000652525
0.000643711
0.000647837
0.000724646
0.000635001
0.000687463
0.000642077
0.000641868
0.000634746
0.000715486
0.000682402
0.00065775
0.00065998
0.000795944
0.000795171
0.000650614
0.00103565
0.000715199
0.000622202
0.000689404
0.000688483
0.000665006
0.000686254
0.000779874
0.000695182
0.000928176
0.000645558
0.000639448
0.000709251
0.000964055
0.000701704
0.000694557
0.00065013
0.000687617
0.00064065
0.000751676
0.000683767
0.000675056
0.000705144
0.000870223
0.000714488
0.000667349
0.000669534
0.000635229
0.000624786
0.000733373
0.000718729
0.000704792
0.000817015
0.000628062
0.000671347
0.000695302
0.000672973
0.000767021
0.000693842
0.00086986
0.000864098
0.000654121
0.000722856
0.000622723
0.000657067
0.000737532
0.000770025
0.000676988
0.000695152
0.000823362
0.000639873
0.000634491
0.00089768
0.000624119
0.000619423
0.00063863
0.000640047
0.000778373
0.000790305
0.000723342
0.000755642
0.000944866
0.000697584
0.000748211
0.000629048
0.000659886
0.00064028
0.000706061
0.000631078
0.000703081
0.0006445
0.000659435
0.000690598
0.000813421
0.000814672
0.000647215
0.000644474
0.000669095
0.000656767
0.000671201
0.000680208
0.000737843
0.000775021
0.000683965
0.000638816
0.00077599
0.000669685
0.000666976
0.000720524
0.000699796
0.00074135
0.000736698
0.000645654
0.00080127
0.000713418
0.000669519
0.000700634
0.000680487
0.000661748
0.000737856
0.000657681
0.000649894
0.000706007
0.000788658
0.000685878
0.000692157
0.00063184
0.000813895
0.000805895
0.000657403
0.000662526
0.000880286
0.000693501
0.000628671
0.000650664
0.000783686
0.000684528
0.000705617
0.00064699
0.00065129
0.000658553
0.000648152
0.00068389
0.000705044
0.00077077
0.000740918
0.000737579
0.000630273
0.000633438
0.000627193
0.000759854
0.000648799
0.000628328
0.000840402
0.000694597
0.000630301
0.000641843
0.000846317
0.000681731
0.000652367
0.000657213
0.000683268
0.000669803
0.000649409
0.000603078
0.000636172
0.000685588
0.000918619
0.000630395
0.000773126
0.000646388
0.000645698
0.000648911
0.000601844
0.000619695
0.00064514
0.000651796
0.000745004
0.000700192
0.000733116
0.00076479
0.00065537
0.00068835
0.000639711
0.000729775
0.000635474
0.000709244
0.000629074
0.000599673
0.00061996
0.000665996
0.00065909
0.000870428
0.000749837
0.000663453
0.000653062
0.000633368
0.000632424
0.000646171
0.000730872
0.000654947
0.000632862
0.000646283
0.000660905
0.000652794
0.000695577
0.000745393
0.000796794
0.000899311
0.00066729
0.000810148
0.000652839
0.000617854
0.000677204
0.000710523
0.000769059
0.000689533
0.00066965
0.000772795
0.000939997
0.00064851
0.00063039
0.000649901
0.000637365
0.000767405
0.000872134
0.000692994
0.000918164
0.000657618
0.00063649
0.000878657
0.00102998
0.000799762
0.000728005
0.000707135
0.000743937
0.000750754
0.000707386
0.000699169
0.000639875
0.000829827
0.000791516
0.000634518
0.000633447
0.00063426
0.000652618
0.000781707
0.000668413
0.000636544
0.000675453
0.000660256
0.0007925
0.000688696
0.000639469
0.000672714
0.000826299
0.000861491
0.000825988
0.000678573
0.000643353
0.000639272
0.000873062
0.000678614
0.000727615
0.00069378
0.000638503
0.000658845
0.000656732
0.00061981
0.000628805
0.000619275
0.000731091
0.000640818
0.000630554
0.000643392
0.000659171
0.000666451
0.00075566
0.000648612
0.000696608
0.000878016
0.000808291
0.000741235
0.000786115
0.000736068
0.00063306
0.000662442
0.000680019
0.00068177
0.000632877
0.000685368
0.000675184
0.000641337
0.000631825
0.000633155
0.000650616
0.000674894
0.000681829
0.000639003
0.000675977
0.000636356
0.000696955
0.000693946
0.000632863
0.000690143
0.000830536
0.000688531
0.000708287
0.000670137
0.000731553
0.000675606
0.000719369
0.000629324
0.000669152
0.000763854
0.000642991
0.000797327
0.000660242
0.000705729
0.000671816
0.000684843
0.00061142
0.000641668
0.000620458
0.000644331
0.000625627
0.000730777
0.00070913
0.00062968
0.000640798
0.000637495
0.000860091
0.00065106
0.000718053
0.000708036
0.000654542
0.000767544
0.000702273
0.000662694
0.000647693
0.000716215
0.000693965
0.000707452
0.000638457
0.000634189
0.000636181
0.000667053
0.000629296
0.000672385
0.00063793
0.000646296
0.000646166
0.000624747
0.000729434
0.00103885
0.000640637
0.000622934
0.000655291
0.000692138
0.000655904
0.000640597
0.000655277
0.000817642
0.000769672
0.000610458
0.000834491
0.000634864
0.000801583
0.00070217
0.000745762
0.000763189
0.000714753
0.000656082
0.000623902
0.000679378
0.000721126
0.000714869
0.000729133
0.000593963
0.000626348
0.000644193
0.00062693
0.000769645
0.000804202
0.000641125
0.000686932
0.000604531
0.000650328
0.000905202
0.00068983
0.000684105
0.000627067
0.000633905
0.000669246
0.000717207
0.000634239
0.000644457
0.000702143
0.000673232
0.000767572
0.000699522
0.000627573
0.00064338
0.000736707
0.000637793
0.000768541
0.000622996
0.000727103
0.000633572
0.000759617
0.000848268
0.000638106
0.000642429
0.000635318
0.000675588
0.000646385
0.000641531
0.000657199
0.000643192
0.000700918
0.000629463
0.00062784
0.000723301
0.00067216
0.000671846
0.000752238
0.000706841
0.000659923
0.00076268
0.000639077
0.000713404
0.000629825
0.000624597
0.000661698
0.000938337
0.000732313
0.000664837
0.000632603
0.000641394
0.000664381
0.000655995
0.00062757
0.000724503
0.000646245
0.000811931
0.000700984
0.000659053
0.000663382
0.000731171
0.000744823
0.000648918
0.000844767
0.000617146
0.000709927
0.000650689
0.000620947
0.000745489
0.00062145
0.000612157
0.000739673
0.00062577
0.000653623
0.000778459
0.00066482
0.00063575
0.000699682
0.000676382
0.00064315
0.000802022
0.00071276
0.00065157
0.000638521
0.000655196
0.000646303
0.000681786
0.000696653
0.000751246
0.000677842
0.000636488
0.000681252
0.000628284
0.000756676
0.000656382
0.00064025
0.000635822
0.000693166
0.000645247
0.000680836
0.000719361
0.00072
0.000684346
0.000633382
0.000784491
0.000658207
0.000673378
0.000681416
0.000727402
0.000634763
0.000649601
0.000654215
0.000665156
0.000814305
0.000714019
0.00064083
0.000638101
0.000619577
0.000689878
0.000655483
0.000670394
0.000633455
0.000640598
0.000709032
0.000637174
0.000636472
0.000640609
0.000691565
0.000660071
0.000633157
0.000849752
0.0006577
0.000625567
0.000632659
0.000860781
0.000651022
0.000738844
0.000675355
0.000746718
0.000713662
0.00070666
0.000669692
0.000650784
0.000670335
0.000631576
0.000824164
0.000734349
0.000652505
0.000769058
0.000655636
0.000845592
0.000678826
0.000755054
0.00073294
0.00071619
0.000646499
0.000738033
0.000701432
0.000641241
0.000675991
0.000657463
0.000987361
0.000682748
0.000851063
0.000621775
0.000647365
0.00090628
0.00094559
0.000731763
0.000618174
0.000693695
0.000771274
0.00070098
0.000653917
0.000652198
0.000956773
0.000807053
0.000655755
0.000684603
0.000769325
0.000951101
0.000641044
0.000726336
0.00103901
0.000793302
0.000648275
0.000646347
0.000641263
0.000743904
0.00103977
0.000746773
0.000632431
0.000762047
0.00075573
0.000659369
0.000785059
0.000651637
0.00068256
0.000752801
0.000709393
0.000747572
0.000658718
0.000694594
0.00065495
0.000877197
0.000900408
0.000675873
0.000644133
0.000962552
0.000782073
0.000635179
0.000633302
0.000637955
0.000717841
0.000787164
0.00116075
0.000702815
0.000625677
0.00101182
0.000650237
0.000660078
0.000909319
0.000641373
0.000664413
0.000698055
0.000631264
0.000736592
0.000658473
0.000916944
0.000737237
0.00111314
0.000817427
0.000669838
0.00100188
0.000990724
0.000837429
0.000726316
0.0006588
0.000655837
0.000707712
0.00063008
0.000757773
0.000666571
0.000949196
0.000802607
0.000647881
0.000631452
0.00065675
0.000736218
0.000907208
0.000627349
0.000638222
0.000694111
0.000633157
0.000641895
0.000703007
0.000635484
0.00065078
0.000661162
0.00065443
0.000760788
0.000654125
0.000640486
0.000676129
0.000864681
0.000639407
0.000637712
0.00062877
0.0006742
0.000635887
0.000773823
0.000700989
0.000641127
0.000635551
0.00062866
0.000638363
0.000695755
0.000625221
0.000688218
0.000850023
0.000777012
0.000775415
0.000640781
0.000680579
0.000715944
0.000735676
0.000795606
0.000657393
0.000624664
0.000639434
0.000685291
0.000659474
0.000634093
0.00070431
0.000670145
0.000776097
0.000727576
0.000765482
0.000644891
0.000663646
0.000661268
0.00064991
0.000805116
0.000672417
0.000700969
0.000784599
0.000640777
0.000701042
0.000676941
0.000927397
0.000667265
0.000758413
0.000860751
0.000639009
0.000649555
0.000758225
0.000648023
0.000636844
0.000638958
0.000666375
0.000704595
0.000650087
0.000715029
0.000659919
0.000665721
0.000629909
0.000635672
0.000688596
0.000709696
0.000701912
0.000675492
0.00064432
0.000649966
0.000617396
0.000666322
0.000621417
0.000655806
0.000650306
0.000668249
0.000641663
0.000643779
0.000622949
0.000652311
0.000678035
0.000836803
0.000902751
0.000685539
0.000618936
0.000672724
0.000676158
0.000752853
0.000662311
0.000633388
0.000640711
0.000722839
0.000847415
0.000702758
0.000651361
0.000648264
0.000648041
0.00077931
0.000907387
0.000649668
0.000651156
0.000666526
0.000674863
0.000636532
0.000616615
0.00069263
0.000641038
0.000643234
0.000683149
0.000744007
0.000722392
0.000658252
0.000621875
0.000689936
0.000661802
0.000678289
0.000645126
0.000684668
0.000662819
0.000653211
0.000934422
0.000660285
0.000718389
0.000668676
0.000704633
0.000716723
0.00066174
0.000631917
0.000627215
0.000628914
0.000631885
0.000671838
0.000688452
0.000632079
0.00075226
0.000735368
0.000660319
0.000667017
0.000678292
0.000677927
0.000646713
0.000743761
0.000700599
0.000676445
0.000650093
0.000673037
0.000664583
0.000648199
0.000789441
0.000819551
0.00071526
0.000610542
0.000664072
0.00063892
0.000631283
0.000634195
0.000718299
0.000678578
0.000673123
0.000633694
0.000637597
0.000653258
0.000762042
0.000650445
0.000754033
0.000625615
0.000686728
