12.2755
12.0001
12.032
11.6458
11.5726
12.5884
11.3365
11.5121
17.3854
11.4702
12.5623
11.8695
11.5707
13.0039
11.5448
11.9986
11.9056
11.9758
11.9821
11.9184
11.6064
12.3282
12.1331
11.8903
12.4422
11.9095
12.0193
11.5612
11.8252
12.384
11.9025
11.8171
11.4721
11.2886
15.3163
11.5853
11.5756
12.4106
12.3702
12.3182
11.9537
11.4815
11.8929
12.2561
11.7903
12.7736
12.1706
15.7092
11.9016
12.3805
11.7429
13.6203
11.9796
12.355
12.0843
12.412
13.4941
14.1582
12.3726
12.4035
13.4186
11.6809
12.9222
12.7967
14.4977
12.5553
11.8582
11.8438
13.6189
11.7211
12.0761
11.9162
11.7812
12.1691
17.0912
12.6792
11.7874
15.3025
13.3292
12.0912
16.8533
11.7228
13.6817
12.3352
12.921
12.4015
12.0882
12.4447
12.1727
12.2555
13.5325
13.5944
13.1827
11.7639
12.2956
12.249
11.5081
11.9723
11.6585
11.8198
