7.11691
7.41331
7.41356
7.22507
8.02003
7.36437
7.1692
7.12384
7.43093
7.15477
7.72782
7.67503
10.5852
9.19119
7.32174
10.6953
7.42494
10.7058
7.25133
7.39426
10.8111
7.96237
7.82327
10.9657
7.19848
7.5672
7.2903
7.2294
9.40433
7.27053
7.56782
8.93603
7.00265
7.70851
7.18917
7.29623
7.72122
8.88006
7.58702
9.2491
7.13704
7.29822
11.3565
7.07479
10.2001
9.89299
7.66591
7.38564
7.69909
7.43841
7.0244
7.74897
7.314
8.11647
10.5216
7.26762
7.63273
7.47495
7.15205
7.43951
7.15483
8.43584
6.9802
7.14203
7.22387
7.34261
7.20801
7.27123
7.4738
7.01267
7.22882
7.17073
7.30237
7.40965
7.28105
6.88909
7.4163
7.17888
7.59482
8.10635
7.16987
7.48677
7.04845
7.27838
7.37444
7.21422
7.35032
7.13959
7.32816
8.55109
7.18971
7.14679
7.4964
7.48918
7.40868
7.14092
7.64398
7.18759
7.08511
7.43771
