1.57487
1.46856
1.43196
1.45116
1.44064
1.40819
1.41751
1.77607
1.39821
1.49713
1.44598
1.40689
1.37186
1.54377
1.4328
1.60468
1.44069
1.47272
1.46476
1.47649
1.35943
1.37892
1.33523
1.46696
1.54615
1.65905
1.42872
1.58461
1.49713
1.37511
1.85254
1.40206
1.36867
1.4297
1.50548
1.45514
1.44845
1.52704
1.41554
1.42126
1.57849
1.48689
1.43014
1.42096
1.6693
1.49667
1.44968
1.39453
1.39725
1.47836
1.49468
1.6626
1.42328
1.46304
1.52826
1.34367
1.45243
1.4451
1.48679
1.47777
1.48912
1.37238
1.45562
1.64345
1.41431
1.4083
1.41869
1.42571
1.4378
1.40514
1.43595
1.57095
1.38727
1.4595
1.36494
1.48403
1.34546
1.38503
1.43535
1.42212
1.38992
1.70198
1.51404
1.4197
1.43759
1.39558
1.40206
1.43429
1.44291
1.50943
1.56907
1.37656
1.37161
1.57204
1.38828
1.45277
1.4394
1.67772
1.47046
1.42719
3.96515
3.75046
3.96711
4.62228
4.29443
3.85083
3.84133
3.85203
3.91146
3.79255
4.24949
4.23858
4.04045
3.94268
4.20439
3.96699
3.89372
4.09737
3.71363
3.8699
3.7292
3.80433
4.1107
3.77093
4.17301
3.7982
3.80838
3.91463
4.38093
3.94131
3.88154
4.03368
3.70814
3.89403
4.06274
3.93521
3.97886
3.97684
4.64904
4.00479
4.22022
3.83245
4.107
3.80995
3.92751
3.91661
4.1148
3.84618
3.81782
3.89577
4.25678
3.86125
3.65441
4.28715
4.03531
3.77579
4.63634
4.04531
3.82071
4.1513
3.75742
3.85683
3.78071
3.82221
4.17229
4.20106
4.3943
4.10243
3.85084
5.42443
3.95328
4.09359
4.19612
3.90242
4.16347
3.9398
3.88709
3.8319
3.87361
3.86423
3.78193
3.97271
3.85736
4.30106
3.87806
3.79157
3.89188
3.7777
3.88031
3.85424
4.18472
3.8156
4.28604
3.86316
3.73347
4.07899
4.06676
4.08364
4.46095
4.42977
