6.15152
5.89656
6.05553
6.03305
5.93904
6.12811
6.15726
6.19422
5.92651
6.12083
6.00791
5.97383
5.90907
6.24116
6.41052
8.60101
5.96001
6.19045
6.27332
9.6438
6.25357
5.76979
5.80979
6.4462
8.46826
6.06559
6.01039
5.84919
7.01287
7.51407
8.07043
5.87274
7.6583
7.96627
8.56142
6.02789
9.24423
5.91063
5.95545
6.115
5.80727
9.59932
6.24867
6.20397
5.92436
6.47443
6.54727
8.17905
6.03337
5.87101
6.46748
9.18902
6.05369
7.15141
6.28715
6.70059
5.9797
6.09499
5.89616
6.04542
5.74656
6.22356
6.49657
6.01777
5.89823
5.72884
5.98972
6.04814
6.08058
5.98683
5.93374
5.74256
6.11795
6.15598
5.92691
6.31264
6.84368
5.95324
6.01633
5.96792
6.48238
6.20586
5.89076
6.50847
6.78704
6.13109
5.8783
5.90354
6.17905
6.11245
6.13503
6.0666
6.04543
6.27621
5.91868
6.016
5.911
6.11275
6.45611
6.04299
