3.69
3.6257
3.70027
3.69565
3.71228
3.74978
3.62977
3.63023
3.7466
3.60002
3.56915
3.48107
3.71497
3.62172
3.93264
3.69679
3.94752
3.61541
3.63291
3.72698
3.84733
3.51863
3.89747
3.65267
3.62704
3.60928
3.65002
3.82198
3.66472
3.6444
3.90824
3.61881
3.56119
3.67324
3.7539
3.616
3.59185
3.80209
3.63228
3.61211
3.55336
3.56236
3.60323
3.99414
3.69351
3.60499
3.7997
3.58923
3.58963
3.54138
3.63622
3.77467
3.61778
3.59605
3.9413
3.60105
8.91391
6.73259
6.3961
6.29415
4.02193
3.60823
3.62237
3.53545
3.58426
3.52254
3.52254
3.9921
3.6958
3.93711
3.69389
3.59274
3.60556
3.72153
3.74834
3.57424
3.51653
3.63736
3.56517
3.5731
3.50795
3.84561
3.52352
3.81094
3.59882
3.8445
3.62474
3.60214
3.65134
3.6284
3.7873
3.57734
3.71542
5.58038
3.87728
3.62111
3.63088
3.66291
3.70363
3.77287
