107.625
107.338
104.252
114.441
123.34
104.49
109.033
124.306
107.694
104.439
103.13
103.478
106.409
103.946
105.809
102.99
104.486
105.554
115.371
105.7
110.994
116.836
107.259
115.834
114.434
121.853
106.783
110.655
105.8
106.679
106.169
105.506
106.632
105.818
127.355
119.364
119.462
118.385
128.185
119.688
113.861
115.136
127.68
123.642
119.075
119.398
122.904
127.807
128.279
119.922
119.135
105.656
104.288
128.572
105.498
114.821
104.008
109.448
107.89
112.726
103.375
104.935
105.587
105.927
107.943
104.634
119.351
104.393
110.281
103.403
119.291
121.956
103.935
105.12
103.357
108.108
114.289
123.103
107.178
106.986
117.198
104.988
120.674
110.921
114.999
105.27
105.828
105.135
105.62
104.16
104.747
110.35
103.007
104.482
104.892
103.92
108.613
107.553
111.192
104.169
