1.74156
1.42673
1.35125
1.38177
1.40599
1.34483
1.5084
1.39607
1.39651
1.31118
1.34815
1.44004
1.27802
1.57459
1.41008
1.43012
1.43071
1.35707
1.40235
1.35021
1.35279
1.42323
1.53082
1.43326
1.32004
1.48279
1.50417
1.37019
1.38171
1.39841
1.38218
1.2869
1.416
1.34669
1.38273
1.42142
1.40265
1.38443
1.4881
1.39305
1.56399
1.47122
1.67589
1.3296
1.31901
1.43816
1.3818
1.37168
1.45705
1.27469
1.3118
1.75855
1.43401
1.36737
1.51187
1.34786
1.34987
1.31922
1.36796
1.4044
1.38622
1.34181
1.34549
1.39671
1.32871
1.38158
1.3955
1.43561
1.40379
1.40653
1.52038
1.40689
1.31931
1.41095
1.37702
1.35959
1.27998
1.36078
1.32699
1.39441
1.56178
1.45821
1.39552
1.57549
1.37275
1.41596
1.38212
1.36531
1.31266
1.4784
1.36535
1.32799
1.3894
1.34824
1.34462
1.31492
1.26505
1.33525
1.33107
1.42548
