9.45198
10.6137
9.28612
10.2552
9.98838
9.66033
9.21309
10.2275
9.81193
9.93382
10.7204
9.92338
9.57556
9.48198
9.35871
9.68956
10.0672
9.90195
10.0665
9.67747
9.75479
9.49893
9.69383
10.1452
9.58375
9.48111
9.78805
9.87259
9.76404
11.1119
13.1706
9.61889
9.58391
9.4591
11.68
9.81198
14.035
9.64517
9.55979
9.70134
9.96447
13.2892
9.40943
10.9522
9.73732
9.8113
10.0487
10.0659
9.53818
9.70445
10.0968
9.62067
9.8843
9.61904
10.0348
10.2366
9.80363
10.8846
10.077
23.3875
10.4078
10.2059
12.0815
11.7482
10.7419
9.72868
10.2571
9.89413
9.73422
9.35828
9.70221
9.55779
9.73398
9.68157
9.86551
9.57468
9.82627
11.7592
9.45586
14.7814
9.55487
9.478
10.1352
10.2463
10.0783
9.93588
9.24179
9.804
10.4473
9.62963
13.8996
9.64222
9.93275
9.47981
9.59972
9.5469
10.167
9.35612
9.58351
9.65888
