6.67016
7.0708
6.98504
6.9807
6.72255
6.87747
6.87099
7.19444
6.80459
6.89153
7.14845
6.9004
7.09938
6.84363
6.95027
7.1628
7.08281
6.91896
7.28182
9.26178
6.77315
7.09228
7.01573
7.0759
6.77855
6.84252
6.96843
7.09309
7.04476
6.75278
7.03257
7.03155
6.65245
7.13095
7.20257
6.71688
6.88794
7.60258
7.00237
6.90817
6.89237
6.83823
6.94286
6.78719
6.88382
6.69954
6.82497
6.82618
6.93366
7.04163
6.99085
6.9635
7.10114
6.67669
6.83035
6.90966
10.2482
6.94917
11.0576
11.187
7.1874
6.99644
6.72861
6.53777
6.85202
6.81637
7.15977
7.57779
6.70392
6.89455
6.88931
6.89487
6.72325
6.98267
6.85249
6.97166
7.09937
6.59969
7.22478
6.80776
7.62849
7.32593
6.76517
6.83735
7.09169
6.81771
6.89766
7.01002
6.86975
6.80196
6.71396
6.99265
6.78113
7.00726
7.05619
6.89775
6.75234
7.00531
6.70254
6.99011
