15.0565
15.1196
16.2432
15.5638
15.9977
15.3968
15.0939
16.7243
15.6964
14.9709
14.7617
15.7285
15.6244
15.0651
14.8528
14.7898
15.2412
14.9184
15.3513
14.8192
15.4308
18.0051
18.096
16.0386
15.2251
15.2883
17.0004
15.1002
18.7555
15.6171
17.0914
15.4094
20.506
15.3735
15.1175
14.6
15.3076
14.6998
15.417
19.0214
15.4184
14.8263
14.7233
19.4258
20.2447
14.4744
15.145
20.3306
15.0382
14.472
14.8259
16.4339
15.9382
15.5761
14.8665
17.0142
17.9212
15.0048
15.6502
15.1357
15.1513
15.1054
15.0383
14.7447
15.1664
15.9261
15.1779
15.3424
15.0114
15.4212
15.3554
16.1591
15.5653
15.3165
16.5117
15.5962
15.1091
17.2986
14.7346
15.1318
16.6069
15.6115
15.6365
15.6915
15.6772
15.0396
15.1808
18.8578
16.7861
15.4536
14.4288
20.4944
20.9005
20.6744
15.0131
20.0191
21.9302
18.8295
17.3932
15.2315
