20.6246
24.968
16.7794
24.7826
24.7679
20.8702
16.6858
18.2909
16.946
17.266
17.5039
21.8464
24.9519
17.2444
23.5304
17.0103
16.659
16.8683
16.9269
16.4456
16.7348
17.3316
17.1606
17.0954
17.5371
16.6199
17.0123
16.7955
16.7417
16.6077
16.5811
16.7667
16.8064
19.5162
16.6751
18.4186
17.02
17.007
18.4281
16.835
17.3303
19.1023
17.7929
16.7274
16.9042
17.2034
17.9626
16.4728
17.2308
17.0174
16.763
16.5654
19.9689
20.1845
22.7913
17.2559
23.5593
17.1488
19.06
17.2809
19.3958
18.9333
16.8255
17.0048
17.1411
16.9558
18.5363
25.67
16.6845
16.6671
22.7316
17.1148
17.7771
16.8343
18.2353
16.8617
16.87
22.7541
23.1842
24.4681
22.962
17.6563
24.8949
22.375
20.7911
19.4993
16.9269
18.324
16.5996
16.7079
18.5896
17.1025
18.3712
32.216
20.1803
17.2395
16.5666
17.1534
16.7895
17.662
