0.0246323
0.0254693
0.024069
0.0231546
0.0229112
0.0229736
0.0246904
0.0276412
0.0237154
0.023131
0.0236182
0.0224644
0.0227333
0.0231267
0.0250115
0.0225312
0.0225265
0.0230234
0.0228463
0.0220698
0.0228259
0.0218819
0.0224728
0.0278129
0.0251279
0.0227818
0.0245745
0.0259951
0.0251304
0.0249159
0.0247747
0.0235889
0.0231709
0.0228874
0.023856
0.0236844
0.0235417
0.0311011
0.0287768
0.0257652
0.0237089
0.0223854
0.024823
0.0241562
0.0243297
0.0233158
0.0259257
0.0229565
0.0286829
0.0250518
0.023745
0.0223518
0.022778
0.0229139
0.0229264
0.0235782
0.0236464
0.0240661
0.0219822
0.0234554
0.0252353
0.0235123
0.0225231
0.0266852
0.0269457
0.0253669
0.0227858
0.0222984
0.0241635
0.0221757
0.022009
0.0250207
0.022809
0.0224122
0.0280428
0.0328073
0.0261809
0.0250359
0.0233094
0.0241375
0.0257077
0.0233597
0.022132
0.023427
0.0227445
0.022225
0.0241153
0.0233251
0.0238808
0.0239615
0.0235351
0.0222167
0.0221246
0.022577
0.0230858
0.022201
0.0228586
0.023535
0.0219867
0.0229738
0.0227452
0.0221219
0.023413
0.0233792
0.0226017
0.0227292
0.0239656
0.0223764
0.022587
0.0236905
0.0230735
0.0227157
0.0263984
0.0239951
0.022082
0.023298
0.0230617
0.0219121
0.022941
0.0223894
0.0225729
0.0236757
0.0223721
0.022907
0.0226318
0.022817
0.0233547
0.0219875
0.023455
0.0229577
0.0225825
0.0228459
0.0233977
0.0237321
0.0227182
0.0231076
0.022214
0.0232026
0.0236434
0.0258187
0.022654
0.031744
0.0590532
0.0816914
0.0242557
0.0245826
0.0246881
0.0248231
0.0239132
0.0243136
0.0245623
0.0266938
0.0268148
0.0265046
0.0263206
0.0310997
0.0260216
0.0253649
0.0244292
0.0271113
0.0240936
0.0246494
0.0258281
0.0224713
0.0231904
0.0249975
0.0561283
0.0652741
0.0260898
0.0234198
0.0229657
0.0225129
0.0222059
0.0225771
0.0220811
0.0223341
0.0220552
0.0226739
0.0226508
0.0218643
0.0222704
0.0224006
0.0219686
0.0242369
0.0244735
0.0258446
0.0241074
0.0231287
0.0223332
0.0216816
0.0241326
0.0230671
0.0228397
0.0221662
0.0231405
0.0232435
0.025494
0.0250889
0.0249527
0.0235439
0.0250962
0.025489
0.0285115
0.0243385
0.024987
0.02441
0.0230166
0.0229525
0.0240753
0.0228897
0.022482
0.0242271
0.0260232
0.0228094
0.0230738
0.0223423
0.0241391
0.0229728
0.0222579
0.0232359
0.0218017
0.0228902
0.0222141
0.0225202
0.0224015
0.023057
0.0242753
0.0265161
0.0238319
0.0225848
0.0226569
0.0234045
0.0228339
0.02474
0.0232289
0.0255331
0.023531
0.0240594
0.0244946
0.0233347
0.0242968
0.0243222
0.0232971
0.023358
0.0226773
0.0222435
0.0234056
0.0229733
0.0232093
0.0234171
0.0225476
0.0218982
0.0226058
0.0232483
0.0221466
0.0231155
0.0238673
0.0228836
0.0226142
0.0228584
0.0232307
0.0220123
0.0226677
0.0233146
0.0223438
0.0235179
0.0222557
0.0222956
0.0223948
0.0230224
0.0221456
0.0219195
0.0235449
0.021926
0.0238945
0.0224672
0.0251351
0.0239187
0.0233393
0.02287
0.0260855
0.0227206
0.0226932
0.0227741
0.0224198
0.0223895
0.0223943
0.0232644
0.0224783
0.0224904
0.0231663
0.0226542
0.0229149
0.0228458
0.0228558
0.0227789
0.0223946
0.0232837
0.0225321
0.023432
0.0230059
0.0218934
0.0226187
0.0232125
0.0221847
0.023209
0.0271907
0.0232158
0.0222839
0.0229576
0.0245234
0.0221452
0.0237984
0.0228694
0.0231728
0.0230915
0.0226451
0.0227313
0.0228196
0.0224959
0.0225937
0.0223843
0.0227478
0.0238217
0.0218169
0.0225375
0.0236804
0.0228285
0.0221951
0.0228351
0.0225468
0.0225194
0.0230469
0.0217399
0.0230014
0.0230704
0.0224843
0.0217527
0.0226968
0.0228369
0.0227328
0.0226549
0.0237602
0.0223293
0.0230096
0.0231651
0.0224953
0.0220054
0.0226819
0.0231667
0.0220467
0.0228084
0.0222492
0.0221851
0.0226734
0.0272953
0.023062
0.0220012
0.0232383
0.0219954
0.0230492
0.0219865
0.0246023
0.0227731
0.0227185
0.0236364
0.0225003
0.0224676
0.0232559
0.0235052
0.025968
0.0233259
0.0238529
0.0224313
0.0228448
0.0224038
0.0227106
0.0262329
0.0236908
0.0250053
0.0224141
0.0230383
0.0230352
0.0232755
0.0229461
0.023238
0.0231816
0.0249376
0.0224346
0.021838
0.0224502
0.0239278
0.0249501
0.0253527
0.0239358
0.0236887
0.0234802
0.0249542
0.0223084
0.0248951
0.025036
0.0234124
0.0225708
0.0225723
0.0239842
0.0225471
0.0222843
0.0228613
0.0230682
0.0221192
0.022381
0.0229879
0.0219233
0.0221957
0.0235267
0.0216188
0.0222338
0.0233862
0.0226203
0.0215972
0.0236817
0.0222657
0.0219857
0.0229845
0.0228811
0.0215345
0.0239407
0.023008
0.023554
0.0224508
0.022913
0.0230051
0.0234212
0.0228757
0.0223066
0.0226171
0.0235401
0.0237005
0.0222262
0.0229061
0.0229168
0.0227151
0.0230284
0.0228019
0.0219727
0.0223847
0.0224503
0.0223358
0.0233709
0.0223333
0.0220465
0.0233088
0.0234528
0.0227031
0.0229508
0.0229671
0.0228987
0.0226175
0.0227024
0.0227723
0.0225754
0.022933
0.0223565
0.0229356
0.0231755
0.0219712
0.0230447
0.0258856
0.022628
0.0232729
0.0228105
0.0230687
0.022755
0.0233074
0.022432
0.0219826
0.0228792
0.0233121
0.0223512
0.0221655
0.0224525
0.0219783
0.0225283
0.0231749
0.0232427
0.0216655
0.0232362
0.0222274
0.0216044
0.0233098
0.0224682
0.021636
0.0228278
0.0232498
0.0221747
0.0226395
0.0232345
0.0225091
0.0249299
0.0237764
0.0224582
0.0223246
0.0226324
0.0223477
0.0216141
0.0228761
0.0236647
0.0219322
0.0228163
0.0232887
0.0224216
0.0230958
0.0232236
0.021803
0.0230836
0.0231069
0.0213957
0.0223587
0.0230166
0.0220447
0.0228231
0.022523
0.0231406
0.0230821
0.0224933
0.0247056
0.0221049
0.0244822
0.022644
0.0238513
0.0225821
0.0219712
0.0219319
0.0236387
0.0229392
0.0232391
0.022665
0.022095
0.0216886
0.0222224
0.0229977
0.0224629
0.0231601
0.0219319
0.0231636
0.0228482
0.0221924
0.0223398
0.022346
0.0220779
0.0225694
0.0227943
0.0221178
0.0222993
0.0221806
0.0227909
0.0228429
0.0230269
0.0232892
0.0236068
0.0231154
0.0245854
0.0230276
0.0231188
0.0234719
0.0252661
0.0242822
0.0227007
0.0238013
0.023759
0.0228726
0.0226083
0.0233657
0.0225151
0.02282
0.0230866
0.0245259
0.0231336
0.0227509
0.0229836
0.0219198
0.0235469
0.0229052
0.0221187
0.0220029
0.0231709
0.0222484
0.0232598
0.0227968
0.0221689
0.0228506
0.0242445
0.0225953
0.0234806
0.0239504
0.023462
0.0231917
0.0228636
0.0227481
0.022204
0.0229577
0.0222783
0.0217626
0.0229386
0.0233594
0.0227585
0.0230106
0.0257067
0.0240239
0.0228618
0.0227641
0.0228225
0.022977
0.0248938
0.0235256
0.0228902
0.0224439
0.0245022
0.023425
0.0253684
0.0231666
0.0239424
0.0244099
0.0497753
0.0815087
0.0332643
0.0242685
0.0229628
0.0223929
0.0234408
0.0226005
0.0222683
0.0217454
0.0227483
0.021686
0.0222599
0.0223601
0.0228116
0.0232903
0.024323
0.0223285
0.0246445
0.0240597
0.0235256
0.0226239
0.0224214
0.023459
0.022558
0.0228149
0.0244268
0.0226386
0.0228991
0.0236876
0.0236998
0.022361
0.0223518
0.0225678
0.0224812
0.0227392
0.0232422
0.0223388
0.0222788
0.0232698
0.0228237
0.0225868
0.0226826
0.0231903
0.0217644
0.022528
0.0225148
0.022051
0.0233609
0.0231311
0.0222991
0.0228827
0.022312
0.0219347
0.0224336
0.0225783
0.0225005
0.0225881
0.0223481
0.0225164
0.0226179
0.0227737
0.0232967
0.0229591
0.022882
0.0226034
0.0222435
0.0230589
0.0225693
0.0229574
0.0218785
0.0234488
0.0237855
0.0220903
0.0223397
0.0224469
0.022981
0.021838
0.0238687
0.0231936
0.0221967
0.0226676
0.023091
0.0224683
0.0222438
0.0229332
0.0231448
0.0228346
0.0234082
0.0228017
0.0236839
0.0225382
0.0229653
0.0226938
0.0229445
0.0266761
0.0232503
0.0223865
0.0229377
0.0225919
0.022608
0.0224446
0.024449
0.0227104
0.0221031
0.0231247
0.0238995
0.0219451
0.0247964
0.0245511
0.0248894
0.0231191
0.0235696
0.0222782
0.0221037
0.0228727
0.0221561
0.0215765
0.0224836
0.0222863
0.0222886
0.022816
0.0228244
0.0224452
0.0219282
0.0223963
0.0219443
0.0229833
0.0223041
0.022003
0.0256204
0.0228585
0.0228035
0.0230434
0.0235179
0.0224069
0.0234141
0.0232224
0.0223195
0.0232034
0.0231844
0.0223734
0.0221645
0.0235347
0.0227047
0.023363
0.0221732
0.0222983
0.0231449
0.0224272
0.0219705
0.0235908
0.0223821
0.0224003
0.0236428
0.0225797
0.0225692
0.0227836
0.0233876
0.0227221
0.0260823
0.0235103
0.0228512
0.0222645
0.0235893
0.0238909
0.0233248
0.0221042
0.0245929
0.0228618
0.0226509
0.022216
0.0250345
0.0244153
0.0222879
0.0233364
0.0234664
0.0227108
0.0227495
0.0234984
0.0224865
0.0221802
0.0230703
0.0232494
0.0223912
0.0229855
0.0232055
0.0221367
0.0229798
0.0225316
0.0216754
0.0222933
0.0227333
0.022626
0.0224915
0.0223942
0.0220152
0.0222287
0.0227206
0.0230762
0.0216763
0.0240818
0.0230661
0.0219086
0.0225638
0.0232829
0.0218659
0.0230581
0.024503
0.0239443
0.0222539
0.023777
0.0228694
0.0229401
0.0221804
0.0225009
0.0238568
0.0223189
0.022304
0.0227204
0.0224521
0.0235513
0.0226904
0.0238706
0.0221658
0.0224191
0.0232282
0.0288799
0.0232175
0.0222336
0.0258165
0.0235088
0.0230755
0.0220936
0.0223067
0.0248121
0.026946
0.0236435
0.024412
0.0249332
0.0247386
0.0247433
0.0247876
0.0245406
0.0229262
0.0231931
0.0220289
0.0228962
0.0229219
0.0220996
0.0225391
0.0225483
0.0239721
0.0228465
0.0243259
0.0225052
0.0219906
0.0234223
0.0229954
0.0217992
0.0233359
0.0228147
0.0226209
0.0227584
0.0233392
0.0223015
0.0223113
0.0233227
0.0236014
0.0222076
0.0235274
0.0225498
0.0224289
0.0238035
0.0254933
0.0275774
0.0246778
0.0236313
0.0243303
0.0236402
0.0241393
0.0231454
0.0231416
0.0224908
0.0235115
0.0231907
0.0261649
0.0223875
0.0228029
0.0224244
0.0231445
0.0254007
0.0234038
0.0222865
0.0227172
0.024208
0.0238365
0.0236364
0.0224918
0.0227048
0.0227591
0.0225354
0.0235669
0.0229701
0.0252233
0.0229652
0.0232976
0.022207
0.0227098
0.0229276
0.0223972
0.0219973
0.023197
0.0223862
0.021801
0.0225964
0.0232515
0.0220787
0.022933
0.0230641
0.0223921
0.0224923
0.0226283
0.0221342
0.0221219
0.0226871
0.022646
0.0223653
0.0225387
0.0230139
0.0222976
0.022954
0.0253393
0.0224794
0.0222482
0.0241436
0.0251982
0.0220313
0.0226891
0.0233355
0.0227079
0.0223987
0.0229489
0.0225265
0.0223733
0.0233558
0.0224989
0.0230696
0.022569
0.0234204
0.0219277
0.0228629
0.0281307
0.021967
0.0219676
0.023088
0.0227637
0.022251
0.0222857
0.0224035
0.0220694
0.023414
0.0222689
0.0221249
0.0235519
0.0242789
0.0222538
0.0223617
0.02466
0.0226028
0.0226637
0.0226184
0.0245201
0.0243836
0.0222834
0.0230229
0.0222066
0.0258009
0.0228362
0.0224509
0.0229206
0.022802
0.0222149
0.0226145
0.0222671
0.0238983
0.0225827
0.022527
0.0231888
0.0224539
0.0230221
0.0232294
0.0243331
0.0225933
0.0227883
0.0227403
0.0227109
0.0216701
0.0228916
0.0238074
0.0225985
0.0220251
0.0247434
0.0247167
0.0256242
0.0226159
0.0249579
0.0226058
0.0217967
0.0235294
0.023805
0.0224359
0.0232796
0.0238998
0.0228906
0.0225402
0.0236793
0.0223125
0.022254
0.0235765
0.0236464
0.0219711
0.0231282
0.0237381
0.0220633
0.0233898
0.0230244
0.0225596
0.0228672
0.0230549
0.0229792
0.0222916
0.0227609
0.022717
0.0221958
0.0231428
0.0229578
0.0221994
0.0220481
0.0230274
0.0224678
0.0227749
0.0230277
0.0220639
0.022679
0.0234949
0.0220671
0.023137
0.0220863
0.0217745
0.0224561
0.021951
0.0226938
0.0217562
0.0221969
0.0226829
0.0222582
0.0219054
0.022659
0.0225506
0.0223412
0.0222845
0.0222641
0.0216011
0.0231099
0.0217204
0.0227599
0.0242406
0.0237162
0.0236063
0.022932
0.0248677
0.024609
0.0220191
0.0220572
0.0219472
0.0218434
0.0221396
0.0238786
0.0225613
0.0222973
0.022626
0.0226804
0.0220156
0.0225271
0.0226529
0.02243
0.0227595
0.0236401
0.0224564
0.0229018
0.0227497
0.022255
0.0222313
0.0230754
0.0230232
0.0220495
0.0230794
0.0224558
0.022077
0.0229896
0.0233657
0.0219851
0.0223707
0.0225025
0.0220497
0.0224595
0.0228057
0.0220527
0.0223567
0.0229348
0.0229054
0.0224947
0.0225139
0.0218966
0.0258519
0.0243109
0.0234891
0.0217656
0.0231357
0.0228135
0.0222322
0.0232599
0.0247248
0.0244871
0.0223797
0.0224189
0.0225583
0.0222523
0.0225761
0.0222258
0.0225405
0.0431891
0.085101
0.0325188
0.0231055
0.0237214
0.0236614
0.0227556
0.0232344
0.0220008
0.0221185
0.0231233
0.0226727
0.0223264
0.022612
0.0228153
0.022661
0.0220747
0.0224107
0.0222358
0.0220816
0.0219339
0.0220935
0.0234477
0.0228539
0.023047
0.0219575
0.0220892
0.0240444
0.0223479
0.02292
0.0236725
0.0234864
0.0238626
0.0242061
0.0244438
0.0233506
0.0218851
0.0225127
0.0225254
0.0221492
0.0242915
0.0226779
0.022005
0.0227938
0.0227308
0.0215159
0.0228095
0.0232042
0.0240077
0.0239826
0.0225402
0.0220757
0.0224539
0.0224733
0.0234107
0.0244448
0.0229333
0.0227605
0.0228171
0.0224475
0.0236006
0.0215944
0.0223922
0.0222262
0.0225218
0.0223727
0.0231542
0.0221018
0.0235769
0.0223392
0.0246925
0.0230435
0.0228464
0.0224162
0.0223753
0.0224048
0.0234723
0.0220349
0.0224508
0.02275
0.0226272
0.0224462
0.0228467
0.0245183
0.0232836
0.0221746
0.0233783
0.0226092
0.0227999
0.0223862
0.022396
0.0241456
0.0218823
0.0230222
0.02285
0.0224256
0.0231024
0.0225143
0.0223971
0.0232075
0.0225954
0.0219086
0.0234211
0.0231798
0.0235354
0.0231169
0.0231103
0.0235203
0.0221324
0.0232426
0.0233545
0.0239899
0.0216879
0.0233548
0.0235091
0.0226705
0.0225831
0.0236595
0.0224969
0.0223382
0.0229004
0.022137
0.0241391
0.0230956
0.0226479
0.0217074
0.022801
0.022426
0.0222132
0.0242052
0.0230369
0.0223266
0.0227184
0.0229118
0.0229543
0.0224511
0.0237522
0.0274108
0.0242372
0.0239876
0.0223464
0.0222604
0.0226551
0.0227795
0.0220476
0.0223964
0.0226104
0.022929
0.0223085
0.0230424
0.0232869
0.0239386
0.0235354
0.0228426
0.0227845
0.0227004
0.0224609
0.0227945
0.0234871
0.0225324
0.0227081
0.0219119
0.0230479
0.0239767
0.0239846
0.0238605
0.0241165
0.0252667
0.0245501
0.0235083
0.0235481
0.022925
0.0238383
0.0221
0.0224536
0.0231217
0.0255544
0.0231167
0.0229657
0.0231321
0.0223949
0.0237527
0.0232333
0.0226435
0.022979
0.0238483
0.0222698
0.022151
0.0222632
0.0218188
0.0230499
0.0224163
0.0230328
0.022075
0.0233021
0.0230316
0.0218225
0.0228853
0.0237208
0.022751
0.0225915
0.0228435
0.0237914
0.0227671
0.023073
0.0238803
0.0226959
0.0228583
0.0236914
0.0274139
0.0231884
0.0250974
0.0244606
0.0222253
0.0221464
0.0234521
0.0230129
0.0216567
0.0235701
0.0235856
0.0237099
0.0231049
0.0230403
0.0222434
0.0229421
0.0226409
0.0226336
0.0219651
0.0229082
0.0256001
0.0224724
0.0229937
0.0230605
0.0229264
0.0278528
0.0230341
0.022231
0.0219454
0.0224958
0.0223946
0.0219112
0.0223454
0.0226903
0.0224343
0.0216862
0.0224985
0.0224118
0.0220348
0.0253552
0.0228487
0.0231824
0.0217925
0.0227835
0.0221568
0.0231109
0.0227892
0.023481
0.0253929
0.0243873
0.0237901
0.0234477
0.0229784
0.0232506
0.0233376
0.0219332
0.0236276
0.0227357
0.0224892
0.0238978
0.0230355
0.0229966
0.0221823
0.0229199
0.0239237
0.0216715
0.0223023
0.0228432
0.0219226
0.0241979
0.0253394
0.0245002
0.0235818
0.0250207
0.0268895
0.0294812
0.0269345
0.0236041
0.024109
0.0259506
0.0257427
0.028515
0.0248971
0.0244716
0.0235239
0.0236802
0.023075
0.0239764
0.0227093
0.0220651
0.0230457
0.0229333
0.0224153
0.022331
0.0238526
0.022998
0.022515
0.0230789
0.0240361
0.0224934
0.023977
0.0228821
0.0223863
0.0229167
0.0233045
0.0216587
0.0223937
0.0227186
0.021567
0.0222616
0.022856
0.0217336
0.0232154
0.0230511
0.022237
0.0219075
0.0232206
0.0217367
0.0231027
0.0226947
0.0236479
0.0216515
0.0233291
0.0228385
0.0235718
0.0252694
0.022947
0.0235785
0.0239149
0.0229771
0.023418
0.0232933
0.0217849
0.0231168
0.0222712
0.0234873
0.0227986
0.0237705
0.0229957
0.0222122
0.0227633
0.0247824
0.0222755
0.0223617
0.0237849
0.0223096
0.0220915
0.0222828
0.0227334
0.0218869
0.0232728
0.0223619
0.0218762
0.0225811
0.0257566
0.0223792
0.0223818
0.0238918
0.023443
0.0248608
0.024935
0.0229253
0.0222828
0.0234642
0.0233193
0.02231
0.0224625
0.0231968
0.0220851
0.0226459
0.0222725
0.0235901
0.0221725
0.022879
0.0232818
0.021628
0.0232408
0.0231859
0.0228636
0.0224671
0.0223464
0.0220232
0.0223363
0.0221391
0.0228515
0.0228552
0.0227353
0.0221891
0.0223756
0.0238874
0.0240566
0.0269094
0.0235344
0.0241183
0.02478
0.0258487
0.0226431
0.0239299
0.0227748
0.0230714
0.0226849
0.023039
0.022365
0.0230166
0.0229851
0.0248305
0.0240687
0.0236402
0.0248293
0.0247206
0.0223461
0.0226854
0.022809
0.0224613
0.0227111
0.0221468
0.0225536
0.0222709
0.0227735
0.0224937
0.0219597
0.0229865
0.0242353
0.0219856
0.022404
0.0235838
0.0251024
0.0260633
0.0233748
0.0233945
0.0220947
0.0231486
0.0236864
0.0239959
0.0224401
0.023118
0.0228899
0.0215986
0.0227778
0.0239286
0.0223432
0.0224519
0.0238519
0.0228468
0.0220183
0.0244033
0.0231751
0.0218239
0.0244741
0.0225178
0.0252412
0.0229698
0.0251349
0.0230649
0.0229877
0.0231154
0.0243048
0.0226434
0.0229155
0.0227028
0.023132
0.0219573
0.0227963
0.0225583
0.0226608
0.023298
0.0223875
0.0222904
0.022446
0.0229083
0.0221706
0.0229499
0.0227211
0.0228677
0.0227111
0.022973
0.022899
0.0218835
0.0240894
0.0225022
0.0224251
0.022222
0.0230483
0.0275325
0.0228816
0.0225188
0.0226766
0.022652
0.0227342
0.0226461
0.0223046
0.0227008
0.0224994
0.0233166
0.0224858
0.0238717
0.0230463
0.0226048
0.0232196
0.0228725
0.0227193
0.0225068
0.0231203
0.0228192
0.0223503
0.0225616
0.0234724
0.0220686
0.0229337
0.0231454
0.0222717
0.0223273
0.0235642
0.0227607
0.0219388
0.0236981
0.0233308
0.0216592
0.0230399
0.0234141
0.0216152
0.0227181
0.0232533
0.0222254
0.0223952
0.0235063
0.0222899
0.0225078
0.023089
0.0225186
0.0223842
0.0243378
0.0228654
0.0217693
0.0231024
0.0227978
0.0220886
0.0224887
0.0241329
0.0223367
0.022488
0.0230059
0.0225203
0.0219703
0.0228437
0.0237804
0.0238546
0.0227489
0.0227305
0.0226378
0.0225696
0.0233562
0.0219961
0.02285
0.02207
0.0218781
0.0223789
0.022819
0.0229896
0.0224983
0.0219375
0.0224739
0.0223344
0.023334
0.0235298
0.0253428
0.0223438
0.0228117
0.0225349
0.0221805
0.0221601
0.0228636
0.0219986
0.0223868
0.0228074
0.0229631
0.0221804
0.0232408
0.0224891
0.0214472
0.0225531
0.0226986
0.02154
0.0230819
0.0231834
0.0221294
0.0219253
0.0233015
0.0227102
0.0223762
0.0234037
0.0223977
0.0217971
0.0223657
0.0231613
0.0227691
0.0233062
0.0235032
0.0227585
0.0227986
0.0240124
0.0232934
0.0228873
0.0244637
0.022853
0.0228343
0.0230584
0.0240234
0.022126
0.0224535
0.0233292
0.0234462
0.0224314
0.0250827
0.0238264
0.0246897
0.0236666
0.0245713
0.0223542
0.0219539
0.0227753
0.0224293
0.0217829
0.0234761
0.0248263
0.0220302
0.0229192
0.0235394
0.0219458
0.0228071
0.0227159
0.0235054
0.0217905
0.0232726
0.0224336
0.0223686
0.0223499
0.0232546
0.0221563
0.0230911
0.0227645
0.0238353
0.0225944
0.0225125
0.0227069
0.0238984
0.0233041
0.022757
0.0233016
0.0217834
0.0234072
0.0228242
0.0236838
0.0228499
0.0226713
0.0219049
0.0217522
0.0237773
0.0223912
0.0226103
0.0229513
0.0231961
0.0219689
0.0231632
0.0237346
0.0226355
0.023456
0.0248527
0.0228554
0.0221136
0.0222573
0.0227334
0.0216978
0.0228886
0.0232158
0.0212874
0.0234184
0.0232566
0.0227739
0.0238221
0.0268597
0.0235727
0.0226984
0.0222963
0.0240423
0.0224963
0.0216325
0.0238882
0.0257031
0.0220634
0.0224425
0.0236782
0.0219703
0.0230828
0.0222668
0.0230613
0.0224418
0.0231639
0.023199
0.0234421
0.0229757
0.0237622
0.0222868
0.0235888
0.0223867
0.0224677
0.0238006
0.0234162
0.0234991
0.0224553
0.0232278
0.0225331
0.0221759
0.0228161
0.0232414
0.0223737
0.0229499
0.022557
0.0225389
0.0223494
0.0224041
0.0239886
0.0225673
0.0235156
0.0223713
0.0226102
0.0227532
0.0227643
0.0233654
0.0221015
0.0235755
0.0240416
0.0224769
0.021958
0.024133
0.0230752
0.0222702
0.0235592
0.0228785
0.021888
0.0222741
0.0233571
0.0223212
0.021997
0.0232528
0.0226612
0.0230712
0.0240328
0.0236501
0.021715
0.0233479
0.0232983
0.0231213
0.0256217
0.0235159
0.0226132
0.0218567
0.0275877
0.0270656
0.0235073
0.0221298
0.0247849
0.0232061
0.0224103
0.0233985
0.0233824
0.0226762
0.0230565
0.0261461
0.0235782
0.0221253
0.0234991
0.0227335
0.0220749
0.0225234
0.0223626
0.0224277
0.0239022
0.0224077
0.0229972
0.0218588
0.0227184
0.023592
0.0226829
0.0223433
0.022758
0.022431
0.0219879
0.0238936
0.0225265
0.0228692
0.0242203
0.0233596
0.0249875
0.0230397
0.0234516
0.0223351
0.0238507
0.0243173
0.0242598
0.0236666
0.0242387
0.0229567
0.0234993
0.0222751
0.0226301
0.0232334
0.0223966
0.0218958
0.022486
0.0232896
0.0223295
0.022913
0.0238675
0.0222241
0.0229126
0.0235951
0.0217773
0.0221262
0.0244084
0.0246653
0.0226697
0.0230998
0.0236771
0.0233928
0.0232011
0.0265399
0.0228708
0.0217004
0.0222703
0.023781
0.0213075
0.0222533
0.022746
0.021258
0.0224908
0.0227799
0.0222092
0.0229021
0.022722
0.022424
0.0223419
0.023736
0.0231095
0.022326
0.0234843
0.0241709
0.0236971
0.0252735
0.0244489
0.0237189
0.0240017
0.0249766
0.0243534
0.0230461
0.0225249
0.022516
0.024162
0.0226767
0.0226422
0.0224021
0.0224583
0.0226576
0.0223432
0.0222815
0.0226331
0.0225306
0.0219306
0.0224711
0.0222755
0.022798
0.0221059
0.0223226
0.0240951
0.0221541
0.0224148
0.0244344
0.0221457
0.022624
0.0231652
0.0229731
0.0219479
0.0234152
0.0233342
0.0229847
0.0225131
0.0218996
0.0226294
0.0219238
0.0231386
0.0232046
0.0222157
0.0224436
0.0235561
0.022224
0.0229519
0.0226791
0.0228799
0.0223892
0.022211
0.0225743
0.0219913
0.023438
0.0229374
0.0225191
0.0224729
0.0239615
0.0221627
0.0219527
0.0229112
0.0220574
0.0220141
0.0229478
0.0221678
0.0219377
0.0230258
0.0233801
0.022849
0.023353
0.0241259
0.0215602
0.0229349
0.0228365
0.0215537
0.023128
0.0226686
0.0223215
0.0223552
0.0236301
0.0222885
0.0436502
0.0409952
0.0498571
0.0254574
0.0235807
0.0243691
0.0240234
0.0219201
0.022292
0.0227244
0.0232705
0.022514
0.0225905
0.0214585
0.022338
0.0231762
0.0234942
0.0220769
0.0229211
0.0235935
0.0226552
0.0242824
0.0224999
0.0227631
0.0225255
0.0237056
0.0252577
0.0255031
0.0222084
0.0255515
0.0224491
0.0230294
0.0272769
0.0228456
0.0219508
0.0219029
0.0227199
0.0227572
0.0240197
0.0245434
0.0242152
0.0261456
0.0240533
0.0236642
0.0235378
0.022636
0.02232
0.0234282
0.0224442
0.0224022
0.0230035
0.0224252
0.0220642
0.0231481
0.0257646
0.0229218
0.0228223
0.0231134
0.0223825
0.0227378
0.0232245
0.0233973
0.0214901
0.0227592
0.0228541
0.0224325
0.0230815
0.0223568
0.0226321
0.0245398
0.0226513
0.0228704
0.0235813
0.0224281
0.0229778
0.0228955
0.0235565
0.0228639
0.0222145
0.0233222
0.022666
0.0221847
0.0230696
0.0223008
0.0221255
0.0219837
0.0222835
0.0225121
0.0227944
0.0223605
0.022397
0.0258707
0.0228185
0.0239346
0.0231053
0.0275227
0.0225693
0.0246878
0.0223738
0.0229092
0.0227902
0.0228549
0.0227197
0.0233806
0.0228828
0.022284
0.0223483
0.0226003
0.0238367
0.0219293
0.022303
0.0239871
0.0227577
0.0219673
0.0222435
0.0222679
0.0230367
0.0247719
0.0235913
0.0222636
0.0232987
0.0239751
0.0245224
0.0251738
0.0228922
0.023088
0.0221561
0.0243002
0.0232091
0.0213544
0.022457
0.0251596
0.0226747
0.0233118
0.0229105
0.0224284
0.0215932
0.0228
0.0221986
0.0222848
0.0229386
0.0227139
0.022213
0.0229476
0.0223506
0.0231893
0.03189
0.0246841
0.0232805
0.0234667
0.0230136
0.0224296
0.0237864
0.0216021
0.0234687
0.022937
0.0222329
0.0223527
0.0219782
0.0218757
0.0244913
0.027151
0.0225079
0.0220948
0.0224939
0.0224809
0.0228653
0.0221584
0.0237809
0.0231981
0.0234584
0.0240828
0.0230098
0.0236942
0.0223814
0.0225755
0.0230652
0.0227658
0.0223582
0.0238456
0.0225982
0.0225507
0.0235204
0.0231827
0.0226206
0.0233187
0.0224726
0.0223043
0.022598
0.0233013
0.0220766
0.0219124
0.0232419
0.0228628
0.022827
0.0232273
0.0224695
0.0230979
0.0230967
0.0229326
0.0223982
0.0227555
0.0228681
0.0219745
0.0227065
0.022439
0.0214995
0.0229496
0.0229916
0.0217739
0.0223933
0.0238235
0.0222593
0.0217767
0.0227167
0.0224926
0.0226391
0.0230638
0.0236506
0.0226276
0.0229893
0.0226824
0.022146
0.0230569
0.0233363
0.022927
0.0228528
0.0227964
0.0221724
0.0222724
0.0229362
0.0227056
0.021733
0.0234039
0.0221312
0.0225989
0.0227122
0.0221674
0.0220738
0.0220084
0.0229239
0.0221511
0.0217278
0.0235678
0.0222836
0.0221126
0.022909
0.0224361
0.0221596
0.0225599
0.0231084
0.0221296
0.0223196
0.0221401
0.0224237
0.0235003
0.0225964
0.0225719
0.0220743
0.022484
0.0227814
0.0227186
0.0224104
0.022371
0.0217631
0.0223266
0.0230867
0.0223935
0.0231501
0.0230665
0.0225754
0.0230633
0.0222417
0.0229601
0.0224361
0.0219668
0.0233479
0.0222898
0.0227219
0.0231944
0.0221156
0.0228357
0.0224066
0.0220239
0.0225325
0.0223967
0.0224692
0.0225419
0.0231062
0.0219767
0.02191
0.0232224
0.0220915
0.0220342
0.0229071
0.0227938
0.0216056
0.0229073
0.0240732
0.0215609
0.02239
0.023827
0.0272525
0.0220649
0.0231148
0.0232794
0.0217237
0.0239041
0.0226379
0.0217801
0.0239833
0.0295821
0.0246492
0.0219962
0.0227089
0.0237745
0.0228816
0.022174
0.0223075
0.0229234
0.0232213
0.0226739
0.0225167
0.0230135
0.0230051
0.0247608
0.0227712
0.0226304
0.0225129
0.0251427
0.0229588
0.0221031
0.0224591
0.0228372
0.0225939
0.0219293
0.0231043
0.022636
0.0223528
0.0232224
0.0222088
0.0231121
0.0232031
0.0220987
0.0227162
0.0232082
0.0229026
0.0223058
0.022422
0.0231501
0.0217203
0.0216523
0.0226074
0.0216822
0.0226026
0.022756
0.0219744
0.0229412
0.0227422
0.0215644
0.0227811
0.0223608
0.0222899
0.0229105
0.0228446
0.0223009
0.0222892
0.0234492
0.0226723
0.0221391
0.024904
0.0223502
0.0234974
0.0240903
0.0229152
0.0236959
0.0232051
0.0234242
0.0222932
0.0227131
0.0226675
0.0230681
0.0223584
0.0244743
0.0240481
0.0242891
0.0239325
0.0251406
0.0242027
0.0251732
0.0238277
0.0224978
0.0226579
0.0224221
0.0226313
0.0226641
0.0226521
0.0222764
0.0221683
0.0225758
0.0224911
0.0230775
0.0226264
0.0226552
0.0225581
0.022236
0.0226744
0.0220002
0.0221136
0.0229181
0.0226795
0.0220472
0.0231628
0.0223388
0.0217439
0.0226112
0.0223667
0.0220156
0.0231467
0.0234497
0.02475
0.0250318
0.0227524
0.0227788
0.022552
0.022683
0.022328
0.0223338
0.023435
0.0224012
0.022306
0.0226838
0.0247437
0.025046
0.0229339
0.0229897
0.0221662
0.0221973
0.0228281
0.0221718
0.0222712
0.023407
0.0223331
0.0226686
0.0227171
0.0228764
0.0217336
0.0228989
0.0236321
0.021694
0.0230387
0.0228455
0.0218639
0.0227395
0.0231235
0.0218343
0.023312
0.0231123
0.0222588
0.0226853
0.0230448
0.0223389
0.0226468
0.0229026
0.0224297
0.0230201
0.0223201
0.0228236
0.02187
0.0244396
0.021941
0.0232259
0.0228365
0.0227319
0.0217629
0.0228168
0.0220708
0.022636
0.0226899
0.0227871
0.0226624
0.0216082
0.0226393
0.0229455
0.0218619
0.0230066
0.0220756
0.0236264
0.0228403
0.0225663
0.0234832
0.0231713
0.0225481
0.0223382
0.0223729
0.0229699
0.022417
0.0221115
0.0223829
0.0226324
0.0229561
0.022597
0.0221766
0.0223009
0.0225909
0.0223111
0.022833
0.0221992
0.0221215
0.0232526
0.0222043
0.0221844
0.0223512
0.0229278
0.0233074
0.0229708
0.0239151
0.0225799
0.0224856
0.0229959
0.0225931
0.0227651
0.0226119
0.0233948
0.0224659
0.0229279
0.027728
0.0271082
0.0232048
0.0271968
0.0232109
0.0227338
0.0225447
0.0273977
0.0232967
0.0225311
0.0228369
0.0238714
0.0225584
0.0220018
0.0230945
0.0234447
0.0223347
0.0230944
0.0235748
0.0220533
0.0233546
0.0234124
0.0233694
0.0221918
0.0238683
0.0220894
0.0223999
0.0256689
0.0230095
0.0235611
0.0234068
0.023148
0.0230547
0.0230091
0.0226548
0.0231538
0.0220686
0.0235212
0.0229713
0.0232248
0.0225601
0.0252688
0.0230599
0.0233135
0.0240106
0.023836
0.0236749
0.0235347
0.0236694
0.0227117
0.023386
0.0229476
0.0224525
0.0227771
0.0230222
0.0227543
0.0230366
0.0223457
0.0232387
0.0225595
0.023363
0.025425
0.0224341
0.0277114
0.0235434
0.022879
0.0220685
0.022254
0.0222179
0.0229614
0.0226585
0.0227004
0.0225315
0.0235474
0.0218219
0.023179
0.024637
0.0235902
0.0221392
0.0223758
0.0222583
0.0222384
0.0222897
0.022106
0.0229476
0.0271112
0.0272
0.0249466
0.0248878
0.0242622
0.0241239
0.0225474
0.0231275
0.0226762
0.0250024
0.0228325
0.0232587
0.0233745
0.023991
0.0228304
0.0255877
0.0229069
0.023229
0.0218476
0.0240072
0.0228562
0.0222964
0.0238153
0.0234649
0.0230007
0.0228237
0.0244361
0.0219703
0.0238387
0.0228323
0.0246231
0.0223597
0.0237874
0.022684
0.0238824
0.022257
0.0229717
0.0231393
0.0227606
0.022332
0.0225563
0.023499
0.0228235
0.023299
0.0220048
0.0244777
0.0227894
0.0225269
0.022838
0.0227335
0.0226644
0.0224415
0.0233599
0.0230554
0.0239354
0.0225748
0.0233678
0.023077
0.0238792
0.022489
0.0230239
0.0231892
0.0234472
0.0220964
0.0229467
0.0223377
0.0226133
0.0226433
0.022168
0.0227932
0.0244232
0.0240122
0.0225046
0.0263666
0.0227751
0.0238666
0.0225845
0.0238579
0.0222682
0.0220735
0.0228884
0.0248331
0.0222735
0.0229762
0.0234711
0.0224669
0.0227099
0.023562
0.0246014
0.0243709
0.0238432
0.0228155
0.0223191
0.0224952
0.0224348
0.0218755
0.0223913
0.0264189
0.023641
0.0222644
0.0250203
0.0237992
0.0242084
0.0223967
0.02406
0.0222649
0.022993
0.0237769
0.0229401
0.0226016
0.0228906
0.0263497
0.0253839
0.0228351
0.0226759
0.0342973
0.0652222
0.0470405
0.0290541
0.0229956
0.022599
0.0225048
0.0221827
0.0226183
0.0222658
0.0224239
0.0220156
0.0230672
0.0222544
0.0223816
0.0225096
0.0222991
0.0224359
0.0219142
0.0226391
0.0228988
0.0228971
0.0228545
0.0225545
0.0225341
0.0230411
0.0229796
0.022262
0.0225962
0.0226832
0.0224299
0.0224955
0.0224673
0.0224314
0.0221974
0.0229336
0.0225486
0.022387
0.022387
0.022017
0.023536
0.0226928
0.0228827
0.0219072
0.023056
0.0224282
0.0219575
0.022324
0.0223957
0.0228036
0.0227232
0.0224273
0.0223657
0.0224077
0.024143
0.0224207
0.0227641
0.0231531
0.0219523
0.022391
0.0238069
0.0218078
0.0224714
0.023253
0.0223615
0.0224264
0.0222638
0.0233104
0.0224492
0.0225108
0.0223089
0.0217956
0.0230905
0.02368
0.0218337
0.0233369
0.0227158
0.022462
0.0226404
0.0228388
0.0223077
0.0221438
0.0226221
0.0244436
0.0237884
0.0226829
0.0228991
0.023114
0.0225043
0.0234178
0.0221476
0.0223381
0.0224406
0.0223506
0.023872
0.0229281
0.0227865
0.0225341
0.023264
0.0234575
0.0225546
0.0238326
0.0230984
0.0220618
0.0220227
0.0225292
0.0223038
0.0224924
0.0221982
0.0230812
0.0230592
0.0229121
0.0223191
0.0230954
0.0222855
0.0226498
0.0228105
0.02532
0.024323
0.0234146
0.025743
0.0242892
0.0242206
0.024172
0.0239819
0.0237314
0.0235866
0.0234568
0.023558
0.0242799
0.0246501
0.0230958
0.0227657
0.0217525
0.0230863
0.0219859
0.0230371
0.0227729
0.0229592
0.0226782
0.0252496
0.0225512
0.0228563
0.0227121
0.0229749
0.0227799
0.0222823
0.0249271
0.0224031
0.0227715
0.0226134
0.0225581
0.0219594
0.0253271
0.023335
0.0224862
0.022446
0.0254203
0.0227906
0.0220375
0.0230797
0.02277
0.0219407
0.0227491
0.0237115
0.0222052
0.0226271
0.0226505
0.0222929
0.0225379
0.0233618
0.0221589
0.0225762
0.0220948
0.0230585
0.0225938
0.0224821
0.0234107
0.0222774
0.0233826
0.0228636
0.0222996
0.0222089
0.0224445
0.0221488
0.0226632
0.0225494
0.0246505
0.0236278
0.024046
0.0233635
0.0228052
0.0228497
0.0222368
0.023177
0.0226541
0.0252982
0.0219931
0.0231981
0.0228597
0.0216921
0.0224333
0.023906
0.0230962
0.0224755
0.0222247
0.0222138
0.0233253
0.0227593
0.0243442
0.0217273
0.0226984
0.0221311
0.0231364
0.0225011
0.0237527
0.022733
0.022299
0.0223982
0.0218813
0.0228011
0.0223153
0.0237737
0.0228946
0.0229274
0.0221614
0.0222787
0.022467
0.0228366
0.0249746
0.0231029
0.0221811
0.0227153
0.0235613
0.0220735
0.0228655
0.0227391
0.0225279
0.022004
0.0261969
0.023954
0.024
0.0228701
0.0236009
0.022872
0.0239914
0.0222562
0.0247853
0.0222507
0.0228766
0.0230422
0.0219245
0.0240616
0.0261236
0.0222091
0.0221214
0.022618
0.0224534
0.0224713
0.022104
0.0224302
0.0227256
0.023415
0.0230601
0.0228246
0.0234828
0.0278766
0.0235774
0.0233234
0.0231535
0.0233656
0.0219659
0.0221999
0.0226399
0.0225194
0.02335
0.0233041
0.0238594
0.0222575
0.0242114
0.0225367
0.0235199
0.02275
0.0226926
0.0217118
0.0224948
0.0225436
0.0228144
0.0221165
0.0226179
0.0221436
0.0218937
0.0224276
0.0221469
0.0231423
0.0227693
0.0219533
0.0231458
0.0228912
0.0264172
0.0223088
0.0222578
0.0233448
0.0226661
0.0230491
0.0226182
0.0218236
0.0235895
0.023279
0.0221351
0.0229752
0.0220793
0.0232674
0.0229605
0.023589
0.0229429
0.0222327
0.0228988
0.0229536
0.0218768
0.0221332
0.0224099
0.0224099
0.0223564
0.0225347
0.022868
0.0222223
0.0227417
0.0220048
0.022091
0.022427
0.0227844
0.0235272
0.0221106
0.0226474
0.0222386
0.0219868
0.0217265
0.0224457
0.0224927
0.0225753
0.022365
0.0223902
0.0220792
0.0243004
0.0220976
0.0223559
0.023856
0.0222723
0.0216011
0.0222075
0.0222715
0.0216777
0.0222097
0.0224991
0.0231105
0.0241996
0.0235961
0.0233903
0.0235533
0.0226386
0.0226356
0.0219158
0.0224405
0.0227055
0.0218226
0.0219804
0.0221403
0.0223242
0.0227214
0.0224608
0.0219041
0.0226397
0.0225375
0.0228605
0.0225927
0.0222408
0.0220162
0.0221376
0.0224521
0.0223293
0.0222693
0.0222397
0.0224863
0.0224762
0.0223306
0.0223862
0.0229322
0.0224563
0.0220877
0.0235576
0.0223264
0.021904
0.0227424
0.0224354
0.022334
0.0232017
0.0224001
0.0221779
0.0223687
0.0228805
0.0221106
0.0229691
0.0238161
0.0222447
0.0219924
0.0229797
0.022467
0.0218466
0.0229161
0.0221138
0.0222347
0.0238551
0.0224148
0.0223587
0.0236964
0.0221279
0.0220796
0.0228334
0.0225451
0.022842
0.0225613
0.0221104
0.0224742
0.0219119
0.021686
0.0222
0.022255
0.0217779
0.0223826
0.0228634
0.0224409
0.0220141
0.0225283
0.0221435
0.0215941
0.0224253
0.0223137
0.021844
0.023264
0.0227034
0.0215879
0.0229663
0.0222291
0.021797
0.0227759
0.0226925
0.0221481
0.0220267
0.0225528
0.022201
0.0224136
0.0230103
0.0224374
0.0217996
0.0220335
0.0224011
0.0219709
0.0227108
0.0217292
0.0222729
0.0221665
0.0218889
0.0225495
0.0227275
0.021682
0.0225924
0.0229487
0.0219317
0.022197
0.0218883
0.0217281
0.0221168
0.0219429
0.0221867
0.0233253
0.0233161
0.0219253
0.0223925
0.0225571
0.0223112
0.022964
0.0233672
0.0218455
0.0226331
0.0226897
0.0220807
0.0221667
0.0229234
0.022965
0.023077
0.022435
0.0226094
0.0223465
0.021913
0.0222546
0.0223981
0.0223961
0.0222334
0.0225098
0.0234741
0.0223511
0.0216298
0.0227809
0.0224119
0.0219207
0.0229368
0.0226062
0.0219217
0.0228153
0.0229024
0.0221556
0.0225796
0.0223271
0.022057
0.0224796
0.0220221
0.021497
0.023212
0.0219638
0.0218552
0.0224398
0.0240065
0.0220741
0.0229753
0.0235471
0.02306
0.0227684
0.022872
0.0216284
0.0226982
0.0226742
0.0222804
0.0222779
0.0245818
0.0241536
0.0223069
0.0223552
0.0223837
0.0234802
0.0229831
0.0254275
0.0223325
0.0226633
0.0221763
0.022156
0.0226045
0.0229427
0.0220807
0.0224002
0.0226034
0.0218043
0.0219692
0.0227741
0.0223107
0.0219228
0.0226811
0.0218691
0.0223782
0.0229349
0.0222489
0.0225185
0.0225936
0.0220762
0.0222821
0.0231542
0.0216074
0.0220298
0.0235183
0.0228815
0.0224966
0.0226838
0.0221303
0.022279
0.0228141
0.0221037
0.0226306
0.0224535
0.0218603
0.0223379
0.0227482
0.0225738
0.0218168
0.0224932
0.0222592
0.0215832
0.0228346
0.0228657
0.0215349
0.0231856
0.0229873
0.0231015
0.0230948
0.0231296
0.0219836
0.0226776
0.0228552
0.0225746
0.021814
0.0223642
0.0237618
0.0234941
0.0241836
0.0237419
0.022884
0.0252186
0.024223
0.0243047
0.0236539
0.0228294
0.0225352
0.0217792
0.0219854
0.0230507
0.023425
0.0330346
0.0230561
0.0223867
0.0220571
0.0223809
0.0222522
0.0219985
0.0226736
0.0239007
0.0217516
0.0225021
0.0221992
0.0225701
0.0219801
0.0224015
0.022643
0.0220643
0.0221211
0.0222866
0.0219206
0.0226016
0.0224192
0.0220654
0.0229524
0.0224409
0.0229615
0.0225536
0.0218013
0.0222371
0.0229118
0.0221217
0.022016
0.0229159
0.0218847
0.0229933
0.022828
0.0224474
0.0235191
0.0224771
0.021728
0.0221073
0.022856
0.0224026
0.0228368
0.0230051
0.0221068
0.0226278
0.0221219
0.0219462
0.0219769
0.0230863
0.0224482
0.022112
0.0225663
0.0235029
0.0221178
0.0232201
0.023674
0.0218421
0.0226312
0.0224094
0.021527
0.0227851
0.0223809
0.0223016
0.0225707
0.022877
0.0229436
0.022013
0.0229549
0.0222146
0.022488
0.0224721
0.0219742
0.0224029
0.0227524
0.0215402
0.0227387
0.0227395
0.0222316
0.0219468
0.0222749
0.021906
0.0219022
0.0220898
0.021918
0.0222049
0.0229247
0.0222282
0.0225496
0.0219247
0.0220325
0.022363
0.0220299
0.0225344
0.022502
0.0221319
0.0219962
0.0221717
0.0220891
0.0222762
0.0225492
0.0229649
0.0217851
0.0225111
0.0229101
0.0243729
0.0224082
0.023632
0.0216983
0.021974
0.022983
0.0217899
0.0228384
0.0224515
0.0220642
0.0229115
0.0226069
0.0218428
0.0228653
0.0225866
0.0222726
0.0227538
0.0229271
0.0246877
0.0231565
0.0232384
0.022789
0.0220493
0.0226996
0.0229598
0.0220527
0.0223483
0.0224716
0.0223001
0.022186
0.0226963
0.0223771
0.0223715
0.0237584
0.0230398
0.0221432
0.0230153
0.0222795
0.0224817
0.0229715
0.0224853
0.0216584
0.0226004
0.0225261
0.0217402
0.0219933
0.0226617
0.0216395
0.0224754
0.023089
0.0221513
0.0224455
0.0224193
0.0220636
0.0219058
0.023606
0.0231052
0.0219004
0.0237041
0.0224884
0.0215706
0.0220201
0.0224717
0.0218575
0.0230837
0.0227787
0.0225119
0.0227187
0.0236179
0.0227576
0.0232496
0.024264
0.0231277
0.0240323
0.0245968
0.0237205
0.0227592
0.0220937
0.0224997
0.0219968
0.0228067
0.0224402
0.0216985
0.0225109
0.0219461
0.0225559
0.0223117
0.0227707
0.0224923
0.0265525
0.0227181
0.0238336
0.0222965
0.023493
0.0224117
0.0244768
0.0231036
0.0227595
0.0246253
0.023292
0.0232688
0.0223266
0.0233768
0.0235402
0.0223282
0.0231741
0.0222771
0.0218537
0.0227612
0.0219351
0.0222282
0.0222348
0.0234966
0.0249538
0.0242376
0.0252071
0.0241001
0.0234096
0.0225782
0.0231222
0.0225021
0.0227059
0.022692
0.0222375
0.0220989
0.0230588
0.0228484
0.0222939
0.0223586
0.0222884
0.0219988
0.0226785
0.0228322
0.0221537
0.0223715
0.0238427
0.0224752
0.0216267
0.0222888
0.0225121
0.0221453
0.0234067
0.0221666
0.0230918
0.0230931
0.0247601
0.022749
0.0232396
0.0232713
0.0226567
0.0223368
0.0224962
0.0220075
0.0223482
0.0232385
0.0223957
0.0220973
0.0233554
0.0227656
0.022329
0.0220625
0.0235103
0.0224425
0.0218595
0.0227985
0.0218142
0.0222312
0.0227083
0.0221634
0.0220531
0.0226998
0.0219619
0.0224573
0.0231548
0.0222269
0.0228897
0.0231007
0.0225918
0.0217692
0.0223892
0.0226388
0.0222836
0.0222029
0.0225591
0.0219646
0.0220533
0.0234847
0.0222562
0.0222592
0.0232636
0.0227357
0.0227648
0.0219065
0.0227528
0.0227071
0.0217412
0.0221415
0.02331
0.0219827
0.0226851
0.0227419
0.0223105
0.0220353
0.0222948
0.0224385
0.0221547
0.0229875
0.0223577
0.023262
0.0222133
0.0221648
0.0224138
0.0223132
0.0220607
0.0220705
0.0224466
0.022596
0.021874
0.0227124
0.0222083
0.022132
0.0228868
0.0226121
0.023192
0.0228776
0.0223914
0.0224068
0.0221124
0.0222878
0.0226654
0.0219709
0.0231693
0.0225565
0.0224948
0.0225134
0.0232306
0.0226729
0.0228205
0.0224804
0.0218036
0.0224198
0.022588
0.0225632
0.0249256
0.0239828
0.0222939
0.0220069
0.0238103
0.022499
0.021933
0.0247646
0.0232525
0.0223545
0.0219477
0.0226522
0.0221016
0.0218289
0.0232634
0.0216872
0.0217528
0.0227655
0.0221128
0.021688
0.0226261
0.0219754
0.0217337
0.0222915
0.0220998
0.0220101
0.0227385
0.0225321
0.0220718
0.022582
0.0219163
0.0225461
0.0225416
0.0224863
0.0235232
0.0221922
0.0237589
0.0225595
0.0219454
0.0235254
0.0219801
0.0221957
0.0222071
0.0220134
0.0233814
0.0226213
0.0227374
0.0221258
0.0222872
0.0224382
0.0221735
0.0221013
0.0226792
0.0504492
0.0487632
0.0434004
0.0238607
0.0226134
0.0223322
0.0234472
0.0231976
0.0220609
0.0234434
0.0234435
0.0215984
0.0223355
0.0235602
0.0229984
0.0221242
0.0233334
0.0232248
0.0219184
0.0230761
0.0230191
0.0229203
0.0222908
0.0230759
0.0216005
0.0217707
0.0231903
0.0224876
0.0221241
0.0231357
0.0226342
0.0219408
0.0230923
0.0225593
0.0220393
0.0223066
0.0225944
0.0232274
0.0226761
0.0228282
0.0223878
0.0220563
0.0225037
0.0226115
0.0223601
0.0224408
0.0218713
0.0221457
0.0228166
0.0217827
0.022625
0.0228473
0.021876
0.0222054
0.0224607
0.0232763
0.0240923
0.0233759
0.0237287
0.022748
0.0220832
0.0231713
0.0220939
0.0218977
0.0222534
0.0218596
0.0227117
0.0242855
0.0229195
0.0225892
0.0235111
0.0253673
0.0230531
0.0232138
0.0224268
0.0221864
0.0225315
0.0228416
0.0222854
0.0223325
0.0225214
0.0230555
0.0238217
0.0221249
0.0230807
0.0227943
0.0221234
0.0227521
0.0223036
0.0216947
0.0220144
0.0230629
0.022362
0.0226014
0.0227195
0.0220457
0.0227083
0.0224642
0.0224759
0.0221057
0.0225479
0.0225227
0.0218057
0.0223005
0.0229321
0.022116
0.022771
0.0234622
0.0222144
0.0221341
0.0231258
0.0222092
0.0218193
0.0234871
0.0227428
0.0217589
0.0234888
0.0227605
0.0216932
0.0225762
0.0227614
0.0213931
0.0223874
0.0227332
0.0221489
0.0224563
0.022931
0.0222849
0.022079
0.0232229
0.0220227
0.0277899
0.0230303
0.0224743
0.021747
0.022421
0.0221658
0.0239252
0.0219396
0.0226792
0.0221168
0.0225799
0.0225278
0.0220067
0.0223951
0.0224535
0.0220316
0.0226532
0.0220573
0.0220607
0.0235892
0.0227678
0.0224081
0.0218412
0.0227784
0.0225349
0.0220852
0.0224609
0.0224726
0.0223069
0.0216676
0.0226143
0.022479
0.0219541
0.0226989
0.0224784
0.0215585
0.0230282
0.0236203
0.0233657
0.0240441
0.0250634
0.0252245
0.0252007
0.0261792
0.0228685
0.0237307
0.0221274
0.0225507
0.0239348
0.0227344
0.0223822
0.0230849
0.0222306
0.0217758
0.0236742
0.02213
0.0220493
0.0234457
0.0220123
0.0217555
0.0231356
0.0224116
0.0223623
0.0228069
0.0228863
0.0224921
0.0220699
0.0230495
0.0218941
0.022273
0.0227356
0.0225711
0.0233059
0.022661
0.0220727
0.0220718
0.0225792
0.0247483
0.0229248
0.0224731
0.0232431
0.0220542
0.0228091
0.0225762
0.0219586
0.0226528
0.022773
0.0223521
0.0230931
0.0224485
0.0218107
0.022675
0.0223701
0.0222918
0.0227196
0.0234896
0.0227808
0.0225251
0.0237937
0.0240166
0.02406
0.0222066
0.022109
0.0224558
0.0222078
0.0221404
0.0228384
0.0244682
0.0229629
0.022806
0.0225128
0.0215635
0.0222944
0.0242061
0.0225113
0.0233838
0.0225722
0.0230558
0.0223726
0.0235857
0.0229383
0.0217955
0.0225809
0.0226648
0.0223312
0.0230262
0.022941
0.0220581
0.0219078
0.0228428
0.022102
0.0214028
0.0225653
0.0224099
0.0219474
0.023071
0.0239166
0.0223616
0.0236594
0.0231281
0.0215213
0.0225692
0.0233617
0.0221756
0.0225581
0.0249601
0.0251439
0.0249855
0.0259109
0.0294
0.0246454
0.0260691
0.023253
0.0283999
0.0253713
0.0231836
0.0228133
0.0240436
0.0235472
0.0243995
0.0221592
0.0265415
0.0225726
0.0290391
0.0223878
0.0230171
0.0233859
0.0238463
0.0223067
0.0236098
0.0229248
0.0271228
0.023042
0.0254164
0.0223485
0.0219712
0.0255209
0.0259641
0.0229756
0.0224361
0.0228928
0.0240077
0.0242766
0.022994
0.0234459
0.0222928
0.0243272
0.0233792
0.0238555
0.0223256
0.0236899
0.0239685
0.0245321
0.0221221
0.0240263
0.0219107
0.0232845
0.0226378
0.0233929
0.0230339
0.0225671
0.0227156
0.0216756
0.0223847
0.0229292
0.0235032
0.0226333
0.0240057
0.022609
0.0229802
0.0228031
0.02255
0.0224109
0.0235683
0.0245705
0.0218296
0.0219585
0.0227893
0.0224432
0.02289
0.0249189
0.0223995
0.0225522
0.0227136
0.0229314
0.0216749
0.0266049
0.0229118
0.022781
0.0221436
0.0230008
0.0227384
0.022535
0.0252683
0.0229923
0.0262484
0.024337
0.0263988
0.0228092
0.0236747
0.022555
0.0231125
0.0234203
0.0223969
0.0223047
0.0235446
0.0221869
0.0224853
0.0232474
0.0228261
0.0219462
0.0239999
0.0264171
0.0237926
0.021684
0.0238245
0.0242613
0.0222129
0.0225599
0.0230455
0.0220013
0.0224672
0.0231699
0.0224208
0.0224525
0.0233999
0.0227937
0.0220012
0.0226514
0.0225713
0.0218086
0.0232261
0.0251309
0.0232052
0.0238564
0.0235862
0.0217552
0.0225477
0.0223478
0.0227159
0.0230569
0.0241365
0.0241094
0.0235919
0.0232309
0.0222424
0.0222575
0.0223476
0.0227651
0.0227513
0.0229853
0.0221857
0.0225485
0.0229088
0.0216768
0.0236328
0.022309
0.022621
0.023776
0.027616
0.0231215
0.0218208
0.0227608
0.022473
0.0223245
0.0238622
0.0223692
0.0218384
0.0231364
0.022951
0.0224031
0.0225306
0.0237133
0.0225142
0.0217006
0.0232509
0.0228401
0.0221511
0.0234321
0.022799
0.0220993
0.0227568
0.0227398
0.0219304
0.0219952
0.0230765
0.0223313
0.0224183
0.0231023
0.0230065
0.0221305
0.0234198
0.0229454
0.022194
0.0223069
0.0234412
0.0220025
0.0223813
0.0241246
0.0225688
0.022478
0.0229129
0.0235518
0.0223931
0.0233595
0.0227199
0.022093
0.0231152
0.0237238
0.0220886
0.0228511
0.022724
0.0224694
0.0219512
0.023112
0.0218147
0.0221878
0.0229556
0.0221938
0.022134
0.0231881
0.0219393
0.0218042
0.0227971
0.0226299
0.0222808
0.0226284
0.022386
0.0220794
0.0222407
0.02258
0.0222269
0.0220037
0.0222211
0.0219606
0.0231621
0.021993
0.0230977
0.0220264
0.0228538
0.0226002
0.0229999
0.0242165
0.0446798
0.0786547
0.057729
0.0307477
0.0282489
0.029621
0.0220432
0.0243611
0.0223743
0.0229786
0.0224869
0.0234178
0.0226223
0.022547
0.0229947
0.0228158
0.0217424
0.022382
0.0233608
0.0225705
0.0222596
0.0225502
0.0238168
0.0223858
0.0229669
0.0224516
0.0221838
0.022703
0.0224586
0.0218282
0.0224756
0.0232303
0.0216595
0.022653
0.0232103
0.0217262
0.0223756
0.0226873
0.0218882
0.0226643
0.0241637
0.0217241
0.0220004
0.0221419
0.022633
0.0225211
0.023049
0.0221025
0.0218307
0.0233141
0.0224896
0.022254
0.0226894
0.0229096
0.0219161
0.0227283
0.0225739
0.022487
0.0223945
0.0232865
0.023504
0.021938
0.0240584
0.0236603
0.0217757
0.0237746
0.0233662
0.0223022
0.02233
0.0237395
0.0279917
0.0230569
0.0232775
0.023339
0.0223231
0.021752
0.0238562
0.0249192
0.0232227
0.0305893
0.0295573
0.0230037
0.0237237
0.0221218
0.0235011
0.0232028
0.0240849
0.0224239
0.0244912
0.0227272
0.022441
0.0230819
0.0233503
0.0222145
0.0220868
0.0234244
0.0230745
0.0221889
0.0231211
0.0251986
0.0215419
0.0230605
0.0225442
0.0223871
0.0232625
0.022709
0.0223743
0.0228148
0.022983
0.0240766
0.0229186
0.023592
0.0247472
0.0232238
0.0224988
0.0232107
0.022544
0.0225715
0.0230123
0.0227753
0.0220387
0.0229157
0.0230122
0.0218299
0.0225758
0.0239397
0.0218751
0.0221526
0.0230683
0.0228674
0.0218671
0.0238057
0.0228055
0.0222685
0.0227652
0.0224457
0.0230265
0.024287
0.0236805
0.0226897
0.0229983
0.0221503
0.0216659
0.0223876
0.0240042
0.0219716
0.0235546
0.0224009
0.0228079
0.0232503
0.024472
0.0241508
0.0230224
0.0230687
0.022821
0.0226726
0.0214245
0.0226248
0.0222273
0.0229228
0.0228171
0.0270111
0.023471
0.0243117
0.0226122
0.0272042
0.0221951
0.0240425
0.0227009
0.0228275
0.0220176
0.0223837
0.0226867
0.0220659
0.0231329
0.0228879
0.0231725
0.0218949
0.023464
0.0226024
0.0222994
0.0226607
0.0223814
0.0220699
0.0224796
0.02303
0.022737
0.0218961
0.0224235
0.022615
0.0240777
0.0233301
0.0233237
0.022504
0.0226903
0.0256193
0.0229182
0.0217966
0.0241584
0.0232781
0.0226897
0.0242222
0.0231491
0.0231998
0.0235377
0.0247093
0.0236229
0.0220043
0.0239928
0.0262061
0.0317622
0.0251684
0.0229988
0.0237802
0.0243569
0.0241845
0.0231921
0.0232892
0.0258642
0.0218333
0.0229024
0.0231219
0.0219917
0.0230981
0.0232701
0.0221826
0.0239814
0.0229643
0.0230388
0.0220809
0.0230133
0.0243501
0.0222745
0.022987
0.0250642
0.0272314
0.0253563
0.0246342
0.0230964
0.0221515
0.0227928
0.0229077
0.0226673
0.0222193
0.0223565
0.02368
0.0219981
0.0217931
0.0231848
0.0236089
0.0221711
0.0230418
0.02409
0.0223086
0.0222787
0.0229868
0.0236912
0.0222088
0.0233017
0.0236172
0.0224232
0.0226034
0.0230851
0.0227357
0.0223937
0.0224715
0.0218098
0.0222698
0.0232116
0.0231035
0.0217345
0.0232737
0.0230266
0.0214487
0.0227498
0.023073
0.0224803
0.0218483
0.0241027
0.0220077
0.0218832
0.0229685
0.0225209
0.0221117
0.0227057
0.0225018
0.0217588
0.0223558
0.0225387
0.0216322
0.0223072
0.024005
0.0228824
0.0230278
0.0227527
0.0250059
0.0225387
0.0225701
0.0235234
0.0216121
0.0232021
0.0228141
0.0217556
0.0224672
0.0234368
0.0219263
0.0234865
0.0249101
0.022904
0.0230379
0.0226536
0.0223278
0.0221897
0.022732
0.0222674
0.0219438
0.0228416
0.0229121
0.0216229
0.0242846
0.0224153
0.021831
0.0220274
0.0225254
0.0220091
0.0230062
0.0226296
0.0226386
0.0220249
0.0232138
0.0231157
0.0223469
0.0248793
0.0226001
0.0226144
0.0214301
0.02394
0.0227061
0.0243718
0.023713
0.0230264
0.0219884
0.0237232
0.0265364
0.0252875
0.0222226
0.021901
0.0220059
0.0218651
0.0228982
0.0225351
0.0229989
0.0223309
0.0230124
0.0234369
0.0233969
0.0227063
0.0254523
0.0232088
0.0247415
0.0247283
0.0240344
0.0234994
0.0232954
0.0230837
0.0229327
0.022501
0.0225213
0.0236749
0.0227875
0.0227969
0.0227493
0.0229999
0.0219424
0.0232869
0.0228814
0.0222978
0.0255372
0.0233612
0.0229598
0.0222091
0.0246528
0.0236591
0.0218847
0.022884
0.022969
0.0219739
0.0227618
0.0229691
0.0215421
0.0229487
0.0231306
0.0222087
0.0219232
0.0234169
0.0222471
0.0221046
0.0224101
0.0219597
0.0221419
0.0230795
0.0220544
0.0231659
0.0227814
0.0228199
0.0228513
0.0235513
0.022221
0.021793
0.0234993
0.0223851
0.0226287
0.0227564
0.0233035
0.022348
0.0233236
0.0230161
0.0224817
0.0222111
0.0229308
0.0241636
0.0221284
0.0232431
0.0228266
0.0230735
0.0216636
0.0224716
0.0221303
0.0221529
0.0231097
0.0229379
0.0222809
0.022448
0.0229356
0.0233529
0.0236005
0.0222549
0.0233552
0.0215966
0.0225379
0.022898
0.02225
0.0222404
0.0235373
0.0229934
0.0247365
0.0244162
0.0230683
0.0213537
0.0225892
0.02343
0.0223249
0.0226744
0.0295261
0.0240992
0.022073
0.0226103
0.0237821
0.0232851
0.0227224
0.0235253
0.0230317
0.0228025
0.0235115
0.0223693
0.0224453
0.0241139
0.0235763
0.0229506
0.022316
0.0227946
0.0222967
0.0220638
0.0230719
0.0234426
0.0230453
0.0249519
0.0250187
0.0246889
0.0243665
0.0241618
0.0255043
0.0236457
0.0224898
0.0226415
0.0226713
0.0221819
0.0220638
0.0227934
0.0220632
0.0223999
0.0226632
0.0228588
0.0225046
0.0224118
0.0219252
0.0226627
0.0236968
0.0236499
0.0222918
0.0223774
0.0230395
0.0221943
0.0223371
0.0225112
0.0219548
0.0222026
0.0224445
0.0222902
0.0225677
0.0246937
0.0225341
0.0226349
0.0223738
0.0231973
0.0229886
0.0222903
0.0226315
0.0225776
0.0220761
0.0239667
0.0222392
0.0224879
0.0221606
0.0237058
0.022453
0.0222709
0.0231974
0.0218728
0.0223989
0.0229105
0.0228638
0.0227366
0.02449
0.0234164
0.0221611
0.022744
0.0228851
0.0217087
0.0223383
0.0239245
0.0221035
0.0221002
0.023257
0.0227065
0.0227647
0.022816
0.0234948
0.0215584
0.0226787
0.0231767
0.0217058
0.0242531
0.0230211
0.0214533
0.0227917
0.0222159
0.0216277
0.0237763
0.0228896
0.02189
0.0227524
0.0220917
0.0222038
0.0224914
0.0231376
0.022267
0.0223653
0.0229728
0.0251825
0.0223711
0.0226111
0.0234388
0.0222507
0.0220338
0.0224065
0.023325
0.0219621
0.0220614
0.0230315
0.023329
0.0230159
0.0226041
0.0230466
0.0272306
0.025519
0.0248084
0.0271353
0.0229862
0.0235273
0.0229314
0.0225466
0.0221324
0.0225665
0.0222092
0.0225743
0.0226465
0.0235084
0.021949
0.0223584
0.0241484
0.0230587
0.0222332
0.0225318
0.0243815
0.0223315
0.0235526
0.0229566
0.0244095
0.0225038
0.0231133
0.0227742
0.0229628
0.0233563
0.0246489
0.0220009
0.0229812
0.0228092
0.0227704
0.0246542
0.022793
0.0238513
0.0238968
0.0278839
0.0229152
0.0222072
0.0226399
0.0234461
0.0224639
0.0229244
0.0228346
0.0227187
0.0216912
0.0228097
0.0222833
0.0216021
0.0236051
0.0225786
0.0228843
0.0220253
0.0221197
0.0217379
0.0230759
0.0224668
0.0231425
0.0219287
0.0221548
0.0228175
0.0222366
