63.8816
55.6814
54.4471
53.6902
56.2005
54.3671
55.9907
54.6022
56.3608
58.0057
55.3928
54.8935
54.1763
54.5102
55.09
55.1941
54.0201
55.6665
54.0989
54.0232
54.963
56.5297
57.8596
54.1094
55.9809
54.3568
55.2709
57.574
56.4772
55.2778
56.7431
56.2752
55.1672
55.4582
55.4066
55.5584
55.7022
54.9714
56.3861
57.3402
53.5286
54.6569
54.92
56.8443
54.6036
54.7893
54.4035
54.5896
55.0217
55.3726
54.8653
55.2369
54.3186
53.6609
55.2458
54.2707
54.6613
55.3935
55.9025
55.1053
55.7642
57.488
55.6025
58.1707
54.6984
54.4013
55.3987
55.2414
54.5223
55.0306
55.7839
55.998
57.6816
56.8375
53.4913
53.5093
55.0933
54.589
55.9518
54.0126
55.0559
55.4868
54.8098
53.4862
53.6659
54.192
54.9637
54.2914
55.7133
54.6623
56.1143
55.006
55.4681
54.3464
54.7163
53.5963
54.2287
55.5047
54.9185
56.3824
