1.74156
1.42673
1.35125
1.38177
1.40599
1.34483
1.5084
1.39607
1.39651
1.31118
1.34815
1.44004
1.27802
1.57459
1.41008
1.43012
1.43071
1.35707
1.40235
1.35021
1.35279
1.42323
1.53082
1.43326
1.32004
1.48279
1.50417
1.37019
1.38171
1.39841
1.38218
1.2869
1.416
1.34669
1.38273
1.42142
1.40265
1.38443
1.4881
1.39305
1.56399
1.47122
1.67589
1.3296
1.31901
1.43816
1.3818
1.37168
1.45705
1.27469
1.3118
1.75855
1.43401
1.36737
1.51187
1.34786
1.34987
1.31922
1.36796
1.4044
1.38622
1.34181
1.34549
1.39671
1.32871
1.38158
1.3955
1.43561
1.40379
1.40653
1.52038
1.40689
1.31931
1.41095
1.37702
1.35959
1.27998
1.36078
1.32699
1.39441
1.56178
1.45821
1.39552
1.57549
1.37275
1.41596
1.38212
1.36531
1.31266
1.4784
1.36535
1.32799
1.3894
1.34824
1.34462
1.31492
1.26505
1.33525
1.33107
1.42548
4.10726
4.042
4.63036
3.84953
3.91718
4.19171
3.8718
3.66875
3.89805
3.92223
3.7915
4.06965
3.77271
3.952
4.02697
3.90793
3.75757
4.1043
3.78217
3.73195
3.89765
3.85042
3.82159
3.66596
4.40834
3.7798
3.81892
3.67475
3.88031
3.84852
4.12893
4.64965
4.02657
3.93211
3.98042
3.82793
3.86716
3.7094
3.73554
3.68003
3.81062
4.03364
3.95732
4.17163
3.68927
3.75163
4.26599
4.14242
3.68463
3.96139
3.81118
3.88759
3.8989
3.80256
3.67494
3.68734
5.30571
3.86035
3.74054
3.68759
3.8849
3.59371
3.90953
3.69813
3.72166
3.66651
3.66518
3.74782
3.66322
4.11163
3.9502
3.97751
3.97958
4.20475
3.76228
3.68695
3.73547
3.82913
4.20892
4.17153
4.26947
3.91994
3.96282
3.89012
3.84424
3.95507
3.6146
4.13285
3.89775
3.75294
3.70166
3.64301
3.70483
3.96627
3.79598
4.15577
3.85398
3.72543
3.86743
3.87616
7.2173
6.38255
6.44526
6.38744
7.03324
6.4455
6.48964
6.28305
6.68145
6.44414
6.52195
6.15935
6.24772
6.79727
6.50136
6.25175
6.55097
6.56146
6.38213
6.71632
6.38823
6.39537
6.85538
6.30982
6.6456
6.58065
7.02042
6.33
6.17635
6.84165
6.28212
7.01653
6.62552
6.28126
6.53564
6.41045
6.54075
6.47851
6.15172
6.77306
6.23934
6.21922
6.78549
6.43767
6.22513
6.40794
6.28651
6.4697
6.69541
6.72089
6.31534
6.46375
6.68812
6.21904
6.32473
6.67643
8.8425
6.55633
6.07683
6.32888
7.08138
8.90823
6.75269
6.94502
6.21062
6.84609
6.43277
6.9632
6.36001
6.53573
6.30042
7.94423
9.22596
6.29453
7.11131
6.26792
6.48139
6.28058
6.41056
7.03548
6.68996
6.25972
5.9592
6.47759
6.46726
6.58429
8.84311
6.38559
7.68592
7.46684
6.67997
6.32669
6.678
7.10304
7.18688
6.29393
6.95376
8.1096
9.83108
8.65462
9.12343
9.277
9.73847
9.12358
8.97621
11.8719
8.93067
11.2117
9.49302
9.13008
9.64949
8.95395
9.70643
11.3663
9.29114
9.18841
11.21
10.3842
9.2858
9.00763
10.7297
9.02616
9.29498
9.84483
9.33027
8.97544
9.50947
9.28526
9.31654
9.59693
9.40923
8.85211
9.39877
10.7416
9.25331
9.16046
10.4572
9.47588
9.93141
9.04618
8.77596
9.42115
10.2489
10.2382
9.2708
10.2768
8.9097
9.06277
9.35935
9.36842
9.70785
9.7305
9.81231
9.55998
9.32044
9.14692
9.9604
11.1777
10.5198
10.7574
9.1058
9.26148
9.26908
9.34295
8.81347
12.2779
9.569
9.19666
9.36482
9.97083
9.16909
9.5761
9.16913
9.30517
9.60769
9.35404
9.24698
9.45448
11.1167
9.5604
9.0854
10.5211
10.6807
8.94905
8.85722
10.4907
9.83691
9.60802
9.7437
10.5811
9.15053
9.46798
11.134
10.1164
10.081
10.0313
10.3891
9.45932
13.7522
9.83261
11.5808
11.9609
14.8171
12.3974
12.8933
12.2315
15.4923
12.6326
11.626
12.0017
11.4346
13.6477
14.3043
12.1627
12.7202
12.437
12.5303
12.8215
13.37
12.5643
12.6059
13.4108
12.9297
13.5219
13.8937
12.657
12.833
11.7924
11.6109
12.192
12.083
11.7499
12.9362
12.6765
12.6668
12.4195
11.6748
13.4067
13.0643
12.4797
12.3816
12.1875
12.0521
12.0413
11.9629
14.7874
11.6721
15.2877
14.4837
12.1728
11.6754
12.0474
11.6637
11.433
11.6544
11.9589
11.8745
12.0427
11.9499
11.6264
16.8246
11.7338
11.5831
12.4001
11.8844
12.0142
13.9794
11.6388
11.7776
15.6229
12.4394
15.3437
11.7026
11.4039
11.3322
14.5841
11.919
12.2086
12.9972
12.2372
11.8765
11.5732
11.932
12.2076
25.0884
12.5263
13.4474
11.9754
13.7877
11.4102
12.1326
12.0103
11.5854
12.3459
11.209
11.9618
11.6168
11.6342
13.4515
11.1224
