11.2622
9.03097
9.46176
9.22999
9.18611
9.04693
9.81433
9.93101
9.37588
9.4414
9.1266
9.5163
9.99939
9.81004
10.3768
10.0035
9.80361
9.61533
9.27358
9.61292
9.70495
9.55189
9.62366
10.0359
9.76989
9.43182
9.25811
10.4111
9.48593
9.19004
9.80266
9.4571
9.53319
10.0986
9.83405
9.8614
8.98466
9.6171
10.9111
9.68717
8.98308
9.8103
10.1889
9.72273
9.32559
9.68932
9.64367
9.79631
9.12745
9.64995
9.85066
9.73209
9.31722
9.62352
9.87569
9.13129
9.68145
9.33279
9.63237
9.64949
9.40347
9.19317
9.22663
9.71346
9.56059
9.56367
9.24109
9.62397
9.39758
9.41183
10.9376
10.0854
9.14082
9.18566
9.22843
9.48237
9.48199
9.16923
9.41411
9.85648
9.23472
10.4101
9.70395
9.48189
9.4624
9.26272
9.21919
9.33426
10.2003
9.41044
9.41906
9.16234
9.68869
10.2609
9.22993
9.17623
9.22874
9.27787
9.53862
9.28639
57.3159
55.4462
59.3218
56.3018
56.3986
55.1138
54.1697
55.9616
54.2818
57.8444
54.9394
56.2034
54.8749
53.2805
54.7795
56.8939
54.9435
54.8291
54.0848
55.2636
55.7391
55.3997
54.5345
59.6474
55.0196
56.5446
55.704
54.3006
58.5121
56.415
56.5003
56.8714
58.8815
56.8764
54.8576
55.2046
55.1366
56.5554
56.3152
55.838
55.7868
56.415
57.4277
55.8352
56.6595
55.3346
55.6244
59.906
56.4547
55.9944
56.0706
55.5542
53.7331
56.8317
56.903
54.6828
55.3018
55.8184
54.6195
56.0935
54.5123
55.7659
53.759
55.2576
55.8897
55.0424
55.3124
55.2185
54.6768
54.9388
56.2656
56.2553
55.5811
54.5852
55.9483
60.8639
54.2952
59.2412
54.34
56.197
56.5275
54.236
55.7325
55.6054
56.0882
54.8618
53.9085
55.949
54.588
54.2396
55.2409
55.6396
56.9881
56.4918
56.0871
56.4412
56.122
54.7534
55.2811
55.6227
