2.5397
2.70027
2.60087
2.89968
4.13032
2.51518
2.51914
2.59994
2.44841
2.52101
2.48276
2.73744
2.62462
2.5073
2.59215
2.44953
2.69227
2.50866
2.54267
2.60751
2.62505
2.86561
3.67384
2.53156
2.77528
2.69479
2.63677
2.58355
2.45128
2.5478
2.56638
2.5345
2.51017
2.60888
2.65182
2.56113
2.55263
2.68178
2.46292
2.48433
3.25872
4.10492
2.48564
2.84153
2.63581
4.04159
2.57085
2.58024
2.64425
2.51826
2.61957
2.57867
2.47905
2.53532
2.55032
2.55132
2.5559
2.51192
2.52551
2.45744
2.56888
2.56531
2.51642
2.54215
2.67439
2.60779
2.47551
2.57619
2.57309
2.51973
4.09375
2.58218
2.59578
2.9881
2.53305
2.63304
2.50867
2.53334
2.62793
2.6712
2.7028
2.48337
2.64364
2.88499
3.5491
2.61118
2.70729
2.55243
2.48553
2.58686
2.57514
2.62704
2.58632
2.93776
2.56393
2.54223
2.5194
2.79908
2.50485
2.5882
