0.769181
0.91435
0.752953
0.792882
1.01953
0.850867
0.839555
0.828388
0.839753
0.765173
1.10359
0.893873
0.773531
0.793232
0.801137
0.737967
0.801221
0.752264
0.791724
0.850316
0.762627
0.800816
0.784026
0.81204
0.732739
0.731953
0.836168
0.82257
0.843042
0.75876
0.775513
0.735987
0.767053
0.813801
0.79428
0.751943
0.78622
0.829888
0.814422
0.850086
0.748909
0.779569
0.769011
0.782776
0.842907
0.826347
0.770551
0.78549
0.771898
0.76873
0.810103
0.793027
0.780547
0.762759
0.732222
0.824025
0.893113
0.787118
0.834332
0.791536
0.821854
0.882879
0.747504
0.778787
0.758943
0.794209
0.784547
0.879597
0.794086
1.2445
0.776743
0.774262
0.753259
0.779207
0.76659
0.793732
0.889058
0.839375
0.935711
0.821339
0.746948
0.839479
0.778311
0.83459
0.767876
0.789348
0.788259
0.769386
0.805111
0.765483
0.803466
0.754159
0.770246
0.77576
0.784979
1.53311
0.746036
0.755524
0.753708
0.790662
2.1248
2.05694
2.29905
2.45908
2.10951
2.07385
2.00918
2.59032
2.07127
2.15009
2.062
2.08944
2.01527
2.43885
2.20729
2.0637
2.12822
2.09929
2.16941
2.09066
2.05156
2.15373
2.10606
1.96457
2.17374
2.06443
2.05395
2.37133
2.33704
2.07118
2.12171
2.07011
2.0718
2.14147
2.01258
2.20467
2.13598
2.43151
2.13129
2.8659
2.15246
2.13338
2.38059
2.27133
2.26422
2.27577
2.0757
2.09379
2.14615
2.07405
2.60954
2.40588
2.05396
2.04499
2.10835
2.10632
2.07097
2.18539
2.15575
2.37841
2.03605
2.13113
2.16676
2.77252
2.29453
1.9859
2.36455
2.24089
2.11662
2.25514
2.14321
2.34471
2.03613
2.0511
2.13496
2.13553
2.03513
2.355
2.25403
2.09491
2.31867
2.18945
2.15077
2.22332
2.06351
7.78047
2.14503
1.99216
2.22881
2.19111
2.04695
2.07977
2.36532
2.23805
2.03909
2.2682
2.35389
2.06317
2.08815
2.08947
