322.809
319.435
364.192
311.237
307.331
312.574
323.864
304.982
313.08
307.835
315.924
321.448
319.506
315.962
313.867
311.311
312.075
309.047
329.148
319.143
315.319
316.737
319.703
315.98
313.91
313.195
314.831
313.664
361.847
317.175
368.732
343.942
353.739
367.503
352.324
332.192
314.544
321.41
333.898
341.12
345.828
383.713
329.644
366.603
324.164
374.732
348.373
355.108
320.782
329.22
334.654
337.668
320.473
328.405
319.939
340.845
339.944
373.94
339.517
320.212
369.525
339.653
411.341
335.103
384.103
337.714
314.236
323.344
377.956
325.478
333.502
317.822
313.579
352.172
357.854
336.608
377.796
372.994
346.449
375.814
390.112
320.19
354.475
312.794
323.444
321.385
344.627
323.337
316.766
317.802
353.891
325.588
312.525
317.324
314.462
312.079
313.099
317.121
314.122
313.341
