1.24183
1.18994
1.17937
1.3017
1.10226
1.13031
1.39221
1.17422
1.14757
1.11346
1.19819
1.5986
1.37929
1.16114
1.14742
1.16096
1.47214
1.15666
1.25539
1.16667
1.15684
1.28657
1.66008
1.15254
1.17224
1.11005
1.14944
1.23157
1.14051
1.11085
1.15812
1.45311
1.14971
1.26576
1.16913
1.16568
1.1989
1.19428
1.78414
1.50199
1.42564
1.12794
1.18784
1.33019
1.27383
1.42926
1.16533
1.2182
1.12412
1.27248
1.10156
1.26004
1.26
1.10255
1.15837
1.14581
1.12406
1.13906
1.15022
1.13607
1.16586
1.13937
1.1232
1.11887
1.13041
1.21704
1.34563
1.18805
1.17332
1.16927
1.54371
1.20169
1.25067
1.20453
1.16065
1.13193
1.12112
1.13626
1.13765
1.21761
1.21051
1.12395
1.35901
1.16481
1.15004
1.17219
1.1652
1.10953
1.13347
1.32803
1.30312
1.18493
1.11362
1.17252
1.16178
1.1129
1.17685
1.53734
1.18976
1.23943
3.29827
3.32617
3.12681
3.17748
3.18797
3.14611
3.11973
3.25892
3.15256
3.30779
3.21314
3.15899
3.07951
3.19167
3.08803
3.28161
3.28016
3.59332
3.21658
3.35332
3.47354
3.21994
3.20483
3.40632
3.0232
3.26328
3.20855
3.07879
3.24251
3.16221
3.20985
3.23535
3.29381
3.26094
3.68098
4.02389
3.10469
3.08643
3.21057
3.29394
3.30029
3.1182
3.13608
3.17035
3.2426
3.08214
3.20979
3.2058
3.2799
3.28982
3.19904
3.22806
3.12615
3.10758
3.46608
3.16011
3.11833
3.46752
3.26029
3.27113
3.38691
3.64404
3.10502
3.17163
3.10758
3.09527
3.16596
3.87117
3.38948
3.07899
3.25503
3.33443
3.67973
3.28825
3.21657
3.22718
3.18279
3.6057
3.08715
3.40315
3.38318
3.49663
3.14813
3.28929
3.08887
3.19736
3.38834
3.17275
3.11915
3.30023
3.12748
3.16439
3.28413
3.1932
3.33192
3.17282
3.20727
3.18742
3.20211
3.16092
5.22681
5.33782
5.12562
5.5193
5.69076
5.1361
5.10703
5.4582
5.4299
5.87238
5.57036
5.41665
5.29093
5.32925
5.45301
5.18518
5.56175
5.57711
5.373
5.27825
5.10188
5.76561
5.33515
5.08571
5.16883
5.39562
7.21995
5.44351
5.38761
5.58036
5.16435
5.38103
5.23041
5.38637
5.29921
5.29316
5.28943
5.73591
5.13324
5.37652
5.549
5.77111
5.56944
5.3679
5.17205
5.30479
5.15896
5.24801
5.48376
5.1596
5.70082
5.44858
5.77193
5.43336
5.81419
5.18478
7.19441
5.82248
5.4205
5.94269
5.10108
6.70831
5.67507
6.68791
5.20319
9.0999
6.58323
5.73363
5.48641
5.85585
5.5468
6.8627
7.20884
5.37802
5.2663
6.55458
8.4309
5.51832
5.56814
5.51289
5.9998
5.21411
5.26813
5.65348
5.24584
7.73076
8.69517
5.49576
5.3628
5.98199
5.68043
7.82218
5.37481
7.05203
5.50583
5.21048
7.41096
5.53174
5.70907
5.67143
