1.24183
1.18994
1.17937
1.3017
1.10226
1.13031
1.39221
1.17422
1.14757
1.11346
1.19819
1.5986
1.37929
1.16114
1.14742
1.16096
1.47214
1.15666
1.25539
1.16667
1.15684
1.28657
1.66008
1.15254
1.17224
1.11005
1.14944
1.23157
1.14051
1.11085
1.15812
1.45311
1.14971
1.26576
1.16913
1.16568
1.1989
1.19428
1.78414
1.50199
1.42564
1.12794
1.18784
1.33019
1.27383
1.42926
1.16533
1.2182
1.12412
1.27248
1.10156
1.26004
1.26
1.10255
1.15837
1.14581
1.12406
1.13906
1.15022
1.13607
1.16586
1.13937
1.1232
1.11887
1.13041
1.21704
1.34563
1.18805
1.17332
1.16927
1.54371
1.20169
1.25067
1.20453
1.16065
1.13193
1.12112
1.13626
1.13765
1.21761
1.21051
1.12395
1.35901
1.16481
1.15004
1.17219
1.1652
1.10953
1.13347
1.32803
1.30312
1.18493
1.11362
1.17252
1.16178
1.1129
1.17685
1.53734
1.18976
1.23943
