1425.22
1104.77
1458.6
1131.42
1371.15
1154.84
1267.57
1365.45
1196.05
1657.49
1377.81
1358.27
1381.01
1395.83
1414.97
1388.68
1398.45
1317.69
1260.31
1074.75
1365.3
1370.06
1403.68
1367.82
1387.22
1153.46
1372.98
1375.58
1229.85
1362.25
1377.4
1365.64
1364.36
1187.52
1361.72
1388.71
1047.48
1664.94
1390
1376.15
1325.6
1319.48
1372.84
1368.62
1345.45
1174
1370.97
1085.17
1361.84
1389.41
1368.84
1360.09
1374.36
1360.14
1308.06
1238.76
2832.5
2456.1
3169.21
2113.74
1411.63
1382.84
1197.21
1355.28
1363.84
1367.35
1156.98
1355.25
1140.52
1382.48
1420.11
1386.96
1295.8
1377.4
1371.59
1341.54
1353.32
1372.8
1354.11
1375.59
1364.18
1064.9
1381.32
1163.94
1530.8
1346.85
1354.1
1346.01
1371.68
1365.05
1367.57
1377.88
1063.43
1429.97
1082
1390.84
1416.13
1374.32
1375.84
1194.45
