13.3934
14.0732
12.7254
12.6818
13.0872
12.7395
12.7915
12.4277
12.63
12.7893
12.7324
13.4651
14.1025
12.3558
12.5442
12.6371
13.2902
12.9554
13.8219
13.3282
13.2166
14.1856
15.5392
12.2211
17.6838
15.4395
17.5227
12.5015
13.0109
12.5981
14.8371
12.9851
16.6769
12.4849
13.7475
13.533
14.8372
13.2214
12.9582
12.5513
12.5409
12.8229
13.105
12.7545
12.6015
12.8255
12.7452
12.383
12.9732
13.828
12.6255
13.6469
12.7641
12.8138
12.8283
13.1563
12.4433
12.6832
13.3547
13.3659
12.5061
12.4493
12.3076
12.7418
12.2309
12.2326
12.7554
13.9291
12.9738
12.4995
12.5706
12.9393
12.5935
13.3976
12.7585
12.3006
15.3533
12.9599
16.4121
17.4962
15.9293
12.7486
15.3934
13.0241
22.4987
12.4285
13.2731
12.6632
14.1667
16.6336
12.8404
12.5301
12.6809
12.5355
12.5834
16.362
12.4298
12.6496
13.6474
13.1007
