4.25965
4.28834
4.57618
4.16037
4.22263
4.10612
4.15636
4.41169
4.24855
4.18759
4.56182
4.35295
4.37533
4.46732
4.53836
4.59182
4.58018
4.39541
4.41809
4.35818
4.26429
4.28597
4.44201
4.27734
4.39384
4.26032
4.43803
4.33502
4.29564
4.18598
4.2452
4.37858
4.73078
4.20634
4.41827
4.31495
4.25584
4.58032
4.15425
4.22652
4.27238
4.13758
4.40626
4.23621
4.33962
4.24258
4.36252
4.11332
4.3804
4.13779
4.05726
4.20891
4.27901
4.22778
4.16735
4.12407
6.76728
7.31691
10.9683
7.30207
4.6984
4.13377
4.21459
4.44748
4.18548
4.15477
4.10313
4.32842
4.23932
4.29017
4.47569
4.31926
4.46581
4.2101
4.46336
4.239
4.22152
4.15737
4.16289
4.20908
4.23394
4.45313
4.19306
4.22152
4.41182
4.34316
4.17712
4.22419
4.29389
4.19947
4.24637
4.15854
4.13486
4.24229
4.21319
4.29183
4.398
5.05763
4.44673
4.6339
