63.3439
61.6834
68.2538
62.666
60.5979
79.5683
65.0242
61.5692
55.6039
60.9435
60.3259
60.2195
60.4348
62.6551
60.7556
57.0658
60.3529
54.2904
63.1852
53.4413
53.4657
61.3827
53.7695
60.3033
60.8102
65.2958
56.4348
60.856
54.005
52.5477
54.3578
53.1925
52.9288
57.1985
53.3114
57.6135
54.6001
53.4674
56.8509
52.9931
54.6784
53.3148
53.8005
53.9316
53.1463
54.4474
53.3836
53.4373
57.6425
59.7303
52.8552
53.3963
57.2648
64.6042
60.7217
53.3066
58.333
53.3458
54.2741
59.9845
53.9586
53.6427
53.6851
52.9302
53.8981
55.1029
54.0255
65.5842
67.5813
53.6361
53.7687
53.2787
54.4957
53.3197
56.6364
53.59
53.01
59.0051
63.0136
61.4165
194.387
65.1744
61.1432
66.8676
61.2661
55.5738
58.7279
68.7951
57.1368
60.2591
53.0527
69.0053
56.1444
84.5711
68.5679
57.3249
53.9321
53.5457
54.6837
54.0148
