2733.74
2631.03
2689.09
2686.07
2698.55
2688.98
2646.38
2651.71
2632.32
2643.84
2667.64
2679.17
2717.3
2692.52
2645.37
2846.59
2904
3081.33
3038.31
3120.22
3437.01
3005.14
3008.24
2814.68
3203.52
3103.35
3614.06
3021.51
3128.53
3001.66
3034.55
3067.59
3074.15
3087.63
3033.04
2745.09
3322.44
2905.01
2674.45
2711.86
2689.85
3074.92
2695.6
2715.97
2681.55
2678.35
2682.49
2680.22
2668.67
2650.99
2671.08
2705.66
2766.71
2659.11
2687.19
2680.17
2649.73
2643.48
2669.7
2643.33
2670.37
2750.96
2678.12
2692.64
2636.49
2668.7
2727.11
2665.81
2677.11
2670.27
2663.59
2658.08
2659.45
2670.83
3089.89
2635.16
2747.13
2651.21
3108.21
3075.94
3031.77
3044.73
3034.13
3070.48
3560.5
3091.57
3059.79
3039.07
3140.76
3069.55
3062.51
3097.84
3144.51
3061.3
3061.83
2990.62
2714.43
2715.43
2659.96
2755.22
