5516.95
5563.3
5553.44
5556.14
5516.57
5638.1
5540.1
5499.12
5539.02
5508.44
5424.16
5535.64
5508.66
5528.45
5565.66
5445.58
6148.81
5970.84
5488.43
5623.31
6094.48
5952.44
6078.74
5864.61
5748.37
5799.05
6034.63
6015.02
6233.73
6279.39
6277.83
6174.95
6338.94
6036.71
5529.09
5450.14
5387.66
5386.2
5548.64
6138.02
5599.16
5506.44
5361.82
5622.33
5838.12
5784.46
5912.86
5888.38
5303.51
5643.2
6592.59
6801.56
5594.97
6048.24
5599.08
6116.57
5773.93
5700.45
5512.6
5494.37
5493.59
5529.22
5699.62
5607.57
5493.95
5597
5585.61
5626.72
5594.43
5590.08
5544.17
5529.46
5734.04
5635.9
5814.62
5532.07
5595.88
5639.25
5512.26
5604.98
6637.2
6939.78
5725.49
5797.04
5747.05
5897.8
5679.05
6455.78
5571.76
5928.81
6179.7
5841.81
6034.88
6141.88
6204.79
6143.03
6468.78
6365.32
6210.35
6369.32
