0.054872
0.0562603
0.0552895
0.057734
0.0603245
0.0605678
0.0597581
0.056889
0.0581924
0.0559349
0.0544938
0.0546015
0.055801
0.0634909
0.0683537
0.064314
0.0651062
0.0581677
0.0599344
0.0567646
0.0575351
0.0580153
0.0608455
0.0621962
0.0568488
0.0589374
0.0552681
0.059726
0.0663384
0.0612631
0.0609683
0.0639014
0.0562799
0.0586232
0.0620499
0.0598064
0.0560989
0.0549925
0.0555397
0.0548481
0.0555607
0.0552965
0.0562134
0.05795
0.0556
0.0563309
0.0549623
0.0551051
0.0602402
0.0598459
0.0608285
0.0552826
0.0590587
0.0563589
0.0598337
0.0596814
0.0551678
0.0548805
0.0547315
0.0548687
0.0552176
0.0547523
0.0549253
0.0560521
0.0567921
0.0546831
0.0558169
0.055514
0.0541893
0.0551634
0.0558578
0.0550504
0.0558772
0.0546459
0.0549833
0.0541763
0.0546943
0.0541783
0.0549515
0.0544628
0.054743
0.0544496
0.0548298
0.0555849
0.0556823
0.0547956
0.0548664
0.0563765
0.0551079
0.0555827
0.0539348
0.0564988
0.0562593
0.0548012
0.0548838
0.0544907
0.0550494
0.0545087
0.0588994
0.055234
0.0545816
0.0549822
0.0588861
0.0601178
0.0600885
0.0641881
0.0546246
0.0572905
0.055975
0.056486
0.0572207
0.0570041
0.0548137
0.0577385
0.0632431
0.0560057
0.0562775
0.0559489
0.0559754
0.0551304
0.0545159
0.0563224
0.0555801
0.0587479
0.0574029
0.0590628
0.0619748
0.0565442
0.0572353
0.0542135
0.0547224
0.053636
0.0549564
0.0549128
0.05497
0.0557995
0.0563396
0.0559185
0.0544625
0.0548213
0.0553028
0.0540853
0.0550414
0.0575367
0.0543645
0.0548349
0.0547398
0.0548987
0.0545028
0.055205
0.0547172
0.0548362
0.0536587
0.0553433
0.0554699
0.0553371
0.0537768
0.0543874
0.0546127
0.0542568
0.0553054
0.0550977
0.0537651
0.0552429
0.0546698
0.0535951
0.0547472
0.0548683
0.0545887
0.0554404
0.0558847
0.0548883
0.05487
0.0568624
0.0543161
0.0540579
0.0543163
0.0541569
0.0545942
0.0564576
0.0545326
0.054056
0.0540846
0.0547501
0.0542442
0.0550527
0.0539648
0.0551286
0.0549291
0.0545117
0.0548943
0.0550972
0.0537667
0.0548589
0.0554451
0.0547075
0.0557776
0.0550227
0.054501
0.0542676
0.0549302
0.0542413
0.0542789
0.0540172
0.0545384
0.0550172
0.0546857
0.0553313
0.0551051
0.0544619
0.0542546
0.0540421
0.0536335
0.0539531
0.0554855
0.0550054
0.0559905
0.0540672
0.0554359
0.053931
0.0547177
0.0561286
0.0541019
0.0555295
0.0552184
0.0549138
0.0543688
0.0550686
0.0548397
0.0547628
0.0556888
0.0561085
0.0545766
0.0548237
0.0554622
0.0543855
0.0545505
0.055976
0.0596998
0.0543688
0.0553254
0.0552328
0.0549799
0.0559202
0.0553631
0.0556953
0.0550898
0.0562493
0.0554641
0.0547421
0.0552244
0.0546776
0.0557762
0.0554168
0.0558521
0.0552803
0.0559436
0.0551987
0.0546846
0.0558163
0.0555641
0.0556027
0.0560139
0.0549746
0.0551158
0.0556855
0.0543715
0.0534892
0.0545108
0.0541729
0.0539423
0.0541526
0.0542989
0.0535985
0.0544554
0.0538999
0.0537339
0.0539468
0.0535705
0.055725
0.0548593
0.0545086
0.0546999
0.0568519
0.0545907
0.0546869
0.0555118
0.0548908
0.0551821
0.0546499
0.0558074
0.0543248
0.0547472
0.054319
0.0549494
0.0543645
0.0575355
0.0577445
0.0554104
0.0555424
0.0541527
0.0559097
0.0554428
0.0571726
0.0553335
0.0547382
0.0566869
0.0565909
0.0563153
0.0551616
0.0561862
0.0540929
0.0561536
0.0562692
0.0554431
0.0567869
0.0549118
0.0542438
0.0548642
0.0556728
0.0549169
0.0551471
0.0561388
0.0542904
0.0550089
0.0541982
0.0545855
0.0548452
0.0548002
0.0552128
0.054868
0.0545102
0.0547772
0.0552224
0.0535787
0.0547684
0.0555949
0.0547318
0.0561457
0.0554433
0.0547612
0.0562354
0.054224
0.0553298
0.0557508
0.0540073
0.0537356
0.0561332
0.0539769
0.0541421
0.0545472
0.0541672
0.0556364
0.0561187
0.0538383
0.0553969
0.0547492
0.0537691
0.0545822
0.0548744
0.0540192
0.0547261
0.0540583
0.0544352
0.0549507
0.0545485
0.0543083
0.054431
0.0562418
0.054236
0.0560765
0.0550306
0.0539439
0.0548051
0.0554403
0.054752
0.0571028
0.0550587
0.0537643
0.0545187
0.0550992
0.0550562
0.0557695
0.0549809
0.054345
0.0542999
0.0543871
0.0541191
0.0547899
0.0550221
0.0542487
0.0554931
0.0552514
0.0541814
0.0553596
0.0548135
0.0540036
0.0545085
0.0540846
0.0545451
0.0543035
0.0548725
0.0551577
0.0543564
0.0544926
0.0551205
0.0555221
0.0552228
0.0542377
0.0547018
0.054687
0.0567879
0.0539097
0.0546878
0.0547179
0.054677
0.0549308
0.0549858
0.0544189
0.0541673
0.054653
0.0544725
0.0552377
0.0554397
0.0544156
0.05602
0.0562623
0.0538631
0.0549032
0.054392
0.0535585
0.0542386
0.054607
0.0540268
0.0541508
0.0554197
0.0533539
0.0550915
0.0546618
0.0555278
0.0545115
0.0550691
0.0547205
0.054161
0.0559733
0.0539751
0.0561869
0.054934
0.0539831
0.0548815
0.0546353
0.0545776
0.0539256
0.0550093
0.0540265
0.0557112
0.0550786
0.0545431
0.0553539
0.0545177
0.0545268
0.0544878
0.0542736
0.0551295
0.0560178
0.0550502
0.053826
0.0535694
0.0554429
0.0536844
0.0550022
0.0554006
0.0534609
0.0549489
0.0549453
0.0546692
0.0555964
0.0551855
0.0588293
0.0550149
0.0538556
0.0546607
0.0555883
0.055817
0.0557574
0.0556036
0.0558209
0.0577259
0.05558
0.0575314
0.0558953
0.0558138
0.0559722
0.055833
0.0556397
0.0545749
0.0556243
0.0558859
0.0550203
0.0548708
0.0556857
0.0548011
0.0560291
0.0536952
0.0542585
0.0542715
0.0552339
0.0548237
0.0539245
0.0542013
0.0533427
0.0551102
0.0541266
0.05367
0.054644
0.0572684
0.0547177
0.055362
0.0566684
0.0554187
0.0558342
0.0555188
0.0556212
0.0549208
0.0559237
0.0559073
0.0546628
0.055678
0.0557521
0.0541915
0.0554536
0.05547
0.0548755
0.0549693
0.0547321
0.0549086
0.0553318
0.0549192
0.0553586
0.0537422
0.0535558
0.0534988
0.0541293
0.0544061
0.0537218
0.0580909
0.0539689
0.0545424
0.0542779
0.0544798
0.0538655
0.0543231
0.0551941
0.0552014
0.0562156
0.0548626
0.0627079
0.0585312
0.0548555
0.054259
0.0546519
0.0549525
0.0550737
0.0550077
0.0547968
0.0557906
0.0540214
0.0560751
0.0559629
0.0553787
0.0544289
0.0540698
0.0565865
0.0543455
0.0544168
0.0545801
0.0553432
0.0559242
0.0546511
0.0550095
0.0543236
0.0546085
0.0548698
0.0546301
0.0542537
0.0547133
0.0539577
0.054766
0.055414
0.054146
0.0563751
0.0539734
0.0561959
0.0538016
0.0543322
0.0546929
0.0556452
0.0546161
0.0552975
0.0545672
0.0542572
0.0575298
0.0558051
0.0557128
0.0562264
0.0554487
0.0557915
0.0549094
0.056124
0.0538864
0.0538247
0.0546638
0.0545268
0.0545279
0.0548
0.0543688
0.0543189
0.0538769
0.056284
0.0545496
0.054345
0.0544432
0.0546345
0.0545095
0.0548869
0.0537137
0.0584832
0.0548304
0.0549965
0.0552568
0.0544759
0.0551161
0.0543631
0.0543084
0.0547286
0.0558398
0.0544637
0.0554475
0.0550855
0.0555207
0.0552477
0.0562883
0.0555393
0.0540055
0.0555562
0.0553483
0.0545939
0.0538693
0.0544214
0.0541128
0.0550307
0.0542498
0.05474
0.0537898
0.0548588
0.0547259
0.0548693
0.0563301
0.0543604
0.0542043
0.0535042
0.0541262
0.0546208
0.053835
0.0537479
0.0544543
0.055216
0.0541259
0.0549062
0.0545959
0.0550975
0.0547667
0.0551942
0.0559335
0.0551828
0.0549689
0.05508
0.0540969
0.0546302
0.0546248
0.057863
0.0553314
0.0558087
0.057337
0.0548074
0.0537853
0.0548128
0.0553931
0.0565012
0.0550285
0.0557695
0.0547228
0.0553031
0.0543222
0.0550899
0.0562869
0.0546977
0.0554904
0.0556687
0.0549005
0.0555115
0.055571
0.0552867
0.0554974
0.0560977
0.0549591
0.0550911
0.0558159
0.0549833
0.0537821
0.0541232
0.0537294
0.0536199
0.0544632
0.0535771
0.0541445
0.0563226
0.0536088
0.0546093
0.0535542
0.0544401
0.0552973
0.0544195
0.0544431
0.05506
0.0550286
0.0549903
0.0546885
0.0546508
0.054656
0.0548478
0.0539747
0.0544787
0.0543273
0.054336
0.0541134
0.0548614
0.0552138
0.0544681
0.0551852
0.0544211
0.0571726
0.0546538
0.0547049
0.054283
0.055149
0.0550054
0.0550472
0.0548489
0.0540198
0.0550496
0.0551911
0.0556723
0.0540565
0.0549095
0.0549235
0.0543597
0.0545264
0.0541091
0.053916
0.0545757
0.0547258
0.0552146
0.0540312
0.0550758
0.0546446
0.0560594
0.0550277
0.0544078
0.0545641
0.0540351
0.0544321
0.0547794
0.0546934
0.0545387
0.0546671
0.0552436
0.0543565
0.0555321
0.054924
0.054973
0.0543703
0.0544518
0.0552364
0.0564164
0.055518
0.0544293
0.0545625
0.0555158
0.0542319
0.0544281
0.0551089
0.0556089
0.0544795
0.0539195
0.0537287
0.0539781
0.0547137
0.054612
0.0539915
0.0547559
0.0547238
0.0552572
0.0551703
0.0553982
0.05553
0.0557011
0.0550781
0.0543365
0.0557717
0.0548429
0.0538843
0.054669
0.0539861
0.0554356
0.055544
0.0554017
0.0538973
0.0545266
0.0542401
0.0539689
0.0554811
0.0553938
0.0552317
0.0540275
0.0552402
0.0550374
0.0556504
0.0549572
0.0546971
0.0559607
0.05401
0.0539216
0.0548905
0.0556025
0.0540257
0.0553866
0.0551484
0.0546703
0.0544052
0.0539029
0.0546738
0.0543668
0.0553714
0.0538061
0.0556358
0.0551083
0.0545681
0.0545691
0.0542514
0.0536283
0.0557496
0.0553252
0.0556868
0.054486
0.0548704
0.0545257
0.0544623
0.0550902
0.0537775
0.0565982
0.0556767
0.0542835
0.0554649
0.0547985
0.0545361
0.0557273
0.0550271
0.0554561
0.0547654
0.0557447
0.0541244
0.0537605
0.0551967
0.0549818
0.0551158
0.0543904
0.0553139
0.0559211
0.0538904
0.0544548
0.0565149
0.0597178
0.0556143
0.0550771
0.0546641
0.0546151
0.055018
0.0548575
0.0550012
0.0539009
0.0538617
0.0548838
0.0538935
0.0546482
0.0558404
0.0547612
0.0543323
0.0551299
0.0540017
0.0538793
0.0542823
0.054078
0.0558492
0.0547115
0.0562058
0.0558596
0.0551788
0.0544325
0.0546022
0.0551721
0.0553297
0.0543199
0.056001
0.0543164
0.0542695
0.0566849
0.0549327
0.0546384
0.0548635
0.0557481
0.0550578
0.0566121
0.054943
0.0538235
0.0550438
0.0547356
0.05465
0.0545372
0.0543591
0.0543257
0.0557359
0.0565722
0.0540278
0.0545186
0.0543684
0.0543207
0.0549877
0.0546285
0.0553947
0.0557599
0.0573219
0.0545311
0.0556593
0.0547673
0.0541452
0.0546804
0.0542906
0.0546758
0.0541462
0.0554101
0.0556285
0.0538797
0.0546212
0.0548089
0.0551525
0.0556929
0.0545709
0.0534748
0.0556845
0.0548336
0.0551506
0.0551458
0.0553169
0.0544341
0.0554191
0.0552528
0.0537092
0.0556063
0.0552006
0.0540478
0.0551271
0.0553537
0.0537039
0.054574
0.0554033
0.0533563
0.0549086
0.0545771
0.0536028
0.0548729
0.0549505
0.0537759
0.0546043
0.0552423
0.057157
0.0548862
0.0544897
0.0538104
0.054337
0.0554306
0.054634
0.0545931
0.0552654
0.0537529
0.0558917
0.0545652
0.0546072
0.0552908
0.0551445
0.0540634
0.0552815
0.0551974
0.0542049
0.0558134
0.0548737
0.0544594
0.0542314
0.0540013
0.0535236
0.0544667
0.0548195
0.0545105
0.0560945
0.0542342
0.0550403
0.0549624
0.0583424
0.0543073
0.0546056
0.0589447
0.0566847
0.055495
0.0547912
0.0569966
0.0548851
0.0558811
0.0555854
0.0551805
0.0549783
0.0554535
0.056382
0.0541821
0.0555322
0.0554724
0.0551292
0.0561083
0.0554629
0.0551149
0.0563154
0.0553468
0.0543923
0.0551533
0.054725
0.0545651
0.0535169
0.0541841
0.0533076
0.0542899
0.0544495
0.0538054
0.0534901
0.0535531
0.053432
0.0540206
0.0544119
0.0541545
0.0538949
0.0544148
0.0534873
0.0561798
0.0537951
0.0550818
0.0556843
0.0549865
0.0533181
0.0543815
0.0546687
0.0555635
0.0553039
0.0546099
0.0554145
0.0555274
0.0554349
0.0543439
0.0546915
0.0550698
0.0542352
0.0543443
0.053965
0.0535473
0.0539493
0.0550274
0.0540786
0.0557584
0.059155
0.0679452
0.0550162
0.0554197
0.0540756
0.0540001
0.0556094
0.0543871
0.0543032
0.0543644
0.0554725
0.054498
0.0547988
0.0548384
0.054192
0.0549874
0.0542833
0.0547533
0.0559042
0.0554965
0.0554635
0.0543314
0.0554903
0.0548535
0.0545602
0.0550306
0.0548977
0.0537511
0.0559083
0.0557955
0.0540043
0.0553866
0.0553348
0.0533934
0.0548709
0.05549
0.054912
0.0545282
0.0545845
0.0542353
0.0552918
0.0544664
0.0546302
0.0550313
0.0543325
0.0539668
0.054295
0.0545854
0.0537419
0.0551219
0.0555332
0.0553314
0.0566481
0.0556876
0.055011
0.0549097
0.0547207
0.0556477
0.0561617
0.056445
0.0544572
0.0549224
0.0547998
0.0539583
0.0543662
0.0546676
0.0549561
0.0548482
0.0636321
0.0598536
0.0603832
0.0631149
0.0674442
0.0549285
0.0606362
0.0576461
0.0588506
0.0559996
0.054792
0.0550072
0.0558154
0.0551369
0.0549581
0.0571386
0.0545647
0.0573889
0.0583058
0.0567372
0.0552597
0.0563217
0.0553698
0.0553025
0.0569082
0.0567686
0.0546343
0.0546256
0.0551661
0.0547784
0.0544625
0.0553668
0.0556326
0.0547467
0.0549025
0.0561919
0.0555712
0.0564254
0.055281
0.0550729
0.0547422
0.0546555
0.055364
0.0554569
0.0549977
0.0545564
0.0552658
0.0550339
0.055397
0.0540719
0.0539291
0.0549688
0.055391
0.0563193
0.0553832
0.0546333
0.0553389
0.0556737
0.0533932
0.0542947
0.0550247
0.0534635
0.0549909
0.0556175
0.053766
0.0553593
0.0549644
0.0539577
0.0542886
0.0548671
0.0541041
0.0547251
0.0551011
0.054902
0.0579738
0.0549822
0.054144
0.0543827
0.0546445
0.0539809
0.055159
0.0553182
0.0542239
0.0556531
0.0544171
0.0538033
0.0559572
0.0542784
0.0541307
0.0566438
0.0547898
0.0548605
0.0555951
0.0558432
0.0544552
0.0542882
0.0546641
0.0533628
0.0553744
0.0571322
0.056367
0.0538447
0.0549176
0.0550998
0.0535806
0.0546255
0.0546765
0.0545249
0.0574533
0.0559414
0.0544288
0.054806
0.0543774
0.0554256
0.0553088
0.0544322
0.0545882
0.0544706
0.0544247
0.0569331
0.055534
0.0557833
0.0539112
0.0568716
0.0545733
0.0546276
0.0559326
0.0557391
0.0554795
0.0546394
0.0547656
0.0565227
0.0544586
0.0553233
0.054307
0.0625719
0.0537017
0.0546595
0.0553812
0.0542932
0.0560911
0.0539179
0.0547593
0.054779
0.053853
0.0548682
0.0546505
0.0544645
0.0543749
0.0543281
0.0542888
0.0543912
0.0552094
0.0546511
0.0550873
0.0547198
0.054281
0.0544934
0.0543609
0.0558154
0.0545227
0.0548847
0.0570096
0.0561116
0.0553606
0.0545309
0.0544841
0.0538723
0.0550658
0.0551106
0.0549039
0.0545177
0.0541599
0.0544524
0.0542975
0.0544922
0.0554218
0.0546614
0.0541397
0.0550493
0.055345
0.0565626
0.0552456
0.0547423
0.0550442
0.0546296
0.0548308
0.0538557
0.055146
0.0543056
0.0538988
0.0539851
0.0544022
0.0535723
0.0551508
0.0553085
0.0546037
0.054516
0.0545609
0.054253
0.0559978
0.0548456
0.0550514
0.0543433
0.0548345
0.0556366
0.0544566
0.0542294
0.0540802
0.0548885
0.0547805
0.0542415
0.0549589
0.0551853
0.0543543
0.0571774
0.0542645
0.0535804
0.0546182
0.0539416
0.0545792
0.0544351
0.055383
0.0541215
0.0541503
0.0545757
0.0541209
0.0549763
0.0549223
0.0539284
0.0558504
0.0541115
0.0540963
0.0548671
0.0553403
0.0553979
0.0561416
0.0550493
0.0541026
0.0549848
0.0545601
0.0548196
0.0549403
0.0557123
0.0539417
0.0549387
0.0556352
0.0535569
0.053874
0.0547279
0.0546978
0.0556726
0.0563213
0.0551696
0.0553943
0.0555285
0.0544623
0.0549481
0.0539595
0.0543498
0.0550523
0.0544729
0.0542268
0.056131
0.0543572
0.0535629
0.0545178
0.0543007
0.0547022
0.0544602
0.0554912
0.0548933
0.0539813
0.054327
0.0544166
0.0553828
0.0546694
0.0560681
0.0552691
0.0558052
0.0545044
0.0547985
0.0564303
0.0554336
0.0545821
0.0553668
0.0552117
0.0548555
0.0560931
0.0551647
0.0548359
0.0558492
0.0554623
0.05492
0.0547343
0.0546324
0.054078
0.0535898
0.0537365
0.0539995
0.0553792
0.0536217
0.0530961
0.053987
0.0545754
0.0536056
0.0547925
0.0545761
0.0537206
0.0540886
0.0535472
0.0540847
0.0540924
0.0540163
0.0550856
0.05731
0.054415
0.0541849
0.0548714
0.0540811
0.0546503
0.055285
0.0554752
0.0536154
0.0549259
0.0542934
0.0545729
0.0552135
0.053751
0.0550046
0.0549651
0.0544614
0.0543226
0.0547865
0.0546428
0.0542354
0.0546742
0.0541011
0.0545432
0.0549545
0.0550549
0.0547187
0.0551782
0.0544642
0.0565315
0.0548729
0.0540149
0.0548715
0.0546511
0.0539927
0.0548445
0.055651
0.0547334
0.0567835
0.055723
0.0552096
0.0548156
0.0541056
0.0578896
0.0548047
0.0547555
0.055007
0.0561691
0.0552402
0.0554725
0.0545519
0.0539783
0.0541191
0.0548404
0.0571722
0.0568636
0.0544368
0.0587197
0.055156
0.0552482
0.0556847
0.0550913
0.0568445
0.0548035
0.0550079
0.0551803
0.054001
0.0560529
0.0565008
0.0558761
0.0541685
0.0549964
0.0546283
0.0542912
0.0550011
0.0556582
0.0548415
0.0546462
0.0551005
0.0534844
0.0541411
0.0556358
0.0543492
0.0585712
0.0541288
0.0539329
0.055905
0.0566576
0.0591514
0.0559131
0.055873
0.0558048
0.0556037
0.0550901
0.0559584
0.0543908
0.0551836
0.0558679
0.0557103
0.0557818
0.0558434
0.0561346
0.0547407
0.0564044
0.0560851
0.0555217
0.0554323
0.0558835
0.0544145
0.0563224
0.055003
0.0560866
0.0556771
0.0550315
0.0554004
0.055226
0.057659
0.0563911
0.0550927
0.0553811
0.0558675
0.0556826
0.0552812
0.0559455
0.0548301
0.054379
0.0557803
0.0556792
0.0543974
0.0541419
0.0540923
0.0537589
0.0545959
0.054643
0.0539848
0.0556477
0.0543951
0.0541871
0.0547982
0.0545625
0.0540802
0.0543351
0.0538302
0.054572
0.0542095
0.0537578
0.0539835
0.0533695
0.0577021
0.0537679
0.0549068
0.0533336
0.0547263
0.0548019
0.0538058
0.0540311
0.0539117
0.0538441
0.0544257
0.0543228
0.0542509
0.0620971
0.0708775
0.0541171
0.0545232
0.054366
0.0553919
0.0549772
0.0542031
0.0568511
0.0545034
0.054666
0.0543585
0.054841
0.0547471
0.0547749
0.0561357
0.0540669
0.055113
0.0544555
0.0561966
0.0542201
0.0549343
0.0550165
0.0555797
0.055438
0.0549955
0.0542892
0.0547547
0.0543333
0.054257
0.0560349
0.0536001
0.0531916
0.054037
0.0535018
0.0536919
0.0546337
0.0557951
0.0540122
0.0544249
0.0538334
0.053819
0.0555577
0.0547615
0.0551871
0.0545029
0.0583571
0.054845
0.0544444
0.0541132
0.0573144
0.0565219
0.0600581
0.0573436
0.0564823
0.0565665
0.0546546
0.0537923
0.0558656
0.054844
0.0542259
0.0547688
0.0579906
0.0593573
0.0541014
0.0568637
0.0555098
0.0553236
0.055122
0.0562485
0.0571088
0.0615427
0.0579996
0.0553309
0.0558401
0.0546973
0.0546749
0.0541306
0.0545092
0.0544751
0.0556993
0.0541674
0.0544048
0.0535692
0.0588358
0.0570155
0.0556798
0.0541473
0.0545194
0.055011
0.0545255
0.0545582
0.0545489
0.0549127
0.0543815
0.0563302
0.0545511
0.0552254
0.0550969
0.0548922
0.0565247
0.0543847
0.0539251
0.0546141
0.0552007
0.0544972
0.0541675
0.0537381
0.0537403
0.0554057
0.0538281
0.0545455
0.0540973
0.0550767
0.054357
0.0542845
0.0549814
0.0549293
0.0542762
0.0556128
0.0539893
0.0560094
0.0572074
0.0534912
0.0553713
0.0547732
0.0545423
0.0537083
0.054903
0.0536448
0.0543496
0.055018
0.0543708
0.0555058
0.0549038
0.0549283
0.0551169
0.0560926
0.0549779
0.0544553
0.0553373
0.0551085
0.0591179
0.0591775
0.0566528
0.0543161
0.0540923
0.0539614
0.0537139
0.0549914
0.0542675
0.0550612
0.0564424
0.0552258
0.0539165
0.0541037
0.0551043
0.0541695
0.0570872
0.0540681
0.0560159
0.0549729
0.0557837
0.0554807
0.0566073
0.0535665
0.0548931
0.0551268
0.0544866
0.0566309
0.0566867
0.053877
0.0539224
0.0535131
0.0541358
0.0543982
0.0553802
0.0553697
0.0551195
0.0540279
0.0558382
0.0548336
0.0549318
0.0550341
0.0546335
0.0536386
0.0545499
0.0559177
0.0538375
0.0546598
0.0551155
0.0543098
0.055115
0.0551107
0.0540342
0.0550146
0.0554485
0.0541893
0.0556929
0.0540699
0.0549206
0.0547649
0.0559248
0.0543003
0.0542825
0.0553823
0.0547151
0.0541299
0.0541941
0.0541206
0.054363
0.05471
0.0566941
0.0561328
0.0604158
0.0552834
0.0547619
0.0565613
0.0546478
0.0548367
0.0549946
0.0544251
0.055428
0.0548758
0.0551263
0.0549529
0.0546505
0.0550861
0.0547172
0.0544316
0.0550473
0.0544092
0.0549238
0.0549751
0.0547659
0.0560959
0.0542234
0.0537378
0.0553829
0.0550316
0.0563487
0.0560667
0.0552604
0.0558129
0.0540427
0.0554594
0.0554185
0.0549931
0.0540482
0.054126
0.0538927
0.0541091
0.0542618
0.0533076
0.0543352
0.0538729
0.0541883
0.0553054
0.0548778
0.0562468
0.0545256
0.0544223
0.053866
0.0555135
0.0548423
0.0548915
0.0544419
0.0561684
0.0544839
0.0539998
0.0544478
0.0541478
0.0547569
0.0537793
0.0539863
0.0552561
0.0551708
0.0552842
0.0557544
0.0546792
0.0549164
0.0553575
0.054268
0.0544764
0.0540248
0.0547356
0.0541535
0.0539127
0.0556609
0.0544295
0.0544366
0.0552319
0.0543286
0.0555133
0.0556951
0.0551141
0.054951
0.0542109
0.054123
0.0551307
0.0553363
0.0543326
0.0543513
0.055277
0.056025
0.0547983
0.0545613
0.0543159
0.0551759
0.054567
0.0555405
0.0548803
0.0547561
0.0558031
0.0549296
0.0544268
0.0548043
0.0552705
0.0557668
0.0540652
0.0545902
0.0553375
0.0559287
0.0541306
0.0540062
0.0583707
0.0589484
0.0586725
0.0555285
0.0560828
0.0551012
0.0579692
0.0554948
0.0548306
0.05474
0.0551325
0.0558298
0.0538759
0.0546377
0.0543498
0.0546267
0.055146
0.0553272
0.0543559
0.0551715
0.0544999
0.0548512
0.0559811
0.0553181
0.0548804
0.0540911
0.0549901
0.0548009
0.0541694
0.0553155
0.0539284
0.0551153
0.0552958
0.0538913
0.0549403
0.0548444
0.0550887
0.0548785
0.0585179
0.0546419
0.0557354
0.057197
0.0570865
0.0540393
0.0539736
0.0549526
0.0560909
0.055666
0.0556377
0.0544317
0.0571578
0.0551232
0.0560239
0.0560962
0.0553857
0.0539475
0.0551854
0.0552759
0.0544413
0.0551014
0.0546369
0.0541128
0.054093
0.0538934
0.0547689
0.0550693
0.0542733
0.0543977
0.0551165
0.0547648
0.0546493
0.0541868
0.0553483
0.0543293
0.0548495
0.0557525
0.0548008
0.0557311
0.0547375
0.0600504
0.0540977
0.0552794
0.0541938
0.0547713
0.0545484
0.054855
0.0554818
0.0551956
0.0545529
0.0540581
0.0559257
0.054718
0.0542789
0.0556481
0.0551031
0.0546619
0.0560083
0.0552502
0.0541456
0.0542696
0.0542894
0.054657
0.0542448
0.0553894
0.0548084
0.0539213
0.0545176
0.0530238
0.0551007
0.0539237
0.0536868
0.0555349
0.0553077
0.0548103
0.055758
0.0545098
0.0542698
0.0554209
0.0544755
0.0543527
0.0551404
0.0540159
0.0546643
0.0542158
0.0551262
0.0538369
0.0557626
0.0545491
0.0543204
0.054981
0.0549311
0.0556679
0.0561859
0.0553231
0.0547167
0.0580844
0.0550173
0.0550294
0.0538847
0.0543886
0.05547
0.0550888
0.054965
0.0547158
0.0550074
0.055527
0.0552619
0.0544864
0.0557782
0.0553409
0.054094
0.0549803
0.0553176
0.0536046
0.0544764
0.0543532
0.0535689
0.0547396
0.0543317
0.0537666
0.0541663
0.0542866
0.0554967
0.0559494
0.0544034
0.0563314
0.0555197
0.0553446
0.0556684
0.0598568
0.0547713
0.0545511
0.0542969
0.0548043
0.0549694
0.0544313
0.0557876
0.0544504
0.0544391
0.054709
0.0545097
0.0542154
0.054979
0.0544216
0.0539932
0.0570355
0.0545288
0.0539202
0.0563973
0.05598
0.0542165
0.0545165
0.0549363
0.0536923
0.0538557
0.0550766
0.0544902
0.0549764
0.053685
0.0535466
0.0547783
0.0544102
0.0540872
0.0549787
0.0547531
0.0542849
0.0548545
0.054145
0.053955
0.0540634
0.0547301
0.0538547
0.0556382
0.0564732
0.0550898
0.0547895
0.0550956
0.0539544
0.0548405
0.0553077
0.0547664
0.0555066
0.0548279
0.054212
0.0546779
0.0562707
0.0552018
0.0546176
0.056034
0.0556458
0.0601906
0.0571771
0.05488
0.0543279
0.0558947
0.0554109
0.056039
0.0600865
0.0576333
0.0579548
0.0571891
0.059018
0.0579617
0.0573247
0.0582687
0.0571037
0.05627
0.0558266
0.060336
0.0572457
0.0546628
0.0548952
0.0540491
0.055441
0.0544164
0.0541994
0.0565697
0.0539063
0.0540606
0.0542835
0.0547096
0.0541584
0.0544953
0.0541115
0.0541149
0.0555198
0.0561776
0.053378
0.0545944
0.0548315
0.0543141
0.0548915
0.0544032
0.0553711
0.0576857
0.0548795
0.0536087
0.0542312
0.0543164
0.0541615
0.0544035
0.05451
0.0540813
0.0556261
0.0563798
0.0534102
0.0555653
0.0541975
0.0534142
0.0546403
0.0536343
0.0549105
0.0548041
0.0541178
0.0540502
0.0547706
0.0547285
0.0538528
0.0559342
0.0543309
0.0539505
0.0539796
0.0549536
0.0543861
0.0548559
0.0585584
0.0543917
0.0551727
0.0546482
0.0552626
0.0554761
0.0560792
0.0544486
0.0559139
0.0563312
0.0547618
0.0547879
0.0557895
0.0557597
0.0549848
0.0553474
0.0549234
0.0550225
0.0542951
0.053732
0.0537423
0.0542557
0.054505
0.0542556
0.0538639
0.0534073
0.0538862
0.0542013
0.0537998
0.0545974
0.055248
0.0540118
0.0547088
0.0549826
0.0537467
0.0541791
0.055383
0.0539353
0.0556298
0.0547808
0.0551539
0.0550592
0.0549084
0.0541441
0.0541638
0.055093
0.0548281
0.0546749
0.0559351
0.0547378
0.0549998
0.0551997
0.0539976
0.0540416
0.0543841
0.0552716
0.0546511
0.0541883
0.0544299
0.0546176
0.0554726
0.0538649
0.0544394
0.0552679
0.0536579
0.0553444
0.055277
0.0536557
0.0548443
0.0554426
0.0546588
0.0563156
0.0544963
0.0543888
0.0549015
0.0555024
0.0581045
0.0555825
0.0552151
0.0545599
0.053843
0.0545977
0.0557962
0.0536887
0.0557199
0.0544858
0.0537389
0.0554584
0.0556782
0.0543203
0.0640238
0.0616641
0.0576274
0.0579422
0.0597515
0.0579583
0.0554395
0.0557282
0.0545613
0.0563446
0.0553333
0.0559158
0.0560513
0.0563879
0.0547105
0.0549232
0.0561617
0.0554355
0.0552544
0.0558371
0.057527
0.0549238
0.0568301
0.0547792
0.0541466
0.0554783
0.0558395
0.0544752
0.0559096
0.0554688
0.0553933
0.0545943
0.0551901
0.0549368
0.0546931
0.0546847
0.0553948
0.0549688
0.0545661
0.0555629
0.0538874
0.0542455
0.0549682
0.0539175
0.0546968
0.0543696
0.0539352
0.056044
0.0544545
0.0538938
0.0550178
0.0545347
0.0547879
0.056268
0.0548528
0.0557554
0.0552313
0.0552874
0.0547109
0.0549229
0.0557051
0.0542127
0.0565544
0.055376
0.0535456
0.054376
0.0545645
0.054179
0.0537918
0.0548942
0.0542316
0.0550835
0.0561784
0.0550387
0.0545898
0.0540986
0.0542412
0.0544666
0.0559322
0.0539219
0.0539254
0.0563236
0.0540697
0.053885
0.0542787
0.0539377
0.0541695
0.0546267
0.0545872
0.0544095
0.0548251
0.0543814
0.0546204
0.054687
0.0540093
0.0546932
0.0553252
0.054015
0.0550147
0.0556763
0.054483
0.0545834
0.0547154
0.0533053
0.054336
0.0546506
0.0544721
0.0545132
0.0553257
0.0540748
0.054954
0.0546532
0.0548282
0.0538224
0.0540791
0.0535503
0.0543291
0.05954
0.0658959
0.0632702
0.0556281
0.0557413
0.0550249
0.0533889
0.0548087
0.0543901
0.0550517
0.055465
0.054735
0.0543129
0.0544231
0.0558899
0.0534969
0.0542265
0.054209
0.0553412
0.055251
0.0547054
0.053202
0.0543516
0.0554338
0.0544231
0.0544879
0.05383
0.0537481
0.0552084
0.0567409
0.0537559
0.0549853
0.0544452
0.0533504
0.0539299
0.054866
0.0547657
0.0539711
0.0554647
0.0537089
0.0552958
0.0562456
0.0538671
0.0557435
0.0546439
0.054291
0.0551154
0.0547883
0.0547517
0.0559281
0.0550964
0.054464
0.0547519
0.0560991
0.0537102
0.0539256
0.054784
0.053451
0.0550561
0.054715
0.0537003
0.0541609
0.0538007
0.0545652
0.0538143
0.055378
0.0545301
0.0546596
0.0544225
0.0537697
0.0543654
0.0540377
0.0544851
0.0544104
0.0544624
0.0739101
0.0749563
0.0582073
0.0604403
0.055921
0.0549917
0.0557637
0.0549124
0.0557587
0.0553855
0.0549744
0.054316
0.0551306
0.0545793
0.0543998
0.0550768
0.0542877
0.0545809
0.0547868
0.0551515
0.0538713
0.0549502
0.0537642
0.0536261
0.0543462
0.053975
0.054499
0.0549948
0.0547222
0.0542322
0.0540056
0.0534904
0.0540794
0.0547567
0.0551498
0.0559842
0.0544245
0.0548752
0.0556062
0.0552232
0.054463
0.0543891
0.0554206
0.0559877
0.0540956
0.055887
0.0547841
0.0538152
0.0550823
0.0559367
0.0541627
0.0543124
0.0549724
0.0555744
0.0547304
0.0561571
0.0540843
0.0545415
0.053938
0.0546689
0.0546924
0.0547744
0.0553352
0.0572377
0.0550156
0.055117
0.0545192
0.0541651
0.0541787
0.0542106
0.0539812
0.0542771
0.0543621
0.0551753
0.0541677
0.0548114
0.0542907
0.0543966
0.0551889
0.0553631
0.0540209
0.0550889
0.0576389
0.053547
0.0540153
0.0555209
0.0550109
0.0553368
0.0553888
0.0530808
0.0548808
0.0539936
0.0534376
0.0534299
0.0534467
0.0542698
0.0539737
0.0534455
0.0543986
0.0541247
0.0552441
0.054773
0.0543438
0.0530009
0.0564499
0.055214
0.0553594
0.054909
0.0559721
0.0553576
0.0550712
0.0559705
0.0558584
0.0555488
0.0550931
0.055429
0.055006
0.0552113
0.0561792
0.0550474
0.0537983
0.0534018
0.0538541
0.054407
0.0545327
0.0537154
0.0546095
0.0541013
0.0534074
0.0535663
0.0544601
0.0541038
0.0541206
0.056399
0.0554576
0.0553849
0.0535602
0.0560963
0.0552971
0.054423
0.0537305
0.0542002
0.0543305
0.0544364
0.0540758
0.0551539
0.0543185
0.0561343
0.0546996
0.0543355
0.0562297
0.0567032
0.0571518
0.055421
0.0544163
0.0537803
0.0538683
0.0540614
0.0536002
0.0544176
0.0548189
0.0537403
0.0534029
0.054937
0.0542756
0.0555102
0.0542728
0.0531368
0.0539146
0.0538002
0.0538022
0.053587
0.0538441
0.0539776
0.0551488
0.0545485
0.054048
0.0560733
0.0663878
0.063231
0.0535317
0.0541637
0.0552281
0.0539673
0.0540719
0.0546725
0.0538148
0.0551405
0.0543383
0.0549026
0.055046
0.054595
0.0544439
0.0539757
0.0540013
0.0548668
0.0545289
0.0557117
0.0562908
0.0540935
0.0544261
0.0539988
0.0538198
0.0554976
0.0538951
0.0553844
0.0566104
0.0534677
0.0542155
0.0534997
0.053741
0.0542446
0.0541043
0.0545238
0.0544782
0.0558137
0.0544363
0.0554958
0.0542555
0.0542321
0.0539503
0.0552772
0.0534799
0.0552556
0.0541201
0.0539865
0.0538154
0.0540747
0.053882
0.0545376
0.0538024
0.0544646
0.0538876
0.0535442
0.0545413
0.0541501
0.0534925
0.054348
0.0537383
0.0536983
0.0540989
0.0540375
0.0554439
0.0546054
0.0544531
0.053523
0.0543764
0.05391
0.0542699
0.0546926
0.0538971
0.0546514
0.0549881
0.0545048
0.0539115
0.054719
0.0533995
0.0546049
0.0543746
0.053713
0.0555985
0.0560593
0.0546778
0.0560588
0.0555631
0.055094
0.0545956
0.0545528
0.0551389
0.0539445
0.0538284
0.0559024
0.0536511
0.0543387
0.053375
0.0550208
0.054358
0.0541688
0.0557218
0.054069
0.0539169
0.054704
0.0547672
0.0542386
0.0546949
0.0542206
0.0543987
0.0542573
0.0543304
0.0545079
0.05413
0.0552505
0.0547624
0.0567915
0.0571964
0.0574859
0.0580119
0.0557997
0.0570608
0.0544878
0.0548373
0.054025
0.0536121
0.0544971
0.0547268
0.0541366
0.0544893
0.0549228
0.054057
0.0549548
0.054436
0.0544267
0.0547661
0.0545765
0.0539931
0.0536781
0.0550962
0.0536005
0.0542711
0.05535
0.0533237
0.054802
0.0548039
0.053511
0.0553041
0.0539943
0.0539796
0.0537469
0.0536661
0.0596366
0.0538737
0.0549269
0.0561474
0.0545394
0.0536288
0.0536495
0.0543224
0.0544152
0.0550137
0.0541356
0.0549634
0.0542215
0.0544187
0.053349
0.0536282
0.0536079
0.0533981
0.0559716
0.055032
0.0542118
0.0556791
0.0560914
0.0549136
0.0550214
0.0553555
0.0553363
0.0546219
0.0553414
0.0550887
0.0537407
0.0542184
0.0537554
0.0533452
0.0550288
0.0534985
0.0548256
0.0551948
0.0541247
0.0538327
0.0535951
0.0534779
0.0534072
0.0545805
0.0545876
0.0534836
0.0541924
0.0535484
0.0541767
0.053121
0.0536798
0.0540976
0.0541994
0.053892
0.0546453
0.0545367
0.0550131
0.0553508
0.0534792
0.0545508
0.0541965
0.0536268
0.0543657
0.0541389
0.0541271
0.0538855
0.0546514
0.0545128
0.0549852
0.0552112
0.0540993
0.0550329
0.0551572
0.0533096
0.0552685
0.0542531
0.0534687
0.0549892
0.0537784
0.0539898
0.054155
0.0541651
0.0539882
0.055201
0.0544766
0.054105
0.053761
0.0533883
0.054465
0.054129
0.0553493
0.0542555
0.0548469
0.0538666
0.0537458
0.054138
0.0541514
0.0537912
0.0544966
0.053572
0.0540655
0.0535712
0.0536934
0.0543672
0.0550416
0.054473
0.0541154
0.0538912
0.0539116
0.0549359
0.054131
0.0548729
0.0543717
0.0539413
0.0538093
0.0555901
0.0545335
0.0542407
0.0554534
0.0535761
0.0539543
0.0540402
0.0536537
0.0543638
0.0544756
0.0542013
0.0540574
0.0537564
0.05438
0.0546948
0.0555032
0.0535319
0.054364
0.0537143
0.0553087
0.0543477
0.0548998
0.0550037
0.0548471
0.0537956
0.0540416
0.0544214
0.0537978
0.0550902
0.0539991
0.0547589
0.0546824
0.0553236
0.0537921
0.0542176
0.054094
0.0536308
0.0542381
0.0555446
0.0548411
0.0549951
0.055188
0.0537124
0.054684
0.0552659
0.0552128
0.0550766
0.0540677
0.0542798
0.0535363
0.0557928
0.0554256
0.0544367
0.054804
0.0543853
0.0539454
0.0544157
0.0536975
0.0546071
0.0539735
0.054071
0.0537156
0.0545604
0.0538462
0.0539449
0.0534231
0.0546265
0.0547251
0.0544935
0.056387
0.0555018
0.0545404
0.0547363
0.0556224
0.0539634
0.0540998
0.0543853
0.0539781
0.0536568
0.0543859
0.0548872
0.0533317
0.0538971
0.0535603
0.0555643
0.0556953
0.0557995
0.0563706
0.0552897
0.055628
0.0568864
0.0565655
0.0554813
0.0540902
0.0544469
0.0544961
0.0532187
0.0535337
0.0537565
0.053761
0.0542932
0.0535604
0.0532195
0.0539512
0.0551643
0.0539668
0.0548938
0.0537382
0.0533901
0.0537531
0.0528896
0.0538756
0.0539296
0.0535625
0.0542493
0.054601
0.0536558
0.0538303
0.0541809
0.0547167
0.0548278
0.0543827
0.0556585
0.0544588
0.0547265
0.0536316
0.0541202
0.0539632
0.0535965
0.0546792
0.0543623
0.0550253
0.0544904
0.0536886
0.0544958
0.0546976
0.0546251
0.0541943
0.0539675
0.0541479
0.0545082
0.054828
0.0540031
0.0541868
0.0542651
0.054164
0.054414
0.0543775
0.0537992
0.054895
0.0559688
0.0540615
0.0536876
0.0545457
0.0548831
0.0543969
0.0545427
0.0536269
0.0543595
0.0548648
0.0546581
0.0543503
0.0534873
0.0541538
0.0546754
0.0534799
0.0553654
0.0540031
0.053999
0.0543081
0.0551214
0.0538737
0.054061
0.0552636
0.0538957
0.0544738
0.0542711
0.0542886
0.0555868
0.0544535
0.0561259
0.0541194
0.0540665
0.0559014
0.0547879
0.0548759
0.054846
0.0549165
0.0560891
0.0558486
0.0533892
0.0548513
0.053244
0.0539492
0.0534186
0.05499
0.0545227
0.0536511
0.0541813
0.0534716
0.0544805
0.0558907
0.0551628
0.0548297
0.0547336
0.0544917
0.0545081
0.0541302
0.0549665
0.0545648
0.0547848
0.0558337
0.0551926
0.0546638
0.055029
0.0539872
0.0529526
0.0538279
0.0554613
0.0546563
0.0542804
0.0543699
0.0547994
0.05456
0.0546294
0.054922
0.0546067
0.054523
0.0549959
0.0570447
0.0537495
0.0535374
0.0566503
0.0552479
0.0537321
0.053215
0.0537753
0.0535687
0.0534929
0.0550407
0.0545167
0.0575903
0.0561515
0.0552448
0.0560232
0.0549327
0.0555839
0.0549511
0.0556016
0.0566774
0.0541248
0.0544235
0.0537311
0.0555276
0.055452
0.0542667
0.0546452
0.0544865
0.0554529
0.0544617
0.0539314
0.0533425
0.0535717
0.0536062
0.0543865
0.0540424
0.0541904
0.0542461
0.0558098
0.0673821
0.0554404
0.0578577
0.0561775
0.0553606
0.0583909
0.0712954
0.0546024
0.0545135
0.0542274
0.0549336
0.0540974
0.0556715
0.05527
0.0547945
0.0556232
0.0547145
0.0555979
0.0547832
0.0556304
0.0539627
0.0547713
0.0541475
0.0543586
0.0549292
0.0553564
0.0534824
0.0542206
0.0550073
0.0537197
0.055111
0.0545125
0.0543324
0.0551322
0.0557316
0.0545215
0.0542559
0.054113
0.0543164
0.0548207
0.0546732
0.0552572
0.0546117
0.0544172
0.0546076
0.0546208
0.05472
0.0545102
0.0543788
0.0544749
0.0553187
0.055456
0.0551497
0.0561784
0.0549413
0.0545756
0.0541541
0.0543662
0.0546904
0.0541213
0.0542836
0.055144
0.0548709
0.0542811
0.0554981
0.05542
0.0542672
0.0549987
0.0539627
0.0542248
0.0543271
0.0544724
0.0556935
0.0544084
0.0536839
0.0552093
0.0544255
0.0542647
0.0540587
0.0539663
0.0543424
0.0540122
0.055186
0.054904
0.0541746
0.0551786
0.0552082
0.0548559
0.0543165
0.0556143
0.0544444
0.0542642
0.0543157
0.0545793
0.0548146
0.0546228
0.0542348
0.0544397
0.0537567
0.0549316
0.0547245
0.0542128
0.0540771
0.0539945
0.0537186
0.0541355
0.0552015
0.0571917
0.0561955
0.0537079
0.054076
0.0554687
0.0548513
0.0547239
0.0546743
0.0546215
0.0545855
0.0555075
0.0548496
0.0558958
0.0560014
0.0562607
0.0560244
0.0557336
0.0553658
0.0547942
0.0546586
0.0542359
0.0541934
0.0545708
0.05401
0.0535604
0.0553067
0.0538671
0.0541697
0.0542217
0.0537468
0.0538725
0.0537741
0.0545102
0.0540873
0.0544452
0.0535647
0.0532399
0.0543378
0.0538638
0.0547304
0.0536918
0.0535587
0.0547699
0.0551328
0.0539992
0.0550224
0.0542651
0.054804
0.0545618
0.0541377
0.0538295
0.0543927
0.0550617
0.0543801
0.055055
0.0542127
0.0536076
0.0542073
0.0552068
0.0543624
0.0544861
0.0538658
0.0542366
0.055536
0.0542464
0.0543799
0.0554551
0.0544543
0.0538111
0.0542567
0.0540515
0.0552197
0.0539677
0.0541183
0.05382
0.0544687
0.0546692
0.0544835
0.0539779
0.0536466
0.0545258
0.0551126
0.054448
0.0536411
0.0546477
0.0540685
0.0551629
0.0535763
0.0552121
0.055173
0.0551914
0.0537415
0.0550169
0.0540094
0.0535648
0.0546137
0.0547626
0.053388
0.0548462
0.0547602
0.0545416
0.0550596
0.0548675
0.0543552
0.0542704
0.0542273
0.0566524
0.0554565
0.0542969
0.0532396
0.0544423
0.0538963
0.0539542
0.0547782
0.0548794
0.0539145
0.0551104
0.0542632
0.0534352
0.0543052
0.0556115
0.0547955
0.0549187
0.0540636
0.0555675
0.0556041
0.0547348
0.0537559
0.0545861
0.0542774
0.0539842
0.0547686
0.054552
0.0543041
0.0569002
0.0539344
0.0537151
0.0549784
0.0566782
0.0552663
0.056491
0.0547075
0.0549119
0.0570071
0.0560339
0.0552654
0.0536337
0.0544178
0.0550197
0.0552063
0.0553458
0.053782
0.0560597
0.0547463
0.0534024
0.0537149
0.0542017
0.0546013
0.0538582
0.0534542
0.0543508
0.0549131
0.0544772
0.0539037
0.0554704
0.0549823
0.0542238
0.0552228
0.0543655
0.0538067
0.0542376
0.0545532
0.0543341
0.0549026
0.0542242
0.0544469
0.0550765
0.0547528
0.0546943
0.0551362
0.0542186
0.0541435
0.0547452
0.0545459
0.0537241
0.0560203
0.0551827
0.0553365
0.055312
0.0541029
0.0537141
0.0542002
0.0537333
0.0542306
0.055996
0.0558943
0.0558209
0.0546498
0.0543177
0.0543355
0.0541381
0.0545834
0.0539642
0.0547689
0.0548568
0.0545702
0.0551041
0.0550678
0.0543849
0.0543422
0.0545575
0.054165
0.0556498
0.0534662
0.0541718
0.0547825
0.0539814
0.0540543
0.0538624
0.0543591
0.0545259
0.0544414
0.0535214
0.0537404
0.0543979
0.0539432
0.0551295
0.0542839
0.0537617
0.0542357
0.0549446
0.0557124
0.0558283
0.0554186
0.0548298
0.0539394
0.0543332
0.0538963
0.0554349
0.0556182
0.0534022
0.0548049
0.0539379
0.0547545
0.0548825
0.0553285
0.0553034
0.0542608
0.0545107
0.0544316
0.0545162
0.0601483
0.0544134
0.0544711
0.0553583
0.055092
0.0548866
0.0545168
0.0545983
0.0610377
0.0578006
0.058059
0.0583421
0.0580077
0.0558757
0.0564184
0.0565494
0.0565476
0.0570872
0.0554067
0.0543448
0.0544986
0.0545174
0.0543978
0.0545623
0.0549277
0.0539865
0.0550895
0.0549275
0.0541502
0.0548123
0.0561869
0.0541722
0.0550992
0.0545611
0.054473
0.0543043
0.0540926
0.0543597
0.0537246
0.0555715
0.0538441
0.0544504
0.0543196
0.0535706
0.0555839
0.0546388
0.05327
0.0554882
0.0547843
0.0531009
0.0538589
0.0554472
0.054264
0.0559797
0.0544487
0.0557842
0.056262
0.0544914
0.0531281
0.0557479
0.0544211
0.052823
0.0540314
0.0534553
0.0535977
0.0538511
0.0541869
0.0530912
0.0542084
0.0548074
0.0555819
0.0547317
0.0545818
0.0542559
0.054163
0.0534186
0.0538303
0.0548749
0.0542281
0.0549134
0.0543261
0.0533967
0.0541968
0.0559595
0.0534973
0.054505
0.0554903
0.054613
0.0548028
0.055068
0.0550215
0.0574076
0.0537255
0.0554932
0.0541844
0.0566009
0.0570799
0.0550761
0.0555027
0.0544178
0.0541631
0.0543137
0.0547799
0.0540952
0.0549583
0.0543432
0.0545109
0.054983
0.0549365
0.0541962
0.0549362
0.0548226
0.0541263
0.0549934
0.0542726
0.0539576
0.0549281
0.0548502
0.0541826
0.0552137
0.0554477
0.0535289
0.0533613
0.0541491
0.0545062
0.0546117
0.053662
0.0538375
0.0539595
0.0532274
0.0543984
0.0540273
0.0539788
0.0550626
0.0538383
0.0536966
0.054184
0.0569754
0.0534588
0.0540876
0.0565181
0.0553854
0.0554628
0.0543536
0.0540463
0.0540567
0.0545173
0.0547131
0.055411
0.0550926
0.054637
0.055489
0.0547514
0.0546676
0.0552042
0.0540498
0.0541861
0.0548901
0.0555656
0.0548466
0.0557368
0.0546508
0.0543075
0.0542075
0.0537082
0.0535457
0.0542585
0.0542265
0.0531773
0.0535927
0.0541163
0.0535305
0.0566495
0.0535933
0.0555828
0.0561212
0.0542951
0.0549074
0.0553119
0.05392
0.053795
0.0548752
0.0551327
0.0538066
0.054059
0.0549307
0.055786
0.0557467
0.0552201
0.0546439
0.0547919
0.05461
0.0530382
0.0540494
0.0548796
0.0542269
0.0551317
0.0556634
0.0543598
0.0547776
0.0541253
0.0534088
0.0539945
0.0539815
0.054239
0.0538214
0.0532202
0.0543258
0.0536754
0.0544087
0.0542458
0.0536746
0.0533493
0.0552039
0.0547405
0.0607401
0.0575507
0.0543627
0.0543218
0.054291
0.0547399
0.0543764
0.0546995
0.0545777
0.0534564
0.0537711
0.0551456
0.0536915
0.0546715
0.0545894
0.0539711
0.0557139
0.0640624
0.0606036
0.0551583
0.0670333
0.0617411
0.0542994
0.0543319
0.0551566
0.0549761
0.0563176
0.05376
0.0540675
0.0544458
0.0553625
0.0540403
0.0542953
0.0545185
0.0543522
0.0567472
0.0544903
0.0540465
0.0543906
0.0542483
0.0534907
0.0541305
0.0537677
0.0545917
0.053643
0.0533048
0.0542375
0.0546421
0.0542892
0.0539937
0.0542597
0.0544609
0.0538306
0.0541725
0.0537982
0.0548411
0.0542477
0.0543608
0.0542646
0.0550653
0.053746
0.0554582
0.0548776
0.0543571
0.0547659
0.0543437
0.0539976
0.0549464
0.0538832
0.0549679
0.0538511
0.0537563
0.0560938
0.0548703
0.0531521
0.0538609
0.054376
0.0535194
0.0540769
0.0544194
0.055338
0.0572258
0.0560366
0.0547727
0.0540655
0.0554943
0.05528
0.0535901
0.054643
0.0540317
0.0555494
0.0552685
0.0560343
0.0542303
0.054202
0.0547481
0.0535217
0.0546219
0.0551913
0.0533659
0.0543618
0.0539936
0.0538476
0.054227
0.0530998
0.0535389
0.055098
0.0536557
0.0547195
0.0540454
0.0542111
0.0542553
0.05391
0.05388
0.0538441
0.0545817
0.0535064
0.0544273
0.0534747
0.0539569
0.0542913
0.0535545
0.0544339
0.0537381
0.0536806
0.0544198
0.0550699
0.0540433
0.0552997
0.0549217
0.053718
0.0546017
0.0592864
0.0544464
0.0549278
0.0544614
0.0537045
0.0544505
0.0554729
0.0547678
0.0555336
0.0574811
0.0551668
0.0539825
0.0550049
0.053973
0.0534408
0.0544794
0.0542446
0.0550649
0.0544772
0.0544605
0.0537054
0.0541414
0.0544131
0.0543256
0.0539732
0.0540291
0.0539492
0.0544964
0.0549943
0.0543879
0.0542148
0.0536494
0.0543762
0.0557339
0.0547298
0.0549288
0.0548015
0.0540218
0.0542235
0.0547112
0.0542024
0.054357
0.0550984
0.054513
0.0547884
0.0542392
0.0545905
0.0557928
0.0551018
0.0546304
0.0543881
0.0540313
0.055301
0.0550674
0.0537288
0.0537566
0.0539208
0.0550431
0.0536597
0.0544001
0.0544378
0.0541533
0.0541795
0.0539526
0.0551918
0.0542282
0.0536128
0.0538784
0.0570996
0.0567379
0.0567756
0.0561404
0.0551513
0.0544253
0.0546411
0.0560041
0.0551951
0.0556148
0.0547428
0.0535323
0.0541125
0.0554701
0.0545728
0.0553216
0.0550077
0.0534477
0.0541533
0.0532237
0.053819
0.0547883
0.0541112
0.0535918
0.0541168
0.0547219
0.0534319
0.0540846
0.0539426
0.0547423
0.0549999
0.0534224
0.0550616
0.0545403
0.0544286
0.0541614
0.054606
0.0532505
0.0543547
0.0562317
0.0536909
0.0551973
0.0555074
0.0555592
0.0540518
0.0562551
0.0543583
0.0531728
0.0543917
0.0544355
0.0551457
0.0545342
0.0564
0.0544288
0.0546152
0.0547213
0.0537444
0.0564046
0.0538836
0.0542791
0.0553213
0.0551283
0.0535487
0.0535208
0.0534928
0.0540507
0.0545921
0.0537922
0.0541873
0.0546637
0.0540127
0.0558497
0.0545565
0.0540269
0.0547702
0.0548391
0.0540267
0.0549489
0.0553873
0.0560536
0.0547552
0.0552078
0.0528232
0.0565331
0.0561915
0.0551885
0.0554753
0.0550233
0.0555602
0.0548587
0.0566985
0.0536954
0.0531498
0.0544359
0.0540073
0.0529958
0.054991
0.0557562
0.0554797
0.0554759
0.0555706
0.0555218
0.0564965
0.0576108
0.0563429
0.0551001
0.0558881
0.054701
0.0535417
0.055036
0.0553769
0.0541981
0.054904
0.0533964
0.0532505
0.0540578
0.0539865
0.0538578
0.0539407
0.0535845
0.0543785
0.0542716
0.0538312
0.0538169
0.0544111
0.0535463
0.0542979
0.0546826
0.0536181
0.0546654
0.0546839
0.0545724
0.0545196
0.0548518
0.0538753
0.0546337
0.0540613
0.0545233
0.0542549
0.0553586
0.0543418
0.0541044
0.0549095
0.0554552
0.0544406
0.0548608
0.0540161
0.0556557
0.0547545
0.0543337
0.0548885
0.0554546
0.0535589
0.0551182
0.0538811
0.0548558
0.0540715
0.0545434
0.0536697
0.0551118
0.0545243
0.0554657
0.0585659
0.0547765
0.0537917
0.0540668
0.0548632
0.0542222
0.0542657
0.0541687
0.0542142
0.0551717
0.0535564
0.0547429
0.0548684
0.0561911
0.0544869
0.054862
0.0579611
0.0548501
0.0563011
0.0547864
0.0539843
0.0553205
0.0551063
0.0536188
0.0538828
0.0542049
0.0544271
0.054184
0.0541216
0.0540314
0.0562973
0.0544454
0.0552917
0.0546386
0.0554379
0.0541195
0.0551474
0.0541848
0.054377
0.0538978
0.0554531
0.0545102
0.054156
0.0549383
0.0533749
0.054306
0.0529624
0.0542567
0.0541761
0.0547655
0.0543886
0.0555151
0.0545523
0.0549507
0.0557181
0.0541143
0.0537881
0.0575334
0.0543499
0.0554227
0.0549116
0.0573537
0.0544604
0.0549106
0.0553052
0.0535216
0.053924
0.0544916
0.0566477
0.0567294
0.05751
0.0557279
0.0541122
0.0548091
0.0543465
0.0543357
0.0543208
0.0548767
0.0552574
0.0549734
0.0537183
0.0534962
0.0547337
0.0539272
0.0538878
0.0542413
0.0533856
0.0535283
0.0555702
0.0542897
0.0538495
0.0557082
0.0551474
0.055749
0.0555217
0.0560064
0.0547118
0.0546468
0.0537503
0.0538854
0.0547623
0.0531822
0.0553783
0.0552679
0.0544469
0.0536455
0.0551214
0.0550031
0.054497
0.0551276
0.0545265
0.0544741
0.0550669
0.0543688
0.054546
0.0540405
0.0546003
0.0554651
0.0550762
0.054831
0.0544305
0.0533755
0.0538222
0.054101
0.0546193
0.0538855
0.0539432
0.0547488
0.0530609
0.0539264
0.053583
0.0539487
0.0534501
0.0529654
0.0540204
0.0547832
0.0545957
0.0534945
0.0558292
0.0546981
0.0550294
0.055924
0.0548211
0.0549395
0.0550628
0.0548868
0.054619
0.0560353
0.0543654
0.054571
0.0550497
0.0535864
0.0536172
0.0537614
0.0530799
0.0534387
0.0542628
0.0538772
0.0553079
0.0542056
0.0538196
0.0541229
0.0545952
0.0545136
0.0601994
0.0655182
0.0540808
0.0536316
0.0545232
0.0543515
0.0536686
0.0542631
0.0546916
0.0538095
0.0541102
0.054754
0.0543376
0.0547495
0.0549309
0.0559884
0.0549885
0.0545403
0.0538316
0.0543739
0.0548057
0.0533688
0.0545241
0.0549836
0.0540197
0.0548386
0.0546806
0.0560475
0.055267
0.0549911
0.0553676
0.0557483
0.0552712
0.0539551
0.0540471
0.0539241
0.0551666
0.0547136
0.0546244
0.0551183
0.0542012
0.054401
0.0546084
0.0546056
0.0545072
0.0536605
0.0540653
0.0546589
0.0542486
0.0543902
0.0543679
0.0544775
0.0557774
0.0561601
0.0555708
0.0542184
0.0548621
0.0548514
0.0550891
0.0564312
0.0550096
0.0566745
0.0542801
0.0534969
0.055018
0.0545972
0.0567196
0.0551811
0.0547032
0.0547244
0.0536857
0.0543614
0.0542857
0.0539682
0.0556096
0.0555094
0.0545336
0.0551211
0.0536254
0.0543126
0.0546048
0.0543919
0.0563565
0.0568814
0.05443
0.0551516
0.0554258
0.0551121
0.0535214
0.0543312
0.0548282
0.0541893
0.0552349
0.0547848
0.0549913
0.0545357
0.0587909
0.0563287
0.0546312
0.0549723
0.0539201
0.0544816
0.054441
0.0548034
0.0546872
0.0545851
0.0541866
0.0542802
0.0551872
0.0545337
0.0542329
0.0544442
0.0542157
0.055437
0.0541878
0.0539004
0.0548405
0.0558385
0.0538916
0.0540517
0.0546745
0.0534947
0.0551003
0.0545027
0.0538554
0.0544865
0.0543095
0.0538061
0.0537667
0.0553534
0.0541816
0.0541228
0.0549214
0.0535479
0.0548643
0.0538959
0.0549052
0.0542424
0.0539905
0.05466
0.0573579
0.054249
0.0544643
0.0545052
0.0544024
0.054602
0.0546396
0.0540425
0.0558513
0.0548875
0.0543639
0.0548269
0.0561985
0.0541895
0.0554488
0.0550177
0.0542813
0.0542265
0.0551896
0.0552153
0.0546661
0.0544176
0.055017
0.0535731
0.0534898
0.0549108
0.0578689
0.0596418
0.05704
0.0562505
0.0580293
0.0551918
0.0583092
0.0535967
0.0547655
0.0552785
0.0540123
0.0550061
0.0550201
0.0577674
0.0575525
0.0606623
0.0576895
0.0582931
0.0605346
0.0567487
0.0571671
0.06292
0.055366
0.0572374
0.0573967
0.0583201
0.059948
0.0579332
0.0581337
0.0607427
0.0600558
0.0613164
0.057047
0.0581544
0.0559813
0.0589953
0.0582868
0.0563774
0.0556381
0.0589251
0.0600462
0.056867
0.0615583
0.0601218
0.0553538
0.0586914
0.0573461
0.0609199
0.0560033
0.0578019
0.0568863
0.0568036
0.059547
0.0557363
0.0615839
0.0608474
0.0559737
0.0569022
0.0573493
0.0585729
0.061192
0.0578477
0.0560262
0.0641824
0.0628732
0.060189
0.0575864
0.0601794
0.0634093
0.0588207
0.0585938
0.0564586
0.060185
0.0593899
0.0558866
0.056909
0.0563312
0.0592693
0.0623224
0.0565729
0.0577473
0.054884
0.0594961
0.0563641
0.06189
0.0585296
0.0597843
0.0978186
0.0985555
0.0575231
0.0555004
0.0588111
0.0589855
0.0604653
0.0579726
0.0574114
0.0616683
0.0628188
0.0604421
0.0592699
0.055483
0.0553723
0.0568565
0.0573112
0.0557473
0.0590924
0.0575046
0.0579973
0.060822
0.0605189
0.059255
0.0587623
0.0616185
0.0605378
0.0597419
0.0570559
0.0639275
0.0600974
0.0570123
0.058059
0.0579546
0.0586233
0.0600774
0.0572406
0.0558825
0.0591816
0.0615472
0.062513
0.0583941
0.0577229
0.0569942
0.0605232
0.0606518
0.0578709
0.0578293
0.0600281
0.0606587
0.0607811
0.0580447
0.0594166
0.0575781
0.0549291
0.0628717
0.06021
0.0584723
0.0593951
0.0632541
0.060611
0.0608697
0.0617217
0.0662923
0.0608924
0.059843
0.0586811
0.063672
0.0642154
0.0588214
0.0691503
0.0635346
0.0569176
0.0618794
0.064594
0.0688732
0.0625662
0.0659543
0.0683785
0.0613558
0.0589937
0.0651411
0.0628742
0.063031
0.0738877
0.0639495
0.0624936
0.0701653
0.0642057
0.0621912
0.0719135
0.0613018
0.0658371
0.0706746
0.0609464
0.063386
0.0705455
0.0623836
0.0629549
0.0717665
0.0632773
0.0638851
0.0708677
0.063631
0.0648969
0.0703149
0.0633247
0.0667866
0.0675732
0.0634808
0.067867
0.0684327
0.0634577
0.0699309
0.0649989
0.0625315
0.0705438
0.0631466
0.0610822
0.0674491
0.0636941
0.0623472
0.0648353
0.0639528
0.0575662
0.0574744
0.0605644
0.0609222
0.0599899
0.059012
0.0591196
0.0600814
0.06585
0.0573629
0.0579091
0.0591043
0.0622274
0.0625148
0.0582086
0.0600521
0.0639686
0.0594868
0.0568995
0.057659
0.0572528
0.0576793
0.0582945
0.0582286
0.0559518
0.0569521
0.0621135
0.0613105
0.0650333
0.0609693
0.0619156
0.0615239
0.0590506
0.0589757
0.0585192
0.0583533
0.0574587
0.0606908
0.0586743
0.0607409
0.061591
0.0621992
0.0603199
0.0605922
0.0616485
0.0645545
0.0598236
0.0576073
0.0575821
0.0576447
0.0583893
0.0572222
0.0572292
0.0579125
0.0605637
0.0611014
0.0588495
0.0590255
0.060781
0.0586144
0.0590762
0.0585366
0.0569334
0.0598945
0.0605146
0.0632777
0.0628968
0.0629761
0.0650271
0.0617623
0.0654085
0.0694539
0.0639717
0.0664626
0.0746927
0.0650288
0.0630438
0.0665827
0.0615788
0.0631
0.0603049
0.0601098
0.0608589
0.0602369
0.0582399
0.0634555
0.0609741
0.059942
0.0585617
0.0713407
0.0660037
0.0591397
0.0689352
0.0613807
0.0619999
0.0669141
0.0636162
0.0626502
0.0618148
0.064463
0.061626
0.0606113
0.0695886
0.061747
0.0610982
0.0629988
0.0646267
0.060715
0.0597285
0.0669813
0.0653194
0.0629761
0.0653259
0.06776
0.0638557
0.0661806
0.068311
0.0631247
0.0688626
0.0660893
0.0628996
0.0707469
0.0696125
0.067992
0.0704607
0.0626482
0.0690274
0.0677624
0.0646766
0.0713712
0.0634481
0.0639985
0.072669
0.0776417
0.0732043
0.0646089
0.0685322
0.0660042
0.062881
0.0669753
0.0669588
0.0619027
0.0643035
0.0650656
0.0614456
0.0613229
0.0683306
0.0608433
0.0595553
0.0676227
0.0655937
0.0641259
0.0628389
0.0676629
0.0612561
0.0645139
0.0707744
0.0641651
0.0640339
0.0688378
0.0619216
0.0560934
0.0689323
0.0630439
0.0639305
0.0681781
0.0652068
0.0628511
0.0585987
0.0695745
0.058466
0.0629631
0.0687848
0.0633937
0.0590739
0.0657659
0.0645012
0.0611428
0.0634752
0.069205
0.0627449
0.06207
0.0650224
0.0643246
0.0607843
0.0621881
0.0696758
0.059865
0.062499
0.0685028
0.0634552
0.0601795
0.0568891
0.0584142
0.0671712
0.0630055
0.0646219
0.0671266
0.0626291
0.0588739
0.0688641
0.0577797
0.0597291
0.0650482
0.063147
0.0623445
0.0617717
0.0651919
0.0628085
0.0641359
0.0644028
0.0671393
0.0621914
0.0611785
0.0687571
0.0619074
0.0621291
0.0658454
0.0638436
0.0612907
0.0633558
0.0673118
0.0630958
0.0647497
0.0675477
0.0642972
0.0618165
0.0679357
0.0618545
0.055865
0.0644336
0.0611224
0.0621712
0.0575352
0.0633418
0.0557546
0.0536913
0.0546136
0.0545944
0.0600187
0.0624669
0.0650532
0.0632636
0.0618088
0.0648127
0.065364
0.0553582
0.0631772
0.0655587
0.0666835
0.0615739
0.0567273
0.0678345
0.0617499
0.0611257
0.0582266
0.0651335
0.0543029
0.0539763
0.0621634
0.0672817
0.0623503
0.0558181
0.0610761
0.0661382
0.0659384
0.0594955
0.0618928
0.0635595
0.0626511
0.0601611
0.0548556
0.0584549
0.0666546
0.0590141
0.0630927
0.0675064
0.0643895
0.0585003
0.0641664
0.0638593
0.0617167
0.0592164
0.0644983
0.0624049
0.0619064
0.0617109
0.0697568
0.0623524
0.0592099
0.0697877
0.0610639
0.0614289
0.064142
0.0651715
0.0616026
0.0562761
0.0537594
0.0550572
0.0578231
0.0610913
0.0630757
0.0572079
0.0558218
0.0545734
0.0560521
0.0575121
0.0594443
0.0624282
0.0609878
0.0605399
0.0557902
0.0565442
0.0563287
0.0555446
0.0563473
0.0690392
0.0645298
0.0679556
0.0649037
0.0582066
0.0555155
0.0576075
0.0617427
0.0614499
0.0589013
0.0622251
0.0599321
0.0552431
0.0562131
0.0586533
0.0566514
0.058011
0.0560228
0.0570592
0.055898
0.0562621
0.0556
0.0587656
0.0564551
0.0573527
0.061191
0.0583125
0.0576057
0.0550303
0.05792
0.0578421
0.0574816
0.0555608
0.0594775
0.0562518
0.0594431
0.0550247
0.0582781
0.0551108
0.0582456
0.0569165
0.0591076
0.0577666
0.0596234
0.0551624
0.057738
0.0579035
0.0639087
0.0584026
0.0571895
0.0587588
0.0554462
0.0597231
0.0577458
0.053841
0.0536053
0.0550305
0.0540598
0.0540149
0.0550269
0.0548745
0.0547694
0.0541645
0.0541205
0.0541355
0.0536323
0.0541483
0.0536234
0.0543844
0.0547838
0.0565265
0.0539924
0.0543316
0.0539372
0.0548207
0.0547266
0.0537
0.0562787
0.0551023
0.055082
0.0540653
0.0550894
0.0540525
0.054142
0.0549235
0.0537586
0.0543471
0.0540823
0.054063
0.0547177
0.0543326
0.0535635
0.0547916
0.054004
0.0536231
0.0546558
0.0551277
0.054522
0.0538093
0.0541495
0.0545045
0.0538582
0.0550975
0.0536265
0.0539078
0.0537104
0.0536787
0.0539924
0.0538437
0.0542714
0.0539398
0.0546684
0.0541922
0.0540916
0.053913
0.0543765
0.0553813
0.0540327
0.0542334
0.0543772
0.0533435
0.0537669
0.0534795
0.0539858
0.0542443
0.0535271
0.0533121
0.0537676
0.0535762
0.0537498
0.0548666
0.0536249
0.0540314
0.0539058
0.0533487
0.0551827
0.0537826
0.0533594
0.054285
0.0530362
0.0542884
0.0538607
0.0533535
0.0543351
0.0540795
0.0542962
0.0577486
0.0619218
0.0579494
0.0560335
0.0586021
0.0579037
0.0560021
0.0558677
0.0558886
0.0565842
0.0545889
0.0550462
0.053951
0.0550803
0.0555826
0.0552303
0.0563305
0.0545918
0.0563265
0.0550636
0.0544989
0.0560346
0.0553161
0.0591442
0.0542919
0.0549103
0.0559137
0.0549704
0.0552461
0.0550339
0.0547359
0.0556454
0.0559273
0.0540351
0.0551567
0.0550995
0.0546744
0.0550351
0.0545031
0.0559288
0.0542217
0.0545143
0.0545483
0.0540071
0.0545603
0.0545439
0.0548569
0.0542145
0.0537619
0.0554412
0.0544759
0.054574
0.0544478
0.0542059
0.0534735
0.05428
0.0544368
0.0538041
0.0555044
0.0549896
0.0530954
0.0566124
0.0555498
0.0582923
0.0551407
0.0563277
0.0544398
0.0547989
0.056658
0.0544239
0.0547583
0.0545625
0.0541792
0.053911
0.0545218
0.0545483
0.0539314
0.0544856
0.0532584
0.0547589
0.0539705
0.053776
0.054788
0.0549979
0.05424
0.0545063
0.0545733
0.0563676
0.0559875
0.054301
0.0543182
0.0542503
0.0556703
0.0555672
0.0561142
0.0555213
0.0547016
0.0553124
0.0559789
0.0548869
0.0537663
0.0539839
0.0556406
0.0544048
0.0541545
0.0535626
0.0536012
0.0539991
0.0544746
0.053874
0.0556024
0.0550789
0.0557102
0.0570669
0.0557331
0.0566994
0.0556595
0.055233
0.0537942
0.0547468
0.0554635
0.0535584
0.0556564
0.0572902
0.053203
0.0544666
0.0557456
0.0547358
0.054243
0.0544015
0.0535768
0.0543427
0.0546923
0.0542167
0.0538635
0.0537775
0.0537614
0.0542287
0.0537217
0.0552007
0.0542589
0.0552464
0.0552562
0.0555861
0.0544472
0.0540697
0.0549007
0.0546321
0.0540518
0.054179
0.053999
0.0536981
0.0553168
0.0635843
0.0546818
0.0535607
0.0546221
0.0542019
0.0544294
0.0543374
0.0540232
0.0543556
0.0542879
0.0539699
0.0551589
0.0550899
0.0615599
0.0548555
0.0550946
0.0541053
0.0543288
0.0540113
0.0545627
0.0535735
0.0537859
0.0533854
0.0547251
0.0557932
0.0535161
0.0545622
0.0544135
0.0535915
0.0548595
0.0541726
0.0572472
0.0536624
0.0536366
0.0533321
0.0539091
0.0535963
0.0538507
0.0534105
0.0548787
0.0538026
0.0542224
0.0544877
0.0541566
0.0539663
0.0544581
0.0535537
0.0549083
0.0542336
0.0538767
0.0544494
0.0542826
0.0540175
0.0540515
0.0549847
0.0565431
0.0611367
0.0774775
0.0833132
0.0566126
0.057864
0.058931
0.0604184
0.0588363
0.0603915
0.0586407
0.0562139
0.0651975
0.0752234
0.0806699
0.0623431
0.0762324
0.074429
0.0796418
0.0679233
0.0607196
0.0625378
0.0557155
0.0568888
0.0705336
0.0643222
0.0594829
0.0649955
0.0658747
0.0615996
0.0587847
0.0560356
0.064248
0.0661994
0.0622986
0.0624685
0.0647568
0.0633121
0.0625113
0.0698182
0.0674298
0.0639834
0.0612769
0.0596492
0.0630541
0.0645385
0.0702488
0.071602
0.0617287
0.0614502
0.0580361
0.0633397
0.0648442
0.0660354
0.0616804
0.0660987
0.067513
0.0624297
0.0633445
0.0619336
0.0630966
0.0637968
0.0725153
0.0612533
0.0633636
0.0703343
0.0605264
0.0589783
0.0675803
0.0607501
0.0594954
0.0605637
0.0630433
0.0609946
0.0588966
0.057259
0.0568252
0.0653371
0.0628111
0.0626344
0.0643664
0.0685797
0.0608752
0.060614
0.0652826
0.0615748
0.0620124
0.0590513
0.0705732
0.0587809
0.0636487
0.0593218
0.065256
0.059566
0.0597796
0.0660098
0.0620032
0.0560277
0.0574231
0.0562096
0.053893
0.0550504
0.0554217
0.0551407
0.0538331
0.054451
0.0551377
0.0570267
0.0585007
0.0589165
0.0549434
0.0544427
0.0541613
0.0584599
0.0536211
0.0552569
0.0544556
0.055509
0.0544438
0.0549622
0.0553047
0.0536659
0.0544206
0.0544585
0.0545736
0.0560434
0.0535598
0.0539273
0.058469
0.0544415
0.0537565
0.0542292
0.0567859
0.0552098
0.0617482
0.0598055
0.0640674
0.0673957
0.0703444
0.0554875
0.0548881
0.0566356
0.0562072
0.057047
0.0559161
0.0551478
0.0548129
0.0545747
0.0548523
0.0562715
0.0540152
0.0564652
0.0587571
0.0549004
0.0555666
0.0568373
0.055799
0.0560943
0.0573153
0.0554425
0.0566678
0.0542185
0.0561481
0.0553708
0.0557363
0.0556594
0.062786
0.0637704
0.0663014
0.0690559
0.063776
0.0663965
0.0622532
0.0599646
0.0615634
0.0664246
0.0611258
0.0571757
0.059028
0.0562096
0.0589136
0.0591232
0.0568754
0.0568572
0.0572821
0.0593937
0.0573857
0.0587133
0.0579546
0.0583806
0.0596766
0.059018
0.056153
0.059074
0.0589807
0.0582398
0.0606166
0.059195
0.0563518
0.0551847
0.0590286
0.0654127
0.0651158
0.0572862
0.0584924
0.0602337
0.0608035
0.0599451
0.0583482
0.0589072
0.0595718
0.0598866
0.0602482
0.0574264
0.0577384
0.0660708
0.062804
0.0548397
0.0576677
0.0559006
0.0608502
0.0615667
0.0576079
0.0586111
0.0584691
0.061872
0.0621096
0.0615903
0.0645453
0.0581413
0.0566713
0.0567156
0.0588667
0.0571122
0.0572231
0.0553338
0.0557096
0.0580481
0.0563651
0.0560696
0.0554746
0.0549331
0.057632
0.0575096
0.0545058
0.0540572
0.0542872
0.0544252
0.0565543
0.0602664
0.0557284
0.0561749
0.0551559
0.0546191
0.056037
0.0563246
0.0560177
0.0551519
0.0557667
0.0606288
0.0609775
0.0619282
0.064154
0.0589399
0.0567658
0.0593698
0.0607541
0.0582229
0.0564121
0.0584599
0.0563373
0.058025
0.0594845
0.0555782
0.0561222
0.0576303
0.05537
0.057092
0.0602633
0.0602744
0.0557275
0.055959
0.0591779
0.0614474
0.0600557
0.0586245
0.0580444
0.0568956
0.0549734
0.057297
0.0564251
0.0562185
0.0579491
0.0576356
0.0591498
0.0573668
0.0588915
0.0552409
0.0555169
0.0550325
0.0552984
0.054331
0.0554177
0.0580294
0.0549399
0.0569838
0.0565365
0.0570766
0.0563726
0.0695728
0.0622199
0.0666822
0.0663229
0.0600979
0.0600602
0.0571901
0.0604659
0.058826
0.0600364
0.0610417
0.0587528
0.0604354
0.0575803
0.0561712
0.0553333
0.0582629
0.0603925
0.0551121
0.0590135
0.0636131
0.0558948
0.0554012
0.0569196
0.0656027
0.0597804
0.0608877
0.0610104
0.055569
0.0555002
0.0568539
0.0626987
0.057943
0.0559275
0.0578831
0.0549068
0.0560009
0.0596199
0.060231
0.0549112
0.0558681
0.0549804
0.055392
0.0553739
0.0554456
0.0550378
0.0574967
0.0587318
0.0573909
0.059082
0.0559613
0.0577961
0.0538469
0.0551048
0.0563055
0.0552369
0.054776
0.0550491
0.0555745
0.0554712
0.0554225
0.055068
0.0539111
0.0536063
0.0553432
0.0552555
0.0536574
0.0545895
0.0547445
0.05359
0.0546567
0.0545136
0.0580408
0.0616816
0.0568459
0.0640773
0.0671235
0.0641421
0.061824
0.0571929
0.0567654
0.0575224
0.0594577
0.0619551
0.0566732
0.0544887
0.0555603
0.0572727
0.0557686
0.0591461
0.0596162
0.0555351
0.0537429
0.0554641
0.0602497
0.0558429
0.0562434
0.0591198
0.0624261
0.0566171
0.0564024
0.0593802
0.0585545
0.0549508
0.0540995
0.0549054
0.0548302
0.0546611
0.0559996
0.0555503
0.0541918
0.0562675
0.0545954
0.0547159
0.0550287
0.0549172
0.055108
0.0546952
0.0552891
0.0560788
0.0551705
0.0546389
0.0552955
0.0549035
0.0563493
0.0554092
0.0586618
0.0560947
0.0580136
0.0554367
0.055589
0.0549389
0.0567443
0.0551255
0.0576908
0.0588037
0.0590924
0.057924
0.0576662
0.0595726
0.0576557
0.0573027
0.0577906
0.0565191
0.0551525
0.0550603
0.0548803
0.056751
0.0545974
0.0559856
0.0603146
0.0586219
0.0550371
0.0544141
0.0547706
0.0550507
0.0553804
0.0566031
0.0566307
0.056172
0.0615304
0.0563698
0.0555245
0.0537155
0.0539928
0.0555734
0.0553462
0.0561671
0.0549861
0.0538119
0.0593776
0.0586153
0.0595967
0.0558328
0.0557883
0.0561154
0.0577863
0.0563099
0.0551808
0.0576042
0.0608305
0.0546638
0.0548332
0.0546867
0.0557177
0.0554888
0.0578785
0.0558285
0.0547872
0.0549541
0.0549549
0.0556193
0.0554176
0.0554085
0.0548956
0.0564055
0.0563902
0.0551056
0.0559546
0.0583497
0.0601384
0.059486
0.0621739
0.0598597
0.0585679
0.0575631
0.0563466
0.0548775
0.055298
0.0561042
0.0574877
0.0561394
0.0551907
0.0550573
0.0564448
0.0562857
0.0537456
0.0548566
0.0548399
0.0548293
0.0564329
0.0556195
0.0567112
0.0565965
0.0556712
0.0551668
0.0545771
0.0557716
0.0571785
0.0558307
0.055038
0.0554367
0.054153
0.0539023
0.0540252
0.0538238
0.0540828
0.0540865
0.0538337
0.0546303
0.0541104
0.0552548
0.0577799
0.0554949
0.0568094
0.0547784
0.0576189
0.0567134
0.0579334
0.058978
0.0568111
0.0551877
0.0552052
0.0557461
0.0552339
0.0556452
0.05533
0.0547882
0.0547375
0.0548067
0.0565348
0.0559441
0.0546922
0.0545948
0.0565019
0.0550188
0.0549082
0.0554331
0.0545409
0.0562494
0.0553536
0.0565797
0.0669969
0.0716395
0.0605021
0.0581607
0.0588579
0.0618578
0.0601931
0.0635694
0.0576391
0.0598998
0.0634141
0.0628836
0.0620886
0.0595446
0.0563413
0.0564754
0.055795
0.0601248
0.0575178
0.059115
0.0564958
0.0567355
0.055165
0.0559663
0.0643375
0.0601603
0.0567259
0.0549709
0.0559142
0.0548884
0.0553287
0.0562283
0.0541295
0.0545757
0.0547885
0.0556672
0.0555943
0.0558759
0.0560244
0.0605713
0.0536171
0.0542399
0.054787
0.0555266
0.0553662
0.0545244
0.0536037
0.0555884
0.0540664
0.0536814
0.0548727
0.0555334
0.0557396
0.0548262
0.0552083
0.0555361
0.0542463
0.0559412
0.0561832
0.0545542
0.0551793
0.0535375
0.0533322
0.0538104
0.0538069
0.0540835
0.0542918
0.0538386
0.0541274
0.055242
0.0552444
0.056028
0.0547706
0.0543354
0.0572327
0.0565231
0.0572101
0.0564315
0.0553436
0.0587214
0.0576477
0.0582043
0.0565535
0.0566418
0.0566643
0.0588919
0.0592836
0.058691
0.0575015
0.0561794
0.0587375
0.0565212
0.0602374
0.0580085
0.0575784
0.0602242
0.0563201
0.0578151
0.0575654
0.058372
0.0584201
0.0536353
0.0537887
0.0551103
0.0550772
0.0546773
0.0557116
0.0561936
0.0553183
0.0563472
0.0561409
0.0545317
0.0553713
0.0563033
0.0554533
0.0547995
0.0543564
0.0547552
0.0544535
0.0537539
0.0537526
0.0550399
0.0565256
0.059687
0.0579206
0.0599943
0.0602576
0.061719
0.0549889
0.0576348
0.0589092
0.0568858
0.062881
0.062162
0.0597872
0.0573781
0.0595604
0.0602859
0.0579574
0.056234
0.0572197
0.0554573
0.056607
0.0557468
0.0584354
0.0568893
0.0573701
0.0550575
0.0570637
0.0591878
0.0570841
0.0555398
0.0571039
0.0563018
0.0568807
0.0635428
0.0637273
0.0644185
0.0653893
0.0667876
0.0626225
0.0608708
0.0671386
0.0610524
0.062215
0.0602156
0.053918
0.0563318
0.0540672
0.0583696
0.0563771
0.0541253
0.0538834
0.0534829
0.0555041
0.0562778
0.0557209
0.0565131
0.0554843
0.0552013
0.0560942
0.0563684
0.0546611
0.0555618
0.0552585
0.053988
0.0543456
0.0538971
0.0539386
0.0537477
0.054381
0.0537683
0.0574008
0.0554911
0.0554241
0.0566204
0.0560736
0.0571409
0.0552795
0.0562392
0.0562543
0.0567566
0.0567686
0.0565441
0.0572915
0.0571801
0.0562167
0.055284
0.0555434
0.0546022
0.0559564
0.0569251
0.0566693
0.057435
0.0566621
0.0559999
0.0582187
0.0574231
0.0563489
0.0555094
0.0560689
0.0568095
0.0561505
0.0560178
0.054901
0.0549978
0.0540279
0.0558094
0.0538696
0.0541133
0.0545717
0.0539319
0.0539366
0.0542314
0.0541502
0.0545881
0.0535988
0.0533665
0.0541573
0.0559843
0.0539833
0.0538165
0.0539855
0.0539744
0.0542787
0.0538262
0.0542272
0.0551353
0.0539869
0.058497
0.0542886
0.0544107
0.0571104
0.0539869
0.0552663
0.0550848
0.0538929
0.0543948
0.053934
0.0544461
0.0560331
0.0568652
0.060432
0.0572152
0.0579346
0.0571708
0.0563958
0.0563809
0.0557533
0.0557431
0.057274
0.0586315
0.0544959
0.0543064
0.0549974
0.0556833
0.0557525
0.0557024
0.0566951
0.0571295
0.0575855
0.0625819
0.0549526
0.0589101
0.0562427
0.0553587
0.0569499
0.0671701
0.0610582
0.0581436
0.0602741
0.0620296
0.0607543
0.0546148
0.053929
0.0555715
0.057176
0.0561039
0.0552843
0.0554637
0.0540271
0.0532816
0.0542993
0.0550341
0.0548334
0.0544885
0.0548214
0.057409
0.0549762
0.0549598
0.0555755
0.0555164
0.0550222
0.0541029
0.0548039
0.0539223
0.0541104
0.055203
0.0545072
0.0536414
0.0536834
0.0538178
0.054328
0.0556173
0.0582075
0.0565288
0.0565896
0.0566126
0.054496
0.0539033
0.0545633
0.053991
0.054446
0.0558208
0.0695971
0.0568403
0.0550953
0.055588
0.0548516
0.0543047
0.0552368
0.0543481
0.0545988
0.0687952
0.0560143
0.055133
0.0550063
0.0544772
0.0544321
0.0562465
0.055721
0.0561083
0.0569153
0.0567924
0.0586383
0.0566659
0.0589428
0.0602065
0.0558445
0.0583141
0.0570389
0.0556103
0.0546535
0.0563901
0.0561497
0.057192
0.0587493
0.056766
0.058033
0.057193
0.0582506
0.0589595
0.0572506
0.055596
0.0580776
0.0604389
0.0535898
0.0555865
0.0550005
0.0545664
0.0538977
0.054776
0.0534376
0.0541383
0.0557255
0.0556972
0.054945
0.0557661
0.054373
0.0543373
0.0547616
0.0551649
0.0545749
0.0549573
0.0539093
0.0540124
0.0538689
0.054462
0.0545348
0.0554367
0.0544384
0.0539196
0.0545483
0.0543648
0.0538305
0.0591579
0.0552272
0.0579349
0.0544708
0.0547768
0.05451
0.0546917
0.054595
0.0537271
0.0545853
0.0554571
0.0538937
0.0548587
0.0559247
0.0587112
0.0552332
0.0554333
0.0554076
0.0548887
0.0592246
0.0570713
0.0581041
0.0552149
0.0569956
0.0564487
0.0540063
0.0566043
0.0560138
0.0555553
0.0565953
0.0568974
0.0552069
0.0546771
0.0561453
0.0586953
0.0551814
0.055226
0.0549349
0.0547245
0.054522
0.054851
0.0550592
0.0546279
0.0555352
0.0549488
0.0565741
0.0557733
0.0563974
0.0570551
0.0604948
0.0585608
0.0565509
0.0564292
0.0569738
0.0563809
0.0589662
0.0644024
0.0581381
0.059405
0.0569097
0.0601628
0.062927
0.0602835
0.0630693
0.0701987
0.062771
0.0624786
0.0651317
0.0621078
0.0597322
0.0604473
0.0649536
0.0606731
0.0543664
0.0550966
0.0562194
0.0557451
0.0536284
0.0541476
0.0541325
0.0534377
0.0544118
0.0540961
0.0544006
0.0540723
0.0558365
0.0542709
0.0558005
0.0562663
0.0539444
0.0548106
0.0544542
0.0543331
0.0550023
0.0549667
0.0539172
0.0550328
0.0547885
0.0548764
0.054938
0.0550778
0.0537037
0.0539178
0.0548161
0.0549085
0.0540505
0.054817
0.0574312
0.0560757
0.0549473
0.0572334
0.0571152
0.0588829
0.0550206
0.0545911
0.056082
0.054611
0.053951
0.0548821
0.0557219
0.0545209
0.0549658
0.0564143
0.0539504
0.0546465
0.0550618
0.0553233
0.0545113
0.0564758
0.0552205
0.0538811
0.0546627
0.0554622
0.0541844
0.0551581
0.0546329
0.0556483
0.055737
0.0550435
0.0550508
0.0583287
0.0588299
0.0559676
0.0585559
0.0556411
0.0608684
0.0554973
0.0539065
0.0563648
0.0548521
0.0540042
0.0569496
0.0563451
0.0546358
0.0552596
0.0550291
0.0549025
0.0567341
0.0559864
0.0566941
0.0551231
0.0552864
0.0542932
0.055898
0.0566196
0.0551074
0.0554645
0.0559703
0.0552588
0.0544674
0.0555605
0.0566549
0.0556775
0.0554351
0.0578323
0.0626682
0.0595809
0.0600642
0.0622893
0.0582866
0.0610807
0.0619844
0.0603246
0.0570619
0.0587769
0.0596343
0.0562924
0.0602834
0.0613556
0.0548695
0.0568263
0.0562791
0.0568584
0.0550901
0.0572913
0.0574059
0.0551153
0.0557872
0.0590997
0.0554462
0.0549659
0.0559877
0.0558659
0.054278
0.0552602
0.0549981
0.0544163
0.0564424
0.0565421
0.0550061
0.0555619
0.0561504
0.0546718
0.0562972
0.0559348
0.0551623
0.054711
0.0542459
0.0545579
0.0545441
0.0567078
0.0560377
0.0548868
0.0560139
0.0552716
0.0541672
0.0587993
0.0572617
0.0566086
0.0554887
0.055325
0.0579269
0.0552379
0.057656
0.0558459
0.0552532
0.0569395
0.0559466
0.0561934
0.0543566
0.055717
0.0564293
0.0579592
0.0546923
0.0567129
0.057061
0.0557424
0.0554933
0.0560561
0.0550638
0.0558763
0.0569998
0.0549738
0.0638349
0.0609021
0.0595443
0.056231
0.0577762
0.0557478
0.0560168
0.0617094
0.0562511
0.0560454
0.0543583
0.055157
0.0554204
0.0573965
0.056081
0.0573036
0.0570604
0.0546773
0.0592624
0.05961
0.0551232
0.0557099
0.0567145
0.0559332
0.0545762
0.0574808
0.0575946
0.0582476
0.054758
0.0541045
0.0544985
0.0556254
0.0565529
0.0561755
0.0542115
0.0533254
0.0535619
0.0536942
0.0541261
0.0531852
0.0539706
0.0544017
0.0535844
0.0546153
0.0550377
0.0538403
0.0547335
0.0536723
0.0535983
0.0551029
0.0560292
0.0544405
0.0554757
0.054654
0.0529962
0.0539667
0.0541193
0.0538909
0.053867
0.0555142
0.0537614
0.0553675
0.0547346
0.0559891
0.0534485
0.0543352
0.0536566
0.0545745
0.0551233
0.0571296
0.05814
0.0562609
0.0555044
0.0556758
0.0554722
0.0562739
0.0578548
0.0606727
0.0593636
0.058057
0.0586203
0.0567208
0.0576058
0.0582961
0.0561539
0.0560684
0.0553181
0.0554488
0.0556848
0.0602256
0.0569016
0.056802
0.0543071
0.0561155
0.0595801
0.0591768
0.055727
0.0549183
0.0553998
0.054812
0.0553852
0.0587301
0.0587848
0.0573901
0.0585062
0.0570652
0.0561605
0.0596963
0.0572907
0.0565186
0.0556729
0.0560392
0.0553122
0.0559629
0.058175
0.0568588
0.0557636
0.0576485
0.0595851
0.0567068
0.056027
0.0600773
0.0586176
0.0553043
0.0562954
0.0545689
0.0558948
0.0558853
0.0550584
0.0560967
0.0557894
0.0556717
0.0550571
0.0551445
0.0549701
0.0550351
0.0540793
0.0553946
0.0552895
0.0566158
0.0553051
0.0546758
0.0605209
0.0598974
0.058854
0.0552816
0.0558065
0.0565717
0.0621876
0.0580695
0.0580464
0.0568882
0.0579317
0.0586723
0.0552362
0.0564976
0.0554727
0.0557929
0.0546471
0.0552887
0.0555006
0.0564475
0.055168
0.0565736
0.0567271
0.0561062
0.0589145
0.0596653
0.0568314
0.054375
0.0549929
0.0541806
0.0549296
0.0563278
0.0562655
0.0554094
0.055116
0.0551488
0.0534807
0.0542003
0.0540407
0.0537985
0.0540507
0.0551558
0.0549719
0.0544903
0.0541705
0.0533941
0.0553665
0.0542235
0.0540156
0.0546303
0.0550401
0.0538583
0.0569073
0.0547239
0.0580148
0.064664
0.0589578
0.0592355
0.0589182
0.0577118
0.0605069
0.0657651
0.0625086
0.0592051
0.0613622
0.0628833
0.0641412
0.0614037
0.0633019
0.0632657
0.0597963
0.0613752
0.0597263
0.0644764
0.0598617
0.0584779
0.0597274
0.0649516
0.0592807
0.0609646
0.0576899
0.0596498
0.0589393
0.0610356
0.0630616
0.0605871
0.0611596
0.0588088
0.0571482
0.0583979
0.0592102
0.0572421
0.0555033
0.0559085
0.0551342
0.0552085
0.056521
0.0580815
0.0597962
0.0586516
0.0584841
0.0580744
0.0551281
0.0564394
0.0560949
0.0569016
0.0545329
0.0569724
0.0579988
0.0590903
0.0569616
0.0542798
0.0555505
0.0575935
0.0573255
0.0558183
0.0588814
0.0588319
0.0567407
0.0552983
0.0563311
0.0576326
0.0602608
0.0584366
0.0606664
0.0597915
0.0596841
0.0571836
0.0571934
0.0557529
0.0558399
0.056903
0.0549279
0.0587405
0.0579309
0.0550535
0.0561204
0.0563596
0.0550185
0.0550868
0.0552393
0.0553437
0.0551665
0.057048
0.0548167
0.0553269
0.0539161
0.0544067
0.0537107
0.0537402
0.0539232
0.0528646
0.0538604
0.0534351
0.0537736
0.0542466
0.0528911
0.0539969
0.0538092
0.0537163
0.0537463
0.054267
0.0546081
0.0551958
0.0545843
0.0534079
0.0552563
0.0540549
0.0543144
0.0546768
0.054573
0.0542621
0.0549389
0.0565712
0.0573659
0.0560201
0.0547617
0.0538039
0.0551987
0.056274
0.0563496
0.0557613
0.0561288
0.0551566
0.0548787
0.055651
0.0561417
0.0548309
0.0557275
0.0564516
0.0555995
0.0555985
0.0572199
0.0556524
0.0556125
0.0565107
0.0566876
0.0552596
0.0563698
0.0557071
0.0550846
0.0546101
0.0585864
0.0570765
0.0555094
0.0553519
0.0554648
0.0546433
0.0578277
0.0569564
0.0566245
0.0550722
0.0559145
0.0547726
0.0546019
0.0576509
0.0558181
0.0539923
0.0543003
0.0551445
0.0550446
0.0544997
0.0588405
0.0585547
0.0552243
0.0569026
0.0577298
0.0585664
0.0562964
0.0550709
0.0584492
0.0548994
0.0597258
0.0568302
0.0564941
0.0557523
0.0544582
0.0559671
0.0555675
0.0575487
0.057558
0.0582574
0.0560404
0.0552443
0.054879
0.055217
0.0555722
0.0563995
0.055829
0.0580702
0.0554624
0.0574578
0.0553473
0.0546441
0.0555736
0.0575854
0.055746
0.0557834
0.0546578
0.0554846
0.0577971
0.0579453
0.0598038
0.0610883
0.055382
0.0548156
0.0552153
0.0579111
0.0605321
0.0558723
0.0552167
0.0560092
0.0559321
0.0556274
0.0550472
0.0560767
0.05543
0.0548169
0.0549243
0.0545592
0.053634
0.0537995
0.0538954
0.0535016
0.0540787
0.0541344
0.0543052
0.0548273
0.0540586
0.0535836
0.0537538
0.0540389
0.0538162
0.0544392
0.0549936
0.0551222
0.0556111
0.0548225
0.0553734
0.0551951
0.0557121
0.055405
0.056693
0.058193
0.0566293
0.0550697
0.0559077
0.0568807
0.0609841
0.0553247
0.0563255
0.0571926
0.0557
0.057625
0.0605465
0.0576883
0.0576514
0.056746
0.0562277
0.0567775
0.0547032
0.0563771
0.0580835
0.0562117
0.0579487
0.0588455
0.0566872
0.0580351
0.0596359
0.059413
0.0571623
0.0606852
0.0578802
0.059345
0.0597594
0.0576997
0.0583783
0.0588958
0.0615525
0.0608496
0.0593295
0.060465
0.0601081
0.0574543
0.0577107
0.0588083
0.0557775
0.0565008
0.0562116
0.0624498
0.0561524
0.0580388
0.0565759
0.0579982
0.0575606
0.0595894
0.056018
0.0567196
0.0555101
0.0574709
0.0591846
0.0556094
0.0542912
0.0541174
0.056472
0.0552968
0.0559536
0.0561989
0.0576882
0.0564651
0.0559445
0.0581652
0.0580944
0.0589399
0.0562204
0.0564929
0.0567391
0.0559077
0.0552523
0.0582036
0.0573575
0.0562107
0.0560119
0.057263
0.0571666
0.0558788
0.055019
0.0568618
0.0588132
0.0568118
0.0576857
0.0573854
0.0543276
0.054933
0.0563029
0.0608888
0.0533968
0.0542975
0.0554351
0.0551014
0.0549694
0.054649
0.054086
0.053946
0.0545545
0.0541491
0.0551292
0.0551732
0.056114
0.0562196
0.0554728
0.0557154
0.0544276
0.0543761
0.0538831
0.0532081
0.0539488
0.0536594
0.054502
0.0543477
0.0548176
0.0541778
0.0547315
0.0540012
0.054758
0.0547477
0.0538327
0.0556641
0.0565929
0.0549857
0.0570504
0.0580055
0.0572625
0.0539947
0.0554636
0.0560775
0.0550511
0.0551358
0.0564435
0.0583255
0.0546187
0.0562868
0.056864
0.0547979
0.0555543
0.0613635
0.0584836
0.0592747
0.0578822
0.05853
0.0554264
0.0561354
0.0560171
0.0565815
0.0588176
0.0561954
0.0551705
0.0570113
0.0554963
0.0558132
0.0554813
0.055054
0.0562625
0.0551214
0.0550745
0.0545868
0.0548536
0.0580759
0.0554126
0.0579404
0.059716
0.0594179
0.0591293
0.062425
0.0568137
0.0591886
0.0572514
0.0556977
0.0546051
0.0549422
0.056036
0.0542732
0.0548518
0.0551564
0.0545038
0.054423
0.0546267
0.0540403
0.057591
0.0573217
0.0546482
0.0553548
0.0564288
0.0554977
0.0555412
0.056096
0.0570297
0.0563877
0.0557182
0.0547999
0.0581512
0.055259
0.0578166
0.0574868
0.0611317
0.0574946
0.0562323
0.0567636
0.0584883
0.0585244
0.0562314
0.0561479
0.058395
0.0546459
0.0564699
0.0583976
0.0572509
0.0565892
0.0571645
0.0562536
0.0559121
0.0558037
0.0546963
0.0544822
0.0550421
0.0550651
0.0582381
0.0547684
0.0574223
0.0552954
0.0572489
0.055608
0.0581566
0.0562313
0.0562502
0.0549354
0.0564251
0.0559472
0.0572639
0.0566862
0.0549969
0.055903
0.0555923
0.0558411
0.0563671
0.0562659
0.0563994
0.0588985
0.0597001
0.0603438
0.0544908
0.0564481
0.0562216
0.0559699
0.0563892
0.0548104
0.0544811
0.0540475
0.0535298
0.0544958
0.0537494
0.0544606
0.0549988
0.0562821
0.054866
0.0544419
0.0541588
0.0535269
0.0542092
0.0547817
0.054407
0.0543796
0.0550807
0.0546954
0.0541948
0.0542804
0.0535849
0.0541661
0.0543146
0.0546482
0.0551835
0.0548944
0.0560353
0.0613778
0.0550098
0.0598679
0.0569696
0.0564964
0.0549285
0.0542451
0.0552
0.0571816
0.0565745
0.0552397
0.0580516
0.0548487
0.0567959
0.0564203
0.0582579
0.057122
0.0565627
0.0563286
0.0592538
0.0567976
0.0592425
0.0545392
0.0567
0.0548609
0.0546351
0.0559138
0.0543772
0.0555682
0.0579262
0.0578188
0.0543862
0.0568503
0.0615338
0.0553154
0.0546135
0.0539373
0.0551293
0.0563321
0.0568153
0.0593872
0.0604059
0.0581153
0.0551587
0.0568276
0.0560864
0.0563686
0.0580026
0.0560897
0.0550307
0.0548571
0.055164
0.0553395
0.0546699
0.0555664
0.0590511
0.0563085
0.0578531
0.0555595
0.0564682
0.0545785
0.0603133
0.0579173
0.0579287
0.0563418
0.0564727
0.0612076
0.0556089
0.0604826
0.055587
0.0590261
0.0553945
0.0556144
0.0593004
0.0578735
0.0597162
0.0560739
0.0544595
0.0561327
0.0566517
0.0562462
0.0549067
0.0565762
0.0554035
0.0550759
0.0566608
0.05464
0.0550765
0.0559511
0.0536738
0.053946
0.0536404
0.0545684
0.0537377
0.054542
0.0538315
0.0541484
0.0545776
0.0546502
0.0533851
0.0537288
0.0545925
0.0554927
0.0547918
0.0571814
0.055593
0.0558729
0.0568197
0.0548129
0.0555147
0.0558219
0.0569059
0.0558273
0.0565715
0.0553216
0.0549709
0.0562415
0.0557751
0.0549053
0.0589656
0.0596492
0.0591594
0.0572798
0.0571413
0.0590483
0.0560656
0.0550877
0.05564
0.0587903
0.0577672
0.058495
0.0608982
0.0584821
0.0555753
0.0547632
0.057503
0.057097
0.0588291
0.0558223
0.0557753
0.0558726
0.0560615
0.0591513
0.0544048
0.0552772
0.0547468
0.0550557
0.0560852
0.0541995
0.0551276
0.055519
0.054594
0.0556787
0.0546396
0.0547245
0.0555028
0.0578506
0.0553592
0.0547141
0.0539531
0.053926
0.0544033
0.0538194
0.0550538
0.0543402
0.0543354
0.0582155
0.0621741
0.0575504
0.053944
0.053562
0.0539423
0.0535408
0.0542996
0.0556574
0.061353
0.0573666
0.0607117
0.0576305
0.0552936
0.0555808
0.0555413
0.0572695
0.0562507
0.055039
0.0554944
0.0584805
0.0570507
0.0560077
0.0562817
0.0554539
0.0555294
0.0538431
0.0545023
0.0539608
0.0541586
0.0553009
0.0542416
0.0540723
0.0542625
0.0545328
0.0537136
0.0544087
0.0536084
0.0539431
0.0562123
0.0541943
0.0542335
0.054893
0.0557463
0.0547205
0.0544595
0.0533671
0.0539893
0.0551178
0.0538319
0.0542737
0.0546108
0.0536063
0.0545814
0.0542374
0.0534045
0.0551635
0.0544284
0.0538271
0.0554853
0.0544176
0.0539071
0.0546059
0.0536271
0.0537402
0.0545824
0.0546666
0.053814
0.0554417
0.0544282
0.0535933
0.0543843
0.0537915
0.053879
0.053672
0.054115
0.0544192
0.0550324
0.0541387
0.0544508
0.0541688
0.0538922
0.0548682
0.0538445
0.0542593
0.0544652
0.0538029
0.0542195
0.0550956
0.0548973
0.053908
0.0549615
0.0540605
0.0538154
0.0542172
0.0544778
0.054196
0.0557279
0.0545811
0.0534676
0.0540143
0.0542233
0.0545167
0.0540134
0.056719
0.0534744
0.0540049
0.0535662
0.0539055
0.0536646
0.05311
0.0543229
0.054722
0.0551163
0.0556216
0.0556991
0.0542886
0.0543938
0.0552295
0.0532626
0.054522
0.0559042
0.0535439
0.0538093
0.0544269
0.0531981
0.0540382
0.0550994
0.0537271
0.0539241
0.0538023
0.0539265
0.0537286
0.0550046
0.0544303
0.0546762
0.0535802
0.053611
0.0546247
0.0536509
0.0538237
0.0542784
0.0528877
0.0537969
0.053475
0.0541793
0.0536044
0.053962
0.0534561
0.053554
0.0570014
0.0540485
0.0548956
0.0546541
0.0538078
0.0554073
0.0541428
0.0544558
0.0543596
0.0541263
0.0538855
0.0543089
0.0530998
0.0542137
0.0539401
0.065808
0.0542351
0.0559907
0.0552962
0.0540942
0.0549972
0.054848
0.0535707
0.0536669
0.0544739
0.0534104
0.0555985
0.0547359
0.0540297
0.0542013
0.0533682
0.0540622
0.0535393
0.0547888
0.0534582
0.0537826
0.0543245
0.0543693
0.0553218
0.0532144
0.0538964
0.0540751
0.0535571
0.054195
0.0552173
0.0542977
0.0546878
0.053677
0.0535754
0.0540174
0.0535997
0.0545762
0.0540727
0.0532356
0.0538785
0.0547436
0.0540847
0.0541511
0.0548748
0.0544177
0.0554706
0.0538906
0.0534134
0.0538573
0.0560639
0.0533872
0.0538882
0.0542782
0.053699
0.0538309
0.0552531
0.053533
0.054109
0.0550679
0.0541744
0.0542617
0.0541109
0.0534306
0.054101
0.0539001
0.0540337
0.0542225
0.0534867
0.0541901
0.0538564
0.0535033
0.0544755
0.0538715
0.0535395
0.0547998
0.0538825
0.0535952
0.055207
0.0546448
0.0542264
0.0541284
0.0542163
0.0542569
0.0559935
0.0542742
0.0534492
0.0542953
0.0556801
0.0545122
0.0555574
0.055244
0.0563047
0.0548642
0.0548229
0.0533886
0.0547957
0.0548665
0.0559136
0.0561183
0.0556543
0.0549504
0.0554296
0.0558996
0.0534775
0.0540049
0.0541857
0.0531913
0.0546078
0.0539212
0.0534149
0.0543571
0.0543161
0.0541572
0.0560915
0.0587083
0.0537942
0.0551268
0.0544169
0.0552675
0.0548027
0.0547322
0.0539802
0.0541241
0.0542291
0.0530411
0.0538927
0.0538563
0.0536879
0.0537657
0.0569616
0.0543205
0.0569323
0.0547079
0.0546087
0.0584994
0.0543089
0.0551693
0.0550781
0.0554346
0.0538267
0.0554481
0.054462
0.0530927
0.0546032
0.0540148
0.0534882
0.0538814
0.0541184
0.0533884
0.0548949
0.0555286
0.0539548
0.0540668
0.053867
0.0554751
0.0537616
0.0539655
0.0540459
0.0542183
0.053152
0.0547241
0.0559379
0.0530212
0.0537388
0.05348
0.053319
0.0540059
0.0657996
0.0592479
0.0598695
0.056915
0.0577692
0.0548131
0.0529505
0.0540936
0.055197
0.053217
0.0541064
0.0542716
0.0537021
0.0544215
0.0549684
0.0535599
0.0544197
0.0542559
0.0538734
0.0543539
0.0541925
0.0533541
0.05357
0.0557009
0.0542813
0.0541196
0.0550956
0.0550455
0.0557704
0.0540373
0.0544463
0.0559816
0.0534977
0.053247
0.0537744
0.0546164
0.0551226
0.0543098
0.0551496
0.0536328
0.0543498
0.0546823
0.0542313
0.0541219
0.054685
0.0547527
0.0546306
0.0539251
0.0553606
0.0536083
0.0538706
0.0543962
0.0541277
0.053295
0.055098
0.0546897
0.0530554
0.0545399
0.0535651
0.0539021
0.0534772
0.0532142
0.0541582
0.0539891
0.0528306
0.0532798
0.0562182
0.0532772
0.0548835
0.0541959
0.0544875
0.0536752
0.0538542
0.0546394
0.0543473
0.0534157
0.0536944
0.0539982
0.0538553
0.0560644
0.0585568
0.055135
0.0538923
0.0543167
0.0529629
0.0535973
0.0538875
0.0535259
0.0545877
0.0542815
0.0541704
0.0547629
0.0539428
0.0550866
0.0536466
0.0542046
0.0542977
0.053695
0.053949
0.055555
0.0535067
0.0530729
0.0535428
0.0536601
0.0531429
0.0535245
0.0537582
0.0530744
0.0553406
0.0560422
0.0535529
0.0537973
0.054024
0.0534342
0.0535993
0.0535622
0.0541837
0.0538235
0.0534512
0.0539357
0.0534549
0.0530038
0.0543921
0.054384
0.0535654
0.0547566
0.0555236
0.0536707
0.0543022
0.0564626
0.0532326
0.0543098
0.0550995
0.0531281
0.0548525
0.0540227
0.0543555
0.0539825
0.0531847
0.0534019
0.053537
0.0546766
0.0538815
0.0544527
0.0546446
0.0552881
0.0561518
0.0536131
0.0541154
0.0558717
0.05344
0.0539593
0.0545553
0.0536871
0.0541049
0.055211
0.0532914
0.0544192
0.0546296
0.0530009
0.0547802
0.0533225
0.0550124
0.0546281
0.0531116
0.0542734
0.0541365
0.0530347
0.0551645
0.0535721
0.0533039
0.0545996
0.0535084
0.0533334
0.0542748
0.0533718
0.053091
0.0544382
0.0534576
0.0537999
0.0540532
0.0535273
0.0546112
0.0540345
0.0530139
0.0536411
0.0537938
0.0538137
0.0537878
0.0538344
0.0539674
0.0543523
0.053088
0.0539754
0.054192
0.053185
0.0538411
0.0539585
0.0540051
0.0546283
0.054188
0.0545009
0.0542631
0.0534288
0.054038
0.0538282
0.0534883
0.053806
0.0541929
0.0535152
0.0535595
0.0535684
0.0532878
0.054352
0.0535536
0.0546342
0.0542011
0.0533225
0.0538146
0.0541679
0.0540127
0.0539204
0.0538982
0.054887
0.0557154
0.0596956
0.0545443
0.0540883
0.0544308
0.0539874
0.054263
0.0536303
0.0538449
0.0540991
0.0556376
0.0551298
0.0550648
0.0556383
0.0542503
0.0539559
0.0543727
0.0541125
0.0538856
0.0549556
0.0539551
0.0552259
0.0553049
0.0545751
0.0545829
0.0542742
0.0553944
0.0532659
0.0546428
0.0539509
0.056829
0.0541992
0.0535809
0.0543006
0.0549642
0.0541127
0.0538285
0.0544629
0.0545658
0.0539586
0.0547783
0.0537413
0.0541684
0.0539319
0.0536735
0.0542449
0.0539056
0.0542359
0.0549025
0.0537769
0.0545076
0.054943
0.056039
0.0544503
0.0542072
0.0538729
0.0539108
0.0556119
0.0544772
0.0538724
0.0540224
0.0539441
0.0546623
0.0545377
0.0541483
0.0538461
0.0547921
0.0533588
0.0557931
0.0544332
0.0530579
0.0538516
0.053657
0.0538698
0.0546418
0.0545126
0.0536396
0.0546345
0.0540305
0.0536765
0.0547057
0.0539205
0.0554309
0.0552748
0.0562701
0.0561541
0.0560157
0.0541195
0.054141
0.0556967
0.0555334
0.0537965
0.0543498
0.0541688
0.0543071
0.0541819
0.0544108
0.0534336
0.0547963
0.0540266
0.0538526
0.0547475
0.0542602
0.0545708
0.0557387
0.0546847
0.0537925
0.0546367
0.053535
0.0549959
0.0546624
0.0544844
0.0544044
0.0547371
0.0543916
0.0557192
0.0553775
0.0543114
0.0545505
0.055828
0.0546141
0.0566761
0.0551729
0.0540194
0.0544868
0.0542048
0.053484
0.0539433
0.0555475
0.053668
0.0540067
0.0547438
0.053512
0.0544141
0.053856
0.0539219
0.0541797
0.0539641
0.0545436
0.0541191
0.0549565
0.0537983
0.0541035
0.0539552
0.0532176
0.05633
0.0541924
0.0535901
0.0540352
0.0540175
0.0547509
0.0546432
0.0549452
0.0612202
0.0550751
0.0589713
0.0569727
0.0548477
0.0560648
0.0563353
0.0562112
0.0568131
0.0572073
0.0550478
0.0552195
0.057201
0.060821
0.0545258
0.0555637
0.0551509
0.054994
0.0547817
0.0558127
0.0548728
0.0559965
0.0561313
0.0541767
0.0533156
0.0535722
0.0539058
0.053137
0.0539369
0.0547783
0.0535143
0.0538825
0.0547839
0.055372
0.0548702
0.0544562
0.0640302
0.0671268
0.0738381
0.0621522
0.053933
0.0541748
0.0540424
0.05381
0.0549207
0.0551841
0.0544138
0.0539266
0.0539054
0.0585591
0.0555974
0.0542673
0.0539535
0.0560181
0.0541426
0.0543658
0.054421
0.0543329
0.0569416
0.0552529
0.0544262
0.0543992
0.05352
0.0538384
0.0538925
0.0545388
0.0541757
0.0540155
0.0593905
0.0551886
0.0541732
0.0554465
0.0547325
0.0546779
0.0551868
0.0603006
0.0555479
0.0542242
0.0560308
0.0542438
0.0544601
0.0542095
0.0548248
0.0539009
0.0541404
0.0543097
0.0545038
0.0551388
0.0541151
0.0543935
0.0549242
0.0540039
0.0549978
0.0550789
0.0546689
0.0537034
0.0538777
0.0549434
0.054309
0.0546597
0.0545173
0.0551162
0.0539681
0.0541691
0.0551998
0.0545894
0.0545099
0.0551161
0.057894
0.055942
0.0563482
0.0556423
0.0549002
0.0597577
0.0546912
0.0585193
0.0582867
0.0566665
0.0567049
0.0542222
0.0544324
0.0539458
0.0647281
0.0823565
0.0568748
0.0542772
0.0544942
0.0549005
0.0584698
0.0599863
0.0564645
0.0538544
0.0541624
0.0539185
0.058328
0.0542777
0.0539858
0.0545654
0.0544221
0.0552501
0.0549286
0.0547259
0.0546093
0.0553133
0.0552396
0.0566912
0.0540589
0.0538109
0.0543493
0.0537316
0.0545634
0.0549119
0.0536967
0.05424
0.0545448
0.0565231
0.0544015
0.0541214
0.0551516
0.0535299
0.0536942
0.0539499
0.0605747
0.0553615
0.0536284
0.056368
0.0569111
0.0539189
0.0583253
0.0551539
0.0550179
0.0542569
0.0537633
0.0597861
0.0544712
0.0561794
0.0546857
0.0541062
0.0539925
0.055311
0.0562657
0.0555446
0.0544259
0.0572188
0.0536597
0.0542541
0.0536081
0.0537455
0.0589927
0.0543781
0.0534568
0.0536451
0.0541832
0.0565138
0.0542601
0.0538643
0.0539184
0.0538324
0.0540048
0.0564719
0.0587251
0.0539072
0.0543052
0.0534719
0.0552922
0.0541885
0.0544295
0.0533736
0.0560385
0.0577525
0.057388
0.0611174
0.0551464
0.0556572
0.0540118
0.0535502
0.0541802
0.0543697
0.0576732
0.056168
0.0544847
0.0541056
0.0552977
0.0579826
0.0551572
0.0563436
0.066432
0.0567013
0.0546952
0.0543809
0.0541541
0.0547836
0.059976
0.0548372
0.0544306
0.0540178
0.0545839
0.0547232
0.0553983
0.0554608
0.062342
0.0599828
0.053591
0.0538728
0.0595285
0.0609272
0.0702977
0.0589264
0.0533294
0.0552345
0.0544059
0.0588869
0.0568911
0.0533568
0.0641654
0.0587082
0.0557284
0.0557258
0.0535207
0.0625861
0.0630967
0.0582997
0.053746
0.0541499
0.0590602
0.0548667
0.0550556
0.0615833
0.0573193
0.0545814
0.0560553
0.0646452
0.0560598
0.0542634
0.0549491
0.0539665
0.0540943
0.06457
0.0556226
0.0531434
0.0558009
0.0546814
0.0530959
0.0544927
0.0542278
0.0590838
0.0544207
0.0546252
0.0550141
0.054227
0.0646339
0.0658681
0.0556487
0.053725
0.053839
0.0535383
0.0571998
0.0538181
0.0545742
0.0593013
0.0537417
0.0543768
0.0538589
0.0575533
0.0542133
0.0532336
0.0565972
0.0564341
0.0545061
0.05317
0.0546762
0.0530586
0.0544041
0.0541381
0.0532631
0.06139
0.0558256
0.0545701
0.0561602
0.0548696
0.0550372
0.0534195
0.055066
0.054988
0.0544142
0.0572254
0.0544214
0.0545754
0.0571313
0.0542536
0.0536684
0.0579554
0.0545676
0.0540389
0.0539392
0.0541431
0.0573175
0.0535858
0.0541905
0.0543321
0.0572991
0.0547666
0.0532632
0.0537519
0.061241
0.0601732
0.0535805
0.0545845
0.057723
0.0538083
0.0537615
0.0544054
0.0594979
0.0544398
0.0544198
0.060108
0.0661878
0.0543125
0.0548407
0.0538857
0.0645575
0.0545213
0.054879
0.0636876
0.0566801
0.0545873
0.0542958
0.0545759
0.0573521
0.0540961
0.0540147
0.0533296
0.057808
0.0537409
0.0543035
0.0588424
0.0545156
0.0536811
0.0548193
0.0564972
0.0546969
0.0545298
0.0541101
0.0538555
0.0543367
0.0567312
0.0544736
0.0549501
0.054309
0.0630837
0.0537042
0.054846
0.0595599
0.0566032
0.0541468
0.0538641
0.0551932
0.0533793
0.0570126
0.0555564
0.053674
0.054342
0.0593901
0.0551187
0.054694
0.0532163
0.0604573
0.0535885
0.0549636
0.0637268
0.0541849
0.0538144
0.053139
0.0586618
0.0537366
0.0536488
0.0651688
0.0648677
0.0743556
0.0608119
0.056274
0.0542841
0.0577001
0.0686078
0.0570164
0.055738
0.0547399
0.0547822
0.0613569
0.0572211
0.0538372
0.0536654
0.0635537
0.054658
0.053906
0.0574724
0.0528203
0.0539699
0.0537611
0.0593923
0.0540017
0.0546546
0.0586002
0.0548565
0.054825
0.0548796
0.0533135
0.0617954
0.0550093
0.0547635
0.0540438
0.0538923
0.0552711
0.0541123
0.0548531
0.0535078
0.061327
0.0546885
0.0541165
0.0574124
0.0548937
0.0552888
0.0536568
0.0608803
0.0555438
0.0552128
0.0576046
0.0551678
0.0543542
0.05377
0.0580595
0.0541658
0.0533583
0.0584497
0.058229
0.0554403
0.053909
0.0541713
0.0548753
0.0538333
0.0538615
0.0533888
0.0569422
0.0538725
0.0541504
0.060232
0.0548806
0.0548142
0.0536289
0.0617427
0.0547626
0.0536839
0.0584091
0.0540936
0.0552673
0.0533541
0.0553505
0.0546871
0.0606898
0.0566113
0.0577888
0.0543144
0.0536236
0.0623552
0.0585866
0.0544506
0.0532745
0.055045
0.0549366
0.0563531
0.0555645
0.0547512
0.0540735
0.054282
0.0549078
0.0553404
0.0546397
0.0540885
0.0536805
0.0541105
0.0541479
0.0536557
0.0542301
0.0536993
0.0540259
0.0559143
0.0540432
0.0545807
0.0542438
0.0573804
0.0549172
0.0566669
0.0555577
0.0549079
0.0547787
0.0542334
0.054673
0.0551352
0.0539015
0.0543454
0.0548002
0.0540608
0.0534719
0.0538508
0.0532436
0.053953
0.0544183
0.0548773
0.0550628
0.054869
0.0554658
0.0544661
0.0550073
0.0554932
0.0540209
0.0551425
0.054049
0.0540636
0.0537831
0.0537158
0.0544592
0.0546936
0.0534222
0.054102
0.0557167
0.0549683
0.0544391
0.0553254
0.0545265
0.0564321
0.0556296
0.0567196
0.0542501
0.0545177
0.0553516
0.0637508
0.0632432
0.0581542
0.0558562
0.0544985
0.0542125
0.0543749
0.05457
0.0563914
0.0651276
0.0619791
0.0539178
0.0537835
0.0546031
0.0537776
0.0646781
0.0658153
0.0538823
0.054187
0.0639748
0.0627772
0.0540774
0.0543759
0.0551521
0.0543157
0.0534984
0.0556468
0.0675977
0.0626886
0.0551686
0.0563513
0.0543652
0.0538975
0.070938
0.0594303
0.054317
0.0543142
0.0553127
0.0542193
0.0551838
0.0539196
0.0537714
0.0538259
0.0621995
0.0605228
0.0550259
0.0539918
0.053738
0.0631056
0.061464
0.0583435
0.0538667
0.0544314
0.058831
0.0599093
0.0555456
0.05453
0.0550583
0.0549922
0.0546458
0.054896
0.0548895
0.054552
0.0545055
0.054756
0.0535526
0.0541271
0.0536099
0.0546023
0.0543339
0.0549381
0.0543352
0.0541857
0.0534906
0.0534812
0.055936
0.0573953
0.0534427
0.0590127
0.0673291
0.0635318
0.0700674
0.0647578
0.0580889
0.0541986
0.0532893
0.0708283
0.0651239
0.0656519
0.0711138
0.0639323
0.0703042
0.0669697
0.0630292
0.0715934
0.0655233
0.063329
0.0728311
0.0625344
0.0579153
0.0539186
0.0715919
0.0547649
0.0546234
0.0627517
0.0718908
0.0621329
0.0631918
0.0728296
0.0637863
0.0626155
0.0591847
0.056486
0.0640675
0.0646134
0.0740731
0.0643275
0.0768557
0.0663624
0.064439
0.0728774
0.0636675
0.0629059
0.0722792
0.0638709
0.0666794
0.0696782
0.063621
0.0694283
0.0660561
0.0638575
0.0718509
0.0643443
0.0644233
0.072878
0.0629708
0.0642262
0.0706381
0.0629212
0.065688
0.0596179
0.0541893
0.0540948
0.0537405
0.0632255
0.0712782
0.064671
0.0636508
0.0658506
0.0641215
0.0634593
0.0715797
0.0637105
0.0654873
0.0671813
0.0554569
0.0637679
0.0662033
0.0695553
0.0637511
0.0690315
0.0669013
0.0589982
0.0596142
0.0586584
0.0667374
0.0627101
0.0687028
0.0654357
0.0630815
0.0708264
0.0650744
0.0622909
0.0591593
0.0681166
0.063111
0.0653892
0.0699901
0.0633065
0.0676263
0.066733
0.0644229
0.0711512
0.0653223
0.0633963
0.0735486
0.0638491
0.0632432
0.0647155
0.0535577
0.0639686
0.0654672
0.071718
0.0643226
0.0635604
0.067227
0.0629473
0.0640148
0.0702221
0.0634505
0.0649601
0.0703365
0.0645239
0.0706528
0.0664515
0.0567642
0.0548083
0.0697229
0.0576819
0.0534813
0.0629574
0.0696274
0.06374
0.0620293
0.0585924
0.055924
0.0586019
0.0622461
0.0640102
0.0751172
0.0589292
0.0581033
0.0552693
0.0574045
0.0657226
0.0642218
0.0656343
0.0639398
0.054728
0.0566962
0.0626982
0.0701104
0.0657629
0.0648133
0.0577086
0.0539129
0.0622704
0.0638353
0.0726813
0.0657505
0.0634637
0.074151
0.0631043
0.063031
0.0711381
0.0588791
0.0546481
0.0550137
0.0727387
0.0634347
0.0635218
0.0723472
0.0633221
0.0635483
0.0719381
0.0629299
0.0641669
0.0704211
0.0551699
0.0639278
0.0707598
0.0641839
0.0632101
0.0586836
0.0547275
0.065702
0.0645674
0.0721616
0.0645634
0.0625649
0.0743897
0.064222
0.0635763
0.0707123
0.0633037
0.064746
0.0631548
0.0630517
0.0633223
0.0739936
0.0629491
0.0646607
0.070799
0.0634874
0.0646744
0.0702575
0.0633282
0.0645102
0.0556162
0.0625986
0.0632851
0.068113
0.066878
0.0600201
0.054162
0.0689204
0.0641986
0.0628699
0.0681286
0.0657585
0.0630844
0.0597147
0.0615621
0.062515
0.0627282
0.0698014
0.0635727
0.0633359
0.0723073
0.0636877
0.0630459
0.0731113
0.0630653
0.0657173
0.0708075
0.0619525
0.0533918
0.0685884
0.0651505
0.0634218
0.0669886
0.0566865
0.054603
0.0643644
0.0646554
0.0702591
0.0635032
0.0649277
0.0685147
0.0556321
0.0535472
0.0595029
0.0710573
0.0627798
0.0625381
0.0709863
0.0646587
0.0624472
0.0675469
0.054685
0.0547113
0.0545271
0.060812
0.0583131
0.0539855
0.0645182
0.0631382
0.0649057
0.0689223
0.057213
0.0560509
0.0537581
0.0700685
0.0625758
0.0644646
0.0704032
0.0644597
0.0631383
0.0720352
0.0621183
0.0622229
0.0552053
0.060846
0.0642635
0.0633308
0.0694876
0.0639772
0.0617587
0.0668787
0.065948
0.0624155
0.0664452
0.0644744
0.0560378
0.0554888
0.0648247
0.0692779
0.0632038
0.0651311
0.0694822
0.0626571
0.0609073
0.0579354
0.0663488
0.0621273
0.0549863
0.0543297
0.0541198
0.0537013
0.0570688
0.0540601
0.0542881
0.0558938
0.0644124
0.0699237
0.061749
0.0552668
0.0549768
0.0549666
0.0686784
0.062781
0.0636994
0.0696354
0.0655607
0.0693884
0.0653619
0.0634282
0.0687953
0.0647049
0.0626414
0.0675898
0.0664153
0.0627583
0.0577753
0.0587617
0.0662862
0.06241
0.066866
0.0674362
0.0629471
0.0687481
0.065546
0.0631291
0.0671767
0.0660652
0.0628644
0.0605954
0.0544194
0.0535621
0.0636583
0.0622495
0.061427
0.0570542
0.0616925
0.062979
0.0668186
0.068467
0.0600783
0.0568125
0.0546855
0.0599864
0.0633555
0.0620467
0.0633459
0.0647828
0.0646378
0.0641481
0.0700938
0.0644811
0.0635786
0.0698931
0.0649
0.0651465
0.0670692
0.0639058
0.0641127
0.0686624
0.0631637
0.0638317
0.0688374
0.0627354
0.0632354
0.0655705
0.055725
0.0532042
0.0617596
0.0575042
0.0565706
0.0654384
0.0620702
0.0640852
0.0711965
0.0631969
0.0673753
0.0672287
0.0631363
0.0665133
0.0670847
0.0623619
0.0686601
0.0662179
0.0623395
0.0673603
0.0665873
0.0625584
0.067345
0.0664067
0.0636085
0.0683639
0.0651413
0.063589
0.0661479
0.0669146
0.0622284
0.0669729
0.0662934
0.0625631
0.0654658
0.0675813
0.0620984
0.0617897
0.0597579
0.0548203
0.0574326
0.0622942
0.0632375
0.068218
0.0614501
0.0623013
0.0696058
0.0620235
0.0644058
0.0702616
0.0573188
0.0541934
0.0617324
0.0703822
0.0626328
0.0623001
0.069221
0.0580911
0.0549421
0.0534782
0.0541918
0.0551717
0.0682121
0.0573095
0.0630188
0.0627131
0.0706947
0.0632106
0.0626001
0.0628119
0.0544355
0.0542737
0.0627059
0.0563463
0.0538892
0.0588973
0.0643982
0.0630125
0.0665155
0.0664265
0.0547943
0.0531893
0.0540661
0.0646233
0.0542178
0.0551606
0.0618346
0.0638078
0.0697848
0.0623165
0.0621179
0.0666215
0.0658958
0.06353
0.0670265
0.0647573
0.0629022
0.0664059
0.0661112
0.0626558
0.0649843
0.0682893
0.0626972
0.0657293
0.0604512
0.053896
0.0613601
0.0619663
0.0707518
0.062085
0.062961
0.0702124
0.0628365
0.06337
0.0705226
0.0702848
0.0675872
0.0675587
0.0623367
0.0628001
0.0652595
0.0631892
0.0624231
0.0668366
0.0579088
0.0544781
0.0541194
0.0548037
0.0562139
0.070836
0.0638287
0.0629225
0.0714184
0.0627786
0.0626274
0.0718217
0.0626383
0.0618646
0.0707595
0.0625034
0.0619818
0.0680849
0.0587777
0.0540754
0.054904
0.0536658
0.0537872
0.0543387
0.056164
0.0671944
0.0614818
0.0551446
0.0541295
0.0530677
0.054607
0.0623991
0.0634925
0.0623971
0.0708292
0.0626582
0.0601459
0.0658403
0.0562472
0.0560361
0.0559767
0.0565027
0.0546888
0.0659275
0.0573248
0.0571445
0.0548168
0.0546982
0.0644672
0.0565917
0.0543991
0.0635134
0.0583946
0.0564699
0.0543637
0.0546256
0.0544044
0.0615386
0.0554374
0.0542225
0.0541409
0.0705623
0.0631138
0.0625804
0.0687525
0.0621665
0.056378
0.055311
0.0547532
0.0610807
0.0545281
0.0548418
0.0619031
0.0561688
0.0544859
0.0543581
0.0602814
0.0540545
0.0543885
0.0543548
0.0535687
0.0630734
0.0568861
0.0547703
0.0630485
0.0545691
0.0552497
0.0554848
0.0543126
0.0538224
0.0576421
0.054917
0.0553394
0.0543137
0.053363
0.0575467
0.0596196
0.0547959
0.0537972
0.0535148
0.0542458
0.0595132
0.0632936
0.0592482
0.0604992
0.056522
0.0561352
0.0569292
0.0540733
0.0554442
0.0580456
0.0558339
0.053698
0.0554719
0.0600581
0.0690976
0.0578162
0.0546512
0.0544201
0.0542447
0.053576
0.0547243
0.0553688
0.05458
0.05438
0.0541245
0.0666618
0.0874853
0.0563453
0.0551925
0.0540539
0.0538214
0.0544058
0.05458
0.0551281
0.0543259
0.0537342
0.0541397
0.055576
0.0545762
0.055551
0.0541912
0.0548129
0.0555072
0.0546605
0.055048
0.0548705
0.054868
0.0550069
0.0546582
0.0553798
0.0659515
0.0538556
0.0543552
0.0550311
0.0557789
0.0553669
0.0544859
0.0545691
0.0541375
0.054563
0.0536372
0.0544285
0.0540922
0.053662
0.0543916
0.0536945
0.0539451
0.0542902
0.0547327
0.0542923
0.0542606
0.0546508
0.0542242
0.0558326
0.0561208
0.0539507
0.054183
0.0555975
0.0539587
0.0550364
0.0547575
0.0562043
0.0552537
0.0556533
0.0542789
0.0546303
0.0552947
0.0537461
0.0549922
0.0543534
0.0539414
0.0541264
0.0562793
0.054659
0.0545634
0.0544395
0.0542684
0.0538489
0.0545791
0.0547082
0.0539233
0.0553014
0.0542421
0.0549357
0.05498
0.0548526
0.0543456
0.0554415
0.0543066
0.0546877
0.0543637
0.0540969
0.054323
0.0547002
0.0540069
0.0556157
0.054423
0.0540763
0.0539818
0.0542672
0.0548594
0.0548491
0.0597368
0.0860093
0.0745885
0.0612373
0.0682403
0.0603417
0.060936
0.0617267
0.0714816
0.0620005
0.0621032
0.0574697
0.0617142
0.0607419
0.054996
0.054373
0.055707
0.0555304
0.065818
0.062557
0.0612871
0.0686413
0.0614937
0.0618915
0.0671742
0.0639838
0.0633773
0.064021
0.067229
0.0618452
0.0618395
0.0693442
0.0566593
0.0620246
0.0655599
0.0652625
0.061898
0.0599092
0.0591975
0.0590881
0.0622326
0.0606221
0.0545492
0.0701128
0.0612724
0.0619015
0.0668411
0.0630826
0.0619366
0.0619262
0.0676117
0.0623397
0.0614576
0.069718
0.0615743
0.0607591
0.0665778
0.0643769
0.0616801
0.0629596
0.0683358
0.0614558
0.0621073
0.0699532
0.0612121
0.0600255
0.0551656
0.0618963
0.0608749
0.0575113
0.0608745
0.0622813
0.0652403
0.06129
0.0608122
0.0708108
0.0665603
0.06232
0.0695182
0.061948
0.0626581
0.0708503
0.0637176
0.0621189
0.0701976
0.0609713
0.0616303
0.0674814
0.0644355
0.0620814
0.0629337
0.0664327
0.0631496
0.0615964
0.0725947
0.0639082
0.0618105
0.0690109
0.0633043
0.0628618
0.0687515
0.0627022
0.0628119
0.0632897
0.0628745
0.0623287
0.062502
0.0695004
0.0544764
0.058581
0.055349
0.061325
0.0679461
0.0627482
0.0583339
0.0586503
0.0608165
0.0609429
0.0632724
0.0790741
0.0635974
0.062172
0.0607341
0.0585126
0.0605027
0.0576252
0.0654973
0.0672116
0.0603837
0.0559809
0.0555142
0.0586862
0.0542712
0.0617306
0.062166
0.0654908
0.0656329
0.0625009
0.0650293
0.0664404
0.0618367
0.0618424
0.069905
0.062077
0.0617549
0.0698983
0.0627438
0.0621446
0.066461
0.0648771
0.062563
0.0641842
0.0669022
0.0626084
0.0620841
0.068662
0.0625848
0.0627712
0.0702123
0.0623922
0.0620032
0.0701125
0.0622794
0.0641574
0.06995
0.0617674
0.0619269
0.0636845
0.0667174
0.0630247
0.0623077
0.0679709
0.0612329
0.0618534
0.0698981
0.0620549
0.0623982
0.0667318
0.0634601
0.0627835
0.0649873
0.0668429
0.0631643
0.0614272
0.068313
0.062511
0.0603195
0.0676902
0.0631117
0.0628675
0.0658734
0.0667093
0.0618203
0.06357
0.0664893
0.061594
0.0612825
0.0696402
0.0612539
0.0617795
0.0659975
0.0653073
0.0618766
0.0630938
0.0669231
0.0625079
0.0616624
0.0691489
0.0618862
0.061611
0.068372
0.0640515
0.0621721
0.0643242
0.0671123
0.061554
0.0617148
0.0690453
0.0613533
0.0613868
0.0689189
0.0613066
0.0600773
0.06334
0.0672212
0.0616395
0.0617601
0.0695964
0.0625254
0.0619364
0.0670036
0.0628054
0.0613373
0.0640019
0.0671302
0.0616165
0.0614051
0.0700708
0.0615929
0.0616358
0.0663714
0.0637744
0.0626345
0.0636462
0.0680403
0.0626956
0.0613014
0.0695531
0.0625718
0.0615703
0.0681419
0.0623222
0.0620272
0.0663847
0.0653572
0.0656831
0.0795694
0.0621666
0.0613224
0.0699287
0.0625106
0.0614451
0.0678772
0.0639243
0.0619606
0.0651804
0.065538
0.0617818
0.0622071
0.0681993
0.0607562
0.0623831
0.0679947
0.0617667
0.0619615
0.0660902
0.0651826
0.0622321
0.0618368
0.0688041
0.0624565
0.0619541
0.0697501
0.0634669
0.0614601
0.0679016
0.0626393
0.0617802
0.0639371
0.0668909
0.0617664
0.0612521
0.0695277
0.061225
0.0620742
0.0688436
0.0621521
0.0621094
0.0670471
0.064502
0.0632294
0.0631535
0.0671707
0.0622023
0.0616614
0.0694672
0.0619805
0.0613263
0.0674133
0.0635464
0.0608712
0.0547098
0.055845
0.0555386
0.0572678
0.0561948
0.0616909
0.0588999
0.0555921
0.0557188
0.0587361
0.0570615
0.0539291
0.0547206
0.0611279
0.0621389
0.063082
0.0617469
0.0615434
0.0690298
0.0613332
0.061386
0.0713966
0.06135
0.0626706
0.068006
0.062685
0.0623003
0.0648255
0.0658866
0.0618354
0.0626388
0.0691559
0.0621541
0.0625125
0.0697307
0.0627602
0.0617338
0.067544
0.0631813
0.0616519
0.0604719
0.0679937
0.0620165
0.0617288
0.0696412
0.0619629
0.0618558
0.0659222
0.0639098
0.061614
0.0630377
0.0676394
0.0619056
0.062364
0.0695349
0.0619383
0.0620161
0.0674553
0.0631707
0.0617549
0.0626178
0.0671322
0.0616517
0.0616036
0.0699523
