0.000802007
0.000688925
0.000772606
0.000760351
0.000768423
0.000733749
0.000755953
0.00093461
0.000610578
0.000832347
0.000762311
0.000727149
0.000668289
0.000676195
0.00063567
0.000617699
0.000723036
0.000725995
0.000722034
0.000645125
0.000638381
0.00066837
0.000804669
0.000629519
0.000662048
0.000650198
0.000603721
0.000664841
0.000613196
0.000676724
0.000630264
0.000683001
0.000623549
0.000687967
0.00076054
0.00086837
0.00073464
0.0006112
0.000682721
0.000607874
0.000753261
0.000699589
0.000649782
0.000648892
0.000626712
0.000605473
0.000668945
0.00068366
0.000811539
0.000675366
0.000601791
0.000665384
0.000834724
0.000719646
0.00109095
0.000678234
0.000737918
0.000697544
0.000654322
0.000618064
0.000664559
0.000932704
0.000684642
0.000644635
0.000741912
0.000660322
0.000669749
0.000620076
0.00068563
0.000725403
0.00063723
0.000606502
0.000604445
0.000826727
0.000731948
0.00068226
0.000744329
0.000646077
0.000763942
0.000895365
0.000740771
0.000673913
0.000619303
0.00070465
0.00115311
0.000630695
0.000622914
0.000596958
0.000602251
0.000688467
0.000717102
0.000764077
0.000617623
0.0005967
0.000645046
0.000632348
0.00062269
0.000764048
0.000711839
0.000665646
0.000677264
0.000623692
0.000615946
0.000639258
0.000656921
0.000718368
0.000630767
0.000806031
0.000672965
0.000908868
0.000894351
0.000751211
0.000958348
0.00105651
0.000914989
0.000742985
0.000609919
0.000740198
0.000666714
0.00078728
0.000662311
0.000659852
0.000741118
0.000655615
0.000699618
0.000589747
0.000673702
0.000627018
0.000609091
0.000733658
0.000662279
0.000835019
0.000712317
0.000691676
0.000605577
0.000657216
0.000611971
0.000599416
0.000715225
0.000642456
0.000699814
0.000644896
0.000633052
0.000584294
0.000618471
0.000600163
0.00069372
0.000679346
0.000751335
0.000833371
0.000598271
0.000609063
0.000755304
0.000606193
0.000625064
0.000693231
0.000624381
0.000660059
0.000795148
0.000716227
0.000630827
0.000600416
0.000606642
0.000622874
0.00075801
0.000648863
0.000959442
0.000643413
0.000591394
0.000618018
0.000597575
0.000652251
0.00059523
0.000616763
0.000673241
0.000854111
0.000707382
0.000685839
0.000619441
0.000660658
0.000626404
0.000947504
0.00061542
0.000692121
0.000607668
0.00066391
0.000661448
0.000634055
0.000612073
0.000638013
0.000808412
0.000715148
0.000691457
0.000599725
0.000639392
0.000632617
0.000697437
0.000668637
0.000853342
0.000718727
0.00067965
0.00087357
0.000616729
0.000619576
0.000802025
0.00081983
0.000908366
0.000708089
0.000652074
0.000746342
0.000686651
0.000743988
0.000653859
0.000883919
0.000993692
0.000659083
0.000631619
0.000620563
0.00066498
0.000724313
0.000643666
0.000633194
0.00059678
0.000694621
0.000635968
0.000644032
0.000973854
0.00097606
0.000996224
0.000992855
0.000742219
0.000847755
0.000774233
0.000861186
0.000620926
0.000708701
0.000838255
0.000925166
0.000939785
0.00112363
0.000915121
0.000635721
0.000651679
0.000844191
0.000655385
0.00072716
0.000593163
0.000687849
0.000814187
0.000638395
0.000759114
0.000667823
0.00078224
0.000777043
0.000883332
0.000616569
0.000643865
0.000665473
0.000682655
0.000725773
0.000672442
0.000613296
0.000613174
0.00075221
0.000597983
0.000644853
0.000633641
0.000623954
0.000603218
0.000693467
0.000622621
0.000839499
0.000792692
0.000620736
0.000639457
0.000637924
0.000621061
0.000645868
0.000713885
0.000686122
0.00063252
0.000669167
0.00062282
0.000643803
0.000774072
0.00109373
0.000764281
0.000678629
0.000853793
0.00079424
0.000626563
0.000654617
0.000677989
0.000809271
0.000845851
0.000788957
0.000689102
0.000795293
0.00091845
0.00073606
0.000645653
0.0010063
0.00083843
0.000638469
0.000681214
0.000725562
0.000724006
0.000971015
0.000777353
0.000683807
0.000635119
0.000610698
0.000658908
0.000623396
0.000631641
0.00060238
0.000751174
0.000623842
0.000669614
0.000641919
0.00065304
0.000633852
0.000677609
0.000635833
0.000796357
0.000774356
0.000773074
0.000692419
0.000621185
0.00064447
0.000630208
0.000830635
0.000722641
0.00073355
0.000638863
0.000633883
0.000636651
0.000629164
0.000675444
0.000673707
0.00062247
0.000642436
0.000668899
0.000627334
0.000652776
0.000667795
0.000675466
0.000623922
0.000664836
0.000697625
0.000701557
0.000709985
0.000688697
0.000670138
0.000728119
0.000644383
0.000617607
0.000739833
0.000703524
0.000887288
0.000603888
0.000616025
0.000635933
0.000595037
0.000594635
0.000655684
0.000659826
0.000621378
0.000608197
0.000620452
0.000682632
0.000987981
0.000706435
0.000659021
0.000689926
0.000622552
0.000606651
0.00091097
0.000771447
0.000735945
0.000659468
0.000620367
0.000817212
0.000686489
0.000682307
0.000699998
0.000606058
0.000595055
0.000667086
0.000605901
0.000639014
0.000636846
0.000637755
0.000679687
0.000630051
0.000603392
0.000697841
0.000811295
0.000648126
0.000745762
0.000622884
0.000643291
0.000756066
0.000787815
0.00071109
0.000788917
0.000815775
0.000846628
0.000724208
0.000912037
0.000611152
0.00063941
0.00067098
0.000745924
0.000649754
0.000617621
0.000624279
0.000657205
0.000829958
0.000710905
0.00102093
0.000843627
0.000864918
0.000830862
0.000740133
0.000764709
0.00076174
0.000886083
0.000624048
0.000763595
0.000617412
0.000779324
0.000740222
0.000652519
0.000613222
0.000737374
0.000611191
0.000646735
0.000682776
0.000629616
0.000617449
0.000736443
0.000652324
0.000664274
0.000704634
0.000627529
0.00073554
0.000679764
0.000630325
0.00078245
0.000762773
0.00068521
0.000626708
0.000610228
0.000665597
0.000817695
0.000628774
0.000951439
0.0006747
0.00062267
0.0006621
0.000656725
0.000648173
0.000747516
0.000781454
0.000634989
0.000650205
0.000662879
0.000624261
0.00068535
0.000687417
0.000877162
0.000904528
0.000893151
0.000630545
0.000863194
0.000972823
0.000639895
0.000618383
0.000602033
0.000840592
0.00065259
0.00071929
0.000673015
0.000596517
0.000680908
0.000642607
0.000778594
0.000766808
0.000634501
0.000624898
0.000693587
0.000792375
0.000718084
0.000741099
0.000741835
0.00075038
0.000742667
0.000883258
0.000748903
0.000816963
0.000689508
0.00077382
0.000669515
0.000648169
0.000852566
0.000980092
0.000790064
0.000625471
0.00065459
0.000662744
0.000750673
0.000642179
0.000615801
0.000653608
0.000844909
0.00105081
0.000677053
0.000817436
0.000775785
0.000880269
0.000765928
0.000668539
0.000649487
0.000891342
0.000694669
0.000684507
0.000702489
0.00063146
0.000638463
0.000685856
0.000840279
0.000650412
0.000738547
0.000650062
0.000620232
0.000618832
0.000653518
0.000669424
0.000634025
0.000701545
0.000746202
0.000827963
0.000707763
0.000732268
0.000854591
0.000684265
0.000627793
0.000686158
0.000995128
0.000670077
0.000632257
0.000662323
0.000669665
0.000660065
0.000612593
0.000637738
0.000635555
0.00061679
0.000606263
0.000657325
0.000629096
0.000614285
0.000662684
0.000659755
0.000715249
0.000886186
0.00070906
0.000645161
0.000653872
0.000758186
0.000782755
0.000610418
0.000601327
0.000665283
0.000676938
0.000675433
0.00061783
0.000677499
0.000715618
0.000665032
0.000635032
0.000653061
0.00063781
0.000617069
0.000620906
0.000675254
0.00061201
0.000650561
0.000631961
0.00096831
0.000988107
0.000722021
0.000880337
0.000821426
0.000801938
0.0007346
0.000683741
0.000989472
0.00110769
0.000713215
0.000690644
0.000829218
0.000649656
0.000616245
0.000623217
0.000616501
0.000626546
0.000642539
0.000681655
0.000623477
0.000678411
0.000651645
0.00082946
0.000695754
0.000829683
0.000803277
0.000873462
0.00074166
0.000629984
0.000664303
0.000794147
0.000657134
0.00076496
0.000685619
0.000721013
0.000650081
0.000630126
0.000833276
0.000634489
0.000613364
0.000658145
0.000647583
0.000670171
0.000622529
0.000682741
0.000634921
0.000702659
0.000677467
0.000672368
0.000681355
0.000882004
0.00096991
0.000668605
0.000629945
0.00074135
0.000642485
0.000878879
0.00071907
0.00064374
0.000644103
0.000607835
0.000620152
0.000607309
0.000617983
0.000625959
0.000619081
0.000690297
0.00068882
0.000593756
0.00075417
0.000633017
0.000818501
0.000812965
0.000937621
0.000767902
0.000682576
0.000633547
0.000736561
0.000708377
0.000634695
0.00068733
0.000802018
0.000865606
0.000671842
0.000631398
0.000624447
0.000611295
0.000657624
0.000632099
0.000607121
0.000657167
0.000627168
0.000603904
0.000621388
0.000684706
0.000645192
0.00062651
0.000652495
0.000654924
0.000656004
0.000985341
0.000900282
0.000945419
0.000736214
0.000796196
0.00069978
0.000912493
0.000630973
0.000681753
0.000606243
0.000712673
0.000693503
0.000613541
0.000669763
0.000648368
0.000636996
0.000619238
0.000642328
0.000681175
0.000718229
0.000637206
0.000612747
0.000648197
0.000687806
0.000630149
0.000785682
0.000636992
0.000712827
0.000632719
0.000628274
0.000631468
0.000639958
0.000636204
0.000625196
0.00063544
0.000650749
0.000615763
0.000596334
0.000610993
0.000606527
0.000626824
0.000618485
0.000681758
0.000625567
0.00062853
0.000647437
0.000628545
0.000644539
0.000609869
0.000681561
0.000606582
0.000680361
0.000721962
0.000640542
0.000721221
0.00071577
0.000623599
0.000622581
0.000918211
0.000809039
0.000632429
0.000668967
0.000606563
0.000802929
0.000893613
0.00101049
0.000689539
0.000633696
0.00074649
0.00072524
0.000639119
0.000848499
0.000765172
0.000899565
0.000821693
0.000959369
0.000869659
0.0011493
0.000814359
0.000661254
0.000707661
0.000645472
0.000680381
0.000666523
0.000695313
0.000624033
0.000626746
0.000767566
0.000618159
0.000612922
0.000803365
0.000650362
0.001003
0.000815376
0.00065502
0.000765646
0.000673366
0.000910617
0.000834658
0.000721689
0.000691885
0.000606932
0.000736408
0.000614678
0.000703923
0.000643752
0.000686001
0.000631427
0.000625464
0.000660918
0.000607298
0.000645927
0.00059196
0.000621359
0.000676141
0.000655426
0.00065123
0.000623948
0.000710089
0.000720105
0.000679561
0.000722359
0.000652444
0.000791463
0.000685994
0.000817056
0.000758499
0.000674148
0.000708414
0.000690242
0.000703989
0.000615202
0.000633725
0.000635608
0.000626346
0.000603394
0.000639161
0.000659806
0.000631059
0.000633609
0.000634147
0.000702904
0.000696093
0.000680822
0.000751602
0.000620637
0.000696169
0.000597583
0.000615129
0.000713394
0.000608296
0.000607635
0.000686746
0.000647823
0.000697914
0.000698612
0.000633141
0.000685945
0.000637513
0.000623374
0.000709029
0.000658226
0.000670296
0.000765892
0.000635091
0.000650568
0.000629969
0.000687279
0.000741049
0.000728943
0.000770302
0.000726545
0.000643725
0.000657952
0.000685485
0.000669178
0.000601214
0.000637499
0.000694458
0.000664494
0.000676485
0.000697789
0.000647724
0.000735835
0.000656932
0.000622409
0.000593012
0.000646503
0.000590417
0.000614659
0.000773822
0.0006099
0.000642802
0.000671688
0.000619171
0.000638159
0.000692746
0.00062182
0.000651705
0.000595971
0.000607246
0.000679152
0.000870617
0.000641321
0.000687166
0.000651809
0.000668688
0.000661099
0.000647349
0.000652114
0.000651609
0.000648886
0.000618704
0.000622755
0.000830392
0.000713047
0.000621753
0.00060866
0.000643451
0.000616491
0.000628014
0.000691408
0.000723783
0.000707273
0.000670725
0.00065627
0.000641104
0.000716044
0.000653334
0.000605764
0.000688792
0.000700034
0.000622189
0.000641544
0.000588978
0.000676288
0.000625964
0.000702468
0.000657996
0.000627099
0.000627161
0.000614336
0.000602245
0.000610952
0.000632403
0.000594141
0.000625768
0.000606481
0.000735283
0.000681606
0.000696407
0.000623619
0.000609053
0.000626107
0.000605358
0.000812495
0.000610468
0.000819513
0.000699167
0.000617589
0.000611593
0.000691435
0.000766185
0.000617067
0.000613567
0.000629913
0.000647125
0.000620805
0.000639219
0.000748527
0.000692195
0.000786613
0.000706169
0.0008737
0.000708908
0.000603233
0.000633466
0.000688229
0.000650718
0.000722884
0.000627876
0.000760205
0.000645213
0.000776621
0.000696618
0.000665455
0.000644841
0.000625702
0.000635464
0.000634297
0.000629223
0.000617978
0.000601166
0.000626452
0.000641086
0.000665232
0.00064199
0.000630261
0.000611266
0.000658477
0.000664685
0.000669054
0.0006359
0.000627227
0.000866478
0.000716295
0.000977934
0.00107381
0.000678504
0.000662852
0.000686067
0.000743734
0.0007633
0.000710595
0.000641943
0.000657513
0.000600727
0.000609338
0.000607914
0.00060903
0.000647343
0.000840692
0.000670126
0.000638199
0.000632336
0.000635107
0.000668631
0.000637991
0.000660517
0.000619531
0.000624595
0.000745031
0.000590661
0.000723834
0.000666961
0.000665448
0.000704504
0.000728328
0.000706902
0.000795063
0.000639962
0.000693237
0.000860809
0.000810139
0.000705673
0.00119375
0.000674742
0.000670303
0.000602126
0.000652173
0.000689548
0.000667667
0.000720306
0.000664061
0.000660062
0.000813655
0.000679925
0.000639351
0.000822423
0.000661003
0.000626143
0.000626106
0.000622092
0.000641914
0.000659845
0.000607056
0.000616599
0.000620817
0.000597403
0.000643278
0.000656545
0.000675955
0.000679194
0.000806617
0.000635688
0.00060153
0.000659893
0.000652175
0.000606602
0.000729138
0.000596116
0.000635931
0.000811191
0.000652329
0.000625166
0.000779473
0.000831575
0.00068606
0.000602287
0.000635058
0.000675471
0.000689663
0.000611878
0.000627711
0.000618305
0.000622159
0.000659071
0.000635929
0.000641558
0.000663781
0.000658105
0.000615461
0.000798332
0.000616664
0.00063825
0.000617814
0.000614965
0.000607124
0.000824078
0.000682994
0.000668379
0.000696746
0.000681883
0.000608743
0.000629133
0.000636953
0.000677549
0.000674838
0.000626227
0.000664804
0.000625791
0.000629098
0.000618393
0.000626873
0.000645769
0.000707945
0.000746818
0.000617121
0.000731122
0.000629541
0.000632026
0.00064017
0.000638605
0.000606502
0.000625406
0.000717801
0.000719351
0.000746104
0.000695628
0.000664483
0.000673831
0.000704639
0.000673186
0.000704818
0.000613445
0.000704221
0.000622163
0.000635978
0.000657623
0.00063456
0.000605617
0.000708301
0.000721996
0.000665146
0.000737486
0.000668472
0.000636206
0.000685894
0.000595481
0.000657888
0.000666847
0.000799127
0.00070288
0.000640121
0.000640474
0.000662234
0.000623461
0.000690624
0.000647152
0.000786558
0.000608294
0.000669444
0.000714003
0.000614359
0.000704117
0.000650596
0.000596052
0.000697559
0.000687064
0.000609056
0.000623638
0.000603
0.00069405
0.000608703
0.000624817
0.000672574
0.000742946
0.000605475
0.000783586
0.000624337
0.000672704
0.000779893
0.000679893
0.00059647
0.000614161
0.000631392
0.000698652
0.000675399
0.000644626
0.000602047
0.000616842
0.000628557
0.000773752
0.0007077
0.000625865
0.000624759
0.000597928
0.000621307
0.000655175
0.000642083
0.000622935
0.00062317
0.000617088
0.000651668
0.000775381
0.000676314
0.000609204
0.000608241
0.000712995
0.000722934
0.000640438
0.000647439
0.000627502
0.000792331
0.000650074
0.000768499
0.000619316
0.000638351
0.000649809
0.000611908
0.000607968
0.000728285
0.000709997
0.000658561
0.000638288
0.000644446
0.000602396
0.000872025
0.00062486
0.000636688
0.000779132
0.000722307
0.000712772
0.000661459
0.000692853
0.000789868
0.000626843
0.000658761
0.000634897
0.000670715
0.000708475
0.000635895
0.000668324
0.00069881
0.000645464
0.000644262
0.000712495
0.000610662
0.000728877
0.000662488
0.000603963
0.000616353
0.000632684
0.000647513
0.000592501
0.000668599
0.000655676
0.000826241
0.000617519
0.000774969
0.000977554
0.000751463
0.000785114
0.000625767
0.000603063
0.000602416
0.000659311
0.000640907
0.0007774
0.000621127
0.000611291
0.000652011
0.000761413
0.000685205
0.000656597
0.00062079
0.000675033
0.000606945
0.000634783
0.000625245
0.000644076
0.000671894
0.000675699
0.00076296
0.000619293
0.000628463
0.000688748
0.00061266
0.000672247
0.000656107
0.000612011
0.000688868
0.000683623
0.00068213
0.000615994
0.000599523
0.000618664
0.000616562
0.000805271
0.000712225
0.000633127
0.000618643
0.000630583
0.000610265
0.000612063
0.000604619
0.00064156
0.000692931
0.000633745
0.00063198
0.000672776
0.000705327
0.000776155
0.000714093
0.000728465
0.000712764
0.000591815
0.000615397
0.00060787
0.00064701
0.000682642
0.000695032
0.000672806
0.000689578
0.000753343
0.000670867
0.000646273
0.000599303
0.000615137
0.000640169
0.000614383
0.000631133
0.000662069
0.000605732
0.000589294
0.000610379
0.000622938
0.000619322
0.000841703
0.000786934
0.00072044
0.00067525
0.000622378
0.000670387
0.000717194
0.000631102
0.000623795
0.000594989
0.000672779
0.00067257
0.000696211
0.000717949
0.000655405
0.000695306
0.000725552
0.000626328
0.00060399
0.000641388
0.000692295
0.000737217
0.00062736
0.000710791
0.00087577
0.00061721
0.000664095
0.000643776
0.000633742
0.000620426
0.000601084
0.000662
0.00065727
0.000643633
0.000598476
0.000657705
0.000703058
0.000633358
0.0010002
0.00061564
0.00061718
0.000647759
0.000710136
0.000689934
0.000606008
0.000641259
0.000618798
0.000600177
0.00063654
0.000656596
0.000622495
0.000720979
0.000667564
0.000863997
0.000663293
0.000645985
0.00061235
0.000627404
0.000613783
0.000594378
0.000661179
0.000591329
0.00065805
0.000675472
0.000754286
0.000656218
0.000633794
0.000697835
0.000794969
0.000644524
0.000619302
0.000628121
0.000715095
0.000636249
0.000650851
0.000673991
0.000618045
0.000599553
0.00071409
0.000630115
0.000595862
0.000690864
0.000783875
0.000638015
0.000605496
0.000642935
0.000613565
0.00066114
0.000784218
0.000626026
0.000830871
0.0006256
0.000744114
0.00111444
0.000912072
0.000702646
0.000595705
0.000659916
0.000750824
0.000710821
0.000722155
0.000594479
0.000722274
0.000629131
0.000764751
0.000610578
0.000618306
0.000631854
0.000600396
0.000637
0.000625188
0.000634921
0.000619702
0.000646048
0.000591394
0.000668868
0.000612608
0.000653448
0.000741269
0.000739945
0.0006441
0.000658976
0.000622624
0.000905087
0.000639438
0.000643556
0.000637905
0.000712328
0.000654906
0.00065678
0.000735092
0.000626894
0.000609984
0.00060974
0.000634624
0.000685936
0.000667327
0.000608924
0.000644745
0.000625521
0.000601802
0.000771528
0.000649653
0.000645338
0.000716825
0.000857683
0.000624528
0.000635225
0.000630053
0.000843115
0.00065469
0.00067584
0.000690835
0.000627858
0.000715271
0.000643584
0.000690535
0.000637888
0.000684922
0.000634875
0.000595259
0.000609887
0.000623592
0.000777229
0.000651886
0.000637479
0.000629015
0.000665992
0.000632001
0.000833977
0.000834305
0.000682173
0.000610344
0.000653171
0.000610497
0.000736066
0.000657274
0.000685923
0.000628119
0.000606626
0.00064601
0.00073067
0.000651791
0.000660657
0.000622206
0.000660445
0.000654417
0.000624071
0.00060315
0.000613027
0.000666053
0.000617822
0.00067301
0.000781396
0.000694837
0.000780847
0.000640703
0.000755798
0.000684817
0.000621103
0.000620796
0.000640151
0.000622406
0.000732093
0.00061723
0.000634006
0.000577873
0.000611858
0.000622243
0.000691461
0.000642631
0.000600912
0.000615971
0.000647348
0.000610587
0.000644787
0.000616527
0.000661362
0.000618186
0.000755908
0.000742117
0.000673399
0.000773858
0.000998558
0.000617029
0.000621512
0.000720167
0.000613478
0.000649633
0.000628093
0.000666747
0.000596858
0.000702414
0.000628251
0.000668632
0.000946577
0.000697512
0.000670887
0.000809283
0.000622382
0.000603092
0.000814684
0.000612015
0.000626917
0.000759239
0.000743265
0.000707675
0.000871956
0.000700614
0.000639832
0.000685151
0.000717645
0.000629046
0.000697876
0.000655138
0.000658851
0.000684732
0.000707256
0.000588101
0.000627842
0.000635679
0.000718485
0.000630223
0.000584179
0.000622782
0.000591483
0.000626711
0.000639477
0.000674592
0.000847291
0.000634308
0.000790593
0.000814021
0.000664753
0.000618134
0.000612145
0.000618338
0.000917673
0.000623362
0.000682567
0.000672487
0.000606676
0.000659123
0.000679975
0.000812506
0.000679899
0.000667967
0.00070391
0.000652032
0.000630524
0.00081412
0.000617376
0.0008015
0.000588597
0.000797431
0.000618605
0.000635444
0.000674466
0.000695898
0.00086573
0.000589459
0.000751064
0.000862198
0.000702364
0.00091909
0.000634112
0.000739553
0.000640523
0.000609283
0.000633196
0.000730266
0.000897983
0.000824204
0.000723047
0.000637734
0.000627153
0.000738236
0.000666208
0.000874002
0.000626943
0.000789843
0.000694007
0.000690095
0.000648145
0.000633667
0.000910937
0.00077057
0.000930749
0.000728994
0.000693636
0.000654578
0.000610158
0.00060932
0.000773128
0.000632836
0.00111385
0.000712532
0.00064182
0.00063949
0.000924915
0.000698967
0.000849032
0.000925869
0.00158262
0.000680644
0.00102201
0.000660976
0.000713088
0.000598355
0.000641464
0.000838212
0.000650232
0.000637342
0.000755091
0.000628956
0.000676085
0.000642074
0.000704214
0.000779849
0.000644829
0.000661503
0.000793239
0.000677493
0.000654368
0.000633582
0.000675477
0.000714747
0.000697332
0.000960098
0.000727524
0.000674575
0.000625684
0.000613138
0.00076037
0.000680169
0.000642544
0.000721873
0.000678245
0.000751821
0.000632012
0.000693647
0.000721173
0.000639653
0.00066033
0.000612646
0.000654538
0.000679841
0.000697275
0.000692006
0.00102429
0.00101529
0.0007265
0.000592137
0.000609676
0.000626339
0.000820373
0.000662736
0.000672243
0.000634218
0.000636915
0.000629957
0.000717432
0.000621542
0.000602453
0.000607245
0.00123204
0.000801675
0.000652318
0.00069438
0.00105362
0.000642611
0.000856708
0.00064065
0.00102545
0.000684873
0.000849504
0.000771261
0.000653176
0.000986976
0.000674378
0.000584257
0.000644783
0.000654258
0.000635191
0.000686589
0.000651321
0.000633405
0.000703315
0.000645749
0.000648364
0.000643675
0.000616233
0.000662332
0.000773653
0.00082896
0.000732717
0.000617829
0.000624348
0.000669632
0.000715765
0.00058941
0.00061113
0.000796288
0.00067355
0.000694354
0.000724307
0.000700731
0.000642142
0.000695577
0.000648264
0.000709159
0.000602679
0.000610592
0.000613603
0.000742155
0.000629649
0.000689144
0.000625385
0.000621738
0.000599832
0.000793447
0.00072336
0.00100791
0.000877244
0.000733464
0.000612286
0.000672391
0.000760551
0.000642183
0.000822943
0.000849941
0.000626289
0.000732249
0.000621139
0.000615416
0.000652531
0.000689684
0.000626252
0.000788228
0.00069824
0.000732412
0.000642638
0.00087888
0.000646292
0.000620147
0.000621439
0.000609155
0.000715635
0.000759693
0.000756772
0.000612422
0.000664025
0.000651106
0.000833074
0.000682214
0.000765772
0.000703485
0.000607211
0.000851276
0.000811359
0.000764759
0.000717576
0.000622613
0.000625242
0.000706082
0.000634414
0.000614948
0.000732269
0.00062871
0.000643756
0.000691151
0.000615013
0.00105548
0.000784589
0.0006233
0.0006315
0.000640065
0.000652138
0.000643216
0.000819799
0.000740615
0.000616016
0.000786137
0.000665108
0.00064867
0.000619782
0.000620775
0.0006205
0.000854806
0.000934339
0.000726564
0.000835022
0.000640651
0.000730257
0.000671244
0.00065741
0.000642243
0.000632208
0.000711671
0.000653036
0.000624419
0.000761943
0.000627598
0.000669457
0.000734312
0.000695558
0.00070866
0.000624321
0.000622221
0.000677495
0.000640189
0.000628352
0.000638571
0.000642731
0.000684448
0.000729071
0.000755011
0.00063294
0.00061867
0.000727952
0.000671291
0.000863533
0.00085756
0.000835525
0.000749977
0.000737165
0.000706265
0.000649159
0.000640025
0.000645302
0.000807965
0.000681553
0.000669151
0.000630155
0.000633053
0.000829318
0.000661089
0.000622388
0.000713346
0.000703318
0.000737019
0.000647523
0.000718559
0.000715936
0.000613026
0.000863395
0.000663319
0.000635708
0.000624118
0.000641236
0.00082451
0.000623175
0.000685061
0.000810376
0.000637234
0.000661693
0.000617202
0.000624833
0.000571362
0.000728176
0.0006345
0.000601591
0.000822012
0.000630294
0.000680417
0.000675019
0.000628884
0.000625558
0.000732215
0.000649358
0.000787472
0.000703884
0.000713831
0.000620431
0.000651607
0.000744928
0.000689513
0.000926042
0.000659813
0.000616535
0.00070315
0.000626405
0.000638077
0.000759163
0.000793419
0.000892421
0.000902034
0.000884227
0.000896754
0.000723694
0.000900324
0.000701836
0.000881794
0.000661259
0.000692698
0.000645868
0.000628827
0.000671139
0.000997987
0.000700503
0.000762588
0.000759623
0.000613868
0.000707646
0.000642258
0.000644198
0.000646567
0.000606939
0.000634495
0.000613688
0.00063216
0.000650185
0.000629381
0.000638205
0.000774259
0.000636385
0.000741369
0.000618355
0.000658159
0.000748782
0.000609796
0.000605911
0.00061332
0.000669083
0.000723909
0.000641127
0.00060955
0.000626793
0.000642977
0.000737066
0.000762458
0.000745937
0.000677771
0.000630449
0.000630441
0.000636877
0.00060081
0.000632152
0.0006219
0.000833993
0.000642144
0.00064413
0.000625532
0.000689168
0.000779119
0.000662365
0.000680981
0.000607724
0.000619509
0.000766815
0.000633934
0.000643759
0.00070616
0.000650906
0.000624853
0.000699426
0.000619858
0.000589888
0.000610194
0.000623673
0.000605743
0.000730835
0.000617194
0.000636244
0.000616833
0.000698889
0.000807229
0.000820968
0.000793992
0.000610628
0.000751162
0.000727486
0.000695798
0.00068003
0.000611303
0.000851773
0.000807879
0.000744141
0.000627235
0.000734645
0.000673693
0.000640997
0.000605231
0.000638305
0.000677721
0.000637354
0.000623321
0.000621306
0.000622393
0.000685064
0.000666595
0.000676492
0.000709007
0.000735882
0.000721917
0.000681246
0.000896269
0.000775344
0.000652247
0.000604194
0.000662451
0.000669893
0.000646067
0.000646715
0.000683676
0.000612598
0.000655061
0.000627954
0.000629791
0.000627011
0.000629094
0.000743566
0.000617032
0.000797192
0.000625717
0.000638597
0.000666538
0.000711414
0.000901092
0.000704809
0.000641573
0.000661246
0.00075392
0.000640015
0.000651417
0.000617994
0.000891496
0.000731045
0.00122415
0.000787862
0.000731618
0.000693378
0.000664958
0.000675272
0.000657949
0.000648326
0.000746488
0.000748645
0.000640919
0.000691109
0.000615198
0.000714824
0.00063627
0.000797053
0.000635713
0.000644576
0.000754019
0.000663746
0.000668654
0.000683592
0.000627952
0.000767755
0.000715583
0.000663971
0.000762761
0.000653106
0.000704971
0.000617426
0.000677877
0.00067256
0.000610464
0.000803224
0.000616325
0.000606161
0.000610169
0.000626323
0.000749942
0.00074328
0.000616014
0.000759658
0.000762861
0.000636765
0.000615224
0.000770566
0.000649813
0.00064587
0.000637698
0.000734106
0.000639934
0.000817656
0.000749164
0.000615732
0.000669006
0.000639722
0.000619528
0.000616348
0.000699297
0.000645793
0.000609921
0.000670758
0.000634009
0.000618928
0.000660175
0.000641035
0.000813742
0.000651715
0.000659328
0.000760981
0.000752777
0.000696315
0.000670812
0.000665887
0.000621082
0.000607598
0.000651062
0.000699617
0.00065119
0.000615117
0.000656951
0.000652688
0.000660801
0.000633296
0.000664874
0.000667679
0.000625851
0.000590814
0.000625167
0.000626599
0.00061703
0.000646503
0.000792689
0.000634749
0.000751868
0.000619704
0.000637188
0.00078429
0.000783915
0.000691788
0.000620618
0.00059277
0.00062383
0.000629115
0.000702154
0.000615665
0.000626632
0.000603445
0.000640846
0.000638095
0.000653053
0.000674701
0.000640005
0.000656291
0.000637946
0.000611606
0.000780493
0.000665323
0.000666822
0.000686325
0.000620419
0.000684136
0.000785924
0.000686612
0.000615206
0.000665208
0.000610447
0.000627562
0.000650049
0.000597816
0.000775952
0.00060933
0.000785257
0.000660227
0.000638893
0.000626361
0.000620739
0.000614059
0.000613728
0.000600771
0.000593839
0.000647423
0.000627601
0.000636662
0.000630926
0.000710368
0.000629899
0.000594043
0.000815811
0.000669218
0.00068219
0.000628459
0.000625505
0.000645892
0.000633987
0.000826786
0.000691454
0.00068527
0.000663939
0.000594943
0.00059372
0.000620455
0.000619728
0.000633631
0.000632495
0.000604408
0.000598974
0.000614432
0.000612789
0.000683253
0.000638856
0.000620127
0.000642633
0.000736582
0.000967244
0.000887807
0.000803319
0.000840917
0.000830433
0.000641488
0.000638529
0.000864044
0.000877616
0.000801756
0.000682503
0.000714534
0.000640732
0.00067686
0.00073627
0.000631388
0.000624374
0.00068252
0.000653265
0.000668838
0.000615206
0.000914742
0.000718383
0.000777257
0.000796054
0.000695109
0.000641038
0.000721381
0.000707459
0.000605584
0.000641846
0.000687534
0.000654486
0.000689239
0.000601955
0.000651113
0.000616416
0.000612813
0.000605969
0.000638317
0.000659447
0.000700942
0.000617554
0.000610317
0.000681659
0.000722534
0.000757592
0.000723475
0.000627561
0.000722722
0.000928333
0.000783993
0.000656169
0.000801199
0.000636817
0.000727119
0.000686286
0.000871817
0.000622017
0.00061142
0.000653587
0.000625635
0.00061335
0.000606241
0.000640892
0.000746578
0.00065442
0.000642995
0.000627218
0.000663465
0.000621586
0.000744892
0.000700729
0.00064071
0.000740665
0.000811507
0.000645556
0.000820722
0.000797919
0.00066892
0.000606166
0.000692126
0.000748376
0.000709396
0.000703244
0.00074494
0.000640434
0.000693263
0.000627289
0.000691598
0.000627242
0.000680798
0.000583859
0.000644594
0.000744107
0.00064105
0.000728909
0.000683054
0.00067031
0.000695483
0.000714217
0.000664259
0.000844292
0.000812957
0.000648584
0.00064922
0.000697062
0.000749306
0.000624213
0.000680188
0.000605917
0.000594321
0.000615694
0.000613026
0.000618603
0.000594035
0.000643904
0.000619516
0.000599479
0.000761207
0.00079581
0.000624701
0.000665973
0.00060121
0.000684932
0.000707328
0.000648667
0.000607563
0.000622715
0.000635784
0.000778805
0.000653131
0.000657467
0.000834776
0.000703161
0.000606107
0.00063657
0.000660118
0.000582953
0.000608362
0.00060593
0.00061872
0.000638999
0.000646755
0.000640285
0.000620119
0.000655224
0.000674759
0.0006142
0.000658203
0.00063931
0.000619409
0.000620608
0.00074204
0.000692242
0.000702323
0.000742653
0.000604981
0.000613917
0.000734725
0.000687938
0.000642519
0.000705504
0.000617685
0.000633905
0.000613535
0.0006277
0.000617499
0.000597508
0.00059809
0.000603473
0.000651973
0.000699562
0.000755419
0.000654174
0.000622988
0.000641816
0.000593726
0.000724509
0.000731092
0.00092109
0.00074648
0.000742047
0.000663524
0.000692488
0.000637354
0.000613646
0.000758775
0.000837376
0.000625688
0.00073879
0.000664575
0.00080016
0.000660236
0.00107289
0.000840052
0.00105032
0.000736164
0.000941683
0.00106517
0.00102032
0.000774915
0.000869314
0.000826498
0.00083813
0.000765338
0.000902732
0.00105382
0.000722965
0.000655393
0.0006948
0.000696642
0.00103972
0.00102844
0.00100115
0.000639757
0.000956878
0.0006583
0.000690678
0.000986278
0.000909569
0.00089693
0.000761942
0.00105412
0.000668447
0.000674572
0.000963303
0.000833338
0.000820444
0.000671321
0.000685342
0.000604572
0.0007228
0.000601664
0.000617561
0.000897665
0.00072931
0.000768426
0.000952502
0.000696317
0.000650699
0.000715994
0.00100549
0.000842605
0.00085971
0.00093341
0.000931804
0.000837441
0.000704337
0.000737203
0.000832348
0.000926196
0.000758239
0.000618009
0.000630268
0.000658573
0.000907359
0.000826545
0.00115415
0.00105603
0.00071259
0.00101753
0.00105847
0.00105523
0.00105156
0.000736259
0.000690137
0.000702476
0.000683387
0.000638353
0.0006302
0.000639033
0.000650322
0.000886899
0.000645255
0.000714998
0.00135292
0.00101594
0.000940405
0.000916658
0.00102226
0.000946519
0.00106952
0.00116318
0.00131017
0.00114041
0.00109243
0.000731723
0.000696874
0.000906115
0.000845364
0.00062169
0.000886822
0.000604908
0.000699198
0.000638601
0.000811778
0.000674179
0.000711012
0.000747144
0.000816743
0.000909327
0.000637197
0.000946314
0.000654562
0.000603379
0.000672926
0.000640507
0.000767211
0.000937225
0.000705125
0.000653892
0.000661824
0.000673237
0.000709007
0.000862108
0.000916725
0.000707476
0.000613542
0.000824767
0.000606999
0.000668726
0.000786312
0.000724005
0.000693519
0.00065828
0.000816259
0.000785461
0.000753496
0.000629888
0.000653849
0.000645466
0.000664601
0.000657077
0.000734154
0.000625052
0.000650855
0.0006063
0.000639087
0.000763099
0.000629993
0.000668423
0.000613741
0.000654413
0.000658647
0.000915315
0.000649587
0.000753296
0.00077073
0.000834209
0.00241526
0.000828607
0.00106014
0.00117071
0.000907424
0.0010363
0.000748172
0.00062822
0.000763021
0.000997656
0.000847343
0.000925567
0.000646151
0.00068948
0.000663894
0.00113565
0.00113548
0.000829562
0.00106856
0.00109646
0.000657591
0.00076375
0.000977976
0.00116063
0.00103471
0.00102965
0.00116368
0.000807833
0.000987049
0.0008267
0.000652148
0.000634222
0.000617066
0.00116465
0.000734284
0.000880758
0.000647984
0.000933526
0.000625069
0.000650227
0.000699349
0.00101967
0.00103469
0.000685029
0.000626769
0.000673538
0.000681398
0.000811879
0.000722779
0.000641163
0.000742262
0.00063102
0.000762689
0.000635015
0.000652128
0.000681058
0.000952908
0.000893438
0.000718651
0.00117845
0.000677249
0.000718778
0.000690226
0.000856802
0.000697095
0.00068112
0.000719409
0.000625546
0.000926528
0.000860393
0.000970477
0.000857491
0.000778462
0.000869876
0.000643459
0.000688157
0.00060451
0.000601022
0.00063391
0.000701334
0.000720455
0.000667217
0.00103865
0.000642167
0.00071375
0.000854493
0.000994941
0.00102061
0.000800263
0.000800087
0.00080386
0.00087687
0.000755349
0.00105757
0.00061865
0.000696884
0.000606232
0.000635526
0.000647904
0.000662874
0.000701974
0.00082613
0.000677405
0.00068351
0.00067191
0.000670984
0.000684857
0.000632841
0.000720146
0.00065855
0.000608078
0.000633502
0.00066666
0.000926494
0.000758807
0.000888456
0.000647433
0.000702824
0.000672388
0.000698933
0.000625261
0.000677769
0.000734646
0.000858641
0.000717415
0.000733171
0.000713796
0.000853904
0.00111214
0.000612104
0.0006268
0.000625501
0.000617253
0.000657389
0.000662939
0.000667679
0.000637847
0.000979491
0.000661983
0.000758864
0.000740847
0.000614451
0.00067246
0.000654844
0.000660476
0.00061237
0.000607836
0.000608265
0.000632471
0.000602483
0.000783336
0.00062857
0.000621908
0.0006516
0.00064009
0.000628052
0.000614799
0.000841978
0.000826964
0.000791732
0.000768286
0.000654269
0.000642336
0.000634397
0.000783401
0.000619548
0.000790213
0.000619838
0.000624921
0.00063013
0.000632527
0.000634697
0.000610814
0.000711756
0.000768163
0.00064048
0.000780271
0.000669758
0.00071016
0.000674387
0.000599673
0.000603129
0.000729793
0.000709378
0.000612829
0.000642554
0.000598412
0.000618473
0.00064928
0.000721749
0.000687534
0.000648532
0.00071593
0.000621126
0.000606061
0.000622414
0.000675103
0.000639475
0.000621006
0.000639703
0.000603115
0.000689556
0.00080173
0.000711839
0.000605971
0.000860134
0.000641821
0.000625664
0.000709857
0.000739676
0.000603521
0.000661256
0.000612992
0.000842007
0.00061781
0.000628174
0.000655181
0.000626332
0.000698035
0.000668791
0.000610062
0.000580111
0.000595354
0.000595467
0.000613212
0.000618853
0.000636394
0.000811416
0.000721972
0.000945812
0.00068387
0.000853696
0.000816898
0.000608203
0.000639607
0.000655291
0.000670371
0.000638061
0.000641527
0.000674575
0.000622922
0.000840815
0.000706266
0.000884357
0.000646635
0.00064118
0.000634252
0.000640006
0.000587735
0.000589008
0.000627087
0.000622868
0.000668388
0.000584223
0.000792264
0.000694594
0.000614334
0.000663565
0.000647995
0.00062695
0.000649105
0.000660218
0.000628347
0.000679826
0.000619438
0.000642777
0.000637896
0.000704856
0.000659564
0.000670602
0.000651691
0.000600639
0.000797088
0.000753121
0.000622674
0.000785001
0.000632355
0.000643515
0.000731071
0.000695062
0.000766681
0.000712549
0.000684642
0.000673001
0.000624649
0.000614759
0.000648111
0.00066476
0.000617226
0.000673748
0.000740963
0.000739031
0.00065158
0.000632763
0.000595756
0.000651045
0.000609773
0.000644095
0.000705922
0.000725762
0.000762293
0.000666586
0.000614117
0.000612731
0.000686411
0.000811789
0.000771373
0.000659684
0.000667257
0.000659822
0.000827128
0.000685051
0.000670012
0.000697993
0.00065147
0.000620118
0.000652211
0.000727264
0.000634108
0.000601789
0.000672886
0.00093959
0.000671835
0.000632341
0.000622156
0.000610873
0.000683512
0.000745085
0.000913119
0.000669164
0.000720163
0.000713721
0.000644935
0.000625582
0.000627627
0.000652084
0.000624246
0.000604188
0.000622249
0.000619443
0.000665401
0.000753125
0.000609039
0.000631258
0.00070449
0.000810493
0.00069718
0.000649694
0.000646339
0.000604791
0.0006726
0.000844009
0.000700617
0.000627646
0.000750651
0.000684899
0.000810347
0.000897679
0.000608178
0.000625067
0.00062258
0.000612127
0.000633692
0.000646225
0.000618541
0.00065813
0.000974585
0.000633493
0.000888192
0.000620024
0.000664061
0.000686373
0.000818183
0.000685392
0.00063044
0.000689127
0.000655993
0.0005967
0.000588636
0.00071997
0.000661999
0.000702248
0.000679779
0.00059949
0.000629441
0.00064271
0.000632874
0.000672228
0.000632021
0.000658798
0.000596595
0.000602588
0.000630577
0.000605835
0.000666772
0.00062797
0.000634329
0.00070896
0.000681514
0.000638157
0.000619586
0.000624852
0.000645404
0.000672459
0.000655073
0.000629469
0.000682128
0.000629731
0.000846047
0.000627999
0.000601126
0.000676764
0.000630397
0.000672463
0.00061177
0.000674844
0.000723616
0.000612276
0.000661056
0.000610122
0.000593527
0.000629179
0.000843325
0.000718728
0.000684909
0.00061089
0.000703878
0.000632541
0.000869075
0.000680507
0.000737832
0.000783126
0.000646711
0.000837419
0.000760422
0.000661856
0.000790557
0.000640164
0.000756592
0.000712687
0.000672634
0.00082991
0.000894215
0.000954869
0.00127237
0.000634353
0.00100402
0.000972992
0.000821744
0.000747604
0.00067415
0.0037556
0.0395086
0.000948582
0.000706015
0.0011033
0.000968927
0.000686235
0.00547966
0.000896389
0.00197966
0.00128226
0.000846524
0.00101376
0.000661628
0.000758026
0.0010953
0.000659672
0.000630044
0.000716593
0.000785183
0.000636572
0.000620538
0.00079905
0.000798015
0.000741337
0.000851123
0.000756134
0.00085996
0.000755788
0.000724063
0.00104013
0.000697601
0.000614912
0.000908018
0.000816923
0.000613532
0.000654033
0.000972143
0.000690786
0.000632315
0.000717913
0.000743751
0.00080308
0.000781711
0.000602666
0.000776517
0.000700239
0.000700205
0.000660501
0.000743679
0.000732277
0.000679524
0.00064386
0.000783639
0.000703573
0.000731005
0.000636225
0.000707598
0.000746935
0.000616202
0.000658096
0.000652468
0.000686042
0.000650045
0.000633722
0.000656068
0.000644528
0.000604366
0.000600584
0.000678682
0.000794534
0.000638641
0.000675807
0.000651875
0.000661528
0.000668362
0.000804664
0.00075605
0.000614887
0.000647222
0.000650688
0.000667732
0.000620746
0.000648502
0.000784197
0.000617032
0.000611171
0.000622627
0.000692348
0.000678119
0.000631311
0.000670171
0.000903179
0.000698723
0.00061902
0.000603094
0.000637155
0.000660009
0.000750213
0.00060784
0.000734764
0.000883171
0.000638603
0.00070248
0.0006616
0.000688269
0.000685105
0.000759806
0.000814278
0.000656351
0.00066835
0.000610621
0.000617222
0.000814535
0.000619228
0.000676957
0.000616308
0.000695025
0.000644166
0.000621511
0.000612415
0.000643837
0.000798446
0.000804675
0.000687752
0.000763831
0.000824735
0.000659431
0.000624517
0.000625459
0.000714011
0.000631441
0.000681251
0.000633428
0.000723776
0.000658891
0.000690843
0.000679072
0.00082429
0.0010484
0.000676865
0.000634797
0.000652403
0.00068481
0.000632602
0.000635803
0.000628614
0.00075178
0.000661988
0.000860944
0.000768001
0.000750529
0.000604545
0.000630046
0.000633623
0.000653857
0.000689551
0.000716467
0.000720177
0.000738927
0.000603437
0.000642476
0.00061894
0.000725365
0.000633623
0.000660398
0.00066304
0.000692849
0.00075614
0.000769409
0.000800227
0.000703366
0.000809459
0.000738483
0.000701132
0.000763354
0.000759716
0.000631533
0.000631441
0.000639329
0.000721524
0.000692504
0.000915354
0.000629147
0.000687181
0.000584952
0.000625511
0.000630913
0.000702463
0.000818746
0.000602574
0.000613885
0.000613789
0.000614238
0.000638842
0.000705124
0.000872754
0.000725578
0.000663369
0.000749687
0.000956483
0.000635227
0.000691975
0.000641036
0.000646366
0.000782324
0.000671479
0.000734407
0.000624488
0.000626647
0.000668195
0.000654373
0.000627785
0.000638157
0.000670078
0.000636738
0.000642767
0.000629053
0.000629769
0.000625756
0.000702683
0.000628079
0.000717643
0.000602475
0.000729684
0.000743293
0.00063758
0.000629202
0.000621725
0.000640938
0.000649447
0.000640423
0.000647365
0.000723689
0.000702906
0.000752539
0.000609086
0.000611111
0.000603916
0.000605265
0.000620245
0.000759553
0.000699733
0.00063903
0.000643441
0.000631399
0.000645792
0.000634099
0.000651986
0.000641266
0.000629662
0.000737322
0.000874675
0.000671669
0.000635853
0.000646024
0.000645088
0.00060796
0.000685398
0.000594398
0.00066762
0.000630737
0.000716736
0.000817153
0.000607504
0.00064398
0.000901769
0.000655516
0.000619822
0.000621397
0.000652816
0.000626956
0.000615692
0.000764086
0.000899225
0.000714208
0.000774525
0.000782221
0.000718042
0.000647848
0.000662756
0.00076212
0.000726324
0.000640685
0.000670671
0.000742451
0.00067777
0.000645429
0.000626388
0.000623659
0.000593964
0.000624835
0.00062243
0.000689099
0.000644589
0.000597959
0.000587062
0.000648104
0.000726519
0.000706951
0.000685731
0.00071578
0.000649408
0.000755605
0.000656707
0.000614777
0.000640971
0.000674919
0.000677148
0.000692235
0.000658487
0.000629897
0.000616456
0.000642573
0.00060892
0.000648104
0.000645714
0.000668456
0.000801047
0.000676037
0.000747072
0.000740476
0.000626906
0.000632808
0.000658554
0.000637155
0.000686439
0.000926368
0.000804014
0.000646021
0.000617772
0.00063809
0.00070014
0.000704414
0.000868964
0.000673781
0.000624275
0.000629376
0.000607171
0.000645674
0.000624718
0.000634205
0.000620327
0.000631902
0.000650884
0.000800921
0.000627572
0.000649351
0.000595568
0.000760713
0.000642491
0.000950904
0.000660763
0.000675596
0.000707511
0.000631097
0.000613349
0.000610695
0.000805386
0.000641637
0.000846507
0.000767641
0.000780899
0.000624224
0.000628523
0.000729135
0.000778974
0.000663105
0.000665538
0.000654041
0.000799306
0.000651164
0.000600562
0.00061934
0.000726258
0.0007049
0.000701519
0.000619446
0.000738351
0.00087235
0.000753183
0.000617334
0.000634566
0.00061886
0.000623207
0.000742804
0.000753756
0.000746584
0.000623974
0.000636892
0.000758955
0.000673167
0.000655213
0.000778103
0.000711402
0.000614728
0.00063224
0.00088109
0.000835165
0.000768532
0.000753363
0.000858922
0.000860692
0.000707345
0.000618879
0.000733084
0.000727143
0.000663237
0.000721505
0.000628001
0.000697055
0.000661657
0.000653629
0.000619919
0.000868782
0.00060357
0.000606365
0.000602819
0.000686373
0.00062308
0.000749398
0.000649004
0.000761235
0.000641238
0.000618589
0.000695499
0.000780053
0.000845785
0.000649417
0.000776745
0.0007162
0.000664373
0.000874401
0.00075759
0.000668329
0.000625939
0.000615721
0.000597459
0.00060896
0.000606099
0.000612354
0.000614121
0.000663853
0.000858077
0.000619196
0.000841671
0.000609319
0.000850165
0.000668331
0.000608218
0.00069172
0.000634268
0.000637489
0.000668017
0.000810252
0.000669015
0.000638601
0.000626608
0.000663058
0.000837219
0.000661553
0.000661501
0.000633592
0.00062634
0.000598897
0.000613667
0.000615151
0.000709469
0.000611875
0.000679449
0.000608372
0.000833534
0.0006101
0.000782994
0.00063232
0.000641635
0.000789905
0.00067052
0.00063017
0.000606239
0.000663175
0.000617341
0.000812622
0.000670032
0.000670087
0.000644417
0.000657329
0.00060041
0.000623188
0.000656775
0.000647908
0.000682894
0.000678843
0.000578898
0.000631859
0.000699371
0.000730555
0.000631927
0.000647904
0.000724763
0.000630675
0.000655014
0.000631022
0.000656046
0.000645505
0.000634012
0.000641939
0.000718401
0.000607008
0.000744367
0.000728264
0.000660007
0.000637505
0.000620521
0.000673648
0.000611593
0.000620016
0.000615243
0.000642103
0.000589185
0.000681239
0.000685048
0.000896281
0.000924725
0.000788363
0.0010103
0.000678563
0.000655438
0.000699016
0.00062988
0.000651299
0.000635694
0.000586686
0.000638554
0.000608932
0.000726694
0.000676372
0.0006501
0.000623635
0.000605064
0.000620344
0.0006282
0.000676701
0.000646494
0.000606548
0.000642929
0.000655788
0.000755458
0.000705464
0.000693507
0.000648168
0.000696651
0.000649993
0.000700089
0.000628269
0.000618348
0.000639045
0.000642049
0.000669944
0.000673361
0.000666804
0.000701664
0.000641393
0.00063165
0.000608577
0.000620212
0.000608225
0.000618512
0.000627
0.00063085
0.00084589
0.000642606
0.000599811
0.000671672
0.000718089
0.000973169
0.000699425
0.000646838
0.000639314
0.000798123
0.000845
0.000636491
0.000617477
0.000698533
0.00066872
0.000685153
0.000815127
0.000711647
0.000651207
0.000639747
0.000621606
0.000626235
0.000631217
0.000659825
0.000614179
0.000621996
0.000583338
0.000632581
0.000691923
0.000815639
0.00063514
0.000636376
0.000634583
0.000680184
0.000635448
0.000821756
0.000639097
0.000623441
0.000737894
0.000682106
0.000753459
0.000645191
0.00068085
0.000693422
0.000710863
0.000599814
0.000609932
0.000649609
0.000611491
0.000611153
0.000719881
0.000643697
0.000660255
0.000629751
0.000838766
0.000783196
0.000754721
0.000826103
0.000613457
0.000674063
0.000714443
0.000684397
0.000664798
0.000766544
0.000684978
0.000735712
0.00065927
0.000974132
0.000764298
0.000739667
0.000674102
0.000606878
0.000597376
0.000603154
0.000647776
0.000636879
0.000615569
0.000614954
0.000679374
0.000623142
0.0006632
0.000733095
0.000643453
0.000678911
0.000596007
0.000632715
0.00080365
0.000624144
0.000674774
0.00073693
0.00063614
0.00081264
0.000665133
0.000667576
0.000656525
0.000609357
0.000721312
0.000702828
0.000607088
0.000613561
0.000636507
0.000642714
0.000660335
0.000658583
0.000640737
0.000636741
0.000614505
0.000705216
0.000892236
0.000718635
0.000689592
0.000718563
0.000622799
0.000624367
0.00063142
0.000615562
0.000691234
0.000664508
0.000759388
0.000636879
0.000655353
0.000618111
0.000613272
0.00064354
0.000623015
0.000599763
0.00076344
0.000602042
0.000623164
0.000600997
0.000652467
0.000669863
0.000704387
0.000705878
0.000779749
0.000686125
0.00111321
0.000719729
0.000704362
0.000604246
0.000659209
0.000617069
0.000748064
0.00084338
0.000676537
0.000687845
0.00066128
0.000625142
0.000606053
0.000611744
0.000691156
0.000678781
0.000765812
0.000616203
0.000660633
0.000620771
0.000641856
0.000626109
0.000633235
0.000769785
0.000637132
0.000741545
0.000599475
0.000608853
0.000737177
0.000626612
0.000756263
0.000620963
0.000628833
0.000702024
0.000657632
0.000656353
0.000613922
0.000633242
0.000680687
0.000590796
0.000591363
0.000620867
0.000610304
0.000590171
0.00060047
0.000626313
0.000596397
0.000641922
0.000657987
0.000681104
0.000819824
0.000624963
0.000621914
0.000606852
0.00068104
0.000681907
0.000615417
0.000618869
0.000630444
0.000646377
0.000646782
0.000622446
0.000622491
0.000655086
0.000626504
0.000612946
0.000602758
0.000601862
0.000609047
0.000650761
0.000627293
0.000603646
0.000696924
0.000623769
0.00061218
0.000653106
0.000621211
0.00085517
0.000611941
0.000778797
0.000654407
0.000665308
0.000708506
0.00064406
0.000743249
0.000655419
0.00066719
0.000688771
0.000635873
0.00059058
0.000619484
0.000610879
0.000606293
0.000669974
0.000595367
0.000611804
0.000621892
0.000642311
0.000633249
0.00067434
0.000613136
0.000706281
0.000637329
0.000708015
0.000615366
0.00061586
0.000695505
0.000629568
0.000652267
0.000673845
0.000709464
0.000619653
0.000602097
0.000611249
0.000632077
0.000855561
0.000676741
0.000632358
0.000642184
0.000605081
0.000714879
0.00060058
0.000605873
0.000621357
0.000608648
0.000654707
0.00061667
0.000708151
0.000638912
0.000634142
0.000599573
0.000650269
0.000864435
0.00079865
0.000701624
0.000642089
0.000639344
0.000606495
0.000693468
0.000684994
0.000626403
0.000718242
0.000650662
0.000612986
0.000654166
0.000616839
0.000644893
0.000618016
0.000660788
0.000678333
0.000681507
0.000663787
0.000638379
0.00075068
0.000618099
0.000787927
0.000666232
0.000656966
0.000708279
0.000634446
0.000770008
0.000674074
0.000675046
0.000635122
0.000712347
0.00114664
0.000812217
0.000696806
0.000625867
0.000618397
0.000610223
0.000636283
0.000648925
0.000609517
0.000678016
0.000624067
0.000649745
0.000743007
0.000629014
0.00072962
0.00063466
0.000774926
0.000629032
0.000795859
0.00100305
0.000679242
0.000731399
0.000866451
0.000621069
0.000611144
0.00061428
0.000843321
0.000675544
0.000659157
0.000659348
0.000718881
0.000640235
0.00060191
0.000613322
0.000624081
0.00074768
0.000613134
0.000613022
0.00066442
0.000670374
0.000619762
0.000661348
0.000657313
0.000727192
0.000677635
0.000719636
0.000605409
0.000650216
0.000679573
0.000632748
0.000608721
0.000642796
0.000601619
0.000692005
0.000622263
0.000619743
0.00059307
0.000664288
0.000754272
0.000624864
0.000718898
0.000605443
0.000609066
0.000660833
0.000719056
0.000602953
0.000628854
0.000678598
0.000883649
0.00081828
0.000621582
0.000771565
0.00065127
0.000704854
0.000671853
0.000667239
0.000717881
0.000614745
0.000812078
0.000628185
0.000654704
0.000714703
0.000615726
0.000612336
0.000625624
0.000661265
0.000623745
0.000615879
0.000607153
0.000719749
0.000619505
0.000678801
0.000627189
0.000693652
0.000800181
0.0006381
0.000622633
0.000681054
0.000703969
0.000666345
0.000882402
0.000634042
0.000609563
0.000601699
0.000679783
0.000816726
0.000675367
0.000614263
0.000614579
0.000615455
0.000633891
0.000636862
0.000649745
0.000627393
0.000624178
0.000612307
0.000723729
0.000630026
0.00067532
0.000729253
0.000652585
0.000607567
0.000650894
0.000817397
0.00073029
0.000756543
0.0007076
0.000653301
0.000592451
0.000645844
0.000681008
0.000630088
0.000676917
0.000664711
0.000658678
0.000666409
0.000637092
0.000646249
0.000648095
0.00060009
0.000632947
0.000626965
0.00062854
0.00066188
0.000624278
0.000624676
0.000650152
0.000742536
0.000670591
0.000643876
0.000861573
0.000859468
0.000667751
0.000640948
0.000637703
0.000622753
0.00069016
0.000620197
0.000642812
0.000671805
0.000626683
0.000622001
0.00063897
0.00063173
0.000697587
0.000614094
0.000602109
0.000618894
0.000700325
0.000718647
0.000756866
0.000603696
0.000696102
0.000750725
0.000731163
0.00104041
0.000707029
0.000607903
0.000813475
0.000619714
0.000699632
0.000619512
0.000720416
0.000727386
0.000641123
0.000624736
0.000608705
0.000675
0.000643045
0.000603865
0.00063767
0.000634564
0.000624094
0.000619047
0.000622022
0.000634179
0.000762976
0.000643976
0.000680042
0.0006916
0.000648138
0.000670013
0.000683499
0.000788088
0.000693069
0.000611774
0.000656853
0.000614851
0.000760015
0.000675188
0.000701565
0.00059579
0.000628753
0.000641975
0.000666451
0.000623573
0.0007602
0.000609494
0.000634854
0.000649613
0.000605934
0.000683376
0.000677719
0.000679769
0.000589342
0.00061905
0.000689892
0.000620691
0.000782201
0.000693947
0.000642007
0.000718434
0.000671374
0.000652553
0.000650555
0.00067855
0.000642582
0.000626008
0.000618621
0.000656665
0.000621241
0.000619716
0.000602679
0.000611743
0.000618502
0.000621555
0.000690521
0.000671548
0.000641856
0.00064332
0.000717584
0.000662128
0.000682189
0.000606136
0.000755096
0.000612982
0.000777672
0.000717297
0.000686529
0.00066189
0.000648226
0.000652809
0.000789608
0.000754002
0.000651755
0.000626725
0.000626042
0.000608513
0.000623895
0.000602304
0.00061597
0.000669266
0.000691742
0.00063387
0.000777725
0.000663148
0.000690961
0.000616495
0.000626079
0.000630969
0.000630919
0.000870812
0.000687955
0.000847436
0.000710725
0.000661044
0.000655841
0.000675946
0.000621824
0.000701379
0.000646599
0.000653793
0.000631546
0.000635031
0.000606871
0.000594871
0.000587124
0.0006318
0.000754072
0.000652191
0.00103896
0.000934737
0.000730034
0.000684781
0.000736494
0.000625682
0.000821309
0.000669595
0.000692344
0.000640422
0.000692177
0.000620722
0.000624483
0.000594969
0.000669414
0.000779259
0.000623717
0.000621427
0.000597353
0.000598248
0.000627977
0.000674327
0.000654561
0.000684614
0.000802777
0.000893195
0.000603142
0.000618876
0.000685796
0.000633613
0.000666703
0.00061288
0.00114934
0.000624842
0.000645461
0.000703327
0.000699487
0.000689046
0.000587239
0.000674936
0.00060188
0.000706811
0.000663727
0.000610409
0.000666828
0.000646439
0.000603086
0.00060152
0.000734459
0.000622304
0.000643365
0.000699309
0.000655134
0.000661106
0.000620874
0.000646554
0.000625989
0.000622299
0.000762136
0.000640358
0.000628946
0.000646007
0.00065466
0.000648817
0.000631377
0.000607858
0.000704895
0.000655609
0.000602504
0.000625445
0.000626655
0.000607695
0.000608725
0.000622619
0.000638596
0.000653672
0.000630336
0.000772909
0.000662446
0.000601731
0.000647133
0.000666545
0.000630384
0.000635863
0.000614836
0.000639967
0.00104005
0.000666259
0.000639258
0.000748365
0.000614646
0.000617278
0.00061927
0.000712456
0.000663896
0.000630221
0.000638095
0.000640426
0.000605199
0.000635499
0.000657623
0.000626861
0.000658582
0.000649195
0.000618298
0.000633449
0.000704368
0.000693186
0.000618991
0.000655331
0.000594438
0.000745296
0.000683467
0.000702268
0.0007528
0.000699047
0.00064389
0.000671414
0.000638709
0.000708265
0.000618466
0.000666456
0.000641907
0.000615942
0.000594902
0.000609272
0.000619594
0.000689108
0.000629727
0.00065171
0.000628514
0.000632708
0.000789896
0.000628291
0.000620676
0.000602654
0.000651544
0.000712688
0.000724516
0.000652878
0.000642896
0.000665193
0.000700724
0.000611867
0.00062717
0.000629481
0.000692377
0.000619767
0.000692755
0.00079204
0.000676593
0.000620779
0.000601594
0.000619215
0.000589436
0.000629498
0.000683419
0.000708239
0.000755188
0.000734783
0.000687494
0.000665695
0.000638835
0.000778332
0.000670634
0.00063068
0.000665626
0.000813179
0.000683445
0.000632348
0.000631082
0.00062897
0.000619864
0.00064447
0.000595642
0.000691371
0.000688921
0.00070929
0.000669076
0.00069063
0.000652774
0.000702044
0.000985637
0.000641469
0.000639867
0.000664869
0.000604589
0.000727528
0.000693165
0.000790819
0.000856874
0.000688958
0.000712702
0.00067647
0.000654447
0.000614422
0.00066653
0.000642999
0.000685127
0.000651705
0.000599303
0.000614664
0.000658095
0.000637498
0.000618773
0.000717521
0.000602081
0.000691423
0.000644889
0.000629352
0.000611154
0.000617616
0.000694416
0.000858335
0.000650748
0.00067632
0.000618474
0.000704228
0.000594651
0.000641688
0.000708855
0.000697176
0.000631697
0.000637364
0.000684384
0.000700227
0.000647515
0.000630457
0.000634368
0.000741524
0.000629566
0.000728124
0.00070379
0.000793084
0.000654375
0.000672551
0.000640914
0.000633601
0.000659697
0.000947842
0.000780733
0.000791977
0.000636613
0.000615313
0.000605298
0.000621777
0.000648882
0.000598899
0.000613483
0.00059952
0.00063061
0.000620649
0.000655784
0.000631599
0.000674936
0.000772462
0.000619916
0.000678532
0.000670617
0.000658183
0.000700035
0.000616272
0.000669385
0.000631719
0.000673353
0.000696774
0.000646525
0.000758877
0.000832417
0.000615214
0.000645782
0.000606752
0.000613592
0.000641779
0.000623658
0.000610026
0.000660238
0.000645161
0.000622416
0.000629125
0.000631442
0.000670342
0.000623706
0.000722256
0.00071421
0.000694103
0.000767728
0.000664789
0.000607958
0.000615812
0.000612539
0.00064097
0.000597036
0.000651792
0.000657946
0.000754538
0.000759724
0.000623743
0.000625069
0.000636235
0.000608934
0.000586034
0.000621501
0.000611097
0.000653286
0.000623414
0.000604917
0.000648495
0.00062476
0.000593798
0.000695671
0.000703007
0.000608185
0.000662128
0.000617244
0.000631522
0.000858982
0.000592371
0.000771254
0.000638177
0.000710052
0.000660875
0.000651235
0.000640401
0.000632378
0.000674294
0.000621815
0.000824619
0.000665326
0.000617909
0.000589617
0.00063053
0.000621001
0.000714427
0.000743803
0.000986933
0.000642437
0.000929107
0.000783863
0.000592949
0.000650295
0.000846537
0.000689087
0.000665459
0.000732472
0.000759698
0.000678959
0.000639064
0.00069414
0.000644534
0.00059942
0.000644625
0.000630039
0.000596721
0.000591062
0.000642706
0.00062757
0.000650614
0.00079209
0.000816433
0.000657828
0.000636149
0.000610584
0.000640883
0.00073059
0.000655383
0.00100703
0.000697316
0.000617328
0.000650352
0.000630212
0.000767183
0.000644565
0.000613591
0.000612704
0.00061456
0.000621053
0.000644927
0.000632567
0.000618408
0.000611803
0.000625283
0.000621835
0.000702128
0.000684854
0.000799083
0.000644319
0.00119327
0.000631446
0.000643133
0.000640153
0.000628423
0.000680116
0.00092652
0.000659617
0.000754618
0.000795018
0.000671994
0.00063779
0.000673586
0.00063678
0.000615757
0.000625139
0.000626095
0.00071222
0.000760339
0.000644921
0.000739957
0.000765299
0.000714264
0.000742466
0.000622399
0.000677225
0.000819012
0.000634936
0.000668891
0.000620454
0.000637173
0.000690704
0.000698982
0.000628481
0.000645411
0.000689231
0.000858542
0.000606001
0.000612071
0.000623054
0.000616705
0.000640986
0.000622549
0.000655428
0.000614821
0.000623323
0.000629032
0.000613512
0.000592908
0.000758507
0.000699086
0.000618721
0.000624342
0.000670894
0.00077931
0.00065575
0.000630743
0.00071162
0.00060418
0.000625676
0.000820665
0.000648414
0.000619079
0.000628936
0.00060342
0.000625486
0.000613482
0.000640669
0.000621922
0.000609139
0.000659111
0.000607936
0.000591607
0.000776426
0.000621697
0.000666236
0.000588149
0.000661296
0.000711648
0.00070359
0.000652658
0.000615709
0.000687446
0.000639885
0.00070252
0.000606472
0.000650488
0.000681902
0.000651712
0.0008194
0.000629726
0.000655954
0.000634602
0.000602707
0.000630748
0.000680058
0.000637382
0.000674382
0.000638987
0.000631681
0.000684617
0.000705264
0.000646483
0.000620217
0.000640447
0.00064081
0.000626517
0.00064466
0.000628
0.000666658
0.00061549
0.000682485
0.000812026
0.000752545
0.000651335
0.000726877
0.00083576
0.000635433
0.000771586
0.000618477
0.000692296
0.000643225
0.000637712
0.000618399
0.000738849
0.000661421
0.000757326
0.000750293
0.000618238
0.00062824
0.000693845
0.000668331
0.000695552
0.000610441
0.000638638
0.000633042
0.000605659
0.000683696
0.000623394
0.000938188
0.000610341
0.000631067
0.000662572
0.000727302
0.000618844
0.000619387
0.000672675
0.00064492
0.000655714
0.000606661
0.000718685
0.000669588
0.000655255
0.000764404
0.00065607
0.000782571
0.000726153
0.000672374
0.000625691
0.000809118
0.00061645
0.000742503
0.000646589
0.000683159
0.000708557
0.000718167
0.000613203
0.000702064
0.000619306
0.000647325
0.000773412
0.000721407
0.000891366
0.000704218
0.000604789
0.000667036
0.00063007
0.000882439
0.000654185
0.000739146
0.000582688
0.000713765
0.000811007
0.000798705
0.000609926
0.000719329
0.000601659
0.000647332
0.000651693
0.000757375
0.000677949
0.000607707
0.000638411
0.000720417
0.000687408
0.00072481
0.000598689
0.000686109
0.000623292
0.000735064
0.00060786
0.000679507
0.000623861
0.000605741
0.000885618
0.000713577
0.000689085
0.000709223
0.000726438
0.000611537
0.000631658
0.000654162
0.000687332
0.000643414
0.000641573
0.000704252
0.000696804
0.000590905
0.000599729
0.00060587
0.000669
0.000815856
0.000608289
0.000627611
0.000651173
0.000626294
0.000668713
0.000600926
0.000590104
0.000686706
0.000643611
0.000609849
0.000671644
0.000668155
0.000625883
0.000642584
0.000644403
0.000640356
0.000581178
0.000651222
0.000630219
0.000626933
0.000639079
0.000653986
0.000635099
0.000620163
0.000615769
0.000665995
0.000703554
0.000678016
0.000606006
0.000590185
0.00060542
0.000635536
0.000624721
0.000730477
0.000609211
0.000693361
0.000701864
0.000624698
0.000796056
0.000679965
0.000634561
0.000664883
0.000759768
0.000704157
0.000692929
0.000630218
0.000620416
0.000654747
0.000654754
0.000617772
0.000634422
0.000720712
0.000611355
0.000731223
0.000625377
0.000602671
0.000611092
0.000642773
0.000680186
0.000624865
0.000643003
0.000693897
0.000619007
0.000655939
0.000921338
0.000641067
0.00060158
0.000655906
0.000686252
0.000687496
0.000604792
0.000640032
0.000687485
0.000684512
0.000624787
0.000608687
0.000602463
0.000646818
0.000680164
0.00072167
0.000693045
0.000630455
0.000639916
0.00072861
0.000637349
0.000642905
0.000680704
0.000716754
0.000647276
0.000683682
0.000792093
0.000650582
0.000612393
0.000704545
0.000616608
0.000688602
0.000721687
0.000678483
0.00060958
0.000631468
0.000682659
0.000651521
0.000643973
0.000649492
0.000710352
0.000666079
0.000707786
0.000768816
0.000620315
0.00060106
0.000634946
0.000670033
0.000633018
0.000666577
0.000634607
0.000699503
0.000842575
0.000665152
0.000652338
0.000625172
0.000873596
0.000623335
0.000673808
0.000614804
0.000601787
0.000631264
0.00066217
0.00064593
0.000768657
0.000702686
0.000608206
0.000644165
0.000685597
0.000875088
0.000631513
0.000608459
0.000759518
0.000668176
