0.000668808
0.000665608
0.000653428
0.000742902
0.000648065
0.000752751
0.00063041
0.000643518
0.000700581
0.000757919
0.000724416
0.000685208
0.000681617
0.000743916
0.000762356
0.000675016
0.000669961
0.000692084
0.000635352
0.000797184
0.000714384
0.000675799
0.000753995
0.000649446
0.000663623
0.000681343
0.000666299
0.000692555
0.000661153
0.000692445
0.000794554
0.000806502
0.00076902
0.000689365
0.000687266
0.00086396
0.000685095
0.000655559
0.000758013
0.000891588
0.00077165
0.000682249
0.000952355
0.000730453
0.000692268
0.000676243
0.000748961
0.000816034
0.000732481
0.00080213
0.000871991
0.000717037
0.000661359
0.000777741
0.000722024
0.000711939
0.000713028
0.000820022
0.000743645
0.000766092
0.0006663
0.000675838
0.000727217
0.000895821
0.000764125
0.000730112
0.000689134
0.00110719
0.000789222
0.000839169
0.000657793
0.000669206
0.000746723
0.000686016
0.000669967
0.000725476
0.000663255
0.000689594
0.000699318
0.000705823
0.000708913
0.000837463
0.000741843
0.000764861
0.00066906
0.000663971
0.000872984
0.000745539
0.000713469
0.000699626
0.000715529
0.000844392
0.000659378
0.000693276
0.000742981
0.000657357
0.000953997
0.000639333
0.000665492
0.000685179
0.000668273
0.000757761
0.000766745
0.000655469
0.000750635
0.000653381
0.000678409
0.000825569
0.000727473
0.000814742
0.000738568
0.000962017
0.000765387
0.000650562
0.000665345
0.000727637
0.000674899
0.000723436
0.000729689
0.000704958
0.000672906
0.00065238
0.00069869
0.00071496
0.00065774
0.000723514
0.000681658
0.000776344
0.000754451
0.00078804
0.000662766
0.000651463
0.00065815
0.00067602
0.000726635
0.000680423
0.000814937
0.000677752
0.000676804
0.000637141
0.000652895
0.000770565
0.000699481
0.000694019
0.00074226
0.00069559
0.000769019
0.000662829
0.000665368
0.000689461
0.00065989
0.000668791
0.000739963
0.000700137
0.000666057
0.000679831
0.000708799
0.000665471
0.000754844
0.000696307
0.000714789
0.000920983
0.000680118
0.000674615
0.000701841
0.000826714
0.000666763
0.000676952
0.00065776
0.000668472
0.000658304
0.000738535
0.000704547
0.000727143
0.000767669
0.000627647
0.000662936
0.000660159
0.000667166
0.00065806
0.000918171
0.000650137
0.000662677
0.000780801
0.000665887
0.000664539
0.000726845
0.000675826
0.000659371
0.000646195
0.000657482
0.000733551
0.000802216
0.00079763
0.000735543
0.000641289
0.000656601
0.000769512
0.000686177
0.000691199
0.000673988
0.000665083
0.000658359
0.00076452
0.000634866
0.000744374
0.000769221
0.000673662
0.00081559
0.000678732
0.000785892
0.000663048
0.000740422
0.00066596
0.00065975
0.000667851
0.000724557
0.000723668
0.000712274
0.000730169
0.000677339
0.000663935
0.000679043
0.000644231
0.000664595
0.000709493
0.000654333
0.000673648
0.000686199
0.000645823
0.000634261
0.000691464
0.000718491
0.000856381
0.000721424
0.000764502
0.00064686
0.000664676
0.000689035
0.000825901
0.000655125
0.000804501
0.000706057
0.0007069
0.000685484
0.000789818
0.000628991
0.000657328
0.000674984
0.000715822
0.000672961
0.000717451
0.000662951
0.000668129
0.000697757
0.000643316
0.000641776
0.000811818
0.000767338
0.000784678
0.000804705
0.000702324
0.000698673
0.000699383
0.000716992
0.000740876
0.000717881
0.000680333
0.000727499
0.000639056
0.000735829
0.000693173
0.000629602
0.00073167
0.000645876
0.000636271
0.000669719
0.00066582
0.000717376
0.000678597
0.000685242
0.000663103
0.000734615
0.000716693
0.000796203
0.000760493
0.000737694
0.000672236
0.000694944
0.000712671
0.000781844
0.000707435
0.000681244
0.00085416
0.000755108
0.000642005
0.000692318
0.000712045
0.000662818
0.000627992
0.000754266
0.000675413
0.000708784
0.000658273
0.000666918
0.000658895
0.000803982
0.000669821
0.000996291
0.000952803
0.0010896
0.000960826
0.00100615
0.00102829
0.00115778
0.000726439
0.000691915
0.000921922
0.000663152
0.000888233
0.000710046
0.000634422
0.000642366
0.000666709
0.000658979
0.000667287
0.000720876
0.000653688
0.000700283
0.000755902
0.000827717
0.000841627
0.000795935
0.00070807
0.000839758
0.000663192
0.000698466
0.000773403
0.000672905
0.000663897
0.000702648
0.00080993
0.000797244
0.000657723
0.000620224
0.000648103
0.00067953
0.000669721
0.000661586
0.000700707
0.000650131
0.000628379
0.000650543
0.000661774
0.000803538
0.00069492
0.000884798
0.000739146
0.000795148
0.000878748
0.000639773
0.000729446
0.000758752
0.000658853
0.000716345
0.000671651
0.000841133
0.000710698
0.000645746
0.000668141
0.000633155
0.000675668
0.00065612
0.000636591
0.000659084
0.000638415
0.000641621
0.000638408
0.000669098
0.000730014
0.000805325
0.000824584
0.000727084
0.000723875
0.000743341
0.000789089
0.000792948
0.000703154
0.000706521
0.000676679
0.000670098
0.000727645
0.000884314
0.000718079
0.00066082
0.000706215
0.000700689
0.000647178
0.000661745
0.000666578
0.000638767
0.000709294
0.000640751
0.000652115
0.000662672
0.000660836
0.000733173
0.000824391
0.000766601
0.000686851
0.000707142
0.000671895
0.000697085
0.000665491
0.000683656
0.00073636
0.000682569
0.000670378
0.0006755
0.000666106
0.000662468
0.000797198
0.00064512
0.000626529
0.000666034
0.000682461
0.000655955
0.000660394
0.00077522
0.000636591
0.000669187
0.000692175
0.000920745
0.000727982
0.00112746
0.000696468
0.000724267
0.000673938
0.000883017
0.000662827
0.000673552
0.000742057
0.000715132
0.000651847
0.0006606
0.000701627
0.000732305
0.000677726
0.000647343
0.000764166
0.000693435
0.000664394
0.000646547
0.000668948
0.000695828
0.000746159
0.000822639
0.000843437
0.000692349
0.000777149
0.00102918
0.000782294
0.00109344
0.000765248
0.000644784
0.000718201
0.0010573
0.000721976
0.000835177
0.000725709
0.000695339
0.000704042
0.000666435
0.000768015
0.000670812
0.000682047
0.000680284
0.000713812
0.000678839
0.000807779
0.000709097
0.000878746
0.000876551
0.000716588
0.000763668
0.000802809
0.000670964
0.000679971
0.000676834
0.000773608
0.000905812
0.000720413
0.000701271
0.000924944
0.000848768
0.000687969
0.000712361
0.000628311
0.000743047
0.000840818
0.00066096
0.000792632
0.000772295
0.00093563
0.000792193
0.000736888
0.00088069
0.000768826
0.000840985
0.000804666
0.000738805
0.000682639
0.000714128
0.000738116
0.000718004
0.00066963
0.000645933
0.000647463
0.000643918
0.000679761
0.000676423
0.000636904
0.000716055
0.000722708
0.000645318
0.000694424
0.000664219
0.000735381
0.00074141
0.00066421
0.000811507
0.000689934
0.000723308
0.00076595
0.000720748
0.000665537
0.000658653
0.000643203
0.00081482
0.000872776
0.000649156
0.000693645
0.000692374
0.00067606
0.000632525
0.000677893
0.000676121
0.000665097
0.000712585
0.000659302
0.000743595
0.000843653
0.000812473
0.000697607
0.00079218
0.00101554
0.000756394
0.000836854
0.0006719
0.00068078
0.000658869
0.00100745
0.000764152
0.000662568
0.00066437
0.000671259
0.000663665
0.000695071
0.000646522
0.000770485
0.00064503
0.000642919
0.000719029
0.000651386
0.000789809
0.00076122
0.000651254
0.00091069
0.000766447
0.000757598
0.000712947
0.000681054
0.000763733
0.000814498
0.000697241
0.000659903
0.000904254
0.000734586
0.000692377
0.000953425
0.00086097
0.000773643
0.000744003
0.000766156
0.000711979
0.00068289
0.000675317
0.000700905
0.000670738
0.000901171
0.000769235
0.000772483
0.000764134
0.000940597
0.000768739
0.000869442
0.000876468
0.000794683
0.00094469
0.000727456
0.000761998
0.000680779
0.000742188
0.000661153
0.000665147
0.000662017
0.000653659
0.000665576
0.000681093
0.000966994
0.000831018
0.000896496
0.000644023
0.000752581
0.000803347
0.000876097
0.000798702
0.000861856
0.000660105
0.000729532
0.000643973
0.000736904
0.00069654
0.00067705
0.000863785
0.00070961
0.000687524
0.000805734
0.000700887
0.000789272
0.000688942
0.000668022
0.0010603
0.00107439
0.00103103
0.000849981
0.000853514
0.000884602
0.000732964
0.00079952
0.000655969
0.000712165
0.00065577
0.000784447
0.000775325
0.000796269
0.000705934
0.000674929
0.000722627
0.000694527
0.000665148
0.000650237
0.000671815
0.000675191
0.000693564
0.000685248
0.000850375
0.000658739
0.000746399
0.000637125
0.000902654
0.00102991
0.000747598
0.000979775
0.000820497
0.000678235
0.000662645
0.000716311
0.000672092
0.000694654
0.000661684
0.000668913
0.000666319
0.000692678
0.000673089
0.0010052
0.000648035
0.000894862
0.000693018
0.000830102
0.000683902
0.00084255
0.000703769
0.000651756
0.000818235
0.000706567
0.000765882
0.000717163
0.000688724
0.000848174
0.000707739
0.00072617
0.000752766
0.000677029
0.00068036
0.000656832
0.000652025
0.000687857
0.000656211
0.000729627
0.000753444
0.000683107
0.000847563
0.000774461
0.000690991
0.000671712
0.000667044
0.000651708
0.000704239
0.000736759
0.000834545
0.000773096
0.000776597
0.00076885
0.000717693
0.000668599
0.000697978
0.000653521
0.000788818
0.000657035
0.000649375
0.000656471
0.000655642
0.000717273
0.000725595
0.000830828
0.000873615
0.000798171
0.00074943
0.000711774
0.000683588
0.000806174
0.00113469
0.0010808
0.00103098
0.00115054
0.000980314
0.000957956
0.000843634
0.00113783
0.000898825
0.000688069
0.000705921
0.000661302
0.000722652
0.000743926
0.000744615
0.00100863
0.000666371
0.000737138
0.000679787
0.00064314
0.000671165
0.000860589
0.000768845
0.000727094
0.000700018
0.000864021
0.00070514
0.000647318
0.000642296
0.000728128
0.000663839
0.000882142
0.000815196
0.000681116
0.000685907
0.00063658
0.000881232
0.000671628
0.000640703
0.000798369
0.000796184
0.000788344
0.000651732
0.000687404
0.000646429
0.000691706
0.00082905
0.000819424
0.000747636
0.000767083
0.000862099
0.000711804
0.000821895
0.0010024
0.000889216
0.000664287
0.000701456
0.000673061
0.000703476
0.000759586
0.000863502
0.000679386
0.00115177
0.000633451
0.000655803
0.000679433
0.000679038
0.000642772
0.00076341
0.000695064
0.000818248
0.000680162
0.000913732
0.00119224
0.000665748
0.000692461
0.000901129
0.000901003
0.000626705
0.000680543
0.00063701
0.000662216
0.000650302
0.000882415
0.000731797
0.000778107
0.000675947
0.000650346
0.00071068
0.000726811
0.000721974
0.000819981
0.000701857
0.000680004
0.00072695
0.00111349
0.000805968
0.000640312
0.00064666
0.000684808
0.000712293
0.000641728
0.00080093
0.00067463
0.00119467
0.000708519
0.000626711
0.000739125
0.000657025
0.00080992
0.000702792
0.000752088
0.000660558
0.000671906
0.000684289
0.000769867
0.000781157
0.000705364
0.000729153
0.000721946
0.000852172
0.000776938
0.00075473
0.000641685
0.000646223
0.000763162
0.00067985
0.00076132
0.000673641
0.000641938
0.000634426
0.000657805
0.000817267
0.000715368
0.000905638
0.000647418
0.000713379
0.000696914
0.000803055
0.000701156
0.000749518
0.000663946
0.000662351
0.000944745
0.000679819
0.000667504
0.000825012
0.000978141
0.000671186
0.000648504
0.000679146
0.000660849
0.000702969
0.000712213
0.000687687
0.000699903
0.000673735
0.000676456
0.000665817
0.000652282
0.000638997
0.000657329
0.000651518
0.00066436
0.000705258
0.000648444
0.000689765
0.000678147
0.000695062
0.000749271
0.000856452
0.000718195
0.000751267
0.000702743
0.000644442
0.00071293
0.000700562
0.000681664
0.000659953
0.000633942
0.000640144
0.000656708
0.000678063
0.000723281
0.000766251
0.000692948
0.000678714
0.0006952
0.000683998
0.000723163
0.000660159
0.000662404
0.000651441
0.000669233
0.000766742
0.000721281
0.000659631
0.000718514
0.000681823
0.00067199
0.000717673
0.000723571
0.000636724
0.000644789
0.000650981
0.000719449
0.000658873
0.000703938
0.000683932
0.000672344
0.000974126
0.000763646
0.000716648
0.000683027
0.000677803
0.000883476
0.000724005
0.00081398
0.00068158
0.000877751
0.00124236
0.000822781
0.000708372
0.000679948
0.000759115
0.000644638
0.00071947
0.000694781
0.000737624
0.000651919
0.000775095
0.000854995
0.00085808
0.000669711
0.000704311
0.00068507
0.000665396
0.000686875
0.000673131
0.000670673
0.000645869
0.000657129
0.000773139
0.000864431
0.00064844
0.000678457
0.000770809
0.000836044
0.000743346
0.00065217
0.000684395
0.000630877
0.000671779
0.000691504
0.000674262
0.000637871
0.000650481
0.00067672
0.000743213
0.000669083
0.000687918
0.000668394
0.000686706
0.000645834
0.000700413
0.000852899
0.000690201
0.000686099
0.00082595
0.00072614
0.00068045
0.000703087
0.000665898
0.000683537
0.000729833
0.000697315
0.000666148
0.000652453
0.000659988
0.000679383
0.000704356
0.000747912
0.00068322
0.000720824
0.000666217
0.000737671
0.000704718
0.000709219
0.000688058
0.000781889
0.000698534
0.000649325
0.000795059
0.00110587
0.00075643
0.000838132
0.000662306
0.000691889
0.000781466
0.000726903
0.000685673
0.000669825
0.000663944
0.000826951
0.000727715
0.000729762
0.000659522
0.000797748
0.000655045
0.000736611
0.000694221
0.000711853
0.00065505
0.000681272
0.000734736
0.000702603
0.000628072
0.000800959
0.000729631
0.000733892
0.000724429
0.000645758
0.000660407
0.000701516
0.00071456
0.000648941
0.000653609
0.000711476
0.000650768
0.000686514
0.000669839
0.000809998
0.000842178
0.000685871
0.000753667
0.000741664
0.000673098
0.000751668
0.000687613
0.000693659
0.000647066
0.000745028
0.000872896
0.000850421
0.000703803
0.000783352
0.000678888
0.000657916
0.000690263
0.000681386
0.000645771
0.000657645
0.000643085
0.000663079
0.000643839
0.000840269
0.000727766
0.00070997
0.000758866
0.000678707
0.000847312
0.000722803
0.000682714
0.000627125
0.000676874
0.000718515
0.000638453
0.000691702
0.000646957
0.000706011
0.000677515
0.000772177
0.000664542
0.000660439
0.000679962
0.000646138
0.000675329
0.000642814
0.000671774
0.00065178
0.00067865
0.00068253
0.000673916
0.000687925
0.000866026
0.000665478
0.000678517
0.000665265
0.000691182
0.000848364
0.000744777
0.000673979
0.000686861
0.000673232
0.000758254
0.000678705
0.000713702
0.000710775
0.000765932
0.000648791
0.000653785
0.000659484
0.000686737
0.000679832
0.000647552
0.000735922
0.000705486
0.00067402
0.000697222
0.000814496
0.000693779
0.000724914
0.000660929
0.000715416
0.000672305
0.000833285
0.000875842
0.000750103
0.000672181
0.000716868
0.000661807
0.000710661
0.000710936
0.000873771
0.000941162
0.000892882
0.000660794
0.000705908
0.000712829
0.000646986
0.000661621
0.000652597
0.000656429
0.000841815
0.000916278
0.00071874
0.000658007
0.000689918
0.000763721
0.000761956
0.000760538
0.000754197
0.000801103
0.000776751
0.000660606
0.000670005
0.000758436
0.000752798
0.000635617
0.000664991
0.000650574
0.000659403
0.000654415
0.000668609
0.000655357
0.000829493
0.000685408
0.00091717
0.000647612
0.000734473
0.000712318
0.000897731
0.000741331
0.000663941
0.000669258
0.000699303
0.000700866
0.000655193
0.000841188
0.000664468
0.000717088
0.000764085
0.000734997
0.000706534
0.000680277
0.000709569
0.000656671
0.000649566
0.000664266
0.000697448
0.000687648
0.000676537
0.00078676
0.000656152
0.00082162
0.000685209
0.000742378
0.000656832
0.000679428
0.000864124
0.0007342
0.000657318
0.000736915
0.000699783
0.000655587
0.000639747
0.000663599
0.00067677
0.000765161
0.00071049
0.000670951
0.000818239
0.000640864
0.00073214
0.000653305
0.000764854
0.00087028
0.000778319
0.000668532
0.000704934
0.000719585
0.000749886
0.000711613
0.000715099
0.000663764
0.000702734
0.000749252
0.000685975
0.000751388
0.000712457
0.000673478
0.000667916
0.000655608
0.000742555
0.000717912
0.000672524
0.000658002
0.000647966
0.000660137
0.000668217
0.000800468
0.000736852
0.000708167
0.000775447
0.000709838
0.000796915
0.000866811
0.00087594
0.000676648
0.000663352
0.000669618
0.000710825
0.000666931
0.000831974
0.000695729
0.00066125
0.000772924
0.000715529
0.000681384
0.000798772
0.000704271
0.000670996
0.0008057
0.000678338
0.000658565
0.000636475
0.000671753
0.000896028
0.000777952
0.000653435
0.000824951
0.000696026
0.000839903
0.000699342
0.00072008
0.000690257
0.000643527
0.00084597
0.00106426
0.000837913
0.000704683
0.000910767
0.000776408
0.000680656
0.000769676
0.000747012
0.000715156
0.000951238
0.000832059
0.00104486
0.00101956
0.00105276
0.000726668
0.000728747
0.000662138
0.000680666
0.000757116
0.000692465
0.000647981
0.000666886
0.000954282
0.000763014
0.000647729
0.000695697
0.000765987
0.000667606
0.000652413
0.000684659
0.000719812
0.000658931
0.000744974
0.000670878
0.000923887
0.000664555
0.000881518
0.000649022
0.000663159
0.000651112
0.000801951
0.00115448
0.000678592
0.00065082
0.000810638
0.000643868
0.000729912
0.000671803
0.000635865
0.000694039
0.000967984
0.000777787
0.000756228
0.000691399
0.000644129
0.00063302
0.000774863
0.000835681
0.000883223
0.000710018
0.000700356
0.00079822
0.000670244
0.000655723
0.000809004
0.00076625
0.000731444
0.000689377
0.000790164
0.000721917
0.000626391
0.00063178
0.000725715
0.000947674
0.000699902
0.000659412
0.000713895
0.000681332
0.00069384
0.000709408
0.000782571
0.000710908
0.000750919
0.000644346
0.000690864
0.000747313
0.000701757
0.000695482
0.000704398
0.000786362
0.000707133
0.000648241
0.000683281
0.000641585
0.000697455
0.00064754
0.000654158
0.00065445
0.000706688
0.000692517
0.000634841
0.000729378
0.000743105
0.000721721
0.000650696
0.000697953
0.000775239
0.000708803
0.000718344
0.000672232
0.000636653
0.000750384
0.00081867
0.000686679
0.000652796
0.00064911
0.000669646
0.000690212
0.000689921
0.000896215
0.000636771
0.000684566
0.000659094
0.000653937
0.000658827
0.000656273
0.000715391
0.000776814
0.000716751
0.000657259
0.000642038
0.00072068
0.000701864
0.000680961
0.000665356
0.000688948
0.00071799
0.000744981
0.000799654
0.000759764
0.00070634
0.000740449
0.000652355
0.000724765
0.00075918
0.000669581
0.000690166
0.000678637
0.000676172
0.000653735
0.000664601
0.000641421
0.00079206
0.000717557
0.000853925
0.000722132
0.000628497
0.000756685
0.000715604
0.000767547
0.000664838
0.000662067
0.000709187
0.000697205
0.000690928
0.000734942
0.000691868
0.000764666
0.000760286
0.000678474
0.000965858
0.000670148
0.000677651
0.00065576
0.000765211
0.000647339
0.000668188
0.000680273
0.000668425
0.000746351
0.000831023
0.0007798
0.000706386
0.000779608
0.00074675
0.000719331
0.000890292
0.000794674
0.000658466
0.0006477
0.000651097
0.000720595
0.0010778
0.00101936
0.000932769
0.000954177
0.000716226
0.000695475
0.00079961
0.000937039
0.000971719
0.000670878
0.000633311
0.000704628
0.000744979
0.000733403
0.000752009
0.000722763
0.000674038
0.000627903
0.000661804
0.000719403
0.000693842
0.000632662
0.00076612
0.00090294
0.000661715
0.000665593
0.000667506
0.000666664
0.000663833
0.000684952
0.000666389
0.000694152
0.000857525
0.000652456
0.000690246
0.000686914
0.000713229
0.000718813
0.00082352
0.000705988
0.000719218
0.000685667
0.000712589
0.000741545
0.000662437
0.000815709
0.000687526
0.000722736
0.000767918
0.000675883
0.000645252
0.000684608
0.000661664
0.000774815
0.000685166
0.000664578
0.000655455
0.000725435
0.000817967
0.000765031
0.000684042
0.000693087
0.000895827
0.000732385
0.000645129
0.000859489
0.000669552
0.000705044
0.00067899
0.000752967
0.00067259
0.000742137
0.000903461
0.000694603
0.000681932
0.000687152
0.00065776
0.000660397
0.000653504
0.000712967
0.000705254
0.00078644
0.000691508
0.000798571
0.000853125
0.000969714
0.00102046
0.000665353
0.000927592
0.000755133
0.000773504
0.000735007
0.000939673
0.000951231
0.000661354
0.000716135
0.000640545
0.000692301
0.000976014
0.000665366
0.000658187
0.000641294
0.000670478
0.00071251
0.000676448
0.000702072
0.000739177
0.000812752
0.000771581
0.00076901
0.000718086
0.000773732
0.000696752
0.000797811
0.000859084
0.000731302
0.000663475
0.000667607
0.000698172
0.000809475
0.000722126
0.000649519
0.00073392
0.000650294
0.000669775
0.000649984
0.000696371
0.000670822
0.000705526
0.000633993
0.000820737
0.000679602
0.000795205
0.000668629
0.000723061
0.000666977
0.000726079
0.000683181
0.000910089
0.000644571
0.000643091
0.000664463
0.000682929
0.000732535
0.00091731
0.000714936
0.000693594
0.000683302
0.000645052
0.00070467
0.000705844
0.000715934
0.000644186
0.000646745
0.000785188
0.00067376
0.000749078
0.000807061
0.000764558
0.000760946
0.000650935
0.000794837
0.000717573
0.00079371
0.000630829
0.000703369
0.000697283
0.000716722
0.000641028
0.00065633
0.000666202
0.000733325
0.000660574
0.000670419
0.000665076
0.000640291
0.000664649
0.000744167
0.000654983
0.000645066
0.000679975
0.000640142
0.000717163
0.000759775
0.000818423
0.000812487
0.000684766
0.000672869
0.00075963
0.000804189
0.000663973
0.000682569
0.000710854
0.000680323
0.000752291
0.000668793
0.00065471
0.000680732
0.000670428
0.000712847
0.000717869
0.00101534
0.00108068
0.000643801
0.000671036
0.000655741
0.000800437
0.000737499
0.000683581
0.000790298
0.000743305
0.000781106
0.000739446
0.000670606
0.000687131
0.000731615
0.000690577
0.000731965
0.000874499
0.000678733
0.000677455
0.000681027
0.000772526
0.000662008
0.000707153
0.000676762
0.000698553
0.00064011
0.000673468
0.000667882
0.000765531
0.000842316
0.000885706
0.000728352
0.000721044
0.000719358
0.000866895
0.000756368
0.000722809
0.000758903
0.000686143
0.000741284
0.000878147
0.00071233
0.000645942
0.000816178
0.000666664
0.000858332
0.000659034
0.000698546
0.000660706
0.00064985
0.000645601
0.000813153
0.000676014
0.000829883
0.000755662
0.000874627
0.000711673
0.000647633
0.000704206
0.000794202
0.00069748
0.000650355
0.000674671
0.000798681
0.000752607
0.000731016
0.000714686
0.000666629
0.00069292
0.000766426
0.000660361
0.000661351
0.000654956
0.000650444
0.000657916
0.000665107
0.000680093
0.000703396
0.000725461
0.000671226
0.000670891
0.000779597
0.000673158
0.000732859
0.000764933
0.000760769
0.000745545
0.000676593
0.000690388
0.000712487
0.000876486
0.000644946
0.000690469
0.00065529
0.000730406
0.000659489
0.000627451
0.000668025
0.000665214
0.000663706
0.000652545
0.000651168
0.000659003
0.000745336
0.000735775
0.00067131
0.000695287
0.000709323
0.000767735
0.000645344
0.000724968
0.000712581
0.000627582
0.000726195
0.000749707
0.000682879
0.000777229
0.000644915
0.000673557
0.000678139
0.000658116
0.000660599
0.000682264
0.000692157
0.00066117
0.000648745
0.000678925
0.000653289
0.000795619
0.000661708
0.000652928
0.000680724
0.000696675
0.000822467
0.000690068
0.000775747
0.000959749
0.000663521
0.000683252
0.000695304
0.00076303
0.000696514
0.000875992
0.000658031
0.000657733
0.000777996
0.000638167
0.000674488
0.000770313
0.000676761
0.000710752
0.000809991
0.000690697
0.000886602
0.000688689
0.000719532
0.000746945
0.000885615
0.000746906
0.000725036
0.000752405
0.000672473
0.0006313
0.000656729
0.000694846
0.000667089
0.000739918
0.00070242
0.000638844
0.000677907
0.000638871
0.00064414
0.000668451
0.00068387
0.000710526
0.000679737
0.000701062
0.000632392
0.00076067
0.000724204
0.000676891
0.000872436
0.000814163
0.000760608
0.000707839
0.000767993
0.000819403
0.000789773
0.000700845
0.000654405
0.000677498
0.000650091
0.000637477
0.000651137
0.000704763
0.000630826
0.000697371
0.000647233
0.000659959
0.000631526
0.000689633
0.000650996
0.000651433
0.00103912
0.000764297
0.00100621
0.000721951
0.000674243
0.0010401
0.000959157
0.000800339
0.000716368
0.000831436
0.000972169
0.000756182
0.000836181
0.000777106
0.000687146
0.000738767
0.000757362
0.000650578
0.000655145
0.00067004
0.00066711
0.000642071
0.000746818
0.000647629
0.000865005
0.000663865
0.000678817
0.000691955
0.000756218
0.000688007
0.000737699
0.000735113
0.000721728
0.000734615
0.000679202
0.00101744
0.000726425
0.000675001
0.000692401
0.000780826
0.000759912
0.000697774
0.000708231
0.000738042
0.000789066
0.000695011
0.000742402
0.000924514
0.000950208
0.000656324
0.000706639
0.000732834
0.000748031
0.000727096
0.00108948
0.000712848
0.000636763
0.000800048
0.000735003
0.000672268
0.000637078
0.000627058
0.000662254
0.000668668
0.000673158
0.000672538
0.000689145
0.000627747
0.000665844
0.00069346
0.000759028
0.000648708
0.000795133
0.000671162
0.000833154
0.000848644
0.000946891
0.00103477
0.000940942
0.000787732
0.00076865
0.000661116
0.000810528
0.000706394
0.000754179
0.000675257
0.00065422
0.000627971
0.000656507
0.000633416
0.000678332
0.00067165
0.000665737
0.000739508
0.000691463
0.000848716
0.000735928
0.000694333
0.000806223
0.000649716
0.000869597
0.000673511
0.000724807
0.000744653
0.000732208
0.000765787
0.000651513
0.000683917
0.000671752
0.000680691
0.000654931
0.000648864
0.000697156
0.000657229
0.000720902
0.000632721
0.000747289
0.000654043
0.000704095
0.000664189
0.000780654
0.000682839
0.000675274
0.000758173
0.000707226
0.000659385
0.000802867
0.00067991
0.000723403
0.000756687
0.000672398
0.000656669
0.000655483
0.000795195
0.000761178
0.000705369
0.000677231
0.00066817
0.000671977
0.000662701
0.000734729
0.000655392
0.000644635
0.000674931
0.000679564
0.000650677
0.000877464
0.000709042
0.0006661
0.00065217
0.000706844
0.000858356
0.00078488
0.000741593
0.000962013
0.000712286
0.00065549
0.000692382
0.000937799
0.000764679
0.000814993
0.000702191
0.000785116
0.000692074
0.000664062
0.000628863
0.00066824
0.000657305
0.000778215
0.00064111
0.000837466
0.000633824
0.000684784
0.000649551
0.000650175
0.000711639
0.000657455
0.000747225
0.000648761
0.000647988
0.00113972
0.000660516
0.000652704
0.000638538
0.000736372
0.000691172
0.000691613
0.000681741
0.000648924
0.000655641
0.000679595
0.000667438
0.000680682
0.000774281
0.000733313
0.00146079
0.000791641
0.000672469
0.000670474
0.000661415
0.000786427
0.000770079
0.000788216
0.000732236
0.000816267
0.000696308
0.000671045
0.000749658
0.000726731
0.000735688
0.000776209
0.000666206
0.000646323
0.00063157
0.0006854
0.000657219
0.000644725
0.000780287
0.000718242
0.000819913
0.000663577
0.000676861
0.000655707
0.000697032
0.000680379
0.000788183
0.000648972
0.000935367
0.000858276
0.000830166
0.000791178
0.000748084
0.000701368
0.000676791
0.000785224
0.000684689
0.000769112
0.000661517
0.0006872
0.000894882
0.000697787
0.000673022
0.000730639
0.000826052
0.000689641
0.000735767
0.00076598
0.000700242
0.000678266
0.000741763
0.000878207
0.000986629
0.00136714
0.00108633
0.000757822
0.00086763
0.00108609
0.000726296
0.000856106
0.000702374
0.00086006
0.000665556
0.000739678
0.000990469
0.000669257
0.000654334
0.000693974
0.000669377
0.00078002
0.00081076
0.000767181
0.000767104
0.000713345
0.0010397
0.000698351
0.000649941
0.000666447
0.000801456
0.000746915
0.000778104
0.000671658
0.000753177
0.00064809
0.000928097
0.000920188
0.000656668
0.00105925
0.000772622
0.000776684
0.000729511
0.00101116
0.000974776
0.000726447
0.000839713
0.000727676
0.000662908
0.00100874
0.000743761
0.000683526
0.000685929
0.000714851
0.000723322
0.000835128
0.000759201
0.0007364
0.000682944
0.000689014
0.00070536
0.000723186
0.000656074
0.000684977
0.000766726
0.000791597
0.000771461
0.000689906
0.000678421
0.000667897
0.000672659
0.000964176
0.000708537
0.000729505
0.000668338
0.00064509
0.000731933
0.000864702
0.000675588
0.000720607
0.000677372
0.000674538
0.000942155
0.000688708
0.000715835
0.000772794
0.000728967
0.000807807
0.000782965
0.000683561
0.000691571
0.000654543
0.000640134
0.000697133
0.000723012
0.000729861
0.00074751
0.000717749
0.000647386
0.000661722
0.000687678
0.000675968
0.000632958
0.000650556
0.000634653
0.000629421
0.000697356
0.000756518
0.000734508
0.000835688
0.000724364
0.000764604
0.000657603
0.000670284
0.00065694
0.00111776
0.000691173
0.000718991
0.000819499
0.000830359
0.000784106
0.000723305
0.00071647
0.000704906
0.000654676
0.000673979
0.000736013
0.000855699
0.000692563
0.000769505
0.000673477
0.000704255
0.000726745
0.000728134
0.000750438
0.000666971
0.000791765
0.000647341
0.000641371
0.000702866
0.000741404
0.00065067
0.000719541
0.000669012
0.000876213
0.00066575
0.000871738
0.000903532
0.000821274
0.000734025
0.000812081
0.000732972
0.000779648
0.000643588
0.000711925
0.000899907
0.000693817
0.00106369
0.000665337
0.000841649
0.000645822
0.000668096
0.000682697
0.000658768
0.000717408
0.000674943
0.000665879
0.000663174
0.000856676
0.000664728
0.000682099
0.000728308
0.000681014
0.000674972
0.000643465
0.000650895
0.000654912
0.000766172
0.000653269
0.000633634
0.000683572
0.000711212
0.00070464
0.000674055
0.000668789
0.000692207
0.000704662
0.000678118
0.000697312
0.000681571
0.000687339
0.000701483
0.000647592
0.000701043
0.000756109
0.000756818
0.000645776
0.000669279
0.000652594
0.000658241
0.000644711
0.000685939
0.000652416
0.000754765
0.000748464
0.000668107
0.000722046
0.000729927
0.000756333
0.000641354
0.000880736
0.000723634
0.000792923
0.000698905
0.000647824
0.00065207
0.000736324
0.000687785
0.000648227
0.000695891
0.00065896
0.000826249
0.000761485
0.000662746
0.000690526
0.000705651
0.000644223
0.000643056
0.000734169
0.0006479
0.00063325
0.000764391
0.000888971
0.000845428
0.000713064
0.000658172
0.000850387
0.000652517
0.000691438
0.000648533
0.000647696
0.000723242
0.000685511
0.000663866
0.000682534
0.000694411
0.000747926
0.000660992
0.00069239
0.000757669
0.000705502
0.000757057
0.000719723
0.000636665
0.000691705
0.000759008
0.000709024
0.000894052
0.000993306
0.00106532
0.000828817
0.000833235
0.000717704
0.00069639
0.000703019
0.000660939
0.000702635
0.000774225
0.000832556
0.000735161
0.000699252
0.000633838
0.000669938
0.000668676
0.000668278
0.000650874
0.000654675
0.000673222
0.000698999
0.000783521
0.000678279
0.000700897
0.000908382
0.000685804
0.000673301
0.000841398
0.00090542
0.000646433
0.000717389
0.000839223
0.000668322
0.0010573
0.000671664
0.00075991
0.000754335
0.000690795
0.000613568
0.000782853
0.000672165
0.000718731
0.000654107
0.000704691
0.000661061
0.000672402
0.000739537
0.000885534
0.000721869
0.000693563
0.000790511
0.000722476
0.000752155
0.000666887
0.000672795
0.000781655
0.000698439
0.00091037
0.000679374
0.00067221
0.000788342
0.000648337
0.000662444
0.000747476
0.000671803
0.000660531
0.000667248
0.000697816
0.000648358
0.000693229
0.00073626
0.000727132
0.000661582
0.000754061
0.000638688
0.000670856
0.000777068
0.000739543
0.000774871
0.000701352
0.000834241
0.000715092
0.000700571
0.000825371
0.000742554
0.000806499
0.000654206
0.000664311
0.000664516
0.000649359
0.000641235
0.000681294
0.000665493
0.000664768
0.000653484
0.000698544
0.000690418
0.000806551
0.000664951
0.000655345
0.000708172
0.000723309
0.000671249
0.000812207
0.000677659
0.00067657
0.000690798
0.00074421
0.000727059
0.000711141
0.000667751
0.00078162
0.000659921
0.000636828
0.000690391
0.000673791
0.000638908
0.000672033
0.000675035
0.000692077
0.000711163
0.000727779
0.00083296
0.000716211
0.000694379
0.000620525
0.000821667
0.000666541
0.000694865
0.000675081
0.000642973
0.000720915
0.000684612
0.000664056
0.000670043
0.000651249
0.000677387
0.000694339
0.000713231
0.000722868
0.000662871
0.000670428
0.00068351
0.000734478
0.000651196
0.000678169
0.000743767
0.000687283
0.000725004
0.00070329
0.000722107
0.000682792
0.000730619
0.000649769
0.000824769
0.000814498
0.000729418
0.000735806
0.000661379
0.000767383
0.000650348
0.000674922
0.000647817
0.000713847
0.000654293
0.000745522
0.00067361
0.000643927
0.000663736
0.00066425
0.000681242
0.000747132
0.000683426
0.000629195
0.00075691
0.000710695
0.000706112
0.000711415
0.000642082
0.000683898
0.000695945
0.000901485
0.000678802
0.000656978
0.000664996
0.000703041
0.000655489
0.000635406
0.000661018
0.000817593
0.000723015
0.000679874
0.00069894
0.000662926
0.000692939
0.000760482
0.000734732
0.000661602
0.000650648
0.000754042
0.000979715
0.000702524
0.000730424
0.000676586
0.000687889
0.000664377
0.000687942
0.000729366
0.000708896
0.000649858
0.000729193
0.000662449
0.00066341
0.000695065
0.000645783
0.000750266
0.00074421
0.000749342
0.000678943
0.00062963
0.000684544
0.000648106
0.000646713
0.000823177
0.000623526
0.000710938
0.000646152
0.00069192
0.00070301
0.000745673
0.00074631
0.000683506
0.000640632
0.000699223
0.000658967
0.00068012
0.000715681
0.000744766
0.000650816
0.000701555
0.000794684
0.000849813
0.000770726
0.000658803
0.000642434
0.000673404
0.000642837
0.000701769
0.000729567
0.000645055
0.00084603
0.000740201
0.000745143
0.000840207
0.000679192
0.000657334
0.000656479
0.000647441
0.000669491
0.000732451
0.000682004
0.000723522
0.000667798
0.000675352
0.000693615
0.000667991
0.000694117
0.00126302
0.000664349
0.000681944
0.00065762
0.000675784
0.000816464
0.00102069
0.000860897
0.000732838
0.000738127
0.000809831
0.000840128
0.000698154
0.000671834
0.00064926
0.00091367
0.000746101
0.000843387
0.00067002
0.000646872
0.0007231
0.000653903
0.00071079
0.000688208
0.000738775
0.000683403
0.000642261
0.000675959
0.000736088
0.000695485
0.000695831
0.00075198
0.000660428
0.000704989
0.000736687
0.000784114
0.000839587
0.00066733
0.000712063
0.000784556
0.000681855
0.000808592
0.000694182
0.000694082
0.000691085
0.000644351
0.00064917
0.000671586
0.000701651
0.000720463
0.000732994
0.000715651
0.00064769
0.000712343
0.000713467
0.000888474
0.000786375
0.000699352
0.000649756
0.000793385
0.000803832
0.000674377
0.00067706
0.000710918
0.000704205
0.000671914
0.000732014
0.000674922
0.000673842
0.000629227
0.000668591
0.000650072
0.000719194
0.000812487
0.000778761
0.000679004
0.000698744
0.000807337
0.00066931
0.000734632
0.000800917
0.000773398
0.000684851
0.000692422
0.000715221
0.000733441
0.000669771
0.000657806
0.000812816
0.000670917
0.000666949
0.000665557
0.00071609
0.000643273
0.000748508
0.000655568
0.000717719
0.000649292
0.000645219
0.000810805
0.000719984
0.000693063
0.000619294
0.000730198
0.000707822
0.000848549
0.000679761
0.000641927
0.000685885
0.000730249
0.000994076
0.000669547
0.000800547
0.000695561
0.000690081
0.000683835
0.000686102
0.000668105
0.000647532
0.000640412
0.000688811
0.000695354
0.000749601
0.00116949
0.000928802
0.00106099
0.000726369
0.00074382
0.00077227
0.000847259
0.000689871
0.00091419
0.000719391
0.000656031
0.000652619
0.000693682
0.000774505
0.000715996
0.000905036
0.000964806
0.000681683
0.000838851
0.000688949
0.000674005
0.000682341
0.000689706
0.000714088
0.000738993
0.000664312
0.000666647
0.000881585
0.000659152
0.00104699
0.000725608
0.00083205
0.000851946
0.000887868
0.000644951
0.000642935
0.000662708
0.000707997
0.000678181
0.000918183
0.000673342
0.000638649
0.000665609
0.000730862
0.000722126
0.000689766
0.000734705
0.000931593
0.000943665
0.000725826
0.000831099
0.000688297
0.000946438
0.000731372
0.000680146
0.000729219
0.000919866
0.000704763
0.000697925
0.000697333
0.00067292
0.000695871
0.000683593
0.000665666
0.000666795
0.000666879
0.000676583
0.000685205
0.00068131
0.000673502
0.000688231
0.000825035
0.000722375
0.00069533
0.000665223
0.000800043
0.000722583
0.000888759
0.00073499
0.000807149
0.000718016
0.000660833
0.000677498
0.000700642
0.000706788
0.000743344
0.000835628
0.0007329
0.000671646
0.000691005
0.000651171
0.000668513
0.000772156
0.000753108
0.000677493
0.000699765
0.000750164
0.000660615
0.000718527
0.000726526
0.000748215
0.000737951
0.000648599
0.000811414
0.000804491
0.000737024
0.000637214
0.000684785
0.000705885
0.000677576
0.000682448
0.000664392
0.000677196
0.000676558
0.000661309
0.000633006
0.000683479
0.000642665
0.000713706
0.00065695
0.000688613
0.000647754
0.00078854
0.00068482
0.000794554
0.000657931
0.000832973
0.00066759
0.000720027
0.000718636
0.000741372
0.000677868
0.00064407
0.000679082
0.000738768
0.00065126
0.000668031
0.000659097
0.000675381
0.000665321
0.000686683
0.000689527
0.000682439
0.000630766
0.000667314
0.000651073
0.000639843
0.000666974
0.000675946
0.000668411
0.000855478
0.000713684
0.000663637
0.000712241
0.00072518
0.000718246
0.000683724
0.000693934
0.000676937
0.000673962
0.000725836
0.000659429
0.000784305
0.000653276
0.00068275
0.00065537
0.000653464
0.000659468
0.000676451
0.000668001
0.00067558
0.000657912
0.00065927
0.000732306
0.00078535
0.000728615
0.000675838
0.000665434
0.0007302
0.000742462
0.000662617
0.000645951
0.000642128
0.000699211
0.000664883
0.000665143
0.000660296
0.000640441
0.000701761
0.000655416
0.000643465
0.000726589
0.00066272
0.000751539
0.000667064
0.000637834
0.000663354
0.000737661
0.000637442
0.000654194
0.000654366
0.000760579
0.000742965
0.000898266
0.000953415
0.00110696
0.000745098
0.00072458
0.000673868
0.00063836
0.0007637
0.000661532
0.000660554
0.000765388
0.000715397
0.000672346
0.000635317
0.000642917
0.000779239
0.000712875
0.000669021
0.00074721
0.000849953
0.000795532
0.000784371
0.000785036
0.000763528
0.00068664
0.000772833
0.000720231
0.000770735
0.000659576
0.000860787
0.000726477
0.000920577
0.000943818
0.000754294
0.000662296
0.000704912
0.000712733
0.00063513
0.000690661
0.000664274
0.000678238
0.000654598
0.000632484
0.000658068
0.000691858
0.000867797
0.000800697
0.000844155
0.000857342
0.000701381
0.000709005
0.000763971
0.000693244
0.000656868
0.000650189
0.000778672
0.000642488
0.000830273
0.000760586
0.000672352
0.000674513
0.000652518
0.000737839
0.000641426
0.000654248
0.000729386
0.00063519
0.000724351
0.000667767
0.000690311
0.000684519
0.000693378
0.000704035
0.000722465
0.000650404
0.000688283
0.000723699
0.000684575
0.000639867
0.00068289
0.000678602
0.000726706
0.00070354
0.000747173
0.000663388
0.000662044
0.000818809
0.000633113
0.000674024
0.000671884
0.000666888
0.000641768
0.000650244
0.000665539
0.000616613
0.000659274
0.00070734
0.000673869
0.000727421
0.000728407
0.000824624
0.000664192
0.000776785
0.000684911
0.000622279
0.000670152
0.000678713
0.000738427
0.000773198
0.000767636
0.000707728
0.00066627
0.000644178
0.000664109
0.000700238
0.000661688
0.000644664
0.000644592
0.000655181
0.000660698
0.000661007
0.000735769
0.00078055
0.000763014
0.000780641
0.000754612
0.00077083
0.00073694
0.000692065
0.000678679
0.000773175
0.000662566
0.0007039
0.000668913
0.000765053
0.000715144
0.000660309
0.000681512
0.000636147
0.000677417
0.00065812
0.000678879
0.000660258
0.000703875
0.000659436
0.000718719
0.000663696
0.000798299
0.00070183
0.000775967
0.000707751
0.000687978
0.000689556
0.000680599
0.000754817
0.00081266
0.000670254
0.00065427
0.000667929
0.00069175
0.000666217
0.000704306
0.000676707
0.000694156
0.000682734
0.000625019
0.000628143
0.000629709
0.000680219
0.000672464
0.000713813
0.000688775
0.00064511
0.000753296
0.000715446
0.000800053
0.000812315
0.000745978
0.000665769
0.000650939
0.000827199
0.000666727
0.000626153
0.000660579
0.000690315
0.000682419
0.00072846
0.000638877
0.000638433
0.000641413
0.000669705
0.000677371
0.000650951
0.000645328
0.000712046
0.000631287
0.000672847
0.000719431
0.000726597
0.000649256
0.000710614
0.000701327
0.000781488
0.00069333
0.000805563
0.0011408
0.000662821
0.000692311
0.000648226
0.000864418
0.000678915
0.000775627
0.000666364
0.00075173
0.000656807
0.000653366
0.000655223
0.00065536
0.00062811
0.000673572
0.000740827
0.000650502
0.000769114
0.000934527
0.000698946
0.000734144
0.00080166
0.000799561
0.0007699
0.000697843
0.000812226
0.000686811
0.000661299
0.000652307
0.000722391
0.000707551
0.000693666
0.000650367
0.000682274
0.00066877
0.000638191
0.000652025
0.000644811
0.00065349
0.000675758
0.000722339
0.000668982
0.000689925
0.000683562
0.000650872
0.000679447
0.000674285
0.000748139
0.000727441
0.000764439
0.000694992
0.000745039
0.000692367
0.00066791
0.00068092
0.000762159
0.000736081
0.000705782
0.000680168
0.000676738
0.000662791
0.000683502
0.000676448
0.000738606
0.000651146
0.000679954
0.000668281
0.000625373
0.000644035
0.000806706
0.000660546
0.0010704
0.000822354
0.000695319
0.000683363
0.0007003
0.000685242
0.000669213
0.000699166
0.000636369
0.00067929
0.000750075
0.000653405
0.000695282
0.000627637
0.000675824
0.000663509
0.000670828
0.00068192
0.000765988
0.000651531
0.000700461
0.000665135
0.000716826
0.000763114
0.000751364
0.000661438
0.000831397
0.000703088
0.000675811
0.000706537
0.000713038
0.00065897
0.000793538
0.000685001
0.000761797
0.00065382
0.000717902
0.00064652
0.000668744
0.000639257
0.000704408
0.000692825
0.000661275
0.000730043
0.00081228
0.000877915
0.000646402
0.000666959
0.000912485
0.000770661
0.00110725
0.000780893
0.00100686
0.000800734
0.000818626
0.000759786
0.00066827
0.000656434
0.000928728
0.00071182
0.000778072
0.000686297
0.000921
0.000647957
0.000731182
0.000626456
0.00074502
0.000719084
0.000674109
0.000756257
0.000787821
0.000653941
0.000723861
0.000663993
0.000701864
0.000788586
0.000684283
0.000806741
0.000985837
0.000672544
0.000625331
0.000655754
0.00074822
0.000676027
0.00065213
0.000658691
0.000676361
0.00076185
0.000668328
0.000646841
0.000663793
0.000655975
0.000660913
0.000773167
0.000787086
0.000844174
0.000679932
0.000889618
0.000711172
0.000668824
0.000793787
0.000664413
0.000727357
0.000751713
0.000946792
0.00067584
0.000939644
0.000825777
0.00093635
0.000687172
0.00069325
0.000642753
0.000787967
0.000665701
0.000718308
0.000727989
0.000656777
0.000677376
0.000724099
0.000668727
0.00076745
0.000818614
0.00104943
0.00100663
0.000747306
0.000765151
0.000816996
0.000690533
0.00076721
0.000671355
0.000826271
0.000742976
0.000717257
0.000664444
0.00068419
0.000714371
0.000736105
0.000738315
0.000647285
0.000726441
0.000786781
0.00067
0.000691441
0.000737774
0.000748588
0.000757591
0.000687876
0.000697206
0.000717557
0.000786869
0.000710109
0.000775281
0.000716718
0.000629795
0.000646932
0.000762665
0.000682753
0.000681907
0.000648863
0.000638198
0.000673651
0.000694686
0.0006869
0.000798273
0.000656745
0.000650878
0.000640258
0.000687324
0.000677879
0.00074096
0.000714566
0.000734167
0.000641986
0.000676907
0.000758844
0.000684373
0.000664895
0.000728557
0.000656151
0.000669068
0.00074388
0.000810248
0.000664757
0.000666481
0.000739719
0.00067606
0.000701581
0.000669639
0.000697639
0.000644279
0.0006363
0.000679523
0.000658142
0.000627094
0.000671356
0.000670716
0.000669269
0.00065967
0.000727422
0.00067183
0.000695102
0.000675933
0.000640996
0.000690402
0.000769527
0.000645642
0.00079392
0.000696493
0.00067139
0.000748578
0.000684187
0.000673371
0.000656195
0.000665841
0.00066793
0.000631676
0.000682998
0.000692775
0.00081678
0.00076158
0.00103394
0.000826789
0.00070098
0.000736437
0.000651739
0.000803695
0.000812629
0.000784633
0.000793069
0.000782944
0.000801198
0.000666101
0.000698948
0.000805322
0.000661226
0.000909954
0.000714238
0.000747053
0.000820672
0.000802882
0.000783293
0.000841327
0.000725468
0.000666847
0.000815596
0.000805205
0.000666868
0.00107814
0.000816591
0.00100413
0.000839027
0.000763504
0.000718901
0.000793712
0.000672414
0.000748799
0.000737312
0.000666334
0.000675375
0.000711078
0.000818335
0.000670868
0.000708229
0.000738907
0.000680141
0.000728694
0.000665276
0.000739038
0.000691177
0.000794501
0.000697335
0.000696408
0.000673919
0.000864146
0.000717937
0.000759198
0.000697592
0.00074614
0.000983912
0.000771982
0.000702933
0.000680925
0.000700169
0.000722858
0.000742293
0.00085302
0.000777092
0.000660508
0.000918593
0.000718974
0.000726517
0.000664832
0.000838461
0.000746765
0.000902864
0.000864957
0.000787729
0.000864819
0.000714801
0.000658635
0.000709154
0.000810147
0.000815847
0.000660185
0.000655506
0.000652337
0.000700849
0.000790653
0.000704408
0.000817998
0.000800259
0.000815344
0.000981205
0.000698138
0.00073844
0.00112543
0.00110871
0.000845737
0.00102407
0.00112937
0.000976398
0.000760667
0.000669978
0.000686247
0.00081632
0.000812532
0.000662939
0.000690517
0.000679488
0.000697709
0.000884219
0.000999591
0.000719345
0.000999319
0.000949004
0.00101622
0.000666453
0.000690296
0.000848014
0.000747903
0.00103298
0.000760529
0.000719465
0.000670233
0.000838999
0.000899448
0.000699065
0.000662321
0.000681716
0.000830439
0.000650351
0.000774216
0.000627208
0.000959141
0.000673362
0.000714259
0.000735619
0.000674102
0.000763859
0.000661927
0.000940698
0.000684382
0.000932271
0.000883912
0.000873355
0.000894766
0.000685182
0.000835662
0.000710942
0.000675962
0.000710829
0.000745
0.000640493
0.000657405
0.00068938
0.000754661
0.000716288
0.000760499
0.000696652
0.000641252
0.000797584
0.000654203
0.000807029
0.000695965
0.000664289
0.000714908
0.000703171
0.000765348
0.000837961
0.00108897
0.000754688
0.00064713
0.000687943
0.000756563
0.000649358
0.000717151
0.000658601
0.000656022
0.000662295
0.000717116
0.000706632
0.000672387
0.000789912
0.000661363
0.000685721
0.0006491
0.000631683
0.000688367
0.000677622
0.000661655
0.000821443
0.000796335
0.000844392
0.000767874
0.00074821
0.00094197
0.000683568
0.000630366
0.000629963
0.000696131
0.000642718
0.000643604
0.000652067
0.00071697
0.000673594
0.000761129
0.000756275
0.000848362
0.000677905
0.000707905
0.000656938
0.000666563
0.000732911
0.000641256
0.000663977
0.00066168
0.000668178
0.00081907
0.000699939
0.000738546
0.00070352
0.000842709
0.000645302
0.000660111
0.000694034
0.000669089
0.000686394
0.000727169
0.000714687
0.000697203
0.000713027
0.000663351
0.000763468
0.00068515
0.000627415
0.000790131
0.000684904
0.000743714
0.000773516
0.000689234
0.000663042
0.00074439
0.000767156
0.000727929
0.00067861
0.000694082
0.000659404
0.000668643
0.000683507
0.00069542
0.000684638
0.000698724
0.000749285
0.000669283
0.000682017
0.000719901
0.000635386
0.000653691
0.000681893
0.000714376
0.000720281
0.000675639
0.000644948
0.000724004
0.000665122
0.000673732
0.000679598
0.000684378
0.000882253
0.000734715
0.000886735
0.000752315
0.000679988
0.00105145
0.000701046
0.000851371
0.000677469
0.00074648
0.000831212
0.000738707
0.000776646
0.00107491
0.000681112
0.000663296
0.00066162
0.000686129
0.000681421
0.000761837
0.000674518
0.000772608
0.000650245
0.000701372
0.000728332
0.000700678
0.000654477
0.000642876
0.000739507
0.000637455
0.000658255
0.000750892
0.000813981
0.000662485
0.000655723
0.000716134
0.000679704
0.000709768
0.000792982
0.000692956
0.000736748
0.000770162
0.000715089
0.00066336
0.000682767
0.000716873
0.000675516
0.000721587
0.000853111
0.000679091
0.000697478
0.000687906
0.00064905
0.000670259
0.000743649
0.000664379
0.000639653
0.000651401
0.000741122
0.000678108
0.00068448
0.000835594
0.000754436
0.000681367
0.000776508
0.000780216
0.00084326
0.000725826
0.000709402
0.000669874
0.000733834
0.000652747
0.000735619
0.000902742
0.000692526
0.000642834
0.000652479
0.000673214
0.000695033
0.000693532
0.000666156
0.000629545
0.000656351
0.000620617
0.000661914
0.000635492
0.000820136
0.000726085
0.00106656
0.000753813
0.00065155
0.000675632
0.000696062
0.000651536
0.000713301
0.000666922
0.000765158
0.000689457
0.000782463
0.000661685
0.00066337
0.000659256
0.000632365
0.000653362
0.000641395
0.000652141
0.000641193
0.000660887
0.000673408
0.000668525
0.00067567
0.000666817
0.000679889
0.000790383
0.000716244
0.000687925
0.000700844
0.000649615
0.000767304
0.000646013
0.00069487
0.000659099
0.000731501
0.00066654
0.000661227
0.00082216
0.000666363
0.000670451
0.000676587
0.000710588
0.000729006
0.00065859
0.000678785
0.000644265
0.00067664
0.000646435
0.000693685
0.000683724
0.000635081
0.000830602
0.000681543
0.000688379
0.000729476
0.000707431
0.000666561
0.000667799
0.000685116
0.000759462
0.000676108
0.00117121
0.000719639
0.00067601
0.000642549
0.000673
0.00065619
0.000674086
0.000689271
0.000740465
0.000649478
0.000701132
0.000663248
0.000655925
0.000640621
0.000662289
0.000810552
0.000711878
0.000698135
0.000806794
0.000768757
0.000677245
0.000675108
0.000667103
0.000700239
0.000732781
0.000693165
0.000952549
0.000819748
0.00070845
0.000740132
0.000738191
0.000693309
0.000659802
0.000652224
0.000656467
0.000659564
0.000718265
0.000784227
0.000691993
0.000782795
0.000754852
0.000756779
0.00086174
0.00109481
0.000682392
0.000743687
0.000667471
0.000673812
0.000817097
0.000771836
0.000887214
0.000662229
0.000663345
0.000725466
0.000688697
0.000754981
0.00064797
0.000729709
0.000729198
0.000671856
0.000703284
0.000667054
0.000706027
0.000726253
0.000657329
0.000751046
0.00128175
0.000901256
0.000818673
0.000695838
0.000682627
0.00101732
0.00119388
0.000819516
0.000649075
0.000727179
0.000766942
0.000672841
0.000716173
0.000706404
0.000675344
0.000909288
0.000653603
0.000751586
0.000699269
0.000715189
0.000842452
0.000835293
0.000752671
0.000656334
0.000655159
0.000925674
0.000670832
0.00071355
0.000699884
0.000658426
0.000774442
0.000643065
0.000716632
0.000646182
0.000653485
0.000671351
0.000672051
0.000654351
0.000681384
0.000683245
0.000718481
0.000655109
0.000674616
0.000734599
0.000713871
0.000660517
0.000799304
0.000656397
0.000654219
0.00081853
0.000703416
0.000671486
0.000721617
0.000644346
0.000678803
0.000700895
0.00066571
0.000652656
0.000661363
0.000659328
0.000648779
0.000677918
0.000658025
0.000770072
0.000688403
0.00070673
0.000716633
0.000717484
0.000759447
0.000770288
0.00071635
0.000673451
0.00079934
0.00067689
0.000648409
0.000732955
0.000654218
0.000699256
0.000658085
0.000768622
0.000700747
0.000639231
0.000771662
0.000856568
0.000855439
0.000695856
0.000696247
0.000678118
0.000658516
0.000684571
0.000680728
0.000695724
0.000657027
0.000832283
0.000691545
0.000746722
0.000717497
0.000699423
0.00068565
0.000694733
0.000844405
0.000729042
0.000684491
0.000852174
0.000686327
0.000653008
0.000675616
0.00071185
0.000788066
0.000655253
0.000697313
0.000655239
0.000732219
0.000651605
0.000662416
0.000701159
0.000679503
0.000845414
0.000771013
0.000758184
0.00067853
0.000747921
0.000885289
0.000760757
0.000663131
0.000701627
0.000937928
0.00074739
0.00079147
0.00108206
0.000770329
0.000996084
0.000672707
0.000644764
0.000688683
0.000662266
0.000648198
0.000650288
0.000729964
0.000684649
0.000677184
0.000710804
0.000762185
0.000663683
0.000666276
0.000741884
0.000670498
0.000825764
0.000670443
0.0006575
0.00083572
0.000696766
0.000751964
0.000755506
0.000642884
0.000821047
0.000661864
0.000778653
0.000728767
0.000729645
0.00100486
0.000996865
0.000858969
0.000959736
0.000949212
0.000668058
0.000677469
0.000674164
0.0010115
0.000730355
0.000732184
0.000662989
0.000780819
0.000652011
0.000711682
0.000822705
0.000647388
0.00066084
0.000722845
0.0006493
0.000999662
0.000676347
0.00065851
0.000653343
0.000658603
0.00070597
0.00073772
0.00069053
0.000754849
0.000813438
0.000665001
0.000752544
0.00101621
0.000699565
0.000660334
0.000647799
0.000870431
0.000656405
0.000690646
0.000731235
0.000665331
0.000619963
0.000687029
0.000674328
0.00070916
0.000784176
0.000685522
0.000743652
0.000791984
0.00066114
0.000703556
0.000711522
0.000688838
0.00104734
0.000930897
0.000756934
0.000969629
0.000761343
0.000722816
0.00066052
0.000765052
0.000651156
0.00136449
0.000825584
0.000771944
0.0006763
0.000700261
0.00085317
0.000676982
0.000753216
0.000750285
0.000691333
0.000656782
0.000700514
0.000684538
0.000812753
0.000813289
0.000665455
0.000723228
0.000946079
0.000719077
0.000641851
0.000729645
0.000709356
0.000647277
0.00071935
0.000743497
0.000693658
0.000655141
0.000679744
0.000702432
0.000698524
0.000903231
0.00067051
0.00086144
0.000683451
0.00068324
0.000762214
0.000796909
0.000769189
0.000786274
0.00071767
0.00066405
0.000883889
0.000849495
0.0006956
0.000705779
0.000738864
0.000739402
0.000758133
0.000646018
0.000690737
0.000684219
0.000646289
0.000629023
0.000659631
0.000782267
0.000722693
0.000667573
0.000659808
0.000673874
0.000804419
0.000927854
0.00111229
0.000659481
0.00095712
0.00108455
0.000709586
0.000655333
0.000657175
0.000740461
0.000762314
0.000889305
0.000738288
0.000771451
0.000715684
0.000717715
0.000650045
0.000851884
0.000778223
0.000728013
0.00069913
0.000635883
0.000779757
0.000767739
0.000728256
0.000710431
0.000657674
0.000649961
0.000907331
0.000808822
0.000787493
0.000795777
0.000742752
0.000647579
0.000743179
0.000803206
0.000651013
0.000742428
0.000632722
0.000704221
0.000668759
0.000685049
0.000877282
0.000700415
0.000647906
0.000667891
0.000784569
0.000810257
0.000741307
0.000785128
0.000657542
0.000660187
0.000815291
0.000910154
0.00068298
0.000657882
0.00065781
0.000730283
0.000647111
0.000672943
0.000790556
0.000649214
0.000724665
0.000665452
0.000651938
0.00081965
0.000682161
0.000680143
0.00070341
0.000749287
0.00072567
0.000716865
0.000858752
0.000828914
0.000742877
0.000906338
0.000717013
0.000838303
0.000686193
0.000670746
0.000919044
0.000773574
0.000705962
0.000656487
0.000681116
0.000793762
0.000628168
0.000641301
0.000708868
0.00066255
0.000697814
0.000829079
0.000707118
0.000681387
0.000700327
0.000690741
0.000665048
0.000710796
0.000833309
0.000710167
0.000725793
0.000655176
0.000678369
0.000659524
0.000652187
0.000686403
0.000688541
0.00068093
0.000675646
0.000852997
0.000686366
0.000665121
0.000692078
0.000642985
0.000709647
0.000687978
0.000651866
0.000833766
0.000699505
0.000840276
0.000804185
0.000687811
0.000657436
0.000765728
0.0006995
0.000905654
0.000830794
0.000842998
0.00068436
0.0006322
0.000879447
0.0007429
0.000878367
0.000766093
0.000640246
0.000684145
0.000646626
0.000654132
0.000637645
0.000842971
0.000813949
0.000691189
0.00062496
0.000764031
0.000734817
0.000678796
0.00081643
0.000727444
0.000656652
0.000755915
0.000913861
0.000671862
0.000704651
0.00066908
0.000746045
0.000956422
0.000838458
0.000670731
0.000731339
0.000655419
0.000701152
0.000791349
0.000677957
0.00072109
0.000763578
0.000666329
0.000762701
0.000701784
0.00126987
0.00168581
0.000785564
0.00108624
0.00110831
0.000781219
0.000876516
0.000883866
0.00102841
0.000800632
0.000872034
0.000683236
0.000831398
0.000782583
0.000671349
0.000752129
0.000748536
0.000699006
0.000659646
0.000832051
0.000739403
0.000722786
0.000693752
0.000652349
0.000786926
0.000990564
0.000700553
0.000941361
0.000707983
0.000760875
0.000696541
0.000836719
0.000868729
0.000675771
0.000699941
0.000719546
0.000712182
0.00069115
0.00067889
0.000803629
0.000658868
0.000750933
0.000762119
0.000732981
0.000714402
0.000716722
0.000715754
0.000693046
0.000820378
0.000760934
0.000658848
0.000679744
0.000999109
0.000706824
0.000833982
0.000689458
0.000710201
0.000794718
0.000675521
0.000717116
0.000677223
0.000699122
0.000794784
0.000864644
0.000710115
0.000694754
0.000694784
0.00080953
0.000708599
0.000671319
0.000740537
0.000991541
0.000819533
0.00077234
0.000686265
0.000679662
0.000683961
0.000681596
0.000730157
0.000655506
0.000668759
0.000631548
0.0006717
0.000701456
0.000668408
0.000804605
0.000680902
0.000773829
0.000704336
0.000692488
0.000766074
0.000714881
0.00084255
0.000697922
0.00080991
0.000919486
0.000948315
0.000649541
0.000680136
0.00069035
0.000708747
0.000870557
0.0007547
0.000836658
0.000713686
0.000678815
0.000752739
0.000685597
0.000644023
0.00070785
0.000690218
0.000736748
0.000707629
0.000749585
0.000847427
0.000919259
0.000946824
0.000794762
0.000802541
0.000650095
0.000688943
0.000665169
0.000714855
0.000638508
0.000738791
0.000683633
0.000687936
0.000766381
0.000642756
0.000695091
0.0006801
0.000688557
0.000784641
0.000663691
0.000758469
0.000733543
0.00077131
0.000798471
0.000692431
0.000850039
0.000952979
0.000662632
0.000653982
0.000691617
0.000752379
0.000771276
0.000665604
0.000673141
0.000759948
0.000677445
0.00100123
0.000698555
0.000649641
0.000667036
0.000775443
0.000650877
0.000652854
0.000679614
0.000649467
0.000665268
0.000690951
0.000904126
0.000838367
0.000700282
0.000658903
0.000748439
0.000795731
0.000797998
0.000797372
0.00067376
0.00071938
0.000697399
0.000835572
0.000678281
0.000677699
0.000738454
0.000667364
0.000651098
0.000725601
0.000663625
0.000656983
0.00071904
0.000675505
0.000687775
0.000686895
0.000735281
0.000774132
0.000874585
0.000699666
0.00094144
0.000640663
0.000662793
0.000661573
0.000755994
0.000678931
0.00064022
0.000701912
0.000742532
0.000690188
0.00073758
0.000678615
0.000743762
0.000677865
0.00067095
0.000641894
0.000759094
0.000677305
0.000744466
0.000677859
0.000642916
0.00073121
0.000816688
0.000661365
0.000754667
0.000820484
0.000846864
0.000706855
0.000726023
0.0007718
0.000771495
0.000739105
0.000716904
0.000658876
0.000645754
0.000647667
0.000659422
0.000746871
0.000682085
0.000697849
0.000660008
0.000658188
0.000649433
0.0006696
0.000667986
0.000660749
0.000710692
0.000744925
0.000832847
0.000721345
0.00068031
0.000812053
0.000687775
0.000716257
0.000667018
0.000683478
0.000666155
0.000743063
0.000696445
0.000797619
0.000739724
0.000684029
0.000674246
0.000653663
0.000651111
0.000659255
0.000676246
0.000749026
0.00064934
0.000652416
0.000653536
0.00076296
0.000814769
0.000705457
0.000713669
0.000790653
0.000693025
0.000761984
0.000677743
0.000671392
0.000643004
0.000664475
0.00065293
0.000664204
0.000732844
0.000740359
0.000706734
0.000678094
0.000678001
0.000630659
0.000648935
0.000677654
0.000659402
0.000676741
0.000665439
0.000668532
0.000701216
0.000689708
0.000743978
0.000781509
0.000868264
0.000733426
0.000695302
0.00066008
0.00088726
0.00071575
0.000654399
0.000652711
0.000659693
0.000711153
0.000733776
0.000821963
0.000661779
0.000721712
0.000674239
0.000639648
0.00067871
0.000681065
0.000686308
0.000702008
0.000667287
0.000663274
0.00078752
0.000766184
0.000781957
0.000654191
0.000750964
0.000698162
0.000683196
0.000753562
0.000783853
0.000752905
0.00064224
0.000645168
0.000815344
0.000708084
0.00140888
0.000700094
0.000675801
0.000669684
0.0007015
0.000648183
0.000641862
0.000671362
0.00065112
0.000674947
0.00075067
0.000632164
0.000676753
0.000683686
0.000861771
0.000713038
0.000774696
0.000677062
0.000676811
0.000827878
0.000713714
0.00067065
0.000735177
0.000658621
0.000721156
0.000728386
0.000658601
0.000690602
0.000642552
0.000644598
0.000672425
0.000662236
0.000708869
0.000753387
0.000662757
0.000673961
0.000634207
0.000685512
0.000665862
0.000940825
0.000736229
0.000693944
0.000647348
0.000665617
0.000706889
0.000689934
0.000700127
0.000672325
0.000762688
0.000882506
0.000798702
0.000848724
0.000671449
0.000652
0.000655639
0.000717112
0.000672647
0.000737847
0.000649401
0.000751358
0.000628932
0.000712268
0.000696402
0.000661969
0.000836437
0.000785534
0.000741152
0.000965266
0.000734506
0.000728556
0.000635827
0.000645006
0.000690117
0.000741429
0.000711567
0.000958539
0.000689076
0.000842922
0.000746208
0.000814332
0.000686303
0.000736077
0.000699059
0.000666637
0.000655409
0.000630613
0.000652621
0.000656475
0.000645882
0.00071639
0.000803689
0.000707548
0.000684885
0.000856064
0.000736891
0.000683635
0.000771575
0.00078068
0.000738149
0.000816393
0.000662958
0.000625114
0.00072077
0.000702502
0.0006435
0.000721014
0.000656213
0.000670326
0.000634283
0.000661544
0.000652298
0.000684297
0.000868268
0.000929889
0.000718325
0.00100987
0.000696414
0.000760758
0.00076846
0.000687765
0.000648207
0.000691191
0.000767701
0.000647682
0.000747912
0.000649327
0.000640252
0.000678511
0.000649387
0.000697817
0.00065227
0.000620185
0.000637214
0.000664825
0.00075414
0.000644373
0.000702588
0.000751414
0.000848475
0.000936605
0.000698924
0.000880505
0.000685575
0.000907967
0.000822219
0.000719239
0.000652208
0.000629985
0.000686508
0.000837492
0.000665222
0.000642224
0.000643543
0.000653496
0.000670806
0.000641127
0.000664109
0.000658496
0.000698383
0.000674486
0.000628889
0.000704189
0.000674664
0.000671634
0.000641648
0.0007519
0.00071792
0.000734634
0.000683355
0.00072193
0.000716374
0.000678545
0.000664324
0.000803557
0.000752993
0.000881224
0.000641516
0.00066832
0.000653207
0.000650787
0.000652734
0.00064183
0.000654504
0.00062352
0.000685593
0.000666158
0.000672758
0.000727327
0.000799997
0.000716884
0.000812287
0.000671975
0.000719768
0.000688896
0.000697176
0.000867595
0.000683054
0.000661049
0.000652065
0.000709069
0.000717841
0.000667424
0.000654881
0.000678751
0.000659933
0.000661939
0.000663228
0.000772947
0.000645352
0.000622339
0.000656501
0.000674406
0.000660378
0.00074512
0.000659992
0.0008411
0.000715076
0.000734768
0.000743076
0.000722898
0.000654471
0.000682352
0.000659871
0.000641256
0.000786552
0.000713694
0.000769124
0.000744825
0.000653372
0.00067961
0.000658577
0.00064419
0.000648133
0.000661358
0.000753863
0.000670783
0.000697441
0.000767105
0.000914825
0.000661187
0.000950462
0.00100057
