1606.54
1715.98
1642.07
1623.96
1647.82
1628.11
1630.27
1836.67
1588.01
1697.55
1695.82
1890.29
1904.53
1882.75
1832.82
4302.06
2092.89
1799.3
1916.17
1878.48
1893.28
1834.75
1906.67
2003.58
1894.14
1732.98
1837.98
1880.77
1810.74
1911.81
1893.14
1890.34
1917.89
1884.63
1870.85
1899.87
1914.24
1824.53
1833.87
1854.85
1883.11
1690.54
1861.93
1713.25
1673.15
1877.42
1684.83
1749.13
1698.41
1616.7
1601.34
1718.28
1628.32
1709.36
1877.18
1624.66
1608.01
1613.11
1637.77
1629.49
1651.01
1672.72
1636.2
1617.74
1611.55
1625.98
1630.02
1668.59
1630.33
1630.09
1631.76
1610.48
1609.97
1625.61
1598.55
1627.66
1640.11
1625.84
1648.16
1665.5
1656.79
1634.23
1631.32
1661.8
1624.47
1681.08
1658.43
1691.35
1655.42
1632.61
1633.53
1655.71
1638.19
1662.39
1631.29
1639.41
1639.59
1640.7
1679.25
1640.14
