15.2762
17.7141
20.8854
15.7079
15.9364
15.2087
15.4131
17.4474
16.2024
15.1944
16.2753
15.9098
15.4312
15.3003
15.8881
15.8111
15.6371
15.7668
16.2995
17.4821
16.9415
16.1276
15.6988
17.3179
16.0385
15.3933
15.2827
16.7526
15.8366
15.4096
16.781
16.6347
16.6269
15.9107
18.5008
15.9764
16.9141
17.9294
16.1612
17.1978
16.1647
16.1556
15.809
16.0973
15.7762
16.7756
20.6453
16.4703
16.032
17.4502
15.9171
16.1835
15.7987
16.2525
15.4742
15.4912
16.8222
19.5511
16.0596
15.9963
16.7851
16.9695
17.5715
18.7511
20.7075
17.3816
16.9234
15.9831
17.257
16.2393
15.4095
16.0534
15.3799
15.2943
16.377
19.6355
16.1769
20.5019
18.1661
15.6975
15.8766
18.4161
15.9229
15.7101
16.8299
16.0251
15.6948
16.2326
15.4141
16.294
17.3581
18.8102
16.4868
15.9006
16.657
16.426
15.7661
15.9045
16.2191
16.1788
