2.18021
2.41264
2.25249
2.23028
2.35554
2.21629
2.35805
3.59951
2.44431
2.31796
2.32283
2.19786
4.51409
2.23542
2.29591
2.13769
2.33081
2.17289
2.83349
2.25318
2.33537
2.22526
2.23747
2.28444
2.59193
2.27019
2.24167
2.22858
2.15813
2.15782
2.1463
2.14118
2.18832
2.26102
2.16139
2.15259
2.34003
2.15306
3.33376
2.27404
2.19839
2.12719
2.2331
2.21233
2.11648
2.19297
3.49819
2.27022
2.14854
3.31716
3.31052
2.27056
2.43025
3.07663
2.12295
2.16885
2.16493
2.17268
2.22368
2.7709
2.1647
2.14345
2.42354
2.25362
2.20721
2.11165
2.1854
2.20264
2.14499
2.29348
2.15887
2.22195
2.20732
2.13422
2.2192
2.31227
2.49917
3.03307
2.16927
2.24773
2.17884
2.33917
2.25827
2.19095
2.37143
2.14695
2.22133
2.17306
2.22298
2.12765
2.24437
2.22687
2.34651
2.1582
2.3149
2.16949
2.93902
2.28073
2.32652
2.22163
