0.874529
0.915897
0.868169
0.876458
0.888912
0.946672
0.936448
1.0642
0.839651
0.897411
0.953172
0.875904
0.905186
0.882072
0.861562
0.922354
0.911734
0.873392
0.897629
0.882633
0.950378
0.96362
0.879309
0.914521
0.883813
0.910448
1.18633
0.883147
0.942053
0.873692
0.918605
0.889606
0.997419
0.946136
0.848138
0.886517
0.893368
0.891692
0.913586
0.918171
0.923529
0.894016
1.02096
1.23135
0.903076
0.880592
0.920049
0.900041
0.993899
0.914538
0.998986
0.993106
0.92631
0.906869
0.960412
0.903948
1.40966
0.936245
0.911962
0.876176
0.878804
0.928996
0.929536
1.36949
0.903145
0.86578
0.972961
0.907049
0.887109
0.891718
0.876443
0.916022
0.937391
1.02238
0.937652
0.86945
0.865031
0.919104
0.950996
0.932613
0.886863
0.916829
0.89031
0.906019
0.87051
0.951131
0.970239
0.872788
0.874314
0.882805
0.882924
1.04734
0.910511
0.934541
0.884742
0.984122
0.889459
1.08448
0.942807
0.947176
2.69609
2.89642
2.39032
2.30685
2.35837
2.4176
2.34373
2.42248
2.73583
2.34332
2.42734
2.40668
2.42376
2.40302
2.58384
2.45741
2.41768
2.65653
2.54869
2.58492
2.33273
2.52951
2.4666
2.58149
2.49469
2.54896
2.6787
2.48429
2.62899
2.51078
2.37815
2.44969
2.35021
2.62645
2.53276
2.37316
2.57683
2.59936
2.58374
2.46224
2.36807
2.5794
2.40027
2.60845
2.39744
2.82476
2.51097
2.42043
2.74842
2.59063
2.447
2.62424
2.38374
2.47195
2.42533
2.68902
2.75734
2.49458
2.40132
2.36368
2.45474
2.85899
2.50035
2.44387
2.43055
2.45728
2.63331
2.38465
2.39619
2.31771
2.48847
2.58116
2.37697
2.54783
2.68748
2.55526
2.60283
2.52271
2.46831
2.39576
2.44018
2.46076
2.39572
2.37129
2.56607
2.72844
2.80123
2.42539
3.05237
2.8744
2.45538
2.52881
2.545
2.65368
2.61233
2.47808
2.68402
2.66808
2.59767
2.39922
4.16348
4.14272
4.11354
4.06574
4.1344
4.14513
4.56276
5.9487
4.17552
4.29047
3.96177
4.13681
4.40292
4.18956
4.17966
4.04348
4.11163
4.0774
4.19528
3.90727
4.00318
4.23099
4.02388
4.19983
4.03281
3.91642
4.52664
4.31417
4.2144
3.94645
4.54091
4.53759
4.02089
4.7886
4.23217
4.08909
4.42304
4.01792
4.17678
4.30603
4.23686
4.25772
7.16426
4.25667
4.39385
4.32065
4.25683
4.0881
3.98599
4.44231
4.02846
4.13141
4.39865
4.06638
4.13142
4.40276
4.12922
4.18445
4.33601
4.73539
4.07718
5.33049
4.67837
4.42964
3.974
4.56698
6.50436
4.33605
3.93149
4.28297
4.28484
6.93172
7.73568
4.23252
7.07713
4.11197
4.55841
4.12821
4.30531
4.1173
4.02844
4.16876
4.16855
3.99227
4.02535
3.97843
6.77053
5.15288
4.78629
4.17145
4.08139
4.06065
4.22757
7.14687
4.19695
5.5499
3.93823
4.79225
4.13178
4.38749
7.03291
5.84597
9.36407
6.94859
5.68601
7.45139
5.89567
5.68867
5.69846
6.52805
6.47247
5.92292
6.50814
5.67013
6.54772
6.04582
6.67093
5.85514
6.67387
6.71102
6.04576
6.23538
5.82848
5.96331
6.05134
5.67897
6.00267
6.49819
5.90188
5.99017
7.06998
5.70705
5.73822
5.70809
5.83711
5.7022
5.64037
6.43105
6.02679
5.63988
5.91598
5.74775
5.86931
6.69906
5.97014
6.01233
7.2431
6.97576
5.85703
5.94874
5.75621
5.77583
5.93847
6.07466
6.17541
5.74987
5.9964
5.50256
5.73677
5.80747
7.65674
5.7229
6.38875
5.92131
6.32894
5.91646
6.00247
6.29566
5.59839
6.41075
5.78657
6.7501
6.20485
6.09646
6.74384
5.9306
5.96474
5.86093
5.87146
5.88184
6.60709
6.32673
6.27637
5.84687
6.18843
6.615
6.05854
6.07868
5.52772
5.71783
6.24327
5.93139
6.36643
6.03468
6.99153
6.82653
6.02272
7.24772
6.89994
5.87873
8.66088
8.91979
8.47441
7.54049
7.89038
7.85206
10.3654
8.08009
9.3328
7.97147
7.37407
9.17803
9.27432
9.27979
7.37868
8.78459
7.58799
7.95244
7.52975
7.97009
7.60262
9.06798
7.18738
7.97351
10.4301
13.0833
7.79607
8.33586
7.339
7.6463
7.48353
8.17155
7.75856
8.37463
8.37697
7.30827
8.6012
8.45182
8.92133
7.67629
7.81423
7.47002
8.10988
7.32392
8.4508
7.73667
7.62074
9.08693
10.1964
7.42478
7.28393
7.99463
8.37413
7.72323
9.55652
7.45411
7.4398
7.58741
7.82248
7.68038
7.92377
7.85872
7.18133
10.9476
10.6885
9.37711
7.53236
9.44893
7.38777
8.18276
12.2862
8.79666
7.48004
7.24615
7.20981
8.47485
7.18611
7.79627
11.3479
8.03517
7.4838
7.15449
7.96394
7.35499
7.58721
7.38545
7.76905
7.49563
8.88284
7.92823
8.25369
8.05341
8.18891
7.51604
7.73494
7.85262
8.22871
7.49737
7.37746
7.51216
9.73213
11.1889
9.39158
9.70535
11.1789
9.97988
14.0166
9.49345
11.3938
9.12894
9.17654
10.0255
9.05568
13.0071
13.5479
8.76035
9.05413
9.05049
10.0882
9.51398
9.55276
9.11318
8.83337
9.17539
9.408
9.71571
10.5362
9.03622
9.29628
10.0075
8.97072
8.99699
9.27588
9.18748
9.91511
9.32906
9.17378
9.67832
9.87016
9.72553
8.9242
9.97615
9.59239
9.12188
9.40178
9.36686
9.4198
9.08892
9.08538
9.4026
9.17023
8.86683
14.4253
13.7513
12.7862
9.76064
8.97186
9.39989
8.88511
12.8224
10.091
11.315
12.8119
8.92835
9.77092
9.83912
9.63001
9.27221
9.19486
9.31242
9.38064
9.58783
9.52127
9.38992
9.00816
12.2127
9.32865
9.05023
10.144
9.45961
9.14599
9.08823
9.32392
9.25315
9.40041
9.3743
9.23649
9.543
9.22645
8.8842
9.24982
9.22661
9.22869
9.13674
10.8892
13.7985
8.90651
9.04905
10.0278
8.76678
