1.57487
1.46856
1.43196
1.45116
1.44064
1.40819
1.41751
1.77607
1.39821
1.49713
1.44598
1.40689
1.37186
1.54377
1.4328
1.60468
1.44069
1.47272
1.46476
1.47649
1.35943
1.37892
1.33523
1.46696
1.54615
1.65905
1.42872
1.58461
1.49713
1.37511
1.85254
1.40206
1.36867
1.4297
1.50548
1.45514
1.44845
1.52704
1.41554
1.42126
1.57849
1.48689
1.43014
1.42096
1.6693
1.49667
1.44968
1.39453
1.39725
1.47836
1.49468
1.6626
1.42328
1.46304
1.52826
1.34367
1.45243
1.4451
1.48679
1.47777
1.48912
1.37238
1.45562
1.64345
1.41431
1.4083
1.41869
1.42571
1.4378
1.40514
1.43595
1.57095
1.38727
1.4595
1.36494
1.48403
1.34546
1.38503
1.43535
1.42212
1.38992
1.70198
1.51404
1.4197
1.43759
1.39558
1.40206
1.43429
1.44291
1.50943
1.56907
1.37656
1.37161
1.57204
1.38828
1.45277
1.4394
1.67772
1.47046
1.42719
3.96515
3.75046
3.96711
4.62228
4.29443
3.85083
3.84133
3.85203
3.91146
3.79255
4.24949
4.23858
4.04045
3.94268
4.20439
3.96699
3.89372
4.09737
3.71363
3.8699
3.7292
3.80433
4.1107
3.77093
4.17301
3.7982
3.80838
3.91463
4.38093
3.94131
3.88154
4.03368
3.70814
3.89403
4.06274
3.93521
3.97886
3.97684
4.64904
4.00479
4.22022
3.83245
4.107
3.80995
3.92751
3.91661
4.1148
3.84618
3.81782
3.89577
4.25678
3.86125
3.65441
4.28715
4.03531
3.77579
4.63634
4.04531
3.82071
4.1513
3.75742
3.85683
3.78071
3.82221
4.17229
4.20106
4.3943
4.10243
3.85084
5.42443
3.95328
4.09359
4.19612
3.90242
4.16347
3.9398
3.88709
3.8319
3.87361
3.86423
3.78193
3.97271
3.85736
4.30106
3.87806
3.79157
3.89188
3.7777
3.88031
3.85424
4.18472
3.8156
4.28604
3.86316
3.73347
4.07899
4.06676
4.08364
4.46095
4.42977
6.59745
6.7842
6.57341
6.9097
6.4265
6.73158
6.76799
6.97537
6.39504
7.02328
7.12006
6.18897
6.23312
6.3175
6.62094
6.86193
6.81975
6.70436
6.69637
6.63226
6.87278
6.40265
6.61444
6.4298
7.17773
7.04035
6.69038
6.55084
6.79767
6.27197
6.8505
6.55227
6.48377
7.06894
6.69597
6.4401
7.11672
6.60395
6.7119
6.70461
8.29689
6.3486
6.36955
6.63603
7.54967
6.5842
6.4684
6.87905
6.417
6.94232
6.95671
6.64322
6.38915
6.87981
6.71578
6.46132
6.78031
6.63112
6.70243
6.44892
6.69297
7.12848
7.65429
9.41087
7.54076
7.22502
6.39332
6.64256
6.99355
6.82777
6.47212
10.8906
10.2271
7.06076
7.05002
8.93683
6.6268
7.01431
6.50571
9.90684
7.43657
7.50644
6.79431
6.69764
6.58221
6.37765
6.6417
6.316
6.36836
10.0521
9.38771
8.34156
7.8543
8.01033
9.68142
6.92535
6.48653
6.73885
6.67817
6.68808
9.39691
9.0475
13.0214
9.64184
10.6624
10.2058
10.0988
9.71132
9.53484
9.94556
9.30363
11.3255
10.6296
9.81521
9.51661
9.9258
9.76304
9.46676
10.3666
10.9804
9.48176
10.5172
9.93172
9.47204
11.1607
10.5388
10.614
9.48073
9.97519
9.17465
11.666
11.2518
10.0704
9.69602
10.1329
10.4144
9.88079
10.7035
9.3032
9.39324
9.57082
9.90194
9.15606
9.17506
11.5538
9.28083
9.26472
9.34816
11.0867
10.6243
10.0771
10.1611
9.33397
10.0951
9.59668
10.0715
9.08654
9.84441
9.48844
10.3222
9.27075
9.35532
9.34512
9.93062
9.25301
10.0756
10.6056
11.4085
11.2817
10.1318
10.5576
9.16279
9.82512
9.44631
9.43003
9.73386
11.305
9.5379
9.52163
9.84107
10.1532
9.78754
14.8097
9.81255
9.88376
9.23494
9.6904
9.9189
10.6011
9.40241
10.3469
9.72601
10.0209
9.58589
10.1805
9.4483
9.61263
9.59265
9.70033
9.72524
12.4796
16.8572
13.6246
14.3674
15.6914
12.2085
16.4035
13.4094
13.1025
12.4396
12.7022
12.2024
14.6366
12.3004
13.0434
12.8794
12.7918
12.0823
12.444
12.459
11.5682
13.7102
11.967
12.2817
12.6631
12.8889
12.3794
12.2369
13.4318
13.3157
13.462
13.0532
12.314
12.1342
14.1693
12.9576
12.9766
12.3263
14.0316
12.3303
12.1221
13.1518
13.265
12.2631
11.7293
14.4694
12.5936
13.2321
12.9928
12.5791
12.3344
12.2796
13.0754
12.4768
12.0243
12.123
14.8393
13.6037
12.6031
14.489
11.8819
14.7623
13.0466
12.3545
15.8629
17.6532
11.355
14.9473
11.4621
12.8744
12.0749
11.7937
12.0554
12.2733
11.823
11.723
17.3316
12.2288
11.8657
12.1717
11.8224
14.1677
11.9674
12.1191
26.1279
11.8318
12.5347
12.9705
12.1989
11.8778
13.4353
17.1692
11.4042
11.9725
14.5104
12.089
11.9753
11.6041
12.3142
11.4156
