0.0556695
0.0554427
0.0566065
0.0654859
0.0657362
0.0637286
0.0579056
0.0546801
0.0553996
0.0554708
0.0572799
0.0573285
0.05641
0.0597311
0.0639431
0.0772034
0.0702661
0.0722297
0.0602497
0.0571956
0.0537053
0.084376
0.0726498
0.0752454
0.0669367
0.0593728
0.0703833
0.0642794
0.0730687
0.0676357
0.068175
0.0702838
0.0703944
0.0720862
0.0638816
0.0678638
0.0774783
0.0660091
0.0710193
0.0617729
0.0567337
0.0581654
0.0566369
0.0555183
0.0558958
0.0582862
0.0542332
0.0595281
0.0768206
0.0639596
0.0718378
0.063777
0.0657851
0.0736936
0.0647603
0.0670115
0.0672483
0.0612307
0.0659615
0.0678603
0.0628934
0.0659159
0.0701997
0.0641696
0.0698269
0.0653552
0.0627054
0.071814
0.0655459
0.0625289
0.0557216
0.0541253
0.0550982
0.0547796
0.0543723
0.0601255
0.0617443
0.0597924
0.0607733
0.0551003
0.0529324
0.0542458
0.0566981
0.0534382
0.0540635
0.0552825
0.0552098
0.0596294
0.0569653
0.0599046
0.0562519
0.05368
0.0553509
0.0678865
0.0738938
0.0732395
0.0665622
0.0716202
0.0684902
0.0698111
0.0665094
0.0634782
0.0621231
0.0569722
0.0582308
0.0659318
0.0735731
0.0645046
0.0622609
0.0718009
0.0615039
0.0619254
0.0712832
0.062227
0.0588972
0.0529387
0.0534392
0.0535214
0.0543096
0.0882591
0.0746773
0.059392
0.0626123
0.0929707
0.0953194
0.0954772
0.0990199
0.0832762
0.0676443
0.0673104
0.0679786
0.0655579
0.0727757
0.0719739
0.0841072
0.0686504
0.0729859
0.064113
0.0667858
0.0705628
0.0655195
0.0673749
0.0676484
0.0632342
0.0692175
0.0584427
0.0547625
0.05256
0.0601642
0.0550978
0.0560112
0.0556952
0.0574865
0.0630729
0.0623325
0.0728084
0.0658829
0.0705635
0.0699198
0.0662713
0.0727192
0.0639931
0.0715976
0.0677775
0.0659472
0.078749
0.0678634
0.0719343
0.065617
0.0691553
0.0746915
0.0694415
0.0747879
0.0652854
0.0798924
0.0703359
0.0747201
0.0664443
0.0674075
0.0646319
0.0687885
0.0874607
0.0785861
0.0674039
0.0665477
0.0729378
0.0682291
0.0826395
0.0790936
0.0689961
0.0642386
0.0756153
0.0683999
0.0628129
0.0552127
0.0540691
0.052862
0.0556289
0.0537626
0.0543733
0.0529821
0.0526688
0.051918
0.0639286
0.0668584
0.064839
0.0732455
0.0597557
0.0541652
0.0541724
0.0526645
0.0534374
0.0524476
0.0523248
0.0531204
0.054759
0.0538093
0.0578672
0.0620169
0.0634364
0.0540038
0.0540452
0.0536698
0.0556511
0.0545992
0.0541625
0.0540878
0.0549846
0.0597254
0.0662931
0.0620241
0.0617414
0.0544644
0.0532673
0.0532007
0.0540689
0.0553009
0.0521855
0.0538816
0.0543134
0.0545775
0.0549082
0.0576323
0.0547029
0.0554721
0.0562821
0.0630745
0.0689513
0.0658798
0.0624622
0.0735203
0.0671821
0.0567467
0.0531159
0.0536147
0.0561364
0.0534461
0.0541695
0.0557612
0.0538996
0.0536439
0.0529877
0.0550552
0.0543622
0.0567607
0.065839
0.0617742
0.0675646
0.0698087
0.0669813
0.0712894
0.061648
0.0627459
0.070881
0.0632088
0.0573017
0.0547734
0.054487
0.0560817
0.0528136
0.0547551
0.0588126
0.0548792
0.0552063
0.0532187
0.0615631
0.0677015
0.0613474
0.0633274
0.0692055
0.0565523
0.0537487
0.053821
0.0539807
0.0527373
0.0522175
0.052577
0.052868
0.0526473
0.0525987
0.053535
0.054775
0.053853
0.0531043
0.0525012
0.053678
0.0534856
0.0532646
0.0550008
0.0552208
0.0529752
0.0541007
0.0539174
0.0525882
0.0521259
0.05266
0.0522179
0.0525626
0.0530233
0.0529843
0.0534446
0.0533401
0.0535973
0.0529586
0.0529143
0.0531027
0.0528739
0.0532079
0.0542654
0.0538546
0.0540876
0.0527527
0.0524661
0.0609519
0.0601228
0.0531679
0.0524942
0.053263
0.0538334
0.0563814
0.0532094
0.0531453
0.0528695
0.0529222
0.0604666
0.0613321
0.0693427
0.0657957
0.0631795
0.0643476
0.0533163
0.0519658
0.0527782
0.0532772
0.0524151
0.0530184
0.0534969
0.0531851
0.053959
0.0629188
0.070326
0.063589
0.0687212
0.0641114
0.0633567
0.0750164
0.0617376
0.0582573
0.0525899
0.0562305
0.053695
0.0567309
0.054677
0.0600347
0.0573186
0.0530806
0.0526224
0.0580143
0.0660777
0.0617306
0.0628698
0.0711832
0.0611491
0.0614833
0.0692122
0.0609681
0.0615102
0.0666387
0.0654174
0.0623693
0.0638491
0.0598187
0.0536823
0.0528015
0.0531471
0.0525929
0.054338
0.0532871
0.0531316
0.0543415
0.0594212
0.0646371
0.0628493
0.064999
0.0669841
0.062454
0.0646742
0.0673066
0.0621169
0.0610415
0.058893
0.0572266
0.0580439
0.0569713
0.0619479
0.0706836
0.0618706
0.0631707
0.082232
0.0644985
0.0723621
0.0551263
0.0539508
0.0539726
0.0575722
0.058953
0.0540141
0.0533513
0.0553892
0.0557506
0.0565604
0.0607512
0.0652926
0.0640275
0.0622182
0.0619281
0.0683967
0.0632206
0.0637715
0.0701907
0.060882
0.0615972
0.0715989
0.0618635
0.0622851
0.0696229
0.0631448
0.0574152
0.0532115
0.0578497
0.0641312
0.0537412
0.0555615
0.0592898
0.0617514
0.0542083
0.0572992
0.0625799
0.0539456
0.0533852
0.0536016
0.0549839
0.0735706
0.063043
0.0647236
0.0660598
0.0521119
0.0541297
0.0519305
0.0533838
0.0538139
0.0543302
0.0541403
0.0528818
0.0533259
0.0641535
0.0617933
0.0612019
0.0730576
0.0628266
0.0606244
0.0606103
0.0523419
0.0528171
0.0588857
0.0550671
0.0545352
0.0543543
0.0554436
0.0536505
0.0572059
0.064965
0.0621056
0.0619435
0.0698874
0.062343
0.0631101
0.0684113
0.0625587
0.0614177
0.0687128
0.0679266
0.0716397
0.0672909
0.0632605
0.0690581
0.0686183
0.0682732
0.0688911
0.0575195
0.0624107
0.0814728
0.0698594
0.0794983
0.0623148
0.0570052
0.0578311
0.056016
0.0553395
0.0563144
0.0646632
0.0701444
0.0666566
0.065739
0.0742379
0.0652956
0.0708245
0.0681586
0.070771
0.072454
0.0639735
0.0689491
0.0653565
0.0625464
0.0698193
0.063076
0.0613882
0.064514
0.0582081
0.0533446
0.0553337
0.0556617
0.052973
0.0537725
0.0572243
0.055098
0.0547832
0.0582718
0.0569003
0.0541771
0.0603176
0.0713033
0.0651449
0.0624362
0.0715128
0.0637974
0.0666583
0.0696378
0.0629623
0.0638542
0.0685608
0.0611428
0.0611428
0.0699194
0.0623643
0.0629842
0.0707276
0.0613495
0.0612136
0.0639836
0.0648198
0.0636923
0.0623461
0.0650338
0.0563691
0.0536201
0.0532831
0.0530669
0.0547127
0.0531289
0.0534042
0.0541753
0.0642976
0.0631998
0.0615534
0.0712348
0.0626803
0.0625946
0.0705894
0.0626237
0.0621
0.0697525
0.0606298
0.060267
0.0643688
0.0664458
0.0616814
0.0625485
0.0726948
0.0666093
0.0648948
0.0659565
0.0636962
0.0542389
0.0575779
0.0563092
0.0709916
0.0609684
0.0544732
0.0553531
0.0579538
0.0637294
0.0624811
0.070274
0.0626376
0.0621615
0.0651912
0.0656658
0.0703801
0.0728505
0.0534983
0.0537686
0.0530337
0.0519927
0.0544205
0.0547486
0.0573979
0.0672785
0.0668574
0.0785944
0.06355
0.0614266
0.0580378
0.05466
0.0555866
0.0544609
0.0554273
0.0601354
0.0576506
0.0577016
0.0559741
0.0558403
0.0623106
0.0623123
0.0695712
0.0622378
0.0631109
0.0688126
0.0618116
0.0613783
0.0692755
0.0613031
0.0620488
0.0694642
0.0685407
0.0620647
0.06936
0.0612735
0.0611747
0.066831
0.0655953
0.0635392
0.0655566
0.0643752
0.0539172
0.0546908
0.0546755
0.0534141
0.0546746
0.0569592
0.0562534
0.0557047
0.052495
0.0538823
0.0574769
0.0620843
0.0693568
0.0616625
0.0625355
0.0715745
0.061577
0.0605658
0.0556538
0.0523275
0.0529752
0.053361
0.0572499
0.0667299
0.0598332
0.0689063
0.0640843
0.0621714
0.0712795
0.0622642
0.0622972
0.0694833
0.06213
0.0571127
0.052817
0.0539365
0.0541667
0.053989
0.0536349
0.0543708
0.0540713
0.0529585
0.0545992
0.0614497
0.0689574
0.065037
0.0625201
0.0676963
0.0648428
0.0611951
0.0632826
0.0645605
0.0546346
0.0545696
0.0551587
0.0598046
0.071061
0.0612423
0.0617997
0.0707021
0.0657092
0.0637251
0.0722508
0.0633329
0.0626272
0.0696353
0.0624544
0.0620691
0.0712483
0.0634021
0.0622908
0.0714742
0.059169
0.0550663
0.0533886
0.0528569
0.0563402
0.0568219
0.0604117
0.0620897
0.0581686
0.0618416
0.0749047
0.0625041
0.0673579
0.0641021
0.06399
0.0693814
0.0642133
0.0608676
0.0678241
0.063674
0.0615353
0.0642094
0.0664138
0.0580818
0.0588048
0.0546729
0.0618511
0.0614173
0.0622073
0.0625278
0.071747
0.0666501
0.0614609
0.0701797
0.0618169
0.0613919
0.0704174
0.0636182
0.059045
0.0547548
0.0531486
0.055223
0.0540637
0.0557114
0.0571011
0.055821
0.0604405
0.0752965
0.060555
0.0536488
0.0545957
0.0545472
0.0554805
0.0579905
0.05612
0.058108
0.0558688
0.0529523
0.0534751
0.0553474
0.0535757
0.0549243
0.054409
0.0549698
0.0543622
0.0558191
0.0589044
0.0528412
0.0526504
0.0615024
0.0625064
0.0615837
0.0661268
0.0651885
0.0617281
0.0608362
0.0687711
0.0608521
0.0609945
0.0666327
0.0646868
0.0630249
0.0662454
0.0652933
0.0617848
0.0603019
0.0692831
0.06493
0.0658163
0.0843106
0.061252
0.0692756
0.0619084
0.0620233
0.0698643
0.0621818
0.0623551
0.0655625
0.0637495
0.0612493
0.0628253
0.0688089
0.0634236
0.0645983
0.0709715
0.063017
0.0676133
0.0666447
0.0605323
0.0580184
0.0584928
0.062019
0.0590313
0.0634568
0.0685204
0.0657483
0.0628571
0.0688626
0.0694906
0.0597073
0.0524222
0.0529619
0.0516942
0.0521552
0.0525793
0.0527821
0.0536189
0.0596534
0.0623679
0.0636651
0.0645939
0.0606677
0.0604322
0.0694898
0.0622815
0.0622249
0.0655292
0.064136
0.0611074
0.0611369
0.0693807
0.0617639
0.061799
0.064087
0.0537673
0.0525411
0.0523159
0.0528513
0.05394
0.0524542
0.0524161
0.0529394
0.0534719
0.0614508
0.062262
0.0523129
0.0521176
0.0522614
0.0538007
0.055129
0.0539165
0.0557936
0.054937
0.058635
0.0612125
0.0609083
0.0660378
0.0656372
0.0629845
0.0671051
0.0657168
0.0610339
0.0610553
0.0678994
0.0534509
0.0537755
0.054352
0.0551337
0.0533566
0.0532595
0.0524647
0.0522599
0.0543256
0.0583203
0.0579471
0.0552061
0.0543841
0.0538847
0.0543296
0.0537154
0.0554132
0.0525189
0.052883
0.0565814
0.0628303
0.0657184
0.067053
0.0610515
0.0620614
0.0684953
0.0611121
0.0606941
0.0553285
0.0549772
0.0537406
0.0533763
0.0529566
0.0527729
0.0523139
0.0521295
0.0534611
0.0583062
0.0657693
0.0563262
0.0547151
0.0544273
0.0542193
0.0538652
0.0525809
0.0530393
0.0528041
0.0540497
0.0535019
0.0526293
0.0535682
0.056733
0.0609423
0.058768
0.0545374
0.054618
0.0586727
0.0535051
0.0523385
0.0524083
0.0533262
0.0542952
0.0549967
0.0551303
0.0542389
0.0551221
0.0545805
0.0538291
0.0555377
0.0547616
0.0541216
0.0525596
0.055574
0.0596434
0.0688398
0.0597086
0.056735
0.0555069
0.0555914
0.0571893
0.0559211
0.0572712
0.0544909
0.0567055
0.0545223
0.0635267
0.0761865
0.0727219
0.0623328
0.0606327
0.095365
0.0728328
0.073616
0.0800447
0.0712245
0.0784747
0.0676609
0.0830467
0.0679012
0.0646553
0.0577964
0.0591117
0.0595439
0.0604478
0.0646244
0.0696667
0.0648095
0.071014
0.0666455
0.0700214
0.073158
0.0721133
0.0727439
0.0707627
0.0687402
0.0634648
0.0652156
0.0665316
0.0634836
0.0693767
0.0663661
0.0636733
0.0677762
0.0666576
0.0662258
0.0700846
0.060946
0.0613112
0.0638778
0.0651672
0.0605103
0.0608975
0.0682493
0.060225
0.061804
0.0622889
0.0601099
0.0552416
0.0570828
0.0546038
0.0530342
0.0533003
0.0540267
0.0600476
0.0679408
0.06816
0.0728528
0.0628908
0.0636785
0.0753367
0.0636069
0.0696609
0.0682681
0.0647365
0.0720662
0.0641904
0.0645199
0.0669772
0.0579349
0.0552253
0.0533112
0.0540762
0.053418
0.0528844
0.052777
0.0536324
0.0521168
0.062884
0.0610647
0.0548427
0.052456
0.053256
0.0546421
0.0550877
0.0562857
0.0559871
0.0552758
0.053575
0.0634724
0.0672368
0.0608356
0.0606201
0.0552214
0.0538898
0.0529967
0.0521227
0.0537076
0.0524853
0.0524229
0.0522269
0.0521383
0.0533509
0.0526371
0.052794
0.0533925
0.0536096
0.055813
0.0591896
0.0548447
0.0579726
0.0556812
0.0530416
0.0525979
0.0530603
0.0528172
0.0523284
0.052029
0.0526355
0.0521589
0.0521444
0.0529319
0.0518238
0.0536582
0.0526545
0.0527307
0.0526415
0.0523469
0.0528906
0.0674144
0.0609273
0.0613354
0.0635758
0.0655112
0.0609007
0.0615768
0.0694462
0.0609663
0.0608027
0.0641535
0.0636981
0.0524611
0.0528604
0.0528141
0.0531251
0.0531203
0.0531737
0.0532335
0.0547252
0.0539474
0.0608832
0.0609238
0.0609856
0.0533601
0.0522634
0.0528141
0.0539759
0.0535189
0.05275
0.0521778
0.0526034
0.0529729
0.0527141
0.0563261
0.0623053
0.0668454
0.0608262
0.0614724
0.0667028
0.0617771
0.0603867
0.0603912
0.069016
0.0605405
0.0613762
0.0642789
0.0643086
0.0603534
0.0601771
0.0670461
0.0619969
0.0612659
0.0630384
0.0659976
0.0616828
0.0609926
0.0692522
0.0605014
0.0591222
0.0542288
0.0524242
0.0524186
0.0545743
0.0525434
0.0523539
0.0523616
0.0535414
0.052489
0.0574564
0.0605614
0.0646569
0.0639387
0.0606326
0.0609198
0.0552228
0.0534509
0.0539962
0.0546015
0.0529153
0.0527382
0.0523432
0.0518445
0.0523221
0.058629
0.0651732
0.0626177
0.0615785
0.0608563
0.0680683
0.0604093
0.060332
0.0624005
0.0665876
0.0602438
0.0606187
0.0661422
0.0626286
0.060576
0.0602637
0.0684071
0.0606286
0.0602655
0.0623488
0.066244
0.0604024
0.0609888
0.0665596
0.0617523
0.0587805
0.0614129
0.0627887
0.059729
0.0602432
0.062428
0.0699459
0.0616315
0.0604975
0.0652685
0.065076
0.0606293
0.0599484
0.0676002
0.0597964
0.0604732
0.0601968
0.0674356
0.0615778
0.0573938
0.0523656
0.052556
0.0526116
0.053164
0.0678802
0.0637095
0.0571186
0.0529068
0.0605875
0.0613934
0.0538184
0.0521318
0.053068
0.0521523
0.0524101
0.0533283
0.0522903
0.0535241
0.0519957
0.0620278
0.0602022
0.059977
0.0621606
0.0652477
0.0607258
0.0608657
0.0633098
0.0536657
0.0523264
0.0523377
0.0520467
0.0521624
0.0532516
0.0522129
0.0533282
0.052914
0.0522576
0.0524349
0.0537451
0.0557614
0.05835
0.0551633
0.0569459
0.0570076
0.0555621
0.0554212
0.0543484
0.0554536
0.0542734
0.0536556
0.0578992
0.0597764
0.0643095
0.06247
0.0598438
0.0605919
0.0705696
0.0625958
0.0614966
0.0645704
0.0622892
0.0605211
0.0597258
0.0655465
0.061516
0.0599926
0.0607459
0.0677167
0.059558
0.060713
0.0601345
0.06739
0.0601277
0.0600913
0.0644534
0.0644436
0.0606072
0.0613882
0.0582867
0.0522016
0.0522774
0.0525377
0.0527418
0.0527856
0.0521707
0.0524079
0.0518207
0.0532184
0.0526591
0.0527463
0.0525512
0.052235
0.0524302
0.0532323
0.0531207
0.0520846
0.051954
0.0520507
0.0601863
0.0608352
0.0629324
0.0642592
0.0609165
0.0598752
0.0625148
0.0527739
0.052323
0.0523089
0.0521713
0.0533527
0.0527635
0.0528518
0.0531074
0.0545237
0.0623176
0.0616689
0.0604983
0.0610317
0.062083
0.0656026
0.0608423
0.0603392
0.0657288
0.0624511
0.0608234
0.0603109
0.0689653
0.0615736
0.0605955
0.0644574
0.0648335
0.0605113
0.0604275
0.0679466
0.0604511
0.0602735
0.0599857
0.066797
0.0527521
0.0533868
0.0524764
0.052206
0.0516482
0.0536221
0.053596
0.0530505
0.0538605
0.068626
0.0630738
0.0620162
0.062117
0.0539482
0.0535173
0.0556557
0.0528571
0.0561645
0.0570951
0.0560521
0.0552176
0.0530665
0.053479
0.0549997
0.0556436
0.0564646
0.0552137
0.0563072
0.0564109
0.0546204
0.0539196
0.0524975
0.0522423
0.0548396
0.0624836
0.0659812
0.0547799
0.0520428
0.0527647
0.0519
0.0528884
0.052892
0.0537292
0.0521635
0.0527274
0.052274
0.0534489
0.0523782
0.0538052
0.0529787
0.0533643
0.0533323
0.0614446
0.0608101
0.0697343
0.0605145
0.0609615
0.0672343
0.0648948
0.0618029
0.0658867
0.0670881
0.0611871
0.0611566
0.0688603
0.0601182
0.0570155
0.0532021
0.0533927
0.0530721
0.0536058
0.0549411
0.0543655
0.0541876
0.0647665
0.0754931
0.0617926
0.0614104
0.0605373
0.0672583
0.0604691
0.0605946
0.0594376
0.0539395
0.052719
0.0524951
0.0520372
0.0530588
0.0529167
0.0538478
0.0562474
0.0666579
0.0688285
0.062907
0.0606111
0.0685602
0.0606462
0.060409
0.0650138
0.0638827
0.0606583
0.0607279
0.0696304
0.0575823
0.0533542
0.0524731
0.052088
0.0525464
0.0524294
0.0541498
0.0545587
0.0544177
0.0636569
0.061349
0.0609801
0.0693029
0.0607726
0.0593543
0.0527431
0.0529702
0.0524489
0.0565375
0.0535044
0.0547453
0.0542843
0.054274
0.0546274
0.0574807
0.0683168
0.0675743
0.0636125
0.06653
0.0563262
0.0552871
0.0520086
0.0564421
0.0558503
0.0535952
0.0526055
0.053333
0.0553536
0.0528802
0.0523877
0.0540313
0.0533673
0.0529254
0.0539162
0.054749
0.0535516
0.0538681
0.0549508
0.0582908
0.0574164
0.0554766
0.0548953
0.0543357
0.0537065
0.0527926
0.0534201
0.0549784
0.0535408
0.0527304
0.0534741
0.0530137
0.0531112
0.0524496
0.05305
0.0539113
0.0528766
0.0522003
0.052559
0.0524715
0.0530937
0.0522166
0.0528559
0.0525689
0.0520229
0.0524412
0.052784
0.0526961
0.0527356
0.0536419
0.0531965
0.0528891
0.0523902
0.0524475
0.0525921
0.0524024
0.0524237
0.0525221
0.0534847
0.0518751
0.0520424
0.0614505
0.0673667
0.0612337
0.0607652
0.0613869
0.0620431
0.0529015
0.0522695
0.0522365
0.0540499
0.0526387
0.0537058
0.053476
0.0530268
0.0526368
0.0527529
0.053768
0.0537959
0.0535336
0.0540977
0.0538359
0.0532792
0.0534079
0.053895
0.0534925
0.0533874
0.0521983
0.0532848
0.0528025
0.0528185
0.0527213
0.0528477
0.0546768
0.0539391
0.0530938
0.052439
0.0523709
0.0529789
0.0520597
0.0522331
0.0530021
0.0524126
0.0523085
0.0527781
0.0521465
0.052546
0.0521877
0.0528009
0.0529975
0.0518738
0.052767
0.0526061
0.0523462
0.0521185
0.0527569
0.0521878
0.0540907
0.0529259
0.054244
0.053002
0.0520639
0.0531431
0.0559466
0.0526137
0.0524043
0.0523755
0.0524286
0.0534517
0.0598391
0.0604724
0.0604119
0.0641845
0.0664836
0.0612272
0.0605301
0.0664762
0.0620821
0.0608719
0.0621048
0.0672833
0.0603636
0.0607853
0.0662379
0.0639921
0.0614685
0.0605644
0.067438
0.0606909
0.0606373
0.0632498
0.0655205
0.0604597
0.060227
0.0663087
0.0615953
0.0591156
0.0595683
0.0573516
0.0525527
0.0528698
0.0521238
0.0519954
0.0521342
0.0618382
0.0606406
0.0668039
0.0615274
0.0620281
0.0614699
0.0640437
0.0540755
0.0523006
0.0539028
0.0550847
0.0579768
0.053301
0.0547026
0.0542556
0.0534973
0.0616667
0.0571973
0.0582613
0.065183
0.0646673
0.0596862
0.0585705
0.0684013
0.0604611
0.0611733
0.0621167
0.063132
0.0617292
0.0615671
0.0654168
0.064175
0.0604004
0.054798
0.0534317
0.0540746
0.0531291
0.0533494
0.0527509
0.0543554
0.0548494
0.058859
0.0612666
0.0607517
0.0680242
0.061997
0.0660684
0.0649398
0.0611392
0.0606918
0.0698224
0.0617812
0.0612865
0.0597536
0.0522776
0.0522073
0.0523793
0.0546734
0.0528789
0.0523931
0.0526314
0.052244
0.054189
0.0622704
0.0637256
0.0611407
0.0615725
0.0662721
0.0648716
0.0609316
0.0613928
0.0688542
0.0608409
0.0606852
0.0670225
0.063447
0.0616964
0.0625907
0.0677763
0.06171
0.0610472
0.0679663
0.0615718
0.0612639
0.0642554
0.056988
0.0544882
0.0520247
0.0525905
0.0557101
0.0525684
0.053808
0.0537847
0.053351
0.05234
0.052775
0.0536397
0.0527138
0.0526118
0.0522994
0.0542102
0.052292
0.0530326
0.0527569
0.0545021
0.0535995
0.0520114
0.0625335
0.062513
0.0603508
0.0530549
0.0531951
0.0526834
0.275541
0.0684119
0.0767123
0.0635654
0.0694886
0.0674223
0.0637088
0.0700075
0.0632312
0.059634
0.0575132
0.0523548
0.126456
0.0632638
0.0669132
0.0624873
0.06137
0.0618243
0.0676444
0.0609803
0.0606193
0.0677007
0.0563227
0.0521962
0.0517742
0.0536172
0.053438
0.0535202
0.0522811
0.0658439
0.0554857
0.0518594
0.0525805
0.0523923
0.052239
0.0523491
0.0523282
0.054121
0.0534358
0.0529792
0.0578692
0.0541293
0.0532043
0.0523255
0.0522079
0.0526982
0.0540933
0.052442
0.0522759
0.052165
0.0517238
0.0583809
0.0544031
0.0623009
0.0614083
0.0607141
0.0694493
0.0562799
0.0520775
0.0521529
0.0519943
0.0529552
0.0523654
0.0529349
0.0527018
0.0526734
0.0534822
0.0642148
0.0621615
0.0616921
0.0709958
0.0609786
0.0617163
0.0686277
0.0624364
0.0564799
0.0524352
0.0519336
0.0536702
0.0526728
0.0533171
0.0525586
0.0521511
0.0523492
0.0688969
0.0602951
0.0619044
0.0650736
0.0612317
0.0609755
0.0700766
0.0616337
0.0614587
0.0662632
0.0634476
0.0583002
0.0558631
0.0571097
0.0537099
0.0604315
0.0683029
0.0598514
0.0667735
0.0536697
0.0583788
0.0609888
0.0631652
0.0664299
0.0610351
0.061226
0.0687511
0.0581894
0.0542571
0.0567919
0.0521369
0.0535904
0.0524589
0.0556834
0.0602751
0.0617957
0.0612501
0.0658021
0.064183
0.0607175
0.0551848
0.0524297
0.0524721
0.0525638
0.0542087
0.0527273
0.0530052
0.0539079
0.0530581
0.0530172
0.0521748
0.0520163
0.0518079
0.0518097
0.052576
0.0529958
0.0537359
0.0526228
0.0529424
0.0529992
0.0522078
0.0524401
0.0522536
0.0529739
0.0538501
0.0586469
0.0528051
0.0530778
0.054028
0.0528277
0.0521442
0.0523142
0.0522204
0.0522949
0.0565994
0.0526577
0.060282
0.0702775
0.0635555
0.062388
0.0572852
0.0522624
0.0525054
0.052603
0.0528913
0.0566035
0.0578022
0.054119
0.0519816
0.0519495
0.0523948
0.0517454
0.051806
0.0542127
0.0562651
0.0562179
0.0523257
0.0532005
0.0533117
0.0526351
0.0533759
0.0533952
0.0526981
0.0528622
0.0524734
0.052544
0.0525668
0.053069
0.0531563
0.0526013
0.0520292
0.0523798
0.0563977
0.0570507
0.0605482
0.0522452
0.0532938
0.0530641
0.0543851
0.0536382
0.0543128
0.0526257
0.0521798
0.0520217
0.0523463
0.0521335
0.0518295
0.0523379
0.0530702
0.0535553
0.0553055
0.0600141
0.0577336
0.0533711
0.0530056
0.052598
0.053015
0.0523097
0.0533188
0.0524497
0.0518969
0.0540704
0.061702
0.0610921
0.054996
0.0524247
0.0536107
0.0545425
0.0522991
0.0521976
0.0529494
0.0542334
0.053809
0.0582116
0.0584927
0.0528126
0.0639664
0.062249
0.0613821
0.0705471
0.062019
0.0624941
0.0711988
0.0542699
0.0529732
0.052239
0.0520389
0.0521379
0.0534445
0.0533175
0.0587507
0.05504
0.0628013
0.0630213
0.0693179
0.0671226
0.0623794
0.0664485
0.0647901
0.0618351
0.0538471
0.0524963
0.0591739
0.0529654
0.0522189
0.0543796
0.0523397
0.0529529
0.0615542
0.0700634
0.0650252
0.0611962
0.0642614
0.0686962
0.0640581
0.0558236
0.0532504
0.0536394
0.0538344
0.054556
0.0525719
0.0525829
0.0544969
0.0561556
0.0551335
0.0669466
0.0626336
0.0634356
0.0575011
0.0524603
0.0663474
0.0623005
0.0615649
0.0658105
0.0657733
0.061001
0.0584369
0.0576059
0.0545082
0.0548565
0.0542294
0.0562281
0.0552148
0.0532075
0.0545041
0.0746089
0.0617968
0.0628114
0.0748116
0.0652305
0.0566953
0.0540496
0.0554062
0.059498
0.0589633
0.0559545
0.0569261
0.0578635
0.0566675
0.0565709
0.0676693
0.0719699
0.066497
0.0618229
0.0606255
0.0524924
0.0524735
0.0524825
0.0528759
0.0559145
0.0534322
0.0529809
0.0532019
0.0534562
0.0637829
0.0631784
0.0616162
0.0617586
0.0692315
0.0642053
0.0622121
0.0574001
0.0521011
0.0519457
0.0523872
0.0528601
0.054031
0.0525956
0.0539822
0.0524091
0.0559139
0.062692
0.070039
0.0629204
0.0624475
0.0699827
0.0616455
0.0610373
0.0694829
0.0627965
0.0610216
0.0672216
0.0647354
0.0621503
0.0546462
0.0530149
0.0522793
0.0523934
0.0526161
0.0525979
0.052608
0.0533465
0.0596564
0.0571971
0.0524454
0.0525236
0.0528864
0.0529038
0.0520633
0.0531349
0.0648208
0.0617814
0.0632133
0.0679563
0.0618425
0.0611197
0.0524951
0.0526044
0.051866
0.0520595
0.0526696
0.053647
0.0590445
0.0570492
0.0534044
0.051649
0.0672947
0.0644074
0.0624509
0.0688985
0.0645973
0.0621531
0.0631846
0.0549276
0.0532248
0.0520355
0.0526365
0.0521943
0.0545538
0.0526102
0.0545553
0.0527437
0.0550496
0.0557583
0.0655078
0.0550054
0.0525677
0.0517408
0.0529278
0.052413
0.0529053
0.05315
0.0521387
0.0532134
0.0518513
0.0532784
0.0636796
0.0614566
0.0640318
0.0672433
0.0613036
0.0627112
0.0698397
0.0549756
0.0566647
0.0585607
0.0547038
0.0541976
0.0546295
0.0529472
0.0526635
0.0519604
0.0535314
0.0518674
0.0524406
0.0525743
0.0554162
0.0671487
0.0659521
0.0619127
0.0671213
0.0628809
0.0543477
0.0540131
0.0524481
0.0528478
0.0530286
0.0520798
0.0523246
0.0519594
0.0594171
0.0542251
0.0519406
0.0578508
0.0606365
0.0529322
0.0523332
0.0518251
0.053043
0.053892
0.059091
0.0564867
0.0532531
0.0536163
0.0581283
0.0702374
0.0630931
0.0627239
0.0709821
0.0621109
0.0621954
0.0629941
0.0554217
0.0531231
0.0574055
0.0537531
0.0532204
0.05457
0.0538846
0.0537528
0.0532647
0.0698782
0.0631546
0.0650714
0.0681886
0.0633293
0.0665434
0.0564531
0.0532216
0.0529634
0.0541963
0.0527748
0.071036
0.0819483
0.0794115
0.0677878
0.062366
0.0751446
0.330805
0.0759277
0.0661353
0.0717844
0.0636376
0.0680289
0.0636516
0.0547096
0.0561876
0.0529668
0.0531398
0.0870104
0.0865748
0.103881
0.106995
0.15563
0.0762964
0.0636044
0.0689592
0.0682475
0.0645587
0.0698089
0.0664648
0.0638774
0.0739221
0.0622515
0.062272
0.0708843
0.0620697
0.0617125
0.0713263
0.0629468
0.062192
0.0675654
0.0644348
0.0629171
0.0702705
0.0657755
0.0620876
0.0699341
0.062747
0.0616922
0.0677318
0.0650728
0.0624402
0.0661723
0.0652107
0.0650937
0.0700014
0.0562473
0.0560576
0.0571292
0.0541203
0.0520905
0.0543987
0.0538225
0.0539877
0.0524568
0.052884
0.0573165
0.062078
0.0628102
0.0706623
0.063879
0.0590167
0.0529398
0.0521118
0.0527034
0.0531058
0.052236
0.0540963
0.0773747
0.0777099
0.0630988
0.0670216
0.0681825
0.0623409
0.0674302
0.0658725
0.063777
0.0690073
0.0656353
0.0623461
0.0674222
0.0615347
0.0522585
0.0526374
0.0529242
0.053
0.0535645
0.0536816
0.0554117
0.0555653
0.0522933
0.053753
0.0525603
0.0530849
0.0524077
0.0521144
0.0534774
0.0535131
0.0534505
0.0525625
0.0526246
0.0530729
0.0540576
0.0532033
0.0522823
0.0529341
0.0520456
0.05265
0.0537085
0.0526223
0.0521238
0.0525115
0.0531493
0.0528635
0.0530095
0.0542567
0.0529647
0.0526713
0.0590019
0.0586461
0.0618347
0.0554008
0.053029
0.0523938
0.0525273
0.0527599
0.0523077
0.0535805
0.0541919
0.0573704
0.0662241
0.064582
0.0625617
0.065921
0.0679493
0.0622344
0.0656273
0.0683747
0.0628762
0.0650347
0.0686449
0.0645412
0.064969
0.0682527
0.0631532
0.0649181
0.0691486
0.0904065
0.0635792
0.0625815
0.0712199
0.0627089
0.0568271
0.0557326
0.0560815
0.05334
0.0530144
0.0550424
0.0595923
0.0532014
0.0564431
0.0528208
0.0533654
0.0547665
0.0649408
0.0581799
0.0627747
0.0626667
0.0523904
0.0549339
0.0531781
0.0523683
0.05381
0.0612381
0.0551813
0.058459
0.0577059
0.0551877
0.0627162
0.0624229
0.0713523
0.0621362
0.062652
0.0731526
0.0629253
0.0637501
0.0712244
0.0626926
0.0635929
0.0698136
0.0618617
0.0624126
0.0709413
0.0621118
0.0643832
0.0712701
0.061832
0.0624562
0.0723212
0.0627368
0.0634514
0.0698781
0.0618747
0.0531699
0.0535212
0.0527324
0.0530342
0.0521299
0.0534035
0.0523804
0.0521813
0.0529188
0.0533546
0.0524791
0.0529489
0.0537634
0.0536896
0.0521936
0.0524561
0.0542137
0.052883
0.0518783
0.0526551
0.0534999
0.0529489
0.0520673
0.0522249
0.0530533
0.0534418
0.053742
0.0599134
0.0620482
0.064583
0.0622384
0.0685786
0.0648308
0.062312
0.05842
0.0524085
0.053139
0.0536554
0.0522633
0.0523003
0.0528523
0.0525334
0.0535122
0.0518861
0.0576769
0.0584589
0.0684497
0.0530342
0.0540875
0.0540094
0.0541103
0.0528268
0.0517131
0.0516966
0.0541508
0.0685445
0.0519917
0.0596381
0.0637896
0.0802417
0.0532604
0.0535075
0.0523718
0.0689649
0.0829505
0.0876192
0.0811472
0.069184
0.104188
0.172066
0.0661159
0.0685098
0.0694019
0.0647696
0.0691142
0.0848539
0.076543
0.063508
0.0709485
0.0646931
0.0622536
0.0713786
0.0630765
0.0633112
0.0727723
0.0623324
0.0622156
0.0739987
0.0625219
0.06332
0.0711296
0.0628391
0.0652532
0.071969
0.0598583
0.0555305
0.0529592
0.0522407
0.0519779
0.0518076
0.0521784
0.0532779
0.0536433
0.0518422
0.0528336
0.0521358
0.0534465
0.0525684
0.0519937
0.0526243
0.0529361
0.0531006
0.0554018
0.0677047
0.0530792
0.0530061
0.0526756
0.0533022
0.0526195
0.0523689
0.0528953
0.0547659
0.0539169
0.0533336
0.0524726
0.0535822
0.0530642
0.0536389
0.0534066
0.0526969
0.0525706
0.0609565
0.0682569
0.0627814
0.0644769
0.0684204
0.0610614
0.0546276
0.0525396
0.0534329
0.0527344
0.0532347
0.0525195
0.0526042
0.0525085
0.0526163
0.0524864
0.0622669
0.0623214
0.0703739
0.0622365
0.062544
0.07044
0.0549175
0.0556371
0.0535625
0.0529551
0.0551804
0.0740886
0.0608805
0.0569235
0.0553049
0.0584939
0.0662992
0.0620951
0.0661822
0.0677581
0.0621906
0.0655048
0.0608825
0.0566561
0.0528294
0.0525935
0.0540728
0.0547753
0.0748046
0.0577116
0.0569748
0.0526491
0.0527858
0.0532073
0.0581186
0.0633442
0.0634232
0.067141
0.0592567
0.0524171
0.0528969
0.0523995
0.0518586
0.0521702
0.0518712
0.0525822
0.0525945
0.0523424
0.0518869
0.0717937
0.0622255
0.0616969
0.0701262
0.062865
0.0619095
0.067067
0.0526133
0.0527899
0.0519514
0.0536226
0.0536663
0.0528885
0.0536833
0.0532782
0.0522984
0.0624925
0.0664979
0.0632474
0.0678555
0.0547335
0.0519363
0.0528812
0.051747
0.052766
0.051809
0.0533513
0.0539137
0.0531395
0.0607786
0.0753341
0.0630668
0.071965
0.0619173
0.0624301
0.0717379
0.057884
0.0539097
0.0524773
0.0522095
0.0516143
0.0529109
0.0520768
0.0531195
0.0530316
0.053831
0.0644948
0.0633819
0.0668937
0.0662277
0.0623089
0.0566788
0.0533598
0.0525138
0.0545064
0.0523768
0.0538818
0.0531732
0.0526217
0.0528109
0.0534832
0.0531601
0.0520897
0.0526985
0.0520462
0.0687759
0.0623384
0.0622121
0.0701994
0.0630325
0.0619734
0.067566
0.0625405
0.0533858
0.0521297
0.0520192
0.0524646
0.0525847
0.0525793
0.0522476
0.0519618
0.0520702
0.0559063
0.0650044
0.0620354
0.0675325
0.0669175
0.0637298
0.0702519
0.0544025
0.0529516
0.0543988
0.054734
0.0526877
0.05266
0.0524973
0.0521233
0.0577533
0.0531976
0.0640212
0.0620997
0.0686361
0.0673689
0.0624138
0.0542905
0.0521121
0.0522202
0.0521877
0.0524709
0.052447
0.051918
0.0526124
0.052452
0.0536322
0.0537231
0.0524065
0.0526178
0.0547737
0.0534234
0.0524034
0.0581847
0.0591288
0.0545386
0.0529072
0.0526711
0.0519686
0.0573782
0.202971
0.0875193
0.0760297
0.0639764
0.0659449
0.071608
0.0647558
0.0696284
0.0663819
0.0643228
0.0641626
0.0583294
0.0899354
0.0744391
0.076235
0.0657793
0.062318
0.069438
0.0640862
0.0609267
0.0675087
0.0652699
0.062298
0.0663794
0.0618845
0.0525825
0.0521106
0.0543723
0.0516565
0.051864
0.052501
0.0553785
0.0526889
0.0529874
0.0534443
0.0660298
0.0624563
0.0647397
0.0666815
0.0620768
0.0623347
0.0695065
0.0615156
0.0617733
0.069657
0.0614567
0.0616048
0.0592279
0.0525934
0.0539887
0.0527632
0.0528484
0.0527347
0.0526916
0.0524024
0.0518778
0.0526946
0.0521369
0.0536625
0.0546237
0.0675038
0.0634994
0.0561416
0.0530125
0.0534004
0.0519212
0.0518301
0.0526563
0.0530817
0.0527314
0.0528187
0.0620849
0.0615786
0.0685841
0.0637399
0.0611399
0.0610378
0.0522275
0.0518832
0.0521843
0.0520685
0.0531355
0.0628646
0.0572387
0.0571669
0.0640445
0.0632751
0.0616154
0.0662958
0.0650378
0.0614946
0.0623407
0.0580463
0.0525357
0.0525352
0.0528486
0.0605089
0.0531929
0.0569625
0.0636203
0.0645219
0.0624849
0.0655726
0.0678272
0.0615235
0.0622288
0.0706779
0.0617808
0.0584916
0.0526193
0.0519307
0.0651498
0.0557233
0.0539412
0.0535218
0.0523424
0.0540041
0.0618346
0.0718858
0.0653726
0.0689169
0.0626609
0.0616999
0.0646161
0.0676654
0.0620369
0.0536535
0.0528101
0.0524436
0.0523019
0.0526575
0.052636
0.0529636
0.056321
0.0536452
0.0585455
0.061954
0.0710529
0.0615789
0.0613861
0.0686785
0.0629856
0.0615346
0.0659962
0.0663033
0.0616476
0.0621521
0.0689832
0.0618838
0.0612651
0.0712258
0.0619984
0.0550342
0.0523381
0.0526182
0.0524256
0.0521924
0.0524308
0.0554622
0.0580508
0.0550266
0.0538965
0.0605652
0.0682343
0.0652078
0.0618308
0.0666997
0.0657365
0.0608763
0.0550758
0.0576977
0.0548544
0.0555378
0.060148
0.0616324
0.0656087
0.0682327
0.0622205
0.0715909
0.0665315
0.0628981
0.0676264
0.0647449
0.0614966
0.064755
0.0551749
0.0523221
0.0524114
0.0522304
0.0519103
0.0519996
0.0521254
0.0522702
0.0528535
0.0531216
0.0680766
0.0674777
0.0625477
0.0660954
0.0621826
0.0593584
0.0551208
0.053215
0.054306
0.064979
0.0621838
0.0645785
0.0627489
0.0573534
0.0584798
0.0549648
0.0530841
0.0532053
0.0542471
0.0533663
0.0522731
0.0663259
0.0617985
0.0620965
0.0713097
0.0622623
0.062003
0.0672482
0.0639412
0.0593308
0.0580187
0.0623617
0.0536426
0.0526925
0.053961
0.0557755
0.0563334
0.0523084
0.0525054
0.0543985
0.0529035
0.052378
0.0524878
0.0519363
0.0646406
0.061693
0.065205
0.0666792
0.0609471
0.0606044
0.0529905
0.0527295
0.0530971
0.0528348
0.0521477
0.0530221
0.0526641
0.0540898
0.0538829
0.061995
0.0654994
0.0626751
0.0543071
0.0523481
0.053401
0.0536228
0.0547172
0.0537511
0.0527321
0.0547661
0.0628005
0.0581678
0.0531216
0.05268
0.0538364
0.0525558
0.0522336
0.0630092
0.0670675
0.0533695
0.0560182
0.0709258
0.0630294
0.0608445
0.0705955
0.0615091
0.0614825
0.0618657
0.0540289
0.0540063
0.0564354
0.0552566
0.0568979
0.0553247
0.0522269
0.0552684
0.0564778
0.0653434
0.0630034
0.0673739
0.0646414
0.0616763
0.0650446
0.0683465
0.0622899
0.0644463
0.0641895
0.0614596
0.0585814
0.0562953
0.0520717
0.0556936
0.0534589
0.0547413
0.0551625
0.0615246
0.0632578
0.0603909
0.0537276
0.0526755
0.0532772
0.0523741
0.0525923
0.0521508
0.0524752
0.0528832
0.0518751
0.0647642
0.0640751
0.062696
0.0609382
0.0528418
0.0527994
0.0522363
0.0520861
0.053033
0.0518552
0.05335
0.0525859
0.052299
0.0601332
0.0704451
0.0625804
0.0617749
0.0615763
0.0528141
0.0520179
0.0519835
0.0523442
0.0544417
0.0533119
0.0523255
0.0521747
0.0569411
0.0672112
0.0657193
0.0621094
0.0662224
0.0656416
0.0625461
0.0639606
0.0692584
0.0627087
0.0659441
0.0692195
0.0620023
0.0663526
0.0665253
0.0621101
0.0620498
0.0696978
0.0615982
0.0617176
0.0706491
0.0623341
0.0573837
0.053268
0.051978
0.0524208
0.0520456
0.0521975
0.0522261
0.052913
0.0528875
0.0524281
0.0588785
0.0575548
0.0558187
0.0538436
0.0523287
0.0533874
0.0526811
0.052446
0.0536299
0.0533554
0.0545349
0.0550792
0.0585316
0.0544795
0.0525088
0.052913
0.0524631
0.0530153
0.0527701
0.0529058
0.0541059
0.0524799
0.0522542
0.0554195
0.0530244
0.0529451
0.057109
0.0646923
0.0529291
0.0518604
0.0534369
0.0523346
0.0525375
0.0525463
0.0531779
0.0524783
0.0524418
0.0531568
0.0521026
0.0566889
0.0519961
0.0522022
0.05233
0.053824
0.0535767
0.0608711
0.0624667
0.0553342
0.0533921
0.0525368
0.0529962
0.051909
0.0533881
0.0522571
0.0532231
0.0528996
0.0680437
0.0635273
0.0625607
0.0630761
0.0526455
0.0532209
0.0528768
0.0539127
0.0562231
0.0589225
0.0556289
0.0523077
0.0532056
0.0538847
0.0648315
0.0621178
0.0627579
0.0556965
0.053352
0.0529189
0.0521373
0.0540177
0.0543646
0.0545156
0.0524017
0.0535414
0.0534338
0.063903
0.0639136
0.0630186
0.0686552
0.0635493
0.0623617
0.0570684
0.0526376
0.0524736
0.0526424
0.0525243
0.0525629
0.0527573
0.0554276
0.0530587
0.0520369
0.0554059
0.0662169
0.0657291
0.0620882
0.0637781
0.0614958
0.0529279
0.0527605
0.0548869
0.052845
0.054216
0.0526134
0.054149
0.0522891
0.0532358
0.0667778
0.0633015
0.0629947
0.06179
0.0527523
0.0524232
0.0526092
0.0518331
0.0520919
0.0528365
0.0530602
0.0529524
0.0569965
0.0699893
0.0639753
0.0625247
0.0704894
0.0619327
0.0616886
0.0709479
0.062426
0.0618637
0.0660268
0.0522892
0.0523092
0.0524698
0.0524304
0.0531659
0.0523494
0.0524974
0.0527362
0.0519256
0.0533007
0.0529431
0.0531765
0.0526138
0.0539819
0.0608552
0.0540809
0.053152
0.0524856
0.05253
0.0525408
0.0525582
0.0525999
0.0520856
0.0517851
0.051919
0.0527447
0.0525391
0.0536302
0.0564535
0.0619568
0.0643325
0.0669515
0.0610306
0.0626884
0.0700618
0.0583558
0.0552337
0.0533001
0.05228
0.0531735
0.053382
0.0576497
0.0648094
0.0617718
0.0642934
0.068694
0.0646588
0.056123
0.0533023
0.052916
0.0525391
0.0546807
0.0533968
0.0522964
0.0579898
0.0619673
0.0680175
0.0630994
0.061464
0.0653811
0.0665484
0.061482
0.0604073
0.0522337
0.0519466
0.0540419
0.0524688
0.0538025
0.0546592
0.0547676
0.0539008
0.0560956
0.0609585
0.06793
0.0614456
0.0620106
0.0711847
0.061469
0.0622809
0.0557703
0.0575995
0.0551561
0.0526192
0.053545
0.0527079
0.0524758
0.0531598
0.0533529
0.0544766
0.0634514
0.0646715
0.05914
0.0543941
0.053005
0.0528995
0.0528703
0.0549893
0.0538771
0.0549843
0.0700014
0.0720856
0.0555414
0.0534088
0.0525585
0.0531035
0.0533222
0.0537533
0.0527662
0.0530778
0.0531199
0.0520898
0.0526463
0.0530568
0.0526715
0.0520446
0.0524779
0.0526468
0.0518844
0.0524861
0.0527584
0.0618684
0.0547436
0.0519655
0.0527667
0.0529888
0.0524705
0.0526482
0.0519603
0.0528799
0.0527655
0.0527411
0.0639447
0.0934744
0.0738138
0.0625746
0.0618204
0.0705313
0.0624157
0.0572255
0.0521673
0.0526793
0.0528116
0.0527971
0.0534255
0.0544871
0.0560539
0.0547363
0.0538764
0.0634551
0.0776095
0.0615809
0.0624732
0.0691807
0.0624004
0.0617478
0.0712384
0.0617551
0.0618949
0.0688826
0.0633195
0.0622668
0.0629468
0.0590903
0.0563734
0.0538512
0.054091
0.0524883
0.0527487
0.0531088
0.0547292
0.0765025
0.0623488
0.0654212
0.0661205
0.0629581
0.0638842
0.0608003
0.0524531
0.0523232
0.0530755
0.0523646
0.0523115
0.0523605
0.0567748
0.0634076
0.0553856
0.0652746
0.062763
0.0688755
0.0580505
0.0518465
0.0542972
0.0524739
0.0532684
0.0528784
0.0527853
0.0522233
0.0520355
0.0526297
0.0648882
0.0607788
0.0544487
0.0533782
0.0526955
0.0521983
0.0520619
0.0535646
0.0519538
0.0521515
0.0525772
0.0519082
0.0528932
0.0534823
0.0565904
0.0618387
0.0703459
0.0624913
0.0625657
0.0709821
0.0622047
0.0533786
0.0534418
0.0521423
0.0525629
0.0542922
0.0525581
0.052863
0.0524469
0.0554375
0.0555705
0.0624226
0.0683805
0.0656496
0.0636033
0.0652154
0.0663601
0.0609765
0.0614462
0.0541642
0.0528071
0.0523216
0.0524789
0.0520257
0.0550837
0.0537243
0.0534805
0.0545626
0.0594871
0.0712273
0.0616605
0.0616991
0.0699666
0.0621201
0.0620106
0.0655141
0.0652747
0.06136
0.0641701
0.0680739
0.0618306
0.0618873
0.0710709
0.0616189
0.0619016
0.0589919
0.0539021
0.0530823
0.0531208
0.0609774
0.0641945
0.0548004
0.0525247
0.0596772
0.0648889
0.062532
0.0690061
0.0628639
0.0627289
0.0678306
0.0641003
0.0612971
0.065012
0.0632436
0.0596403
0.0625405
0.0688147
0.0638833
0.0623303
0.0690114
0.0654202
0.0626832
0.0675585
0.0637728
0.0627999
0.0568782
0.053743
0.0520566
0.0527201
0.0547436
0.0534786
0.0527148
0.0537488
0.0545407
0.0532289
0.0535561
0.0522804
0.0573832
0.0583255
0.0527515
0.0522178
0.0522499
0.052194
0.0535002
0.0533853
0.0526306
0.0527899
0.0526892
0.0536653
0.0699779
0.0624652
0.0617995
0.0711752
0.0612664
0.0607801
0.0519908
0.0521733
0.0521225
0.0529173
0.0541765
0.0541112
0.0557194
0.0536827
0.0578046
0.0589482
0.072334
0.0616859
0.0617719
0.0712545
0.0612418
0.0546988
0.0537451
0.054025
0.0529453
0.0532684
0.0533901
0.0536847
0.0529671
0.0526858
0.0617296
0.0619694
0.0701411
0.0623943
0.0617253
0.0592913
0.0524587
0.0525886
0.0525769
0.0527874
0.0536769
0.0523012
0.0538078
0.055664
0.0623087
0.0542673
0.0666913
0.0625246
0.0614321
0.0716578
0.0622598
0.0583288
0.0544031
0.0538648
0.0541097
0.0536711
0.0530154
0.0528856
0.0530353
0.0531855
0.0534519
0.0522827
0.0519587
0.0541295
0.0526744
0.0536208
0.0531545
0.0528482
0.052387
0.0527306
0.0528401
0.0546685
0.0622397
0.0618207
0.0528297
0.0538448
0.0525734
0.0519165
0.0532685
0.052376
0.0534651
0.0540989
0.0539902
0.0639743
0.0680025
0.0621097
0.0581756
0.0538259
0.0520834
0.0524042
0.0546328
0.0527233
0.0523444
0.052494
0.0528508
0.0540194
0.0597145
0.0659547
0.0660409
0.061399
0.0619079
0.0576234
0.0531536
0.053688
0.0521616
0.0521764
0.0527015
0.0517647
0.0521211
0.0540625
0.062653
0.0687957
0.0634047
0.0626185
0.0691022
0.0614077
0.0619807
0.0550254
0.0526226
0.0534294
0.052564
0.0611691
0.065844
0.0631392
0.0545805
0.0570929
0.0622521
0.0634896
0.0710457
0.0622416
0.0627411
0.0702292
0.0557818
0.0524582
0.0549061
0.0575614
0.0529265
0.0527379
0.0519013
0.052023
0.0521497
0.0518325
0.0641507
0.0615224
0.0624731
0.0686694
0.0620143
0.0617446
0.055031
0.0522177
0.052384
0.0529486
0.0529309
0.0521685
0.0521211
0.0523859
0.0521304
0.0527303
0.0527661
0.0517118
0.0523171
0.0523603
0.0522247
0.0524894
0.0530234
0.0553065
0.0630194
0.0619299
0.0670906
0.0650591
0.0614851
0.0627701
0.0686269
0.0618713
0.0620094
0.0712907
0.0621787
0.0619343
0.0675845
0.0546019
0.0529526
0.0527115
0.0521683
0.0518754
0.0528844
0.0537906
0.060794
0.0584121
0.0691299
0.0736707
0.066329
0.0615498
0.0641084
0.0677385
0.0615116
0.0613095
0.0705973
0.0600139
0.0591726
0.057036
0.0589616
0.0551038
0.0538614
0.0537196
0.0542715
0.0595582
0.0641451
0.0705712
0.0609989
0.0638179
0.069888
0.0631328
0.0631688
0.0545388
0.0557669
0.0539629
0.0561886
0.0535072
0.056506
0.0533941
0.0550968
0.0593992
0.0638845
0.0556302
0.0555803
0.0543745
0.053846
0.0532586
0.0543525
0.0522711
0.0543101
0.0638033
0.0578056
0.0542846
0.067324
0.0656442
0.0624915
0.0559802
0.0531878
0.0520955
0.0546017
0.0543371
0.0550871
0.0560646
0.0539063
0.0534462
0.0537083
0.062897
0.0668381
0.0618785
0.0636675
0.0682214
0.061812
0.0625737
0.0665122
0.0602565
0.0643272
0.0694401
0.0658777
0.0652575
0.06278
0.0545921
0.0527108
0.0529791
0.0520786
0.0533173
0.0557347
0.0611373
0.0536264
0.0626024
0.0618607
0.0611101
0.0693398
0.0637866
0.0619795
0.066871
0.0556896
0.0517623
0.0530209
0.0547448
0.0526331
0.0529213
0.0521122
0.0537372
0.0537219
0.0553888
0.0674869
0.0625835
0.0648102
0.0676875
0.0609465
0.0549542
0.0527852
0.0526396
0.0546695
0.0522881
0.0544353
0.0552765
0.0541166
0.0529484
0.0523418
0.0629726
0.0693814
0.0635006
0.0615583
0.0597193
0.0524069
0.0536011
0.0525638
0.0522703
0.0521217
0.0545024
0.0545407
0.0524512
0.0559367
0.0677075
0.0646712
0.0612694
0.0645364
0.0667304
0.05832
0.0530444
0.0530002
0.0531884
0.0601264
0.0601761
0.0599145
0.0605191
0.0718118
0.0660137
0.05244
0.0531262
0.0536717
0.054405
0.058032
0.0524427
0.0621897
0.0618029
0.0610964
0.0701348
0.0618676
0.0615633
0.0665745
0.0646433
0.062529
0.064576
0.0675552
0.0618253
0.0625868
0.0692545
0.061695
0.0623977
0.0720127
0.0620806
0.0563118
0.0536862
0.0533959
0.0519327
0.0522974
0.0589826
0.0580276
0.0567387
0.0639793
0.068947
0.0587539
0.0615195
0.0646727
0.0675719
0.0618858
0.0622939
0.0697373
0.0613995
0.0612083
0.0618786
0.0567474
0.055838
0.0545072
0.0563431
0.0630169
0.079184
0.0628285
0.0710826
0.0626331
0.0621866
0.0646854
0.0529415
0.0536049
0.0521717
0.0544542
0.053778
0.0533015
0.0550357
0.0527188
0.0541738
0.0682384
0.0620668
0.0614544
0.0680698
0.054053
0.0530088
0.0519789
0.0533267
0.0529779
0.0532256
0.0532829
0.0524637
0.0523152
0.0520241
0.0643987
0.0672161
0.0627154
0.0700849
0.0611312
0.0627646
0.066644
0.0548319
0.0529669
0.0518259
0.0550347
0.0540215
0.0548104
0.054337
0.0567168
0.070105
0.0646077
0.069938
0.0645168
0.0626084
0.0723544
0.0613287
0.0621403
0.0657004
0.0638846
0.0557308
0.0533494
0.0531431
0.0522364
0.0520408
0.0524055
0.052547
0.0518862
0.0537091
0.0645432
0.0613182
0.063507
0.0687377
0.0614535
0.0613725
0.0719339
0.0617849
0.0616819
0.0702825
0.0618353
0.0609869
0.0690027
0.0662198
0.0690175
0.0682539
0.0609296
0.0608455
0.0586259
0.0547934
0.0563219
0.0540538
0.0524772
0.0523386
0.053906
0.0547131
0.0542601
0.0526479
0.0586285
0.0724312
0.0616567
0.0671821
0.0650425
0.0613039
0.0641065
0.0523791
0.0523535
0.052479
0.0530989
0.0547175
0.0534911
0.0528665
0.0524034
0.0529634
0.0587256
0.0694522
0.0617788
0.0626173
0.0715403
0.0614809
0.0617946
0.0696773
0.0636522
0.0620224
0.0682558
0.0649912
0.0619433
0.0662348
0.0657761
0.0617921
0.065541
0.0666198
0.0626997
0.0631308
0.0685461
0.061444
0.0613447
0.0694863
0.0534585
0.0524145
0.0531971
0.0521261
0.0533379
0.0522894
0.0538808
0.0524724
0.0523983
0.0526237
0.0525602
0.0529897
0.0516085
0.0522954
0.0526808
0.0537481
0.0520985
0.0601951
0.0660774
0.053671
0.0527266
0.0520584
0.0526937
0.0516361
0.0526511
0.0527918
0.0520545
0.0521989
0.058225
0.071293
0.062226
0.0617022
0.0714846
0.0562916
0.0524406
0.0539788
0.0529313
0.0522382
0.0518335
0.052059
0.0521261
0.0529799
0.0550596
0.0656162
0.0621972
0.0638602
0.0682375
0.0613987
0.0615369
0.0707666
0.0616042
0.0612915
0.0689547
0.0566285
0.0524928
0.0528539
0.0530704
0.0530607
0.0526458
0.0529205
0.0526554
0.0523245
0.0517444
0.0521995
0.0655603
0.0613423
0.0621029
0.0698336
0.06207
0.0625856
0.0717982
0.0615929
0.0626781
0.0704828
0.0612958
0.0628989
0.0685004
0.063688
0.0628242
0.0585207
0.0521241
0.0529819
0.0523847
0.0520953
0.0521476
0.0531984
0.0519723
0.0522739
0.0553355
0.0550967
0.0538509
0.0519365
0.0531001
0.0519131
0.0520348
0.0517824
0.0521674
0.0529183
0.0524928
0.0552548
0.0592943
0.0540957
0.0518835
0.0525014
0.0520429
0.0518086
0.0524138
0.0524006
0.0519261
0.053491
0.0526159
0.0616575
0.0611951
0.0704471
0.0621963
0.062392
0.068893
0.0551856
0.0532702
0.0525406
0.0520427
0.052504
0.0533991
0.0527081
0.0523084
0.0530532
0.0522477
0.0526777
0.0523256
0.0524137
0.052554
0.0521592
0.0539824
0.052855
0.0538165
0.0521126
0.0525862
0.0520107
0.0524529
0.0636617
0.0533886
0.0521174
0.0531596
0.0523458
0.0522269
0.0519384
0.0526157
0.0528569
0.0527979
0.0521967
0.0651771
0.064815
0.0624686
0.0644407
0.0674504
0.0621472
0.0582766
0.0529269
0.0527173
0.0529848
0.0538919
0.053075
0.0518926
0.0526105
0.0521728
0.0556858
0.061159
0.0711406
0.0620702
0.061994
0.0677074
0.0639208
0.0614998
0.0642384
0.0529789
0.0530738
0.0519973
0.0534096
0.0524641
0.0526803
0.0525365
0.053531
0.0540178
0.0585646
0.0728198
0.0646037
0.0637554
0.0672927
0.0613264
0.0610594
0.0702877
0.0614769
0.0600342
0.0674807
0.0637123
0.0625977
0.0660155
0.0652154
0.0529388
0.0516333
0.0527741
0.0528621
0.0526871
0.0518947
0.0527024
0.0520538
0.0525991
0.0525917
0.0525252
0.0521613
0.0521421
0.0530807
0.0524213
0.0519691
0.0523325
0.0532943
0.053479
0.0533422
0.0544149
0.0578928
0.0666832
0.0609567
0.0629285
0.0689703
0.0609424
0.0611771
0.0692127
0.059137
0.072636
0.0527562
0.0523266
0.0521002
0.0534268
0.0527386
0.0525755
0.063048
0.0611059
0.0620044
0.0646814
0.0617129
0.0648961
0.0673579
0.0612001
0.0622592
0.069657
0.0617043
0.0619802
0.0578428
0.0558905
0.0527539
0.0530718
0.0528655
0.0522396
0.0534325
0.0544576
0.055124
0.0574962
0.0567463
0.0564466
0.0625274
0.0617234
0.067005
0.0650557
0.061434
0.0639563
0.0676925
0.0615913
0.0612776
0.0709205
0.0615283
0.0614047
0.0694104
0.0623165
0.0614375
0.0594954
0.0538646
0.0528945
0.0524564
0.0537962
0.0529362
0.0527069
0.0534171
0.0517664
0.0581706
0.0663613
0.0647355
0.0627695
0.0643551
0.0675402
0.0577054
0.0530614
0.0525606
0.0518557
0.0533156
0.0520108
0.0524138
0.051724
0.0524705
0.0540828
0.0629442
0.0612725
0.0651569
0.0661855
0.0616721
0.0615635
0.0612545
0.0527568
0.0525113
0.0518606
0.05229
0.0521804
0.0522391
0.0526861
0.0526425
0.053399
0.0728388
0.0645675
0.0623371
0.0716137
0.0612621
0.0613644
0.0669268
0.0644631
0.061562
0.0564589
0.0530606
0.0523316
0.0525757
0.0525838
0.0529987
0.0522522
0.0532697
0.0598487
0.0655412
0.070392
0.0609934
0.0528665
0.0536288
0.0522914
0.0526751
0.052835
0.0523602
0.0521992
0.0525717
0.0522501
0.0585172
0.0613815
0.0635685
0.0696112
0.0616736
0.0622828
0.0708602
0.0616536
0.0618122
0.0614291
0.0522837
0.052717
0.0525762
0.0530747
0.052533
0.0518449
0.0533859
0.0521693
0.0526065
0.0523762
0.0522267
0.0524035
0.0565756
0.067125
0.0615182
0.0637865
0.0693251
0.0618988
0.0623052
0.0704218
0.0616619
0.0613505
0.0683623
0.0628808
0.061438
0.0657757
0.0658465
0.0616743
0.0621116
0.0689559
0.0612733
0.0614287
0.0703758
0.0619563
0.0573346
0.0528462
0.0518103
0.053143
0.0521198
0.0519945
0.051852
0.0518534
0.0527867
0.0523204
0.05897
0.0623524
0.0653737
0.0662744
0.0618952
0.0637511
0.0559288
0.0524182
0.0528243
0.0525887
0.0525476
0.0530357
0.0528577
0.0521554
0.0523411
0.0537897
0.0668708
0.0653128
0.0630911
0.0665503
0.0650173
0.0540841
0.0537277
0.0520718
0.0534635
0.0520842
0.0520568
0.0524771
0.0523867
0.05297
0.0549119
0.0621153
0.0610643
0.0636675
0.0672656
0.0612852
0.0544615
0.0519839
0.0527136
0.0527874
0.0527401
0.0516942
0.052578
0.0520749
0.0519843
0.0538793
0.0613052
0.0613351
0.0691537
0.0626792
0.0619399
0.0599301
0.0546032
0.0524539
0.0557699
0.0550112
0.0535107
0.0529026
0.0550116
0.05329
0.0533335
0.0527623
0.0537248
0.0527202
0.0527523
0.0537697
0.0533291
0.0532631
0.0547549
0.0538817
0.0539285
0.0533182
0.0542474
0.0536866
0.0530638
0.0526963
0.0640798
0.0630659
0.069351
0.0641076
0.0639038
0.0699915
0.0640857
0.0638605
0.0626106
0.0547187
0.0532651
0.0529882
0.053102
0.0522924
0.0533336
0.0546427
0.0538907
0.0549765
0.0632168
0.0643396
0.0620968
0.0694069
0.0639084
0.0587776
0.0672231
0.0690992
0.063072
0.0703798
0.064883
0.0565785
0.0531156
0.0527966
0.052759
0.0523375
0.052828
0.0521029
0.0529465
0.0518278
0.0536105
0.0622456
0.0621128
0.0719406
0.063491
0.0632416
0.0721409
0.062846
0.0616563
0.0523294
0.0526682
0.0528822
0.0530256
0.0528569
0.0518873
0.052218
0.0521525
0.052514
0.0523909
0.0608148
0.0685132
0.0644919
0.0617135
0.0642121
0.0525648
0.0521583
0.0522099
0.0528579
0.0531529
0.0525095
0.0522054
0.0525287
0.0522926
0.0557162
0.0649978
0.0530715
0.0528006
0.0527097
0.0526009
0.0516614
0.0528755
0.0526112
0.0520138
0.0533886
0.0549691
0.0701401
0.0531863
0.0524739
0.0525313
0.0524318
0.0519343
0.0515896
0.0522744
0.0546543
0.0528972
0.0554276
0.0693776
0.0618173
0.0666618
0.0682036
0.0630776
0.057987
0.0537314
0.0546957
0.0522153
0.0528761
0.0522942
0.052964
0.0524823
0.0544944
0.0533471
0.0608692
0.0707504
0.0627021
0.0617532
0.0714939
0.0555914
0.0529225
0.0522596
0.0518915
0.0522522
0.0524594
0.052455
0.0533733
0.0526835
0.0547409
0.0637046
0.0535949
0.0519687
0.0522155
0.0520095
0.0526359
0.0538345
0.0529986
0.0525174
0.0526676
0.0564612
0.0633815
0.0621708
0.0682964
0.065389
0.0629421
0.0693634
0.0622887
0.0534242
0.0524262
0.0518821
0.0518871
0.0529236
0.0532209
0.0528815
0.0523167
0.0627725
0.0589072
0.0523505
0.052491
0.0520259
0.0533089
0.0520592
0.0526502
0.0525989
0.0520171
0.0517418
0.0643954
0.0624426
0.0620373
0.0709029
0.0620442
0.0621532
0.071743
0.0615402
0.0568009
0.053633
0.0521365
0.0521504
0.0529793
0.0521833
0.0525081
0.052991
0.052103
0.0570179
0.0618974
0.0643921
0.068905
0.0630928
0.0634021
0.0526748
0.0533186
0.0521506
0.051831
0.0525283
0.0522061
0.0527191
0.053191
0.0521397
0.062092
0.0620927
0.0555879
0.0526045
0.0533149
0.0526733
0.052725
0.0544246
0.0526018
0.0523039
0.0538874
0.0523541
0.0717446
0.062876
0.0623555
0.070777
0.0622481
0.0623714
0.0686818
0.0529746
0.0527857
0.0534087
0.0522623
0.0516803
0.0525702
0.0534652
0.0520042
0.052123
0.0516192
0.0667488
0.0621049
0.0620072
0.0719289
0.0624716
0.0620251
0.0708579
0.0525964
0.0528254
0.0519797
0.0527944
0.0545428
0.0560364
0.0654199
0.0550649
0.0523731
0.0535632
0.0565489
0.0635752
0.0737039
0.0630766
0.0627509
0.0650373
0.0540924
0.0521448
0.0536705
0.0532095
0.0556263
0.060485
0.0661964
0.0677713
0.0651108
0.0756673
0.0627992
0.0592819
0.0529097
0.0531339
0.0521098
0.0519392
0.0520522
0.054451
0.0521226
0.0528723
0.0521477
0.0604735
0.0718514
0.0636192
0.0618591
0.0719298
0.0611263
0.0564814
0.0522841
0.0528952
0.0528541
0.0533837
0.0529127
0.0524077
0.0525391
0.052223
0.0527607
0.0538932
0.0528822
0.0518967
0.0526182
0.0522878
0.0520816
0.0520868
0.0544835
0.0670329
0.0519657
0.0525332
0.0525636
0.0518576
0.0519787
0.0526715
0.0526257
0.0529871
0.0522675
0.0562086
0.0672445
0.0547056
0.0527692
0.0527924
0.0539369
0.0528077
0.0524081
0.0520276
0.0520594
0.0522755
0.0624351
0.0617603
0.0618993
0.0719226
0.0624541
0.0617183
0.0707257
0.0624587
0.0554508
0.0537977
0.0530309
0.0522661
0.0526763
0.0541842
0.0530657
0.0529167
0.0537543
0.0553948
0.0623552
0.0679989
0.0665101
0.0625794
0.0669634
0.0560918
0.0520104
0.0528152
0.0529974
0.0525258
0.0518953
0.0527408
0.0532854
0.0543777
0.0533052
0.0519112
0.0520589
0.0536209
0.0523828
0.0608816
0.0568171
0.0524686
0.0523669
0.0535176
0.0527309
0.0530217
0.0522846
0.0521357
0.0537728
0.0529026
0.0622737
0.0627871
0.0682049
0.0649663
0.0622117
0.0661485
0.0574914
0.052303
0.0520028
0.0535865
0.0524663
0.0541026
0.0523918
0.0523646
0.0575572
0.0593952
0.0534415
0.0598973
0.0566041
0.053168
0.0527284
0.0518537
0.0522096
0.0521479
0.0528126
0.0604992
0.0594495
0.0536205
0.0526321
0.0517951
0.0530176
0.0529026
0.0535265
0.0520761
0.052196
0.0526694
0.0527467
0.061794
0.0629063
0.0670028
0.0678194
0.0626841
0.0661185
0.0532176
0.0526003
0.0520567
0.0526628
0.0520773
0.0533088
0.059662
0.0573773
0.0532104
0.0563769
0.0664682
0.0640623
0.072185
0.0635207
0.0634
0.0728343
0.0632512
0.0626911
0.054094
0.0532652
0.0531349
0.0522442
0.0524208
0.0533495
0.0518488
0.0521326
0.0522742
0.0629932
0.0712098
0.063841
0.0631166
0.0703337
0.0525848
0.0521568
0.0519908
0.0523457
0.0518189
0.0521732
0.0525992
0.0532093
0.0536993
0.0633562
0.0653168
0.0622883
0.071933
0.0636211
0.0585902
0.0540476
0.0525668
0.0522982
0.0519208
0.0520039
0.0521361
0.0524855
0.0521902
0.0559309
0.0606667
0.0558798
0.0521414
0.0526903
0.0546109
0.0520498
0.0533132
0.0525678
0.0520777
0.0525959
0.0538513
0.0526086
0.0520205
0.0521379
0.0552313
0.0542237
0.0529389
0.052533
0.0522311
0.0524117
0.0538634
0.0526455
0.052502
0.052125
0.0523882
0.0537437
0.0625827
0.0722681
0.0632515
0.0624378
0.0679167
0.052604
0.0529498
0.0522356
0.0554267
0.0523315
0.0521617
0.0525999
0.0539856
0.0534195
0.0537333
0.0660637
0.0534071
0.0530974
0.0529071
0.0526219
0.0535245
0.0523377
0.0525242
0.0537614
0.0519228
0.0533342
0.06595
0.0630832
0.069234
0.0646521
0.0608726
0.0533184
0.0527353
0.0523372
0.052499
0.0529382
0.0528445
0.0535152
0.0519596
0.0520179
0.0556681
0.0604959
0.0675629
0.0667303
0.0626403
0.0565552
0.0525144
0.0527459
0.0527398
0.0519378
0.0520415
0.0522473
0.0529191
0.0527003
0.0524399
0.0528254
0.0557677
0.0529373
0.0533737
0.073322
0.0549618
0.0556107
0.0528954
0.053222
0.0521542
0.052642
0.0521691
0.0528874
0.0528359
0.0604084
0.0644623
0.0632555
0.0713192
0.0629204
0.066202
0.070547
0.0628954
0.070028
0.0664363
0.0623434
0.0690678
0.0658736
0.0629999
0.0576331
0.0523438
0.0532535
0.052761
0.0532859
0.0529906
0.0538947
0.0521313
0.05207
0.0530287
0.0642526
0.0699899
0.0626035
0.0657474
0.0698418
0.0620788
0.0526137
0.0522684
0.0527564
0.053987
0.0526265
0.0517394
0.052623
0.0628133
0.0728656
0.07069
0.0625319
0.0545474
0.0519302
0.0519684
0.052917
0.0527563
0.0530565
0.0526578
0.0527268
0.0522222
0.0521834
0.0539132
0.0625287
0.0689524
0.0523285
0.0523758
0.0522191
0.0520548
0.0522198
0.0521688
0.0520515
0.052897
0.0521251
0.0520404
0.0529205
0.0524775
0.0525071
0.0524096
0.0523042
0.0521351
0.0528119
0.052207
0.052876
0.0535383
0.0518861
0.0523034
0.0591026
0.0598849
0.0521281
0.0519569
0.0527612
0.0527075
0.0542931
0.0528492
0.0536039
0.0519699
0.0517538
0.0532117
0.0643984
0.0659598
0.0563971
0.0545108
0.0544272
0.0520345
0.0517555
0.0594735
0.0530843
0.0526396
0.0528806
0.0583522
0.0630816
0.0693301
0.0550188
0.052243
0.0524758
0.05373
0.0528669
0.0521456
0.0524077
0.0531305
0.052764
0.0548991
0.0683201
0.0627885
0.0601409
0.0598454
0.053921
0.052911
0.0526455
0.0526068
0.051809
0.0523015
0.0533186
0.0535238
0.0552459
0.0525496
0.0554165
0.0533983
0.0551542
0.0531714
0.0520936
0.0581061
0.0645605
0.0719127
0.0630149
0.0628434
0.0738738
0.0632029
0.0656419
0.0701629
0.0637746
0.06684
0.0686318
0.0621705
0.0704649
0.0657418
0.0630088
0.0701767
0.0649438
0.062814
0.0715157
0.0641322
0.0631651
0.0738812
0.0632133
0.0659478
0.0707128
0.0631158
0.0691446
0.0670749
0.0630893
0.0711354
0.0658523
0.0632786
0.0743387
0.0660972
0.0667374
0.0684575
0.0637644
0.0708274
0.0659595
0.0630421
0.071716
0.0559968
0.0521325
0.0529731
0.0522455
0.0525432
0.0526795
0.0522968
0.0524053
0.0545588
0.0545003
0.0531353
0.0527348
0.0521317
0.0518432
0.0534698
0.052404
0.0534152
0.0533646
0.0530784
0.0521205
0.0518877
0.0523739
0.052522
0.0518418
0.0519816
0.0529088
0.0526051
0.0523137
0.051949
0.0517224
0.0535009
0.0529323
0.0522303
0.0527509
0.0529639
0.0522062
0.0527142
0.0516828
0.0534854
0.0518008
0.0519648
0.0525346
0.0523223
0.0527214
0.0524771
0.0530991
0.0525098
0.0521696
0.0521241
0.0529257
0.0533004
0.052556
0.0535469
0.0522808
0.0527445
0.0522586
0.0525818
0.0543851
0.053303
0.0519221
0.0519289
0.0529342
0.0517403
0.0522757
0.0529184
0.0535344
0.054975
0.0659548
0.0643422
0.0748636
0.0637989
0.064834
0.0726342
0.064902
0.0704239
0.0672477
0.064338
0.0763229
0.0628753
0.0646711
0.0715244
0.0638074
0.0685048
0.0683174
0.0640262
0.0720152
0.0647867
0.063371
0.0737295
0.064314
0.0658906
0.0706153
0.0629284
0.0683863
0.0681055
0.0626304
0.0704357
0.065135
0.0626704
0.0722351
0.0639275
0.063313
0.0731372
0.0632544
0.0648548
0.0711401
0.0631685
0.0666579
0.0699553
0.0632717
0.0705413
0.0655321
0.0636561
0.0755088
0.0634305
0.0660991
0.0722505
0.063155
0.0689244
0.0675619
0.0629847
0.0709111
0.0650285
0.0630057
0.0732212
0.0627964
0.0632858
0.0726369
0.0631866
0.0652667
0.0706409
0.0632767
0.0703139
0.0672534
0.0631175
0.072475
0.0646902
0.0656461
0.0721372
0.0628561
0.0651025
0.0706455
0.0627731
0.0670105
0.0688173
0.0631287
0.0693594
0.0667054
0.0626518
0.0714467
0.0652906
0.0630179
0.0740509
0.0638694
0.0644249
0.070699
0.0633648
0.066425
0.0692969
0.0634861
0.0684547
0.0669158
0.062707
0.0712721
0.0651691
0.0632786
0.0734236
0.0634924
0.0631158
0.0726343
0.0631328
0.0660515
0.0701155
0.0628464
0.0687026
0.0681053
0.0628602
0.069444
0.0561411
0.052286
0.0520757
0.0528094
0.0523726
0.0524067
0.0534016
0.0532576
0.0525832
0.0518546
0.0523523
0.063482
0.0634884
0.0644169
0.0718733
0.0569393
0.053759
0.0526657
0.0534577
0.0528074
0.0538199
0.0525375
0.05254
0.0528409
0.0527123
0.0543076
0.0625471
0.0632892
0.0724026
0.0636038
0.0689416
0.0685675
0.0628083
0.0698646
0.066708
0.0628804
0.0745422
0.0642803
0.0609746
0.0545667
0.0520904
0.0522787
0.054065
0.0521372
0.0524318
0.0519311
0.0522438
0.052226
0.0533163
0.0522235
0.0522496
0.0526082
0.0525435
0.0529461
0.0545828
0.0520612
0.0530602
0.0529001
0.0525731
0.0521968
0.0529348
0.0529026
0.0521645
0.0522348
0.0523956
0.0533047
0.0526439
0.0525522
0.0524788
0.052454
0.0522463
0.0531308
0.0523795
0.0531515
0.0526113
0.052545
0.0525685
0.05253
0.0521288
0.0518451
0.0522824
0.0529199
0.0628651
0.0611671
0.054317
0.0522921
0.0525332
0.0521034
0.0524825
0.0521251
0.0530215
0.0525778
0.051923
0.0653524
0.0627975
0.0692971
0.0701994
0.0636163
0.0723497
0.063821
0.0633121
0.0735635
0.0630635
0.0649192
0.0723328
0.063741
0.06998
0.0667832
0.0632554
0.0716909
0.0639618
0.0632686
0.0756457
0.0631796
0.0652845
0.0712101
0.0631843
0.068096
0.0660711
0.0634581
0.0784124
0.0635897
0.0630626
0.0725522
0.064313
0.0620246
0.0653085
0.062063
0.0523917
0.0611077
0.0616294
0.0539
0.0533913
0.0583446
0.0579839
0.0546195
0.0559997
0.0553368
0.0610172
0.0586472
0.0560426
0.0629446
0.0732149
0.0628569
0.0666957
0.0702015
0.0630243
0.0579627
0.0530746
0.0518355
0.0520812
0.0534465
0.0562816
0.0566811
0.0610319
0.0555873
0.0543175
0.0613096
0.0660873
0.062634
0.0715015
0.065724
0.0630184
0.0569026
0.0528781
0.053645
0.0530813
0.052731
0.0527589
0.0522525
0.0543576
0.0533192
0.0548792
0.0759686
0.0632231
0.0636459
0.0716626
0.0585748
0.0532753
0.0529315
0.0545049
0.0533684
0.0537832
0.0541431
0.0532284
0.0536018
0.0579544
0.0641254
0.069776
0.0667586
0.0633024
0.073095
0.0630729
0.0635483
0.0720415
0.0616083
0.0599214
0.0628924
0.0657423
0.0618266
0.0643894
0.0580396
0.0540308
0.0561242
0.0595021
0.0632457
0.0603474
0.0543757
0.0531235
0.0529999
0.0535432
0.054574
0.0649515
0.0716441
0.0631342
0.0679689
0.0685205
0.0620833
0.0541926
0.0530176
0.0522062
0.0528386
0.0534948
0.0545028
0.0531325
0.0519683
0.0527428
0.0523106
0.0587862
0.0539625
0.0518283
0.0518553
0.0523387
0.0528525
0.0520965
0.0524661
0.0526438
0.0525357
0.0543197
0.053268
0.0535232
0.0522877
0.0518453
0.0550109
0.0532708
0.0526632
0.0526117
0.0521854
0.0525792
0.0518964
0.0527595
0.0525953
0.0521279
0.0523518
0.0533275
0.0530897
0.0528633
0.0519108
0.052642
0.0528591
0.0524917
0.0536826
0.0523388
0.0525714
0.0520963
0.0539595
0.0532289
0.0520971
0.0524296
0.052036
0.0526123
0.0529261
0.0532834
0.0532335
0.0527528
0.0522491
0.051924
0.0525947
0.0534761
0.0523023
0.0520852
0.0529715
0.0519542
0.052273
0.0568297
0.0712284
0.0653196
0.0633084
0.0740415
0.0631576
0.0652598
0.0710817
0.0633484
0.0629567
0.0540177
0.0523194
0.0522875
0.0525832
0.0518776
0.0534668
0.0523302
0.0518988
0.0517873
0.0574725
0.0835537
0.0632751
0.0685689
0.0678718
0.0645499
0.0715837
0.0524741
0.0528206
0.0533183
0.052824
0.0518808
0.0528046
0.0542875
0.0534129
0.0554525
0.0539674
0.0641895
0.0633652
0.0667864
0.069151
0.0629452
0.0700089
0.0658794
0.0540822
0.0525192
0.0521152
0.0540737
0.052657
0.052549
0.0534478
0.0546021
0.0541451
0.0646372
0.0716704
0.0708076
0.0638928
0.0711696
0.0643711
0.0554745
0.0532975
0.0540251
0.0541747
0.0529064
0.0526045
0.0533814
0.0526794
0.0539045
0.053182
0.0531635
0.0652575
0.0740205
0.0591439
0.0520672
0.052497
0.053147
0.0529701
0.0530982
0.0523716
0.0526685
0.0525181
0.0545236
0.0650418
0.0630459
0.0740493
0.0629402
0.0639126
0.0734813
0.0631657
0.0677208
0.0685564
0.0640885
0.0737772
0.0637499
0.0627259
0.0663933
0.0560435
0.0579634
0.0543507
0.0522856
0.0582859
0.0563217
0.0570133
0.0626766
0.0585403
0.0655796
0.0536975
0.0555905
0.0531123
0.0538832
0.0534299
0.052657
0.0531141
0.0529679
0.0528905
0.0523171
0.0529725
0.0525647
0.0519638
0.0524815
0.052719
0.0524143
0.0529093
0.0519635
0.0523143
0.0522208
0.0572425
0.0662933
0.0608634
0.0526497
0.052331
0.0540061
0.0519774
0.0537359
0.0526467
0.0570488
0.0681544
0.0577303
0.0558604
0.06487
0.0540217
0.0524186
0.0525705
0.0540387
0.0536275
0.0547426
0.0604381
0.0550725
0.0526619
0.0525842
0.0522124
0.053131
0.0520638
0.0526643
0.0537645
0.053499
0.0622139
0.0648226
0.052706
0.052423
0.0534326
0.0518509
0.0520447
0.0534909
0.0596927
0.0625167
0.0526753
0.0567432
0.0706192
0.0578613
0.0548748
0.0534528
0.0522734
0.052741
0.0536444
0.0547979
0.055882
0.0567811
0.0577058
0.054917
0.0529321
0.0529615
0.0531246
0.0528546
0.0521024
0.0523487
0.0525236
0.0531378
0.0520997
0.0522018
0.0621473
0.0728911
0.0643193
0.0576905
0.0523581
0.0523238
0.052214
0.0522952
0.0527556
0.0523796
0.0524594
0.0545662
0.0549807
0.0598644
0.0656847
0.0543473
0.052907
0.0519029
0.0533637
0.0524041
0.0521244
0.0525068
0.0529785
0.0528124
0.0530154
0.051993
0.0520375
0.0521135
0.0527289
0.052592
0.0525172
0.052073
0.052126
0.052646
0.0558344
0.0528161
0.0526315
0.051982
0.0520717
0.0534823
0.0526872
0.0522781
0.0524512
0.0518142
0.0518538
0.0530386
0.0521641
0.0597864
0.0533802
0.05619
0.0661258
0.064778
0.052358
0.0521845
0.0535925
0.0522439
0.0524453
0.0521051
0.0517187
0.0534318
0.0522092
0.0530573
0.0519603
0.0532227
0.0526315
0.0538385
0.0536175
0.0535697
0.0523624
0.0522305
0.055141
0.0709083
0.0528528
0.052426
0.0537631
0.0522002
0.0527485
0.052089
0.0526288
0.0525339
0.0519849
0.0520139
0.0631432
0.0649809
0.0596548
0.0536705
0.0531258
0.0520975
0.0528636
0.0528789
0.0529935
0.051937
0.0529171
0.0528738
0.0526837
0.0599369
0.0675374
0.0558636
0.0526652
0.0560253
0.0539162
0.0528369
0.0524032
0.0528346
0.051974
0.0521602
0.0527733
0.0532037
0.0520781
0.0521897
0.0518515
0.052696
0.0531709
0.052219
0.0525654
0.0585982
0.0660641
0.0526978
0.0524918
0.0530779
0.0520569
0.0523016
0.0521091
0.0514692
0.0523142
0.0517212
0.0521732
0.0590161
0.0740041
0.0633529
0.0682042
0.0614449
0.052432
0.0524574
0.0528317
0.0523247
0.0536397
0.0523097
0.0533191
0.0522088
0.0517405
0.0529635
0.053507
0.0524771
0.0521837
0.0527594
0.0635174
0.0629534
0.0570415
0.0523599
0.053301
0.0547547
0.0547415
0.0529079
0.0524371
0.0520746
0.0519416
0.0521084
0.0525511
0.0524264
0.0523843
0.0527612
0.0687368
0.0616054
0.0541603
0.0542352
0.0533532
0.0519681
0.0524085
0.0521549
0.0585025
0.0527986
0.0522931
0.0528922
0.0526504
0.0533429
0.0518479
0.0525082
0.0525164
0.0518126
0.052289
0.0660945
0.0616229
0.0550912
0.0535906
0.0527258
0.0546082
0.0532168
0.0530579
0.0524792
0.053521
0.0527779
0.0537758
0.063444
0.0683401
0.0521011
0.0519315
0.0526932
0.0634951
0.0644741
0.0603496
0.0528898
0.0528922
0.0530367
0.0520424
0.0518323
0.0528363
0.051686
0.0522145
0.0523804
0.0527907
0.0538382
0.0520454
0.0523388
0.0529915
0.0526149
0.051925
0.0528102
0.0523449
0.0521919
0.0530457
0.0618658
0.0588919
0.0519371
0.0519724
0.0523173
0.0557105
0.0524735
0.0528914
0.0523265
0.0520694
0.0518588
0.0524806
0.0522421
0.0689619
0.0666778
0.0625281
0.0623858
0.0523077
0.0524563
0.0532794
0.0519798
0.0532002
0.0528405
0.0527171
0.0588919
0.0794964
0.0634074
0.0667158
0.06643
0.0576891
0.0589045
0.0602984
0.0641075
0.0636272
0.0624578
0.0672814
0.0607859
0.0565729
0.0536692
0.0520408
0.0539178
0.0521928
0.0533817
0.0541538
0.0535881
0.0566887
0.0631746
0.0632366
0.067131
0.053743
0.0520271
0.0540844
0.0531167
0.0522443
0.0533036
0.05387
0.0532563
0.0537656
0.0529728
0.0531334
0.0524569
0.0521571
0.0530573
0.0527546
0.0519894
0.0523327
0.0574458
0.0617095
0.0525978
0.0524622
0.0528227
0.0534102
0.0521488
0.052805
0.0521077
0.0526696
0.0522652
0.0527464
0.0527098
0.0531072
0.0527426
0.0617769
0.0739048
0.0682035
0.0683828
0.0639347
0.0670144
0.054103
0.0527032
0.0528275
0.0521284
0.0521726
0.0533066
0.0522271
0.052166
0.0520441
0.0518823
0.0520993
0.0520134
0.0517347
0.0604706
0.0619921
0.0521207
0.052853
0.0523858
0.0521431
0.0532855
0.05303
0.0523266
0.052687
0.0529708
0.0525452
0.0524959
0.0523914
0.0524863
0.0523177
0.0520417
0.0520509
0.0523334
0.0619841
0.0553259
0.053212
0.052415
0.0523244
0.0522584
0.053599
0.0539877
0.0528329
0.0535361
0.0530206
0.0530448
0.0518518
0.0526219
0.0519816
0.0532716
0.0520104
0.0518932
0.0522105
0.0529127
0.0518471
0.0519101
0.0518732
0.0523738
0.0535256
0.0538324
0.0590089
0.0535016
0.0525494
0.0529164
0.0523339
0.0545954
0.0524346
0.0517132
0.0521641
0.0519902
0.0518363
0.0595459
0.0737392
0.0630598
0.0630743
0.0727946
0.0637106
0.0670055
0.0695848
0.0628969
0.070469
0.0662726
0.0631013
0.0676321
0.0655549
0.060442
0.0618884
0.0704103
0.0624771
0.0652905
0.0658832
0.0650429
0.0686248
0.0740303
0.0640259
0.0630262
0.0520314
0.0544048
0.0535421
0.0533689
0.0525406
0.0519976
0.052365
0.0533473
0.0519252
0.0582236
0.0690749
0.0629634
0.0677231
0.0686925
0.0594132
0.0552897
0.0535771
0.0528086
0.0524233
0.0519625
0.0519478
0.0522002
0.0526532
0.0529255
0.0519292
0.052489
0.0530873
0.0519228
0.0550092
0.0695343
0.0662166
0.0630588
0.0657688
0.0666421
0.0629036
0.0712061
0.0648964
0.0630081
0.0734005
0.0628905
0.0629854
0.0727119
0.062713
0.0661118
0.0705885
0.063205
0.0688065
0.0677272
0.0630458
0.0693004
0.0663924
0.0632304
0.0728936
0.0628516
0.0632672
0.0735749
0.0635686
0.0587955
0.0536801
0.0520475
0.0530858
0.053216
0.0535158
0.0536393
0.0534163
0.0532242
0.051991
0.055446
0.0654522
0.0710654
0.0630523
0.0685547
0.066341
0.0625329
0.0693934
0.0658187
0.0607866
0.0560067
0.0546764
0.0529371
0.0523699
0.0538491
0.0526068
0.0527246
0.0526776
0.0523306
0.0549361
0.0595034
0.0739092
0.0634411
0.0631757
0.0720134
0.0624791
0.0565994
0.052181
0.0523062
0.0526507
0.052473
0.0519714
0.0533532
0.0523941
0.0534892
0.0521967
0.0591587
0.0632326
0.0719111
0.0635144
0.0654058
0.0535339
0.0528013
0.0522907
0.0524441
0.0522995
0.0525434
0.0527119
0.0537547
0.0530067
0.0534781
0.065178
0.0692156
0.0639276
0.0717447
0.0646009
0.0634758
0.0584917
0.052566
0.0524175
0.0523977
0.0529474
0.0524448
0.0532427
0.0530584
0.052756
0.0523369
0.0521689
0.0686692
0.0671543
0.0634245
0.0572175
0.0530434
0.0523404
0.0521527
0.0519309
0.0524027
0.0521538
0.0524986
0.0529142
0.0519738
0.0567591
0.0666597
0.06978
0.0631661
0.0634348
0.0527569
0.0520231
0.0524886
0.0519093
0.0522346
0.0521933
0.0526893
0.0532285
0.0531963
0.0537948
0.060257
0.0556442
0.0535756
0.0527995
0.0527088
0.053679
0.0522726
0.0521569
0.0523037
0.0529322
0.0520336
0.0598301
0.0710534
0.0641263
0.0679734
0.0673501
0.0632205
0.0702128
0.0656067
0.0629273
0.0724353
0.0659628
0.066914
0.0700453
0.0638705
0.0697141
0.0544722
0.0522923
0.0525103
0.0524281
0.0520586
0.0516644
0.0540395
0.0521865
0.0526931
0.0526212
0.0770165
0.0656596
0.0729266
0.0665852
0.0646493
0.0738833
0.0649726
0.071752
0.0670156
0.0649182
0.0743849
0.063992
0.0681782
0.0708605
0.0640677
0.0561455
0.0528719
0.0528702
0.052556
0.0529012
0.052116
0.0517435
0.0522461
0.0522099
0.0519571
0.0533448
0.0524846
0.0517151
0.052955
0.0577987
0.0546452
0.0527087
0.0525203
0.0528764
0.0535136
0.0530824
0.0521373
0.0524226
0.0520153
0.052193
0.0685087
0.0638165
0.0535336
0.0524387
0.0522038
0.0522348
0.0523237
0.0528057
0.0520298
0.0528144
0.0540685
0.0690645
0.0636113
0.0711236
0.0685279
0.058812
0.0525606
0.0531653
0.0530571
0.0523782
0.0535592
0.053412
0.0530517
0.0590723
0.0653768
0.0739871
0.0644003
0.0683077
0.0678349
0.056996
0.0525482
0.052905
0.0524987
0.0518749
0.0522875
0.0522409
0.0530399
0.0521613
0.0519955
0.0522038
0.0529715
0.0525499
0.0544701
0.0611372
0.0560032
0.0520108
0.0530975
0.0531884
0.0524197
0.0526703
0.0523982
0.0526021
0.0527732
0.0525424
0.0522267
0.052072
0.0528537
0.0526195
0.0527471
0.0524072
0.0533989
0.0610218
0.0587628
0.0525382
0.0532035
0.0526564
0.0520981
0.0536724
0.0526548
0.0611412
0.0527162
0.0520713
0.062356
0.0622868
0.0729149
0.0629681
0.0633542
0.0732912
0.0549687
0.052443
0.0526142
0.0529953
0.0527846
0.0526259
0.0540167
0.0549024
0.056089
0.0693535
0.0656232
0.0716896
0.0627905
0.0604317
0.0527425
0.0520128
0.0528631
0.0521911
0.0529764
0.0549166
0.0528806
0.0536128
0.052927
0.0530105
0.0530054
0.0541039
0.0730988
0.0639913
0.0668148
0.0696886
0.0611191
0.0584014
0.0612055
0.0576962
0.0614918
0.0882116
0.0793397
0.0831054
0.0646494
0.0713576
0.0641002
0.0697934
0.057543
0.052602
0.0551171
0.0549186
0.0529789
0.0537198
0.0541189
0.0542785
0.0535776
0.0647404
0.0600509
0.0653926
0.0717474
0.0635659
0.0689422
0.0668813
0.0534563
0.0524481
0.0531874
0.0558259
0.0532954
0.0539246
0.0560245
0.0543452
0.054715
0.0611776
0.086183
0.0689496
0.0711735
0.0640885
0.0550565
0.0547423
0.0541574
0.052492
0.0518182
0.0554891
0.0537668
0.0529757
0.0552463
0.0632293
0.0694137
0.0685753
0.0633088
0.0598288
0.0527105
0.0519006
0.0521714
0.0530519
0.0518852
0.0544098
0.0546256
0.0532364
0.0538162
0.0568116
0.0724301
0.0627717
0.0664325
0.0611894
0.0530234
0.052794
0.0523819
0.0530788
0.0519504
0.0531163
0.0532108
0.0530372
0.0544825
0.0621417
0.0678116
0.0657054
0.0726418
0.0631506
0.0678731
0.0702973
0.0588023
0.0530335
0.0522177
0.0530703
0.0529041
0.0521042
0.0549968
0.0574831
0.0543067
0.0544619
0.0598996
0.0706569
0.0651786
0.0629574
0.073272
0.0629571
0.0616375
0.0652793
0.0569525
0.0550287
0.0573368
0.0549839
0.0582894
0.0664105
0.0680079
0.0654964
0.054842
0.0531043
0.0612149
0.0552666
0.0550026
0.0542311
0.0525742
0.0518791
0.0539978
0.0727311
0.0634803
0.0735767
0.0647097
0.0628552
0.0587131
0.0523147
0.0524085
0.0524869
0.0528917
0.0539335
0.0527597
0.0569756
0.0558697
0.0705991
0.0750083
0.0807514
0.0635088
0.0669507
0.0703308
0.0576263
0.0539087
0.0531928
0.0527444
0.0527255
0.0521071
0.0526296
0.0563019
0.054088
0.0553366
0.0645702
0.0698739
0.066426
0.0641641
0.0661783
0.0532467
0.0522353
0.053027
0.0534195
0.0538387
0.0543525
0.0542961
0.0575393
0.0529343
0.0536019
0.058458
0.0533747
0.05728
0.06316
0.0747876
0.063698
0.0597305
0.0531529
0.0522029
0.0547586
0.0527267
0.0522021
0.0522026
0.0534928
0.0529082
0.0533774
0.0543809
0.0670811
0.070101
0.0633486
0.071354
0.0577117
0.0534401
0.0521644
0.0546636
0.0554011
0.053467
0.0581411
0.0604951
0.0528069
0.0537627
0.0551508
0.062924
0.0737643
0.0643899
0.0658651
0.0709243
0.0632391
0.0674685
0.0671689
0.0565709
0.0545928
0.0542687
0.0553929
0.0525932
0.0530607
0.0532929
0.0574934
0.0585848
0.0567168
0.053921
0.0712963
0.0647036
0.0631341
0.0732892
0.0570162
0.0542639
0.0532873
0.0536357
0.0541549
0.0530706
0.0549773
0.0530556
0.0552981
0.0560274
0.0607384
0.062822
0.0726644
0.0573571
0.0540599
0.0546089
0.0531084
0.0534957
0.0529412
0.0527242
0.0535552
0.0530055
0.0539356
0.056346
0.0634642
0.0681649
0.0523882
0.0523505
0.0541531
0.0528473
0.0522104
0.0527141
0.0538497
0.0533066
0.0523259
0.0524148
0.0528841
0.0524829
0.0527936
0.0528168
0.0537354
0.0521748
0.0570991
0.0569769
0.052287
0.0524658
0.0523922
0.0527339
0.0526006
0.0528486
0.0529286
0.0529771
0.0523235
0.0528807
0.0530011
0.0535676
0.0534054
0.052954
0.0524697
0.0518389
0.0526871
0.0559926
0.0521072
0.0526954
0.0518679
0.0527513
0.0520367
0.0517322
0.0517108
0.0525607
0.0525238
0.0524016
0.0546068
0.0720624
0.0655426
0.0624248
0.0548691
0.0578009
0.0523223
0.0538738
0.0529381
0.0544412
0.0538541
0.0523426
0.0523427
0.0540852
0.0628788
0.0709754
0.0649932
0.0571268
0.0527797
0.0539739
0.0524059
0.053964
0.0534361
0.0552138
0.0576125
0.0575314
0.0597393
0.0530161
0.0530741
0.0523244
0.0520029
0.0517395
0.0519288
0.052393
0.0517248
0.0524698
0.0519614
0.0529437
0.0529614
0.0520023
0.0524979
0.0525321
0.0528421
0.0524127
0.0523294
0.0521907
0.0541448
0.0524787
0.0520526
0.0521868
0.0521163
0.0519422
0.05269
0.0525527
0.0525737
0.0525909
0.0542011
0.052226
0.0519414
0.0530938
0.0524969
0.0521716
0.0522772
0.0534882
0.0535001
0.052252
0.0521388
0.0534171
0.0534896
0.052723
0.0521587
0.0521594
0.0522858
0.0524192
0.0541103
0.0534416
0.0526343
0.0533567
0.0536202
0.0531064
0.0522369
0.0525324
0.0544441
0.0524727
0.0521233
0.0541199
0.0539107
0.0524129
0.0520436
0.0528982
0.0523866
0.0525598
0.0518311
0.0534317
0.0546336
0.052266
0.0518946
0.0563093
0.0534139
0.0529162
0.0522713
0.0537546
0.0527186
0.0519275
0.0523403
0.0525976
0.0519918
0.0528664
0.0523852
0.0520334
0.0519671
0.0527685
0.0528621
0.0544299
0.0534162
0.0547698
0.0637403
0.0609431
0.0530227
0.0547741
0.053586
0.0550168
0.0536533
0.053223
0.0546711
0.0531719
0.0520734
0.0533896
0.0520533
0.0530501
0.0536531
0.0537109
0.0534844
0.054261
0.0690956
0.0526056
0.0523381
0.0530475
0.0532319
0.0521872
0.0522538
0.0525512
0.0523358
0.0522428
0.0525218
0.0534624
0.053311
0.0520373
0.0615505
0.0532712
0.0525139
0.0528119
0.0555501
0.0529156
0.0520924
0.0523351
0.0528044
0.0531746
0.0528399
0.05279
0.0524595
0.0522459
0.0520969
0.0521679
0.0526937
0.0529214
0.0524805
0.0534785
0.0529163
0.0530949
0.0523076
0.0527974
0.0532002
0.0529727
0.0536382
0.0536141
0.0534772
0.0532655
0.0533114
0.0532044
0.0518624
0.052154
0.0525227
0.0528575
0.0524599
0.0551472
0.0716106
0.0631235
0.0696352
0.067639
0.0635132
0.0663516
0.0526236
0.0527065
0.0523675
0.052525
0.0518751
0.0523963
0.0520017
0.0520822
0.0542019
0.0575406
0.069259
0.0630407
0.0639316
0.0728564
0.0634027
0.0670464
0.0693456
0.0629469
0.0691271
0.0671957
0.0631247
0.0720524
0.0535808
0.0521938
0.0521865
0.0526397
0.0519322
0.0522705
0.051932
0.0527034
0.0528213
0.0537175
0.0628354
0.064383
0.0629511
0.0693818
0.0530911
0.0518515
0.0528115
0.0528139
0.05235
0.0522311
0.0525345
0.0527077
0.0531618
0.0522518
0.0704301
0.0629642
0.0663907
0.0646312
0.0517882
0.0519683
0.0536818
0.0528825
0.052481
0.0527797
0.0525287
0.0527287
0.0523011
0.062153
0.0656979
0.0642809
0.0730704
0.0619012
0.056519
0.0609008
0.0649235
0.0628403
0.0621423
0.0754175
0.064303
0.0683007
0.068951
0.0631703
0.0714012
0.0653645
0.0636295
0.073962
0.0630636
0.0641282
0.0724311
0.0639383
0.0684952
0.0680415
0.0628072
0.0704472
0.0662375
0.0633866
0.0735304
0.0630217
0.0635699
0.072938
0.0600264
0.0534232
0.0523742
0.0528452
0.0520479
0.0523743
0.0518361
0.0520552
0.0529577
0.0522902
0.0631114
0.0639104
0.0718344
0.065025
0.057143
0.0529663
0.0532995
0.0529308
0.0520625
0.0519145
0.0534906
0.0519619
0.052893
0.0533304
0.0609034
0.0654415
0.0711838
0.0640256
0.0717624
0.0660722
0.0629189
0.0525094
0.0528026
0.0525806
0.0527569
0.051869
0.0518788
0.0530897
0.0531347
0.0550579
0.0576838
0.0680081
0.0695315
0.0629304
0.0635561
0.0522884
0.0525471
0.0527139
0.0520302
0.0520564
0.0538017
0.0521304
0.0521772
0.0518909
0.0535149
0.0700284
0.0662495
0.0626523
0.0700631
0.0665796
0.0628391
0.0723271
0.0640263
0.0627473
0.0742184
0.0635134
0.06621
0.0702962
0.0533024
0.0519012
0.0528268
0.0540621
0.051931
0.0529044
0.0525803
0.0526519
0.0517363
0.0531033
0.0670536
0.0632592
0.0736625
0.0632554
0.0618058
0.0553183
0.0519997
0.051824
0.0526478
0.0519774
0.0529618
0.0529242
0.0524359
0.0518468
0.0569499
0.0670119
0.0704711
0.0639862
0.0701927
0.0662984
0.0549014
0.0527403
0.0528601
0.0524959
0.0521201
0.0519846
0.0520829
0.0530976
0.0521258
0.0520767
0.0659108
0.0629767
0.0738105
0.0636756
0.0641442
0.0526254
0.052764
0.0546474
0.0524684
0.0527053
0.0534378
0.0530296
0.052234
0.0519932
0.0533426
0.0630163
0.0702092
0.0643888
0.0563896
0.0524997
0.0522911
0.0527082
0.0526712
0.0518796
0.0531034
0.0522891
0.0524064
0.0528313
0.0524673
0.0534311
0.0531678
0.0530017
0.0593755
0.0700376
0.0632252
0.0673329
0.0519431
0.052814
0.0534768
0.0532004
0.0525274
0.0519071
0.053347
0.0525986
0.0522121
0.0582253
0.0682558
0.0633474
0.0629756
0.0738688
0.0630089
0.0648661
0.0712663
0.0626888
0.0541533
0.0519152
0.0728056
0.0639563
0.0644713
0.07185
0.0638903
0.0634901
0.0610444
0.0650275
0.0636191
0.0743906
0.0632317
0.064447
0.0718549
0.0627928
0.0662854
0.0697696
0.062974
0.0697252
0.0665309
0.0628581
0.071365
0.0649159
0.0630694
0.073728
0.0637219
0.065164
0.0721501
0.0631707
0.0683115
0.068069
0.0633075
0.0695186
0.0661979
0.0636739
0.0727365
0.0628433
0.0628299
0.0676328
0.0526136
0.0527456
0.0583916
0.0622346
0.0542297
0.0693629
0.052913
0.0527347
0.0586055
0.0581198
0.0563929
0.0598386
0.0543297
0.0532064
0.0555176
0.0618016
0.0529193
0.0707043
0.061117
0.0643961
0.0732122
0.0597199
0.0547279
0.0526369
0.0686563
0.0547767
0.0530979
0.0525341
0.0576183
0.056606
0.0534695
0.0540632
0.0714384
0.0633104
0.068485
0.0696102
0.0593988
0.0554371
0.0527734
0.0724128
0.0628329
0.0577767
0.0539775
0.0596073
0.066452
0.0638734
0.0736415
0.0632712
0.0629989
0.0593942
0.052269
0.0526443
0.0519823
0.0531125
0.0605254
0.0627244
0.075547
0.0633377
0.0656628
0.0709812
0.0632743
0.0712671
0.0633417
0.0603576
0.065272
0.0767799
0.0637392
0.0728093
0.0619773
0.0814106
0.0702734
0.0701783
0.0603613
0.0537255
0.0540101
0.0628517
0.0744208
0.0631156
0.0652887
0.0710591
0.0640617
0.0630391
0.0606061
0.0649353
0.0627775
0.074907
0.0631882
0.0641489
0.0672704
0.0529109
0.0535791
0.0631097
0.0692792
0.0666046
0.0638141
0.0720573
0.0614267
0.0569985
0.0544853
0.0748499
0.0630231
0.0667611
0.0702185
0.0643966
0.0711704
0.0686472
0.0638863
0.0747133
0.0632035
0.0654752
0.0710718
0.0628214
0.0682181
0.0686808
0.0639003
0.0709942
0.065187
0.0635192
0.0735008
0.0632991
0.0660567
0.0727395
0.0643392
0.0697391
0.0664773
0.0630808
0.0629429
0.05311
0.0634685
0.0628201
0.0631337
0.0530855
0.0520511
0.0631382
0.0644745
0.0712484
0.0668592
0.0637988
0.0569438
0.0655455
0.0636963
0.0649578
0.0715611
0.0628492
0.0681207
0.057581
0.0524146
0.0522249
0.0531002
0.0523624
0.0526462
0.0536639
0.0524452
0.0532517
0.0561138
0.0668246
0.0521152
0.0523301
0.0637853
0.0713163
0.063127
0.0524248
0.0522109
0.0531739
0.0530953
0.05244
0.0521367
0.0541026
0.0612198
0.0647076
0.0635728
0.0734794
0.0634017
0.0670626
0.0698383
0.0629132
0.0692435
0.0677687
0.0638121
0.0738309
0.0630065
0.0631784
0.0561602
0.0526436
0.0520282
0.056018
0.0577155
0.0529286
0.0521856
0.0526789
0.0601434
0.0712137
0.0521274
0.0521524
0.0529114
0.0569752
0.0542035
0.0533807
0.0522467
0.0525105
0.0522533
0.0532913
0.0521964
0.0529545
0.0560504
0.0525619
0.0523549
0.0518143
0.0648216
0.0633727
0.0521262
0.0535019
0.0535785
0.0517252
0.0528986
0.0520472
0.0523676
0.0538539
0.0699457
0.0523831
0.0545485
0.0532451
0.0629985
0.0716165
0.0645004
0.0665946
0.0726916
0.062728
0.0694446
0.0682554
0.0638296
0.066968
0.0668463
0.0634561
0.0555976
0.0540496
0.065152
0.064162
0.0687827
0.0695962
0.0582502
0.0542142
0.0697081
0.0664411
0.0642895
0.0735612
0.0640888
0.0680188
0.0704223
0.0632498
0.0558071
0.0537787
0.0715148
0.0631651
0.0685495
0.0683982
0.0628765
0.0706123
0.0655939
0.0622946
0.0532312
0.0536237
0.0707233
0.0629923
0.0676973
0.0686605
0.0635807
0.0742656
0.0649375
0.0639788
0.0725404
0.0563871
0.0523376
0.052291
0.0662537
0.0701078
0.0634802
0.066331
0.0588803
0.0636335
0.0629569
0.0737898
0.0630229
0.0591749
0.0524599
0.0727234
0.0604497
0.0529807
0.0532272
0.0522201
0.0754628
0.0695045
0.0787878
0.0649668
0.0679576
0.0716367
0.0651638
0.0655712
0.0649467
0.0635279
0.0740867
0.0642005
0.0567905
0.0535902
0.0538197
0.0687345
0.0629721
0.064452
0.0720104
0.0634487
0.0660529
0.0544332
0.051931
0.0630144
0.0635941
0.0696443
0.0665827
0.0622393
0.061071
0.0633354
0.0631662
0.0639244
0.0728671
0.0640242
0.0686696
0.0683516
0.0633082
0.066812
0.0563359
0.0636764
0.065026
0.07324
0.0642417
0.0675209
0.0643648
0.0555584
0.0561686
0.0714014
0.068699
0.0659611
0.0748135
0.0643732
0.0686093
0.0698554
0.0655636
0.075051
0.0645526
0.0680667
0.0726922
0.0654328
0.0741906
0.0641853
0.0666761
0.0710231
0.0635715
0.0696117
0.0577038
0.0541257
0.0529398
0.0526347
0.0543209
0.0684314
0.0611327
0.0547267
0.0563947
0.0565442
0.0650104
0.0595889
0.0545376
0.0553323
0.0603689
0.0560591
0.0552723
0.0533126
0.0556104
0.0572539
0.0531787
0.0526143
0.0522538
0.053854
0.0639279
0.0628049
0.0543746
0.053054
0.0566195
0.0564935
0.0601683
0.0526106
0.053152
0.0532462
0.0626255
0.058638
0.0532368
0.0556349
0.0559241
0.0654528
0.0585978
0.0525127
0.0528182
0.0536967
0.0526151
0.0556371
0.0691516
0.0566208
0.0528729
0.0554317
0.0539101
0.0563692
0.0598983
0.0678834
0.054324
0.057835
0.0703771
0.0540339
0.0556056
0.0567455
0.0568009
0.0569967
0.0542953
0.0580948
0.0603138
0.0548804
0.0540051
0.0528589
0.0528556
0.0583834
0.0682674
0.0539546
0.0528514
0.054593
0.0558386
0.0535811
0.0542994
0.053739
0.0531923
0.0534606
0.0534828
0.0550146
0.0543077
0.0534305
0.0534676
0.0544735
0.0529198
0.0534222
0.0547642
0.0560416
0.0537846
0.052898
0.0522181
0.0524841
0.0535833
0.0535017
0.0530483
0.0536346
0.0526338
0.0526809
0.0536228
0.0524886
0.0525582
0.0539407
0.0523914
0.0542233
0.0538439
0.054965
0.0529621
0.0533272
0.0550077
0.0557188
0.0530813
0.0525056
0.0528187
0.0528759
0.054068
0.0526015
0.0533902
0.0523699
0.054184
0.0529417
0.0537681
0.0525854
0.0528043
0.0527968
0.0532709
0.0525054
0.0537268
0.0524656
0.0557684
0.0522836
0.0532152
0.0529115
0.0530569
0.052994
0.0532066
0.0534185
0.0531327
0.05279
0.0538015
0.0539578
0.0539197
0.0544299
0.0534508
0.0540146
0.0526399
0.0524991
0.0532688
0.0529738
0.0528173
0.0544845
0.0556815
0.0527532
0.0544137
0.0533971
0.0582887
0.0543227
0.0534328
0.0610112
0.0572234
0.0531884
0.0526945
0.0532597
0.0523549
0.0530933
0.0536599
0.0530133
0.0535894
0.0526492
0.0543974
0.0526997
0.0525586
0.0533344
0.0527855
0.0537914
0.0539679
0.053341
0.0540826
0.0539398
0.0542042
0.05403
0.0577704
0.0558782
0.0533972
0.0543115
0.0529324
0.0533553
0.0542427
0.0521892
0.0543635
0.0534879
0.0528497
0.0527931
0.0528367
0.0529433
0.0532131
0.0535739
0.0521665
0.052869
0.0541833
0.0527788
0.0535339
0.0531222
0.0527405
0.0562845
0.0561568
0.0541037
0.0530204
0.0540422
0.0538379
0.0547817
0.0548164
0.0547017
0.0540284
0.0534683
0.058001
0.0632046
0.0570569
0.0535104
0.0542957
0.0533304
0.0527763
0.0564669
0.0534837
0.0535388
0.0539344
0.061274
0.061518
0.0621228
0.0658221
0.0609406
0.0532939
0.0532067
0.0584887
0.0720535
0.0641701
0.0673683
0.0697762
0.0644047
0.0737611
0.0641825
0.0634339
0.0730175
0.0631861
0.0675841
0.0707464
0.0643982
0.0707805
0.0657349
0.0630277
0.0747332
0.0646064
0.0651718
0.0577834
0.0549816
0.054987
0.0574854
0.0550766
0.0546288
0.0550333
0.0553795
0.0541071
0.0532288
0.057936
0.0630491
0.0596102
0.0589133
0.0617247
0.0605609
0.0572756
0.0555996
0.0548995
0.053425
0.0533614
0.0547112
0.053018
0.0536291
0.0543469
0.0530873
0.0548196
0.0552598
0.0595524
0.0551642
0.0544877
0.056868
0.0601045
0.0641682
0.0669247
0.0628009
0.0585869
0.062292
0.0657622
0.054143
0.0576384
0.0570942
0.0538035
0.0543608
0.0542361
0.0535466
0.0559211
0.0535184
0.053481
0.0530698
0.0550587
0.0603632
0.0647963
0.0556441
0.0542215
0.055678
0.0529313
0.0533093
0.0535184
0.0529493
0.0541817
0.0563994
0.0526345
0.0538829
0.0533158
0.0533019
0.0530933
0.053707
0.0535018
0.0535104
0.054463
0.0537534
0.0544558
0.0535628
0.0525333
0.0540476
0.053351
0.0528564
0.052544
0.0526974
0.0527972
0.0533627
0.0528703
0.0535766
0.0523074
0.053121
0.0531896
0.0533471
0.05347
0.0523265
0.0534457
0.0540465
0.0525465
0.0528455
0.0541234
0.0533377
0.0543546
0.0521609
0.0533261
0.0532003
0.0528143
0.0525804
0.0534699
0.0528631
0.0527651
0.0527507
0.0528909
0.0532058
0.0539957
0.0530123
0.0527223
0.0522891
0.0534645
0.0527099
0.0532221
0.0528141
0.0524551
0.0529763
0.0529512
0.0543057
0.0544327
0.0528514
0.0535563
0.0538174
0.0529202
0.0551384
0.0536739
0.0536713
0.0544934
0.0545966
0.0533606
0.0537104
0.0532584
0.0537577
0.0525573
0.0525335
0.0623711
0.067272
0.068008
0.0629452
0.0644626
0.0540091
0.0535712
0.0529001
0.0532254
0.0550961
0.0536635
0.0533401
0.0530224
0.0533025
0.0532776
0.0526263
0.0531888
0.0554947
0.0530068
0.0545404
0.0539252
0.0526699
0.0528984
0.0540764
0.0532828
0.0531238
0.0522722
0.0528484
0.053346
0.0530967
0.0527094
0.0529231
0.0525874
0.0528761
0.0543271
0.0532668
0.0527388
0.0535616
0.0537241
0.0537753
0.0528196
0.0528791
0.0532342
0.0520745
0.0532217
0.0537089
0.0562929
0.056717
0.0532781
0.0532122
0.0532664
0.0535788
0.0529611
0.0533956
0.0531855
0.0530284
0.0557184
0.0556058
0.0534854
0.0533765
0.0581253
0.0570919
0.0530477
0.0529427
0.0535398
0.0543771
0.0548877
0.0531013
0.0520613
0.0535857
0.0582467
0.0578736
0.0561709
0.0533709
0.0548512
0.054803
0.0526325
0.0525259
0.0558205
0.0650096
0.0545285
0.0531791
0.0593475
0.0561383
0.0548589
0.0533086
0.0524461
0.0547654
0.0531414
0.0575908
0.0540347
0.0565629
0.0580488
0.0534242
0.0557073
0.0563855
0.0580702
0.0544418
0.0545368
0.0531798
0.0537723
0.0531706
0.054221
0.0551301
0.0580341
0.0619657
0.0575775
0.0528168
0.0529208
0.0607693
0.0593513
0.0534186
0.0551694
0.0536657
0.0583961
0.055579
0.0568278
0.058069
0.0534319
0.053703
0.0539639
0.0546833
0.0550234
0.0542569
0.0533665
0.0561511
0.0542051
0.0573994
0.0536631
0.0551125
0.0548036
0.0602584
0.0548314
0.0538557
0.0548028
0.0546991
0.0534484
0.0525122
0.0530419
0.0591878
0.0624308
0.0542091
0.0538145
0.0530957
0.0527217
0.0527264
0.0537207
0.0536141
0.0542775
0.0530589
0.0539709
0.053636
0.0540486
0.0547178
0.0528737
0.0530839
0.0542146
0.0522008
0.0529373
0.0532612
0.0540944
0.0533398
0.0527169
0.0548713
0.0543426
0.0529438
0.0534251
0.0529654
0.053157
0.0538541
0.0531579
0.0534382
0.052554
0.0530236
0.0528111
0.0553273
0.0527956
0.0542075
0.0542353
0.0532372
0.0540118
0.0554459
0.0585873
0.0557573
0.0557631
0.0557646
0.0558321
0.0562095
0.0587326
0.0575732
0.0546787
0.0572348
0.0568957
0.0568597
0.0569046
0.0577611
0.0601802
0.0539824
0.0561927
0.0572001
0.055597
0.0566574
0.0589356
0.0542679
0.0541106
0.0550805
0.0535468
0.0547143
0.0526132
0.0613139
0.0608693
0.0548516
0.0561495
0.0538993
0.0524702
0.0533567
0.0519446
0.0607905
0.0608237
0.0595125
0.0575163
0.055029
0.0558698
0.0582113
0.0566948
0.0571015
0.0540663
0.0539848
0.0550842
0.0555936
0.0566698
0.0585941
0.0588324
0.0547222
0.0532416
0.0558027
0.0544601
0.0533388
0.0555163
0.0540479
0.0547876
0.0544831
0.0523665
0.0553449
0.0537785
0.0526925
0.0529418
0.0534091
0.0554892
0.0528267
0.0540669
0.0536316
0.0543714
0.0520311
0.0540279
0.0536062
0.0537362
0.0539895
0.0567678
0.0562676
0.0567585
0.0544088
0.0538222
0.0560361
0.0564102
0.0593964
0.0625687
0.0596819
0.0622952
0.0571144
0.0544717
0.056399
0.0586085
0.0524901
0.0557855
0.0529874
0.0536805
0.0544593
0.0530069
0.052952
0.052233
0.0519626
0.0531585
0.0531638
0.0527925
0.0526149
0.0529809
0.0525214
0.0527892
0.0542453
0.0526762
0.0562065
0.0526039
0.0548325
0.0527072
0.0522869
0.0527798
0.0524235
0.0523628
0.0528158
0.0519677
0.0521846
0.0535107
0.0522059
0.052888
0.0522442
0.0529934
0.0525013
0.0526821
0.0520815
0.0523677
0.0529088
0.0529788
0.0525106
0.0531546
0.0521099
0.0529744
0.0526371
0.0527772
0.052875
0.0525875
0.0532752
0.0525668
0.0534843
0.0524744
0.0532108
0.0524283
0.0528747
0.0528977
0.0523215
0.0529776
0.0521741
0.0528757
0.0520011
0.052817
0.0524414
0.0523831
0.0524239
0.0526074
0.0526654
0.0525066
0.0523175
0.0522236
0.0521764
0.0523507
0.0537944
0.0524847
0.0522539
0.0529175
0.0524887
0.0523648
0.0524915
0.052623
0.0521035
0.0532013
0.052454
0.0525055
0.052815
0.0525711
0.0533333
0.0523936
0.0522402
0.0526016
0.0526537
0.0522732
0.0528906
0.0524473
0.0525397
0.052019
0.0523995
0.052411
0.0520482
0.0524774
0.052109
0.0530691
0.0527838
0.0525683
0.0518021
0.0524814
0.0521033
0.0530187
0.0526199
0.0535499
0.0525186
0.0527359
0.0521948
0.0521433
0.0527585
0.0528714
0.0525334
0.0542112
0.0537627
0.0543319
0.0525711
0.0522933
0.052221
0.0526655
0.0524161
0.0523622
0.0527346
0.0532425
0.0521863
0.0528611
0.0523954
0.0525398
0.0526682
0.0526551
0.0524189
0.0523067
0.0529597
0.0523027
0.0528069
0.0525734
0.0525733
0.0522132
0.0524226
0.0530967
0.052122
0.052225
0.0528147
0.0522067
0.0526394
0.0524624
0.0520679
0.0518201
0.0526017
0.0526682
0.0520636
0.0521029
0.0531998
0.0528992
0.0526789
0.0535538
0.0525015
0.052341
0.0527409
0.0531219
0.0528493
0.0525909
0.0525962
0.0530536
0.0522989
0.0530386
0.0532322
0.0524919
0.0530334
0.0529689
0.0561571
0.054374
0.0529817
0.0523861
0.0526435
0.0536828
0.0529573
0.0531712
0.0530369
0.0523973
0.0521473
0.0525361
0.0523926
0.0524533
0.0530831
0.0527082
0.0523718
0.0530083
0.0520196
0.0517931
0.0532519
0.0529597
0.05417
0.0553456
0.0528929
0.0568805
0.0527945
0.0528768
0.059041
0.0591954
0.0524841
0.0526868
0.0522509
0.0528306
0.0526771
0.0531936
0.0523153
0.0523723
0.0537236
0.0526209
0.0525329
0.055391
0.0636034
0.0663536
0.060659
0.053321
0.0534457
0.053079
0.0525006
0.0525303
0.0526943
0.0527916
0.0526681
0.0533861
0.0550057
0.0540547
0.0524896
0.0543283
0.0523866
0.0547533
0.0530189
0.0541105
0.0524482
0.0534977
0.0530788
0.052472
0.0534955
0.0528581
0.0531869
0.0529493
0.0526223
0.0520699
0.052201
0.0524706
0.0525696
0.0586893
0.0523474
0.0520566
0.0520966
0.0531027
0.0525091
0.0567894
0.0527013
0.0530814
0.0531559
0.0529671
0.0530088
0.0527614
0.052636
0.0520502
0.0530717
0.052768
0.0531863
0.0522732
0.0626508
0.0623097
0.0600667
0.0529538
0.0527888
0.0526632
0.056423
0.0525091
0.0524158
0.0524392
0.0550506
0.0528661
0.0530159
0.0524404
0.0525982
0.0523008
0.0592205
0.0525758
0.0525663
0.0522796
0.0549561
0.0540385
0.0552863
0.051802
0.0711626
0.0613273
0.0600536
0.0605993
0.0636773
0.0585078
0.0605381
0.0603508
0.062396
0.0593466
0.0584302
0.0584973
0.0533193
0.0526388
0.0547465
0.0542222
0.0530211
0.0520322
0.0565929
0.0521893
0.0533414
0.0522736
0.0565042
0.0532304
0.0550809
0.0532399
0.053449
0.0555844
0.0543672
0.052552
0.0523095
0.052546
0.0559738
0.0520636
0.052474
0.0527223
0.0524058
0.0565358
0.0526822
0.052261
0.0532269
0.055651
0.0527835
0.0524052
0.0524095
0.0575204
0.0524228
0.0519228
0.0559117
0.0531249
0.0523041
0.0526763
0.0528286
0.0554129
0.052407
0.05288
0.0531287
0.0555396
0.0525197
0.0527067
0.0562323
0.053623
0.053688
0.0523917
0.0520837
0.0519151
0.0527792
0.0525932
0.0556073
0.0525038
0.0523666
0.0544704
0.0533848
0.052818
0.0520594
0.0541023
0.0530389
0.0521732
0.0524488
0.0564833
0.052589
0.0524074
0.0534899
0.0530958
0.0541738
0.0537441
0.0526687
0.052434
0.0529118
0.0530169
0.0531733
0.0528566
0.0532288
0.052649
0.0524769
0.0530297
0.0520864
0.0533941
0.0530205
0.0522169
0.0534684
0.0527207
0.0529099
0.0525299
0.0524998
0.052625
0.0524302
0.0560597
0.0522955
0.0536254
0.0574073
0.056486
0.0530997
0.0519007
0.0533191
0.0528753
0.0545636
0.053289
0.0549263
0.0527743
0.0563646
0.0548825
0.0543325
0.0555418
0.0537121
0.0546138
0.0553978
0.0531413
0.0539892
0.0521696
0.0522862
0.0520601
0.0523916
0.0526268
0.0524985
0.0520232
0.0518361
0.0523415
0.052197
0.053476
0.0522551
0.0527365
0.0551382
0.0568365
0.0531482
0.0539644
0.0526797
0.0529646
0.0524854
0.0522335
0.0527937
0.0528976
0.052704
0.0535108
0.0560514
0.0531878
0.054551
0.0529163
0.0543035
0.0529494
0.0543572
0.0536174
0.0550663
0.0577576
0.0584874
0.0557553
0.0575223
0.0559922
0.0545306
0.0567171
0.0565795
0.057496
0.0563719
0.0554793
0.0562426
0.0557878
0.0579195
0.0561122
0.0523411
0.0524779
0.0523336
0.0526983
0.0539885
0.0529977
0.0526204
0.0533893
0.0521977
0.052541
0.0525734
0.0526145
0.0523113
0.0527533
0.0524785
0.0528148
0.0525704
0.0519409
0.0532483
0.0521963
0.052988
0.0549609
0.052334
0.0531356
0.0550188
0.0519397
0.0592758
0.063771
0.0590535
0.0597416
0.0564571
0.0544928
0.0624142
0.0593931
0.0604121
0.0558069
0.0548061
0.0601192
0.0622268
0.0616207
0.0535484
0.0522265
0.0571329
0.0545001
0.0544339
0.0629427
0.0706202
0.0568766
0.0572435
0.0574579
0.0564477
0.0561738
0.0534724
0.0666402
0.0631032
0.0569807
0.0587184
0.0576873
0.0549279
0.0596712
0.0547034
0.0527846
0.0639607
0.055223
0.056202
0.0585728
0.0605029
0.0646484
0.0612834
0.0643841
0.0580866
0.0530656
0.0553533
0.0642365
0.0592538
0.0604205
0.0650479
0.0595137
0.0570178
0.0528694
0.0535999
0.0536239
0.0547382
0.0563115
0.0538161
0.0550302
0.0560661
0.0649577
0.0808613
0.0649741
0.0632911
0.052585
0.0535635
0.0613794
0.0595332
0.0573238
0.0520064
0.0528298
0.0558842
0.0595613
0.0647461
0.0569303
0.0558775
0.0547899
0.0534775
0.0596029
0.0631837
0.0596308
0.0601514
0.0592716
0.0560501
0.0534059
0.0533443
0.0536963
0.0633661
0.07473
0.0565756
0.0530745
0.0542344
0.0534444
0.0657675
0.070585
0.0635596
0.0756589
0.0587654
0.0562051
0.0541281
0.0599128
0.054934
0.0527243
0.052515
0.0529382
0.0528486
0.0524617
0.0563857
0.0606798
0.0743411
0.0576181
0.0599594
0.0653119
0.0689531
0.0631516
0.0697942
0.0544821
0.054911
0.0578189
0.0605717
0.061433
0.0648107
0.0521449
0.0551512
0.0545998
0.0667621
0.0944753
0.0749951
0.0611887
0.0573219
0.0548965
0.056293
0.0618598
0.0640724
0.0692617
0.0611634
0.0530904
0.0525531
0.0523276
0.0546101
0.0599246
0.0584802
0.0533036
0.0562326
0.0571108
0.0541225
0.0572564
0.0786011
0.0661593
0.0620723
0.0597198
0.0677096
0.0637065
0.0594038
0.0524493
0.0526069
0.0527128
0.0523181
0.0530089
0.0540377
0.066162
0.0770409
0.057757
0.0578233
0.0554801
0.0710755
0.060101
0.0540907
0.0594533
0.0569375
0.0523055
0.0536508
0.0544177
0.0568713
0.0553018
0.0564288
0.0541024
0.0539173
0.0548449
0.0573325
0.0560806
0.057938
0.0620003
0.0706067
0.0652319
0.0627034
0.0575817
0.0702964
0.0639586
0.0676396
0.0632453
0.0526392
0.0530503
0.0556
0.0551532
0.0614767
0.0670718
0.0646192
0.0683393
0.0705716
0.0640158
0.0553791
0.0540346
0.0562978
0.0528138
0.052706
0.0569384
0.0533387
0.0573562
0.0640906
0.0745992
0.0634082
0.0733905
0.0635889
0.0613142
0.0603104
0.0543327
0.0528014
0.0553099
0.0557342
0.0571212
0.0545864
0.0635167
0.0620671
0.0567183
0.0575897
0.0741133
0.0762189
0.0698136
0.0644161
0.053727
0.0631172
0.0667335
0.0604822
0.0556332
0.0530691
0.0529707
0.0542004
0.0576473
0.0540163
0.0566412
0.0625648
0.0674258
0.074265
0.063338
0.0650581
0.0696268
0.0596626
0.059499
0.0586851
0.055847
0.0540759
0.0549578
0.0578785
0.0543513
0.0545086
0.0560035
0.0699941
0.0684935
0.0690352
0.0588654
0.0553854
0.0580406
0.0584301
0.0739249
0.0635511
0.0618886
0.0632164
0.0599938
0.0532862
0.0533623
0.0542723
0.0657164
0.0639939
0.0563641
0.0611245
0.0558204
0.0521912
0.0674923
0.0567934
0.0565854
0.06234
0.0636156
0.0635191
0.0646532
0.0670403
0.0603614
0.06177
0.0562122
0.0550751
0.0634379
0.0621421
0.0645864
0.066785
0.0706059
0.064617
0.0724056
0.0601103
0.0636167
0.0649393
0.054279
0.0535924
0.0531207
0.0525798
0.0529796
0.0577328
0.0549834
0.0548009
0.0526706
0.0559041
0.0672085
0.0654287
0.0650193
0.0564043
0.0585838
0.0532613
0.0526213
0.0541346
0.0562695
0.0605281
0.0586296
0.0553261
0.0598433
0.0531056
0.0544044
0.0538553
0.0776707
0.0683987
0.0651019
0.0523675
0.0638507
0.0630365
0.0573313
0.0519469
0.0538629
0.0524897
0.052746
0.0526433
0.0537993
0.0567594
0.0547333
0.0567282
0.0629566
0.0611469
0.063207
0.0652559
0.0629158
0.0580898
0.0532034
0.0538206
0.0563169
0.0578634
0.0578316
0.0614067
0.0530834
0.0536398
0.0525063
0.0542519
0.0566431
0.0563387
0.0658794
0.0614997
0.0551484
0.0528044
0.0535638
0.0564693
0.0548787
0.0539311
0.0530971
0.0539482
0.0538737
0.0523051
0.0573507
0.0541003
0.0533558
0.0532376
0.05239
0.0525697
0.0527192
0.0528271
0.0520685
0.0541273
0.052553
0.052555
0.0526481
0.0532811
0.0541126
0.0534872
0.0531481
0.05246
0.0526194
0.0523312
0.0530711
0.0531124
0.0532631
0.0526362
0.0549846
0.0549537
0.0525151
0.0526532
0.0533616
0.0525384
0.0520554
0.0525915
0.0548591
0.0528483
0.0526138
0.0526143
0.0529129
0.0540221
0.0528697
0.0526266
0.0540755
0.0531032
0.0527774
0.0584146
0.0536523
0.0532634
0.0534993
0.0554219
0.054661
0.053827
0.0543439
0.0552613
0.0531963
0.0556193
0.0520878
0.0530393
0.0524847
0.0526192
0.0522421
0.056599
0.0530249
0.0537258
0.0533997
0.0550955
0.053802
0.0529508
0.0538654
0.0530563
0.0526874
0.0536983
0.0526761
0.0525589
0.0524442
0.0530565
0.0531755
0.0549102
0.0536454
0.0526673
0.0525192
0.0552902
0.0535414
0.0525922
0.0525218
0.0533526
0.055214
0.0526361
0.0552793
0.0531835
0.0524453
0.0531815
0.0523282
0.0521389
0.0523136
0.0524612
0.0524298
0.0526761
0.0536121
0.0524715
0.0550994
0.052995
0.0534423
0.0565759
0.0537044
0.0538817
0.0527901
0.0539792
0.0535453
0.0538881
0.0522815
0.0523739
0.05794
0.0541299
0.0529837
0.0524392
0.0529912
0.053158
0.0532507
0.0540675
0.0537994
0.0532825
0.0521484
0.0535427
0.0537992
0.0540026
0.0522632
0.053792
0.0532193
0.0538998
0.0542488
0.0538611
0.0532503
0.0525726
0.0528725
0.0535661
0.0526241
0.0521999
0.0532143
0.0569582
0.0534773
0.0540049
0.0532468
0.05286
0.0531985
0.0537038
0.0551128
0.0535557
0.0524208
0.0528056
0.0553467
0.0553507
0.053917
0.0532577
0.0589233
0.0540704
0.0540486
0.0531476
0.0538829
0.0525646
0.0545533
0.0528817
0.0533949
0.0529687
0.0534896
0.0527897
0.0535408
0.0537201
0.0541176
0.0535635
0.0519905
0.0527014
0.0549043
0.0530808
0.0539811
0.0529895
0.0525261
0.0526774
0.052595
0.0531088
0.0566386
0.0549545
0.0552289
0.0536401
0.0548965
0.054283
0.0529644
0.0553615
0.0548556
0.052028
0.0530598
0.0535231
0.0529675
0.0531859
0.0524207
0.0558075
0.0558175
0.0531251
0.0527225
0.053541
0.0528444
0.0532326
0.0535701
0.0559999
0.0523488
0.0536279
0.0523405
0.0530242
0.0525765
0.0520132
0.0534223
0.0537701
0.0544848
0.0585029
0.0544854
0.0538387
0.0540474
0.0548806
0.0575314
0.053862
0.0534801
0.0529441
0.055738
0.0567311
0.0597513
0.0533415
0.0523689
0.053286
0.0530189
0.0527117
0.0526363
0.0546097
0.0537683
0.0532978
0.0530291
0.0525128
0.0562344
0.0519819
0.0531025
0.0530707
0.0525419
0.0520276
0.0523216
0.0525339
0.0522035
0.053094
0.0529951
0.0521683
0.0545067
0.0535386
0.0555778
0.056216
0.0538816
0.0524712
0.0547967
0.0534942
0.0533715
0.0532739
0.0535608
0.0530356
0.052523
0.0532379
0.0528991
0.0552772
0.0529775
0.0538626
0.0522744
0.0535474
0.0520503
0.0523679
0.0525984
0.0522712
0.0522045
0.0528675
0.052544
0.0521803
0.0524732
0.0522962
0.0532422
0.0525447
0.0523896
0.0521415
0.0523894
0.0531338
0.0532095
0.0521465
0.052789
0.0522422
0.0526252
0.0546919
0.0547143
0.0525434
0.0524814
0.0525122
0.0524896
0.0526942
0.0519221
0.0534397
0.0524004
0.0530814
0.0526206
0.0526483
0.0527412
0.0734184
0.0629345
0.0557889
0.0530035
0.0535246
0.0533072
0.0524968
0.053035
0.0540382
0.0524837
0.053186
0.0529595
0.0528738
0.0536978
0.0526952
0.0689681
0.0622679
0.0609879
0.0575351
0.0558167
0.0532761
0.0528674
0.053944
0.0522821
0.0528249
0.0524086
0.0604908
0.0651571
0.054672
0.0526281
0.0533837
0.0529322
0.0538273
0.0536591
0.0593531
0.061377
0.0562443
0.0577912
0.0600554
0.0587055
0.056807
0.0536395
0.0534479
0.0536037
0.052695
0.0549561
0.0533665
0.0589105
0.0568597
0.0622495
0.0544855
0.0539038
0.0521802
0.0519889
0.0525965
0.0531802
0.0554476
0.0526986
0.0539663
0.0539148
0.060827
0.0569906
0.0548879
0.0542298
0.0528505
0.0526209
0.0546055
0.0766012
0.0585193
0.0553825
0.0541178
0.0530187
0.0543953
0.0524073
0.0525189
0.0525549
0.0542359
0.0526088
0.0533879
0.0520069
0.0528641
0.0528892
0.0524622
0.0534737
0.0525907
0.0522438
0.0577823
0.053412
0.0538462
0.0523323
0.0528997
0.0527744
0.05213
0.0542409
0.0517925
0.0520569
0.0524847
0.0522313
0.0525556
0.0540736
0.0530387
0.0529524
0.053186
0.0524735
0.0527387
0.0522392
0.0536525
0.0520949
0.0526245
0.0539776
0.0532757
0.0523154
0.0560881
0.059102
0.0567206
0.0527225
0.0527951
0.0524928
0.0532447
0.0522216
0.052242
0.051959
0.0575204
0.0526545
0.0533676
0.0528919
0.0530944
0.0548245
0.0532035
0.0524497
0.0523561
0.0557769
0.0540591
0.0524811
0.0556797
0.0521951
0.0554106
0.0524247
0.0542271
0.0528341
0.0533573
0.0571029
0.0532852
0.0530928
0.0550628
0.0532175
0.0561837
0.0543899
0.0546444
0.0540366
0.0529371
0.0578045
0.0538577
0.0544297
0.0536085
0.0539845
0.0540711
0.0551263
0.0526024
0.0548964
0.0533726
0.0546418
0.0544147
0.0555128
0.0528007
0.0546641
0.0532417
0.0534609
0.0595993
0.0532477
0.0528652
0.052479
0.0518858
0.0568389
0.0570637
0.0556438
0.0535227
0.060884
0.0590418
0.0536387
0.0622633
0.0611616
0.0555318
0.0582549
0.0624851
0.0614225
0.0570322
0.0533513
0.0525353
0.05281
0.063401
0.0557497
0.0545692
0.0614585
0.0658625
0.056444
0.0532503
0.052989
0.0557368
0.0529225
0.0528506
0.0525594
0.0563088
0.0622784
0.0545626
0.0541048
0.0531061
0.0533559
0.0522833
0.055458
0.0524108
0.0531697
0.0536237
0.0548787
0.0524842
0.0524122
0.0560915
0.0524607
0.0530271
0.0530432
0.052424
0.054169
0.0523544
0.0525132
0.054167
0.0529307
0.0532833
0.0520602
0.0564685
0.0522051
0.054138
0.051935
0.0571287
0.0530812
0.052962
0.0534116
0.0524336
0.0564443
0.053074
0.0528019
0.0520475
