9.71591
8.55931
8.11946
9.07342
8.17117
8.6175
8.6167
8.33472
8.57697
8.18191
8.40551
8.2027
8.35226
8.28122
8.55102
8.42905
8.18106
8.01928
8.56613
9.06803
8.37287
8.44556
8.30349
8.44082
8.73782
8.30021
8.33628
8.04354
8.06669
8.17627
8.45279
12.6451
8.77648
8.67903
9.41916
8.07587
8.3711
8.07804
10.0714
8.56445
8.6727
8.17799
8.49058
8.78566
9.38058
8.39574
8.80422
10.0575
8.77919
9.30756
9.07582
8.88052
8.53295
8.50064
8.26028
8.37999
10.1064
9.19964
8.57291
8.75185
8.92245
8.62433
8.22807
9.11632
8.71599
8.87416
8.18247
8.18212
8.80777
8.04334
8.34635
8.32181
8.5213
12.4879
10.7296
8.35822
11.1396
12.7006
9.771
8.22224
8.16508
8.86365
8.32012
8.51875
10.9119
8.48948
10.9641
8.93178
8.44379
8.83407
8.74626
8.13853
8.31197
8.27361
8.42766
8.33684
8.27544
8.72991
8.70534
8.32789
