70.6927
86.2409
73.6483
68.7083
72.1701
70.5126
69.6167
69.5502
70.0421
101.306
71.1834
70.4861
69.9637
72.7004
72.5285
69.7473
72.9632
70.6932
69.908
77.6987
70.5693
73.0759
69.6697
69.5999
73.8772
69.1064
69.7823
70.4349
69.8485
70.2063
72.0882
69.347
70.5756
69.2303
69.6546
69.6596
70.0888
87.9363
71.7338
70.7374
70.0572
69.9494
69.8546
69.2124
70.512
69.2046
70.5156
70.0593
68.9652
70.2237
69.8797
68.4972
70.4666
71.0816
69.7067
70.7083
131.432
71.488
147.415
131.783
74.6978
71.1726
69.2898
70.6666
70.4828
73.6808
70.0804
68.9028
69.1741
69.7561
71.2246
70.3048
71.4546
71.0434
71.3712
70.9265
70.1302
72.8155
69.6404
69.97
72.0654
72.4328
69.4255
69.6615
69.2342
70.7953
70.5568
69.2422
69.6676
69.3242
71.8626
83.0071
71.7446
73.0295
72.3625
72.251
73.3824
71.6334
70.5703
71.0973
