1.6971
1.44956
2.2051
1.46913
1.50837
1.59634
1.44803
1.51123
1.49405
1.52813
1.50607
1.5483
1.46747
1.73738
1.46563
1.62886
1.52132
1.54781
2.08751
1.45117
1.61719
1.51395
1.50869
1.60981
2.23451
2.09592
1.4547
2.16744
1.50094
1.46101
1.49244
1.50046
1.41631
1.46204
1.5719
1.43672
1.55459
1.48435
1.50289
1.47663
1.76331
1.54103
1.55803
1.51031
1.66329
1.53434
1.52976
1.60586
1.51668
1.43704
1.46015
1.4686
1.4686
2.24413
1.4685
1.54042
1.48149
1.51433
1.56516
1.48252
1.48963
1.53848
1.4493
1.45297
1.48824
1.55264
1.52757
1.56
1.45573
1.4703
1.42824
1.49285
1.4885
1.48191
1.71956
1.62177
1.50614
1.76438
1.46412
1.67628
2.76188
2.27825
1.49262
1.45737
1.48553
1.51909
1.55671
2.16164
1.45527
1.86411
1.54775
1.55262
1.46274
2.50156
2.20143
1.42762
1.49645
1.59664
1.44508
1.47136
