8.46475
5.07709
5.03717
9.47576
6.65305
10.2577
7.53596
8.89088
5.1814
7.15373
5.03109
6.77888
5.13339
5.14328
5.22577
5.14273
4.89844
5.07763
5.10296
5.09696
5.19057
5.28615
5.12038
5.13534
5.0878
5.05225
5.17588
5.04362
4.92608
5.04549
5.04936
5.42879
4.98214
5.09008
5.29229
5.23275
5.1092
5.34879
5.20302
5.02904
5.31145
5.03525
5.60166
5.04493
5.07039
5.0632
5.20664
4.88467
5.0008
5.30727
5.07357
5.08247
9.61587
5.31517
5.14427
5.05544
4.99225
5.04738
5.00865
5.16875
5.25049
5.43491
5.27278
5.40141
5.13138
5.19909
5.11462
9.7327
5.14001
5.05368
5.24616
5.41644
5.18945
5.05473
5.38001
5.16298
5.01159
7.68996
5.18471
5.114
67.1546
5.1769
4.93513
6.54165
9.38974
5.37537
5.28221
5.19871
5.1263
5.09979
5.1389
5.15348
6.44851
6.82375
5.50206
5.26464
5.08084
5.51676
5.06644
5.65994
