222.502
207.939
214.912
217.217
211.286
209.4
213.923
212.784
213.928
213.94
215.746
215.345
213.375
218.092
217.686
234.346
250.391
250.008
252.3
250.459
306.884
224.195
212.058
229.12
250.946
251.332
250.44
242.808
253.987
255.057
253.622
245.709
246.372
234.961
235.979
216.698
251.087
218.892
209.623
223.27
212.103
210.106
216.239
224.656
215.334
218.172
217.259
212.048
218.073
210.273
216.974
209.206
210.511
210.271
211.819
221.024
213.704
218.56
213.691
208.781
218.628
216.97
216.083
214.073
214.509
213.742
216.668
211.387
211.131
214.064
210.077
212.278
216.865
212.213
247.002
207.461
220.787
212.968
251.954
231.303
233.544
235.332
246.556
250.204
249.764
253.213
232.453
250.793
249.251
253.914
249.884
248.586
251.515
250.863
261.992
248.181
215.974
219.402
227.907
221.904
