6.70988
6.75409
6.65709
8.70978
6.50268
6.75192
6.63831
6.92293
6.60858
6.6258
6.52785
6.44747
6.43909
6.69302
6.49109
10.8829
7.5538
6.82498
8.31612
6.72505
6.51123
8.54849
6.74712
7.02625
10.5178
10.8658
6.68109
6.75467
9.66104
6.64465
6.47945
6.61358
9.74076
10.817
7.02098
6.61834
8.49058
6.59275
6.56544
6.92189
6.456
6.79167
7.42521
6.72288
6.70018
6.78739
7.48851
6.6027
6.83084
6.69934
7.09127
6.42586
6.41863
6.55243
6.75082
6.74915
6.83874
6.95985
7.04292
6.75211
6.79423
6.91186
6.90327
6.60248
6.75601
6.63088
6.898
6.74176
6.73637
7.34729
6.88971
6.52963
6.89731
6.62921
6.65054
7.24529
6.52966
6.97188
9.94629
7.2246
6.81044
6.56382
6.84055
6.71336
8.77371
6.46739
6.53837
9.5997
7.09
6.83532
6.53709
6.76615
6.55457
7.16555
10.2963
6.63784
7.70561
7.0412
7.481
6.69517
