0.00111728
0.0035415
0.000718435
0.00251529
0.00130458
0.000766166
0.000860104
0.00183729
0.000939263
0.00123099
0.000949771
0.00129304
0.00219952
0.00108116
0.000956351
0.00170709
0.00184143
0.00124962
0.00180773
0.00078294
0.00120499
0.00229718
0.0013741
0.000845565
0.00134029
0.00119871
0.000963694
0.00111356
0.000994108
0.00568608
0.00927411
0.00565792
0.00142839
0.00116642
0.00324786
0.00155547
0.000984066
0.000929739
0.00138939
0.000747592
0.00103935
0.00166639
0.00177234
0.00106259
0.00117267
0.00125867
0.00113211
0.00103357
0.00067493
0.000985507
0.000995091
0.00111946
0.00134964
0.0016795
0.00154547
0.0011061
0.00122558
0.000816671
0.00106839
0.000900279
0.000935737
0.0010351
0.00147893
0.00111998
0.00112984
0.00102406
0.00109747
0.00118979
0.000808305
0.00186661
0.00122472
0.00104064
0.00179347
0.00129181
0.00108119
0.000824163
0.000882202
0.00109746
0.000983233
0.00101607
0.00117955
0.00133505
0.00104681
0.00113888
0.0011183
0.000929398
0.00107518
0.000915503
0.000752275
0.00101831
0.000978093
0.00274343
0.00118762
0.000990058
0.00110869
0.000924374
0.00113497
0.00104432
0.000930873
0.00116947
0.0014141
0.00112505
0.00106509
0.00102543
0.00471261
0.000737851
0.00178948
0.00205609
0.0013556
0.00102051
0.00172958
0.000793117
0.00186752
0.000975523
0.00118051
0.00108927
0.00103213
0.00112032
0.0011078
0.00183709
0.00200411
0.00134102
0.00262633
0.00140441
0.000977085
0.00129191
0.000986805
0.000964733
0.00225653
0.00213297
0.00142731
0.000969169
0.00213883
0.000899212
0.000707058
0.00072868
0.00114947
0.00119969
0.0014009
0.000784728
0.00089898
0.000938803
0.00093383
0.00167983
0.00103938
0.000987209
0.00112273
0.0012643
0.000989141
0.0011535
0.00126092
0.00126124
0.00108636
0.00104732
0.00119169
0.000945013
0.00189113
0.00101079
0.00114864
0.00134056
0.0013206
0.00108442
0.000645073
0.00122541
0.00135313
0.00104903
0.000701674
0.0010987
0.00112393
0.00102929
0.00106184
0.00112871
0.00123408
0.00114115
0.00109944
0.00092488
0.00105636
0.0012694
0.00115292
0.00116261
0.000762015
0.000988069
0.00116546
0.00109869
0.00108416
0.000717325
0.00117054
0.000922868
0.00110874
0.00106001
0.00100894
0.00105842
0.00120212
0.0011615
0.0011922
0.00105226
0.00112387
0.00243026
0.00136143
0.00122326
0.00124187
0.00121421
0.000902564
0.000811167
0.000979825
0.00213029
0.010661
0.00147412
0.00126375
0.000995065
0.00109597
0.000812162
0.0012193
0.00105968
0.000675746
0.000971516
0.00108782
0.00120456
0.00110652
0.000982673
0.00112413
0.00112788
0.00111319
0.00107029
0.00109742
0.00121946
0.00116419
0.00122748
0.000921725
0.00298659
0.00102019
0.00159806
0.000937114
0.000856246
0.000999674
0.00103463
0.00077712
0.000722337
0.000811174
0.000913813
0.00085358
0.000967974
0.0013918
0.00111357
0.00103775
0.00107818
0.00102075
0.00106879
0.000924284
0.00121189
0.000980896
0.00077322
0.0010325
0.000928054
0.000638508
0.000904602
0.000793553
0.000749505
0.000979613
0.000994118
0.00118992
0.000977333
0.00112053
0.000920551
0.000990623
0.000999007
0.000843375
0.00124511
0.00118276
0.000920172
0.00100961
0.00106177
0.000781735
0.000660992
0.00068877
0.000857417
0.000860049
0.000952545
0.00103132
0.000833259
0.000748207
0.000756415
0.00102151
0.000922284
0.000673257
0.000838804
0.00070911
0.000701154
0.000768408
0.000724204
0.000680722
0.000653091
0.00067591
0.000625934
0.000634111
0.00100434
0.00115342
0.00100281
0.00108125
0.00111557
0.000995946
0.00110296
0.000885675
0.000782334
0.000787535
0.000840394
0.000755688
0.000930303
0.000880964
0.000654778
0.000643742
0.000663108
0.000674767
0.000630274
0.000913457
0.000674118
0.000778315
0.000838121
0.000873992
0.000895783
0.000664126
0.000664817
0.000867164
0.00084035
0.00123141
0.000933291
0.00100438
0.00103527
0.00112552
0.000932463
0.000936187
0.000970841
0.0010632
0.00112775
0.0010685
0.00125021
0.00123906
0.00099465
0.00103732
0.00110364
0.0008925
0.00100107
0.00105204
0.000849207
0.000660863
0.000815757
0.00070684
0.000737638
0.000756795
0.000992025
0.00113191
0.00114082
0.00107493
0.00096191
0.00159658
0.00108321
0.00105133
0.00107691
0.00135938
0.000965477
0.0012596
0.00115018
0.00104025
0.00148611
0.000960088
0.00107769
0.0010151
0.000963552
0.00110211
0.00119377
0.00111773
0.00114687
0.000964469
0.000981725
0.000936784
0.000707426
0.000688628
0.000691702
0.00080911
0.000717784
0.000944119
0.00103463
0.000674761
0.0036851
0.000909667
0.000734461
0.000861163
0.000801863
0.000753784
0.000642617
0.000772946
0.00074244
0.000678571
0.000958773
0.00105984
0.00103981
0.000992693
0.00102472
0.00095359
0.000938609
0.000784591
0.000945925
0.00115143
0.000810321
0.000704757
0.000697435
0.000717038
0.000754454
0.000682009
0.00068643
0.000651599
0.000655905
0.000739874
0.00082352
0.000766996
0.000712128
0.000678434
0.000749957
0.000935854
0.000853516
0.00111328
0.00828041
0.00111527
0.000971459
0.00113685
0.000864322
0.000763544
0.000703113
0.00079712
0.000706643
0.000800244
0.000694068
0.000656729
0.00065723
0.000729553
0.000880747
0.000775891
0.000816018
0.000714678
0.000649879
0.000792353
0.000805095
0.000762119
0.000812748
0.000738096
0.000746271
0.000664857
0.000673301
0.000659679
0.000961816
0.00105376
0.00124217
0.000992484
0.00102086
0.00100539
0.000957926
0.00122166
0.000816167
0.00104903
0.00101398
0.00069082
0.00103334
0.00103444
0.000646562
0.000739167
0.000633135
0.00081508
0.00067714
0.000712234
0.000692378
0.000667173
0.000671439
0.000676459
0.000872525
0.000692684
0.001156
0.00109699
0.00105931
0.00107216
0.000967969
0.000983099
0.000936012
0.000985506
0.00105414
0.000969973
0.00101094
0.000658705
0.000648378
0.000823759
0.000681647
0.000660497
0.000670898
0.000693034
0.000660663
0.000775316
0.00114037
0.000782425
0.000679384
0.000711142
0.000669992
0.00082051
0.000705085
0.000773257
0.00063632
0.000694094
0.000749584
0.000641245
0.00067078
0.000761876
0.00109293
0.00101441
0.00092706
0.00106988
0.00101968
0.00106209
0.000980657
0.000983562
0.000681566
0.000907194
0.000871064
0.000672938
0.000641824
0.000964
0.00107729
0.00122237
0.000800797
0.000671182
0.00082057
0.000745744
0.000693302
0.000709308
0.00066093
0.000691499
0.00067597
0.000786394
0.000741423
0.000869376
0.00102664
0.000892251
0.00101907
0.00100057
0.000983937
0.00116595
0.00092284
0.000768838
0.000706244
0.000670901
0.000744696
0.000858805
0.000724613
0.000855462
0.000838588
0.000777611
0.00069932
0.000655421
0.000760861
0.00079056
0.00102531
0.000704255
0.000635117
0.000990854
0.000651084
0.000744383
0.000729403
0.000815975
0.000938783
0.000685874
0.000706495
0.00087285
0.000947725
0.00102386
0.000967115
0.000981454
0.000904766
0.000768298
0.000893204
0.00100076
0.000864126
0.000754101
0.00103686
0.000729303
0.000658788
0.000657461
0.000854264
0.000794382
0.000728123
0.000681191
0.000674017
0.000837749
0.000704792
0.000702027
0.000963893
0.000658396
0.000727366
0.000653859
0.000624158
0.000871514
0.000737748
0.000774543
0.000807292
0.000867709
0.00115161
0.0010377
0.000998077
0.000962883
0.00103167
0.000740888
0.000862098
0.000665941
0.000695507
0.000646394
0.000672997
0.000755024
0.000634965
0.000682664
0.000663485
0.000642084
0.000709198
0.00069843
0.000777415
0.000907849
0.00075089
0.000867191
0.000656508
0.000813502
0.000698142
0.000658556
0.000654934
0.000741002
0.000655958
0.00073916
0.000633095
0.000640709
0.000649754
0.00119125
0.00110699
0.000970888
0.000873523
0.000728882
0.000803582
0.000750738
0.000656415
0.00073311
0.000681739
0.000981214
0.000655333
0.000793368
0.00109478
0.000780432
0.000637643
0.000725372
0.000665586
0.000704979
0.000798005
0.000685012
0.000651982
0.000660788
0.000673264
0.000711693
0.000679553
0.000755856
0.000705827
0.000654515
0.000870202
0.00070682
0.000760012
0.000742495
0.000680181
0.00104289
0.00124072
0.00104537
0.00114249
0.00119258
0.00100249
0.00120332
0.000717215
0.000791024
0.000692788
0.000651704
0.000642626
0.000747952
0.000670153
0.000732107
0.000660616
0.000670596
0.000829806
0.000664657
0.00128794
0.000681298
0.000849212
0.000808363
0.000633316
0.000748524
0.000727387
0.000638229
0.000735148
0.000868581
0.000737664
0.000647331
0.000995642
0.00125129
0.0010264
0.00117674
0.000672144
0.00081244
0.000669263
0.000703003
0.000680887
0.000652945
0.000716262
0.000716045
0.000807515
0.000779526
0.00102139
0.000645954
0.000676697
0.000857916
0.000725228
0.000670494
0.000671947
0.000663655
0.000660065
0.000701449
0.000714983
0.000694467
0.000655618
0.000672197
0.000806969
0.000705733
0.000686548
0.000624219
0.000628678
0.000893059
0.000975981
0.00101683
0.000753295
0.000669287
0.000790218
0.000812447
0.000663652
0.000714897
0.000888773
0.000677375
0.000766158
0.000670145
0.000590617
0.000806648
0.000872679
0.000741388
0.000709983
0.000653659
0.000748007
0.000703681
0.000711784
0.000700132
0.000787135
0.00075029
0.000704581
0.000940982
0.000770624
0.000766709
0.000810738
0.000727365
0.000716611
0.000630232
0.000769291
0.000678352
0.00101612
0.000780784
0.0011157
0.000907797
0.000859016
0.000668025
0.000738297
0.000880004
0.00114345
0.000714865
0.000672464
0.00071766
0.000659781
0.000946997
0.00064641
0.000702372
0.000822249
0.000713574
0.000648843
0.000642507
0.00074041
0.00075831
0.000690253
0.000624358
0.000676248
0.000681481
0.000662647
0.000673522
0.000645563
0.00087699
0.000701214
0.000646737
0.000696157
0.000655646
0.00097251
0.000832916
0.00101558
0.00110181
0.00120325
0.00107196
0.000941242
0.000704281
0.000668533
0.000779235
0.000909392
0.000666978
0.000907924
0.000682188
0.000719476
0.000669415
0.000658661
0.00078402
0.000716776
0.000656989
0.000707453
0.000806375
0.000683467
0.000772267
0.00071971
0.000752848
0.000793701
0.000766923
0.000903883
0.000668568
0.000683936
0.000864242
0.00115032
0.000679374
0.000817992
0.000674872
0.000803041
0.000729129
0.000865537
0.000731661
0.000777924
0.000640159
0.000688662
0.000692278
0.000674685
0.000720727
0.000781032
0.000866346
0.000746414
0.000675423
0.000851914
0.000716731
0.000674006
0.00073996
0.000644012
0.000708614
0.000736949
0.000723439
0.000692619
0.000918923
0.000755335
0.000710897
0.00071027
0.000690544
0.000663043
0.000708028
0.000913663
0.000674775
0.000675333
0.000622028
0.000904134
0.000663667
0.000878641
0.000773237
0.000820817
0.0010678
0.000672875
0.000638283
0.000868851
0.0007067
0.000797674
0.000649528
0.000732855
0.000679174
0.000664058
0.000658828
0.000704571
0.000675684
0.000712121
0.000707899
0.000908457
0.00077375
0.000655578
0.000686992
0.000861646
0.000958173
0.00108309
0.00106506
0.000715608
0.000926706
0.00127812
0.00101239
0.00106264
0.000694844
0.000952592
0.000675941
0.000796095
0.000744018
0.000673818
0.000673561
0.000694179
0.000675891
0.000664812
0.000773411
0.000688787
0.00069281
0.000868729
0.000733424
0.000688464
0.000660919
0.000641119
0.000819193
0.000719086
0.000812885
0.000639677
0.000790924
0.000625326
0.000727615
0.000676251
0.000639548
0.000642482
0.000804308
0.000906022
0.000844557
0.000874437
0.000876678
0.000746134
0.000758893
0.000777284
0.000650847
0.000705918
0.000907281
0.000685601
0.000741442
0.000662504
0.000807665
0.000904877
0.0008422
0.000798888
0.000681389
0.000805207
0.000639387
0.00065173
0.00072351
0.000687401
0.000728341
0.000651509
0.000642696
0.00070158
0.000810519
0.000652507
0.000817492
0.000794975
0.000832661
0.000775608
0.000969803
0.000953105
0.000733039
0.000655423
0.00109457
0.000676584
0.00137627
0.000675857
0.000810136
0.000766162
0.000707112
0.000689346
0.00063477
0.000646126
0.000660853
0.000676431
0.000678318
0.000653028
0.000706737
0.000846012
0.000750251
0.000833894
0.000695419
0.00100462
0.000862297
0.000790411
0.000671847
0.000795703
0.000632124
0.000983635
0.000723171
0.000701313
0.000626137
0.00068197
0.000710619
0.00078484
0.000681244
0.000688404
0.000676079
0.000704889
0.00107816
0.000681532
0.000643262
0.000644874
0.000711516
0.00108428
0.00108956
0.000662492
0.000651907
0.000647891
0.00082248
0.0007903
0.000846649
0.000740554
0.000758965
0.000892206
0.000691828
0.000736283
0.000645736
0.000700576
0.000687822
0.000681482
0.000884407
0.000684589
0.000668166
0.000684483
0.000687566
0.000688608
0.00069826
0.000776981
0.000962819
0.000690367
0.000650395
0.0011753
0.00100807
0.000949523
0.000755666
0.000765363
0.000835524
0.00114524
0.000657531
0.000637347
0.0011354
0.000903374
0.000684839
0.000656529
0.000764804
0.00117664
0.00104733
0.00108767
0.000671207
0.000706602
0.000675263
0.000911333
0.000667801
0.000725097
0.000832392
0.000800268
0.000901949
0.000909939
0.000793605
0.000818198
0.00100009
0.000669238
0.000740701
0.000998348
0.0011354
0.000766236
0.000645209
0.000666028
0.000847979
0.000972756
0.00083874
0.000765996
0.000733837
0.000702857
0.000706283
0.000796964
0.000917246
0.000688442
0.000740488
0.00116047
0.000685905
0.000827177
0.000658635
0.000684775
0.000735812
0.000706753
0.00119159
0.000760221
0.000686448
0.000666286
0.000683983
0.000909271
0.000680829
0.00105851
0.000735109
0.000724107
0.000808542
0.000663323
0.000845546
0.000706931
0.000633765
0.000651258
0.000742014
0.000825982
0.000805331
0.000864436
0.000699901
0.000664011
0.000693849
0.000732442
0.000702513
0.00080601
0.000717466
0.000738019
0.000689145
0.000706442
0.000656652
0.000789348
0.000759174
0.000708189
0.00106302
0.000819107
0.00109746
0.000932427
0.000906092
0.000730326
0.000862402
0.00063813
0.000704081
0.000672838
0.000633854
0.000732378
0.0010162
0.000679328
0.0008467
0.000663291
0.000816513
0.000762055
0.000857629
0.000636574
0.00065833
0.000721029
0.00102102
0.00091012
0.000722806
0.000672865
0.000659412
0.00087984
0.000722854
0.000874629
0.00063349
0.000626226
0.000729151
0.000657575
0.000648222
0.000700781
0.000881629
0.000658205
0.000781437
0.00067363
0.000748815
0.000714184
0.000970544
0.00103508
0.000742633
0.00120367
0.000719056
0.00065918
0.000691732
0.000906766
0.000754309
0.00105551
0.000638874
0.000652273
0.000868218
0.000684983
0.000911684
0.00094492
0.00101945
0.000690076
0.000770814
0.000757418
0.000883659
0.000765032
0.00103026
0.000805296
0.000906765
0.00110108
0.000693568
0.000655564
0.00167679
0.000687024
0.00090955
0.000667489
0.000769024
0.000650485
0.00083586
0.000710564
0.00065378
0.000770697
0.000656269
0.00090857
0.000865159
0.000872923
0.000737354
0.000642315
0.00110686
0.000852532
0.00100015
0.000907191
0.00074951
0.000902911
0.000767208
0.000623701
0.000713537
0.00072126
0.000625473
0.000716369
0.000694424
0.00162721
0.00145399
0.00254826
0.000694371
0.000656306
0.000961001
0.0007825
0.000679122
0.000725894
0.000813574
0.000798631
0.00106614
0.000794886
0.000749238
0.000656509
0.000806317
0.000665258
0.000806573
0.000748945
0.000666232
0.000701443
0.00108802
0.00104235
0.000850783
0.000644431
0.000947437
0.000795908
0.00103929
0.000870079
0.000762552
0.000695789
0.00069532
0.000730693
0.000893973
0.00082127
0.000670497
0.000920026
0.000709548
0.000691148
0.000662752
0.000686355
0.000665287
0.000882428
0.000827158
0.000647455
0.000729948
0.000848361
0.000701713
0.000710899
0.000693614
0.000849299
0.0011359
0.000921479
0.000861552
0.000696279
0.000697591
0.000659627
0.000734034
0.000781042
0.000734422
0.000658002
0.000742566
0.000674157
0.000807632
0.000733908
0.00112466
0.0010203
0.000818287
0.0007773
0.000647022
0.000726068
0.000774823
0.000931275
0.000787628
0.000634433
0.000642793
0.000812918
0.000776136
0.000931293
0.000859098
0.000745609
0.00071346
0.000733978
0.000643789
0.00061792
0.000662573
0.000638676
0.000949266
0.000730483
0.000697654
0.000810576
0.000801303
0.000866596
0.00111675
0.00139561
0.00103171
0.000895625
0.000989963
0.000717923
0.00119569
0.000683
0.000645777
0.000689621
0.000654765
0.000885795
0.000653446
0.000702699
0.000813453
0.00107387
0.00102625
0.000904655
0.000668665
0.000708412
0.000798467
0.000745749
0.000700623
0.000710552
0.000858424
0.000811424
0.000753847
0.000684726
0.000648699
0.000775395
0.000678631
0.000674838
0.000630414
0.000700414
0.000703788
0.000713198
0.000661926
0.000670362
0.000863878
0.000740453
0.00105644
0.000657631
0.000859436
0.000997274
0.000674758
0.000683204
0.000757257
0.0010348
0.000961535
0.00083219
0.000656906
0.000704722
0.000697348
0.000749803
0.000826665
0.000697007
0.000710995
0.000698624
0.000653976
0.000895476
0.000912001
0.000823343
0.000702151
0.000909527
0.00100506
0.000804346
0.00125111
0.00105108
0.00112617
0.00093649
0.000715331
0.000683739
0.000869792
0.000722913
0.000917394
0.000790504
0.00104792
0.000732603
0.00103843
0.000845612
0.00106049
0.00078729
0.000933338
0.000783986
0.000757046
0.000647601
0.000871598
0.000920356
0.000679639
0.000682431
0.000729021
0.000760126
0.000719293
0.000699835
0.000658273
0.000762635
0.000629888
0.000653701
0.0010202
0.000656879
0.000924381
0.000702364
0.000899357
0.000728554
0.000961182
0.00140468
0.001103
0.000737535
0.000902286
0.000818018
0.000925414
0.000854252
0.000649183
0.000739434
0.000659488
0.000718088
0.00068723
0.000641613
0.000709072
0.000654875
0.00101498
0.000817628
0.00064522
0.000732165
0.000776191
0.000938382
0.00102431
0.000918523
0.000657669
0.000671068
0.00235749
0.000713162
0.000780988
0.00083228
0.000698447
0.000726362
0.000654863
0.000661498
0.000765607
0.000668243
0.000684453
0.000647768
0.000736402
0.000932653
0.000805878
0.000820108
0.000829202
0.00138291
0.000845149
0.000689965
0.000758751
0.000775681
0.000686928
0.000858499
0.000685996
0.000681216
0.000704163
0.000641712
0.000650767
0.000772709
0.000662072
0.000636925
0.00064783
0.00100881
0.00071048
0.000664981
0.000705768
0.00080935
0.000770527
0.00114123
0.00075924
0.000914192
0.000754912
0.000655501
0.000659487
0.000834244
0.00123532
0.000760224
0.00065756
0.000640824
0.000700882
0.000654918
0.000675483
0.000642648
0.000731215
0.000707507
0.000718042
0.000720251
0.000731479
0.00069979
0.000636767
0.00109066
0.00118588
0.00107126
0.000697424
0.000891419
0.000662136
0.000747674
0.00070897
0.000732725
0.000669175
0.000693492
0.000716798
0.000753764
0.000707163
0.000794144
0.000718419
0.000706307
0.000733129
0.000724136
0.000668202
0.000773754
0.000653153
0.000767154
0.00087485
0.00103218
0.000694861
0.000974169
0.000745874
0.00100864
0.000698253
0.000748066
0.000678375
0.000686901
0.00064487
0.000830142
0.000646116
0.000732951
0.00071656
0.000663283
0.000702932
0.000681633
0.00064812
0.000691836
0.000884754
0.000739545
0.000878688
0.000744934
0.000881251
0.000957778
0.000725554
0.000746182
0.000711294
0.000673752
0.000661244
0.000768943
0.000756353
0.00069401
0.000686201
0.000812746
0.000689379
0.000789633
0.000655842
0.00073036
0.000895456
0.000645999
0.000723659
0.000732329
0.000807802
0.000749034
0.000710191
0.000938937
0.000828967
0.00102482
0.000959154
0.000710352
0.000689988
0.000929813
0.000684253
0.000678588
0.000678041
0.000719806
0.00106792
0.00089055
0.000724931
0.000648717
0.000745237
0.000938355
0.000917856
0.000815208
0.00066932
0.000653555
0.000810498
0.000715728
0.000684613
0.000736483
0.00064711
0.00093181
0.000754922
0.000644805
0.000659653
0.000994827
0.000999615
0.000655698
0.00065326
0.00067581
0.000659398
0.000750245
0.000695554
0.000990359
0.00101387
0.00074181
0.000692206
0.000659436
0.000779122
0.00122053
0.000724381
0.000766231
0.000772646
0.000762986
0.000730446
0.000649385
0.00069443
0.000786403
0.000836018
0.00113289
0.000683478
0.00064796
0.000714201
0.000764311
0.000875348
0.000663663
0.000687279
0.000666523
0.000668568
0.00078517
0.000652549
0.00066699
0.000747326
0.000675178
0.000634386
0.000656366
0.000835316
0.000661161
0.000664364
0.000809393
0.000634365
0.000795897
0.000661262
0.000692917
0.000675474
0.000629775
0.000968679
0.000641004
0.000650622
0.000673839
0.000645413
0.000703437
0.000636296
0.000728684
0.000768831
0.000713013
0.00076908
0.000800562
0.000716548
0.00068703
0.000934104
0.000672877
0.000659382
0.000749298
0.000784123
0.000697741
0.000675165
0.00068249
0.000670778
0.00076875
0.000656656
0.000706939
0.000878092
0.000696716
0.000677407
0.000707096
0.000696093
0.000794713
0.000718813
0.000696967
0.000767872
0.000806682
0.000643551
0.000721785
0.000916507
0.00106702
0.000682615
0.000659867
0.000713096
0.000748426
0.000788504
0.000681226
0.000649595
0.000662664
0.000791428
0.000655433
0.000909927
0.000633497
0.000940756
0.000666151
0.00113633
0.000692768
0.000839758
0.000701572
0.000987214
0.000756072
0.000901909
0.0011399
0.000650071
0.000649784
0.000695444
0.000741307
0.000761067
0.000763698
0.000857983
0.000686071
0.000699576
0.000633571
0.000683027
0.00068238
0.000681522
0.000690317
0.000720461
0.000643049
0.000655848
0.000667571
0.00100628
0.00100989
0.00124088
0.00103819
0.000951223
0.00075433
0.000645614
0.00123473
0.00100117
0.000739925
0.000744416
0.000744772
0.00101163
0.000706282
0.000918636
0.000732754
0.000668731
0.000863238
0.000789023
0.000818847
0.000752825
0.000926031
0.00084454
0.00089709
0.000728925
0.000710802
0.000850489
0.000668587
0.000864043
0.000669971
0.000647987
0.000690047
0.000661961
0.00077267
0.000658848
0.000765575
0.000706736
0.000739074
0.000857352
0.000694007
0.000831944
0.000824521
0.00076136
0.000784292
0.000898941
0.00080311
0.000740898
0.00127482
0.000871973
0.000800609
0.00156806
0.000972204
0.000769426
0.000649082
0.000678395
0.000669498
0.000889244
0.00077556
0.000728774
0.000878049
0.000653977
0.000627318
0.000807587
0.000842327
0.000661968
0.000696913
0.000694378
0.000861083
0.000760424
0.000888903
0.000730548
0.000694953
0.000665073
0.000789514
0.000750855
0.000713816
0.000665697
0.000688533
0.000640979
0.000775505
0.000688479
0.000709155
0.000667765
0.000778294
0.000639378
0.000651172
0.000703397
0.000679244
0.000962433
0.000678014
0.000661514
0.000784232
0.000667987
0.000768247
0.000795469
0.000814638
0.000669573
0.000671734
0.000683831
0.000919065
0.000686599
0.000791352
0.000806737
0.000654144
0.000671302
0.000644799
0.000733787
0.000669726
0.00067668
0.00084252
0.000680941
0.000734641
0.000683028
0.000723801
0.000668001
0.000725949
0.000834588
0.000976369
0.000838698
0.000868648
0.000722081
0.000742907
0.00126854
0.0010256
0.000959642
0.000736757
0.000691623
0.000710188
0.000792029
0.00106136
0.000793337
0.000761782
0.000786141
0.000671333
0.000739018
0.000750056
0.000782861
0.000719072
0.000724266
0.000718124
0.000789651
0.000726567
0.000652301
0.000688589
0.000757522
0.000731896
0.000778086
0.000683783
0.00100605
0.000819555
0.00105433
0.000950559
0.000841055
0.000953557
0.000788806
0.000713434
0.000748632
0.00123416
0.000888127
0.000757262
0.000724075
0.000700907
0.000734163
0.000668397
0.000801087
0.000639784
0.000719494
0.000669173
0.000886707
0.000742566
0.000691646
0.000900873
0.000661556
0.00065664
0.000829468
0.000671143
0.000664422
0.000659848
0.000700139
0.000687747
0.00105342
0.000781449
0.000697626
0.000766451
0.000879791
0.000769547
0.000728689
0.000727738
0.000677234
0.000655187
0.00068605
0.000743743
0.000771745
0.000939523
0.000645023
0.000910648
0.000697955
0.000667803
0.000775645
0.00064641
0.000700214
0.000687596
0.000881035
0.000709906
0.000819928
0.000707837
0.0007347
0.000727669
0.000641642
0.00063632
0.000737784
0.000676146
0.000717307
0.000811769
0.000676647
0.000690629
0.000715253
0.000734103
0.000733371
0.000867273
0.000642186
0.00078249
0.00069826
0.00071531
0.000661522
0.000712212
0.000687918
0.000860931
0.000803167
0.000720341
0.000740711
0.000975409
0.000647168
0.000671494
0.000638075
0.000894971
0.00107261
0.000647084
0.000732063
0.000627247
0.000658185
0.000729906
0.000661602
0.000820628
0.000713903
0.000630109
0.000705984
0.000869543
0.000733982
0.000636643
0.000667638
0.00105247
0.000798534
0.000751775
0.000739308
0.000742799
0.000773097
0.000658863
0.00065117
0.00082214
0.000661321
0.000657686
0.000927032
0.000670837
0.000608657
0.000799868
0.000661905
0.000812684
0.000646356
0.000711089
0.000701408
0.000645034
0.00068751
0.000644966
0.000706023
0.000754537
0.000796925
0.000875501
0.000814969
0.000746107
0.000704102
0.000642595
0.000649563
0.000758691
0.000762597
0.000718056
0.000739168
0.000663623
0.00063539
0.000755728
0.000735578
0.00081138
0.000891836
0.000855481
0.000772726
0.000655566
0.000707361
0.00067585
0.000658938
0.000864259
0.000794118
0.000692663
0.000673314
0.000672868
0.000842209
0.000763676
0.000902195
0.000660152
0.000930798
0.000654792
0.000712272
0.000863149
0.000827839
0.000716598
0.00063126
0.000776682
0.000725623
0.000718091
0.000687569
0.000664259
0.000639165
0.000663777
0.000643124
0.00146077
0.000920051
0.000732117
0.000758387
0.000815156
0.000822034
0.000644327
0.000646316
0.000665318
0.000674847
0.000720413
0.00067699
0.000734855
0.000770298
0.00074679
0.000954775
0.00077984
0.000667106
0.000619217
0.000661806
0.000812239
0.000809021
0.000727173
0.000840458
0.000726191
0.000739833
0.000769444
0.000730371
0.000834679
0.000744141
0.000650288
0.000721844
0.000732281
0.000651318
0.000800896
0.000875674
0.000649896
0.000808759
0.000691416
0.000975639
0.000672843
0.000642062
0.000715143
0.00067255
0.000671084
0.000628581
0.000693374
0.000840425
0.000793802
0.000709094
0.000768171
0.000796932
0.000678645
0.000720184
0.000674209
0.00084595
0.000619922
0.000925667
0.000664347
0.000654989
0.000725727
0.000940994
0.000694442
0.000816191
0.000729672
0.000682149
0.00064664
0.00062032
0.000663132
0.000645013
0.000675876
0.000687347
0.000734761
0.000647341
0.000865793
0.000707068
0.000680717
0.000908778
0.000904052
0.000726598
0.000702977
0.000678604
0.000745565
0.000695569
0.000801457
0.000727587
0.000659172
0.00068493
0.000650713
0.000975463
0.000698487
0.000824528
0.000746284
0.000683489
0.000929014
0.000710133
0.000886929
0.000842766
0.000699419
0.000840891
0.000658673
0.000709605
0.000764146
0.000739743
0.00070093
0.000830783
0.000878261
0.000778903
0.000644271
0.00065268
0.000638381
0.000813796
0.00081913
0.000736152
0.000773941
0.000714279
0.000678742
0.000683522
0.000654308
0.000697005
0.000885726
0.000991454
0.000652052
0.000670193
0.000644865
0.000621986
0.000654588
0.00065425
0.000715641
0.000698154
0.000673207
0.000659762
0.00083465
0.000902126
0.00096027
0.00097789
0.00118046
0.00090486
0.000784349
0.000731555
0.000705788
0.000924127
0.000935405
0.000924985
0.000677958
0.00082511
0.000718754
0.000643027
0.000648239
0.000836728
0.000685661
0.0007092
0.000733678
0.000941104
0.000687396
0.000717511
0.000695656
0.00100975
0.000784601
0.00085793
0.00070616
0.000720395
0.000746842
0.000944846
0.000685125
0.000783101
0.000731351
0.000788433
0.000653344
0.000678727
0.000647521
0.000686775
0.000648111
0.000598135
0.000742017
0.000655236
0.000610103
0.000898945
0.000658573
0.000836001
0.000707984
0.000707704
0.000892387
0.000713015
0.000637493
0.000701609
0.00074867
0.000715554
0.000728773
0.000681083
0.000676208
0.000804178
0.000669641
0.000694919
0.000634082
0.000673603
0.000642995
0.000718178
0.000650015
0.000644997
0.000684168
0.000827222
0.00064051
0.000814953
0.00078159
0.000837624
0.000705911
0.00069366
0.000749404
0.000661515
0.000805219
0.000796335
0.000672274
0.000641138
0.000675617
0.000682505
0.00102278
0.000711476
0.000675224
0.000674868
0.000686237
0.000669336
0.000703099
0.000741461
0.000643603
0.000892577
0.000655
0.000665155
0.000728251
0.000838057
0.000737323
0.0010074
0.000642882
0.000674876
0.00063401
0.000979318
0.00069844
0.000641259
0.000727109
0.000705351
0.00070094
0.000888721
0.000670553
0.000676166
0.000633018
0.000613917
0.000663946
0.000878392
0.000658441
0.000666609
0.000655974
0.000647927
0.000713414
0.000706705
0.000649018
0.000977252
0.0006837
0.000737525
0.000653021
0.000881527
0.000710206
0.000684727
0.000700411
0.000658762
0.000652697
0.000743845
0.000662265
0.000664519
0.000708668
0.000714837
0.000700699
0.000745908
0.00103134
0.000897244
0.000778714
0.0006476
0.000717244
0.000861055
0.000907041
0.000802837
0.000763424
0.000669472
0.000689367
0.000661667
0.000720909
0.000653622
0.000748947
0.00065097
0.000765292
0.000645148
0.000689423
0.000676787
0.000635193
0.000645571
0.000726319
0.000844162
0.000847569
0.00079863
0.000673212
0.000684837
0.000662135
0.00105784
0.000828673
0.000723342
0.00067445
0.000704137
0.00072654
0.000798756
0.000777291
0.000665069
0.000870844
0.000724759
0.000952896
0.000959059
0.000649318
0.000662706
0.00106866
0.000699286
0.000665786
0.000668751
0.000664701
0.000856377
0.000836578
0.000725087
0.00112161
0.000738281
0.000646785
0.000758941
0.000905092
0.000777703
0.00123583
0.000650948
0.000651182
0.0006647
0.000646107
0.00119256
0.000841978
0.000650699
0.000692225
0.00093296
0.00103033
0.000723005
0.000692448
0.0007388
0.00103672
0.000987022
0.00100717
0.000748989
0.000857624
0.00115602
0.000713938
0.000683684
0.000842719
0.000647777
0.000763524
0.000927278
0.000924997
0.000906791
0.000664254
0.000913964
0.000832981
0.000680333
0.000752245
0.000659917
0.000735863
0.00078654
0.000786654
0.000728232
0.000668856
0.000867849
0.000648984
0.00118298
0.000693703
0.00091707
0.00071607
0.000968093
0.000653781
0.000646478
0.000925025
0.000681597
0.00067249
0.00070121
0.000716409
0.000648985
0.000814709
0.000761313
0.000679963
0.000774569
0.000778808
0.00107538
0.000709559
0.000739022
0.000642516
0.000645974
0.000921703
0.000782307
0.00074341
0.00071514
0.000631046
0.000636476
0.000697965
0.000928709
0.000836765
0.000691049
0.000664107
0.000913975
0.000748448
0.00076375
0.000659594
0.000652504
0.000710603
0.000875785
0.000884881
0.000790262
0.00070259
0.000835629
0.00096296
0.00108241
0.000927656
0.000939362
0.000984271
0.000792693
0.000911778
0.000938932
0.00115915
0.000782531
0.00133193
0.00118327
0.00115852
0.00112767
0.00084729
0.000878269
0.00103082
0.000923319
0.000978699
0.000791016
0.00101323
0.000692109
0.000676981
0.000750924
0.000736779
0.000791072
0.000750596
0.000708714
0.000767091
0.000659952
0.000631993
0.000777465
0.00106236
0.000733295
0.00128007
0.000801883
0.00069129
0.000842441
0.000823082
0.000747128
0.000705517
0.000779028
0.00065724
0.000676915
0.000650642
0.000668285
0.000686976
0.000886043
0.000730196
0.0007806
0.000668062
0.000891683
0.000712766
0.000768471
0.000736902
0.000770389
0.000788956
0.000793702
0.00068316
0.000698896
0.000670836
0.000847928
0.000933413
0.000926179
0.000645131
0.000662532
0.000634447
0.000662021
0.000651574
0.000718514
0.000636716
0.000724395
0.000652239
0.000757172
0.000837765
0.000821003
0.000742326
0.000664931
0.000716322
0.000906818
0.000936852
0.000680324
0.000635997
0.00073293
0.000829252
0.000758207
0.000694219
0.000630635
0.00063148
0.000729003
0.000779687
0.000643842
0.000627661
0.000646988
0.000678282
0.000724312
0.000762007
0.000641707
0.000691947
0.000709849
0.000727561
0.000646932
0.000636829
0.000717424
0.000716179
0.00069948
0.000696222
0.000776335
0.000653283
0.000673961
0.000950556
0.000711588
0.000689604
0.000653061
0.000640237
0.000630187
0.000650939
0.00069808
0.00065631
0.000638065
0.000686452
0.000715885
0.000742281
0.000708469
0.000692196
0.000668763
0.000697408
0.000676649
0.000687866
0.000726318
0.000736311
0.000709663
0.000738902
0.000725069
0.000624603
0.00084817
0.000659464
0.000625195
0.000650613
0.000642428
0.000658601
0.00067099
0.000693109
0.000619734
0.000659411
0.000633799
0.000644471
0.000626183
0.000688968
0.000803345
0.000791306
0.000755007
0.000651108
0.000652127
0.000663603
0.0006512
0.000769485
0.000840063
0.000704241
0.000723272
0.000678447
0.000736105
0.000706323
0.000640529
0.000672275
0.000651503
0.000743645
0.000687801
0.000665796
0.00072667
0.00081343
0.000746914
0.000696062
0.000811353
0.000887295
0.00075494
0.000765003
0.000651757
0.000669257
0.000697056
0.000758988
0.000645857
0.000670376
0.000666424
0.000653577
0.00100571
0.000814311
0.000740747
0.00063958
0.000635179
0.000664425
0.000664804
0.000692872
0.000718726
0.000675015
0.000677002
0.000684593
0.000645981
0.000704242
0.00074489
0.000722252
0.00073574
0.000678981
0.000800992
0.000713862
0.000661797
0.000761352
0.000659881
0.000646388
0.000621781
0.000722139
0.000876098
0.00066892
0.000655227
0.00063612
0.000661834
0.000663798
0.000663608
0.000644524
0.000665607
0.000657797
0.00076127
0.000669485
0.000730192
0.000699461
0.000682544
0.000759225
0.000764785
0.000682378
0.000650428
0.000756038
0.000721989
0.000698437
0.000651984
0.000674205
0.000653522
0.00068041
0.000719575
0.000721514
0.00068544
0.000662921
0.00066564
0.000645915
0.000638135
0.000775354
0.000704285
0.000683445
0.000644264
0.000848762
0.000653746
0.000896818
0.000667129
0.000705969
0.000724644
0.000734719
0.000740987
0.00079191
0.000662268
0.000632166
0.000666605
0.000640811
0.000850189
0.000835655
0.000686955
0.00062423
0.00063297
0.000670365
0.00077447
0.000657004
0.000657259
0.000632635
0.000748324
0.000699138
0.000670708
0.000699612
0.000648762
0.000688937
0.000665273
0.000677165
0.000645025
0.000688887
0.000639081
0.000700187
0.000883381
0.000706643
0.000659341
0.000838213
0.000725061
0.000688897
0.000776154
0.00064145
0.000658443
0.000614911
0.000639926
0.000636501
0.00064578
0.000814052
0.000642027
0.000635349
0.000626439
0.000719776
0.000646054
0.000669364
0.000709479
0.000761716
0.000723644
0.000693963
0.000773333
0.000702892
0.000713058
0.00063237
0.000774556
0.00078173
0.000684815
0.000688099
0.000639408
0.000652094
0.000647046
0.000834462
0.000620619
0.000670822
0.000670856
0.000640627
0.000652162
0.000650557
0.000660675
0.000790636
0.000728201
0.000815524
0.000661655
0.000761223
0.000752766
0.000748319
0.000777528
0.000685531
0.000730923
0.000646747
0.000624007
0.00122826
0.000692663
0.0007072
0.000644924
0.000738444
0.000717507
0.000658007
0.000686584
0.000673831
0.000705551
0.000710222
0.000653613
0.00071606
0.000699265
0.000764083
0.000718646
0.000980308
0.000804935
0.000786692
0.000797346
0.000722642
0.000659301
0.000607742
0.000749479
0.000678419
0.000730692
0.000677383
0.000685066
0.000626175
0.000803243
0.000764172
0.000658285
0.000686979
0.000706997
0.000698311
0.000691501
0.000717001
0.000689972
0.000980155
0.000663583
0.000695846
0.000818619
0.00076265
0.000702209
0.000747196
0.000695909
0.000742745
0.000734622
0.000860672
0.000656024
0.000676648
0.000652536
0.000676023
0.000639483
0.00065755
0.00065389
0.000663274
0.000626708
0.000623446
0.000719328
0.000676002
0.000663858
0.000721548
0.000951306
0.000709451
0.000742188
0.000684833
0.000649058
0.00090287
0.000682025
0.000671772
0.000674151
0.000639422
0.000693587
0.000657074
0.000648242
0.000646481
0.000683745
0.000723185
0.000667465
0.000675605
0.000669465
0.000637826
0.000690149
0.000649103
0.000640093
0.00062891
0.000666726
0.000657805
0.000652284
0.00062546
0.000699451
0.000643811
0.000694741
0.00065762
0.00072307
0.000650243
0.000657024
0.000654322
0.000753629
0.000677445
0.000684618
0.000647615
0.000680355
0.000665095
0.000706523
0.000671308
0.000616482
0.000673484
0.000649999
0.000661234
0.000635763
0.000707061
0.000665902
0.000633289
0.000723211
0.000806304
0.000802888
0.00068208
0.000659198
0.000824684
0.000670011
0.000745416
0.000691884
0.000668617
0.000682782
0.000791362
0.000731718
0.000833348
0.000670954
0.00066262
0.00062155
0.000646069
0.000645756
0.000702657
0.00073572
0.000642757
0.000788315
0.000720476
0.000623172
0.000722978
0.00067705
0.000673689
0.000709881
0.000669681
0.000959491
0.000726032
0.000620842
0.000696066
0.00063051
0.000679762
0.000656071
0.000701274
0.000701523
0.000683213
0.000635041
0.000678292
0.000639795
0.000660497
0.000741085
0.000691383
0.000951977
0.000668114
0.000668532
0.000658
0.00065095
0.000781742
0.000753846
0.00064652
0.000663431
0.000664545
0.000710593
0.000718297
0.00070782
0.00068628
0.00068612
0.000639627
0.000665604
0.000706529
0.000664676
0.000663085
0.000644991
0.000722416
0.000707651
0.000646629
0.0006595
0.000632686
0.00066025
0.000651598
0.000746189
0.000687657
0.000677953
0.000747233
0.000635418
0.000694213
0.000674418
0.000882947
0.000758961
0.000716099
0.00067136
0.000661773
0.000652109
0.00065217
0.000644362
0.000650952
0.000657536
0.000645516
0.000673408
0.000646432
0.000633571
0.000638657
0.000705901
0.000646449
0.000725947
0.00066029
0.00068151
0.000762094
0.0006593
0.000728873
0.000680463
0.00063484
0.000756273
0.000635617
0.000945958
0.000669294
0.000729448
0.000688307
0.000727377
0.000677935
0.000639838
0.000742941
0.000662114
0.000628279
0.000635799
0.000638556
0.000629878
0.000644405
0.000631615
0.000679583
0.000640056
0.000668456
0.000767097
0.000642998
0.000693374
0.000649098
0.000701613
0.00068575
0.000701615
0.000742786
0.000742373
0.000702188
0.00066879
0.000707169
0.000675989
0.000631987
0.000672096
0.00071984
0.000677766
0.000701484
0.000635901
0.000731045
0.000692392
0.000667932
0.000650218
0.000628057
0.000602558
0.000719075
0.000653683
0.00068503
0.000805509
0.000649317
0.00062577
0.000678943
0.000913899
0.000692678
0.000725279
0.000737374
0.000959064
0.000745551
0.000746496
0.000630223
0.000684573
0.000695844
0.000649152
0.000774991
0.000649232
0.00062631
0.000718333
0.000767064
0.000654433
0.000727155
0.000626903
0.000890676
0.000713372
0.000758042
0.000689748
0.00074832
0.000728624
0.000757236
0.000684148
0.000738394
0.000669734
0.000682449
0.000674411
0.000749252
0.000699937
0.000657297
0.000637713
0.000785052
0.000691256
0.000642342
0.000651999
0.000650018
0.000642003
0.000664224
0.000640648
0.000626384
0.000829904
0.000738447
0.000690297
0.000635251
0.000724986
0.000769861
0.00065609
0.000640385
0.000736981
0.00070412
0.000645294
0.000657181
0.0010553
0.000736057
0.000640423
0.000675807
0.000779029
0.000827158
0.000788823
0.00066239
0.000656333
0.000783894
0.000633525
0.000739226
0.000682491
0.000654718
0.000800476
0.000645037
0.00065619
0.000654384
0.000631094
0.000628679
0.000647212
0.000666194
0.000681352
0.000694518
0.000657129
0.000684945
0.000793329
0.000654533
0.000635846
0.000749233
0.00068005
0.000698668
0.000641082
0.000647791
0.000664536
0.000693339
0.000656521
0.000646811
0.000686945
0.000709359
0.000773083
0.000676573
0.000658447
0.000693088
0.000754606
0.000695833
0.00063076
0.000758169
0.000780637
0.000702138
0.000688718
0.000733305
0.000677468
0.000656214
0.000639508
0.000720165
0.000912933
0.000662545
0.00064588
0.000679368
0.000929196
0.000732388
0.000716619
0.000722027
0.000627817
0.000824044
0.000766404
0.000633132
0.00076366
0.000710841
0.000698612
0.000673581
0.000639222
0.000700093
0.00066592
0.000728472
0.000976374
0.000783456
0.000662904
0.000641797
0.000661832
0.000673166
0.000683404
0.000698451
0.000633185
0.000638745
0.00064429
0.000665669
0.000762439
0.000668298
0.000860739
0.000658515
0.000644673
0.000704249
0.00064664
0.000635253
0.000654366
0.000669075
0.000665856
0.000715612
0.00064509
0.000639131
0.000679918
0.000693807
0.000650267
0.000646342
0.000710307
0.000744551
0.000668793
0.000656445
0.000682014
0.000654117
0.000668999
0.000647846
0.000712466
0.000707905
0.000654106
0.000670846
0.000766028
0.000671445
0.000647486
0.00071131
0.000623299
0.000677076
0.00073746
0.000888036
0.000797153
0.000961053
0.000757611
0.000700858
0.000709982
0.000671958
0.000706291
0.000667861
0.000649238
0.000885071
0.000629687
0.000618982
0.000662336
0.000689593
0.000683327
0.000708897
0.000681028
0.000790136
0.000662656
0.000643117
0.000677322
0.000660287
0.000645669
0.000636894
0.000749784
0.000660932
0.00068063
0.000822179
0.000711303
0.000635785
0.000677159
0.000640524
0.0006788
0.000722467
0.000667058
0.000660981
0.000644035
0.000677977
0.000654817
0.000656265
0.000826877
0.000660677
0.000644703
0.000648667
0.000779019
0.000665208
0.000797369
0.000752359
0.000686911
0.00072569
0.000731153
0.000650962
0.000739013
0.000709023
0.000741843
0.000695596
0.000684678
0.000643274
0.000671247
0.000671326
0.000643746
0.000664789
0.000636917
0.000698685
0.000675967
0.000719512
0.000759742
0.000638366
0.000682918
0.00071306
0.000651184
0.000641527
0.000631523
0.000656053
0.000638095
0.000739988
0.000641234
0.000683516
0.000815881
0.00063518
0.000630892
0.000698317
0.000694177
0.000638903
0.000720388
0.000638838
0.000644204
0.000616598
0.00065855
0.000674496
0.00064906
0.000690679
0.000671637
0.000609011
0.000646966
0.00069774
0.000661403
0.000666226
0.000644983
0.000727009
0.000615824
0.000893662
0.00080608
0.000719351
0.000721595
0.00069476
0.000706865
0.000644639
0.000685593
0.000661694
0.000653329
0.000821886
0.000721902
0.000643453
0.000671712
0.000645598
0.000805478
0.000708391
0.000692557
0.000769805
0.000677565
0.000648294
0.000644662
0.00073287
0.000665149
0.000645422
0.00065472
0.00071199
0.000765662
0.000637336
0.000713319
0.000666301
0.000671345
0.000688397
0.000912988
0.000681726
0.000759315
0.000681197
0.000678784
0.000715399
0.000703326
0.000729365
0.000683351
0.000681988
0.00068495
0.000724465
0.000667676
0.000660547
0.000664451
0.00062997
0.000648054
0.000657321
0.000705115
0.000822393
0.000715783
0.00102618
0.000795673
0.000726757
0.000661541
0.000731563
0.000657467
0.000787549
0.000647694
0.000665014
0.000666224
0.00066956
0.000703397
0.000655072
0.000707898
0.000631406
0.00071906
0.000657058
0.000631149
0.000631207
0.000765467
0.000722867
0.00101672
0.000997278
0.000813015
0.000699015
0.000773594
0.000733922
0.00065112
0.000644603
0.000646342
0.000760832
0.000681614
0.000761323
0.000664863
0.000635587
0.000735022
0.00067481
0.000638482
0.000703322
0.000643973
0.000671478
0.000648699
0.000669639
0.000651475
0.000630189
0.000630372
0.000638518
0.000689966
0.000665298
0.000724718
0.000661878
0.000944542
0.000882538
0.000671678
0.000643496
0.000652655
0.000646339
0.000680228
0.00069449
0.000727255
0.000649453
0.000750633
0.000641591
0.000674756
0.000740175
0.000673799
0.000802895
0.000659108
0.000873474
0.000648663
0.000656517
0.00093546
0.000648564
0.000864234
0.000660147
0.000789357
0.000672788
0.000724931
0.000673781
0.000667502
0.000684882
0.000661624
0.000647223
0.00078303
0.000777195
0.000863407
0.000671763
0.000800604
0.000926764
0.000778402
0.000794824
0.000645362
0.000642833
0.000656415
0.000705876
0.00080536
0.000770957
0.000824188
0.000799033
0.000689733
0.000979533
0.000669703
0.000673382
0.0006648
0.000737556
0.000641134
0.000754698
0.000770136
0.000673005
0.000812657
0.000654836
0.000671826
0.00077334
0.000691176
0.000808448
0.000692025
0.000653947
0.000649329
0.000636993
0.000620807
0.000810466
0.000741241
0.000866328
0.000670919
0.000801624
0.000740671
0.000667878
0.000693073
0.000665545
0.000765699
0.00081925
0.000638304
0.000690171
0.000636778
0.000711562
0.000649684
0.000715918
0.000651521
0.000703898
0.000641716
0.000641453
0.000644275
0.000686415
0.000628785
0.000647088
0.0006872
0.000645198
0.000775508
0.00075346
0.000758648
0.000674999
0.000750448
0.000664994
0.00066709
0.000704448
0.000637997
0.000651775
0.000720266
0.000733416
0.000660847
0.000678268
0.000695949
0.000701451
0.000940438
0.000688333
0.000638642
0.000635332
0.000663019
0.000682546
0.000640164
0.000670136
0.000661933
0.000682636
0.000664724
0.000729911
0.000805773
0.000891058
0.000908052
0.00064278
0.000704511
0.000647343
0.000777425
0.00064141
0.000677231
0.000658586
0.000712952
0.000658517
0.000691946
0.000691519
0.000649624
0.000655923
0.000628939
0.000664054
0.000688795
0.000624741
0.000684476
0.000797763
0.000675919
0.000661573
0.000676751
0.000703704
0.000688331
0.000733071
0.000676947
0.000638604
0.00072769
0.000694344
0.000658024
0.000878406
0.000662543
0.00068381
0.000670759
0.000662823
0.000655588
0.000630466
0.000694067
0.000656231
0.000651109
0.00062693
0.000642178
0.000638783
0.000653657
0.000734006
0.000659022
0.000680262
0.00068378
0.00065467
0.000642451
0.00089536
0.000720147
0.000620051
0.000702879
0.000888552
0.000676367
0.000705642
0.000681397
0.000685997
0.000642769
0.000650141
0.00063734
0.000685438
0.000643441
0.000654506
0.000612471
0.000681541
0.000667541
0.000697808
0.000723436
0.000668053
0.000630911
0.000629422
0.00066578
0.000647689
0.000643965
0.000685337
0.000653432
0.000725795
0.000667375
0.00066091
0.000710021
0.00102943
0.00097065
0.000666618
0.000698219
0.000718921
0.000683167
0.00066456
0.00065671
0.000627416
0.00065094
0.000620241
0.000644464
0.000725667
0.000696388
0.000630374
0.000640126
0.000732813
0.000666868
0.000699503
0.000951365
0.000740923
0.000653636
0.000700141
0.000638536
0.000708162
0.000698448
0.000716343
0.000665738
0.000635516
0.000686627
0.000813055
0.000684188
0.000698381
0.000700602
0.00067856
0.000829514
0.000706348
0.000828194
0.000686646
0.000679597
0.000662492
0.000789338
0.000660169
0.000688958
0.000686808
0.000623049
0.000785328
0.000795973
0.000735654
0.000722345
0.000663831
0.000715247
0.000667486
0.000678947
0.000728377
0.000712845
0.000646289
0.000689385
0.000642188
0.000664997
0.000650837
0.00075265
0.000648184
0.000673725
0.000744199
0.00067784
0.000716381
0.000798814
0.000707769
0.00066002
0.000695372
0.000700349
0.000632658
0.000709393
0.0006998
0.000667255
0.00074678
0.000655474
0.000655781
0.000662853
0.000786143
0.000988235
0.000707429
0.000630242
0.000704951
0.000693127
0.000658704
0.000665895
0.000623941
0.00065298
0.000656922
0.000688699
0.000690129
0.000797743
0.000687912
0.000633214
0.000721131
0.000665999
0.000712524
0.00070216
0.000667642
0.000727867
0.000709699
0.000702823
0.000696659
0.000712681
0.000645541
0.000685563
0.000681166
0.000649976
0.000670277
0.000643953
0.000671808
0.000688252
0.000644959
0.000637954
0.00064765
0.000646699
0.000735492
0.000703423
0.000741641
0.000607212
0.000628738
0.000701939
0.000691593
0.000678536
0.000718151
0.000764121
0.000643334
0.000675293
0.00065811
0.00075524
0.000702463
0.000657923
0.000660796
0.000674861
0.000649325
0.000908902
0.000816035
0.000802948
0.000711294
0.000656586
0.000680847
0.00067287
0.000756672
0.000747313
0.000672693
0.000657645
0.000650598
0.000649347
0.000676634
0.000706252
0.000687101
0.000703169
0.000659323
0.000823044
0.000761156
0.000672253
0.000748909
0.000642043
0.000721249
0.000664308
0.000943805
0.000790836
0.000710183
0.000795605
0.000648607
0.0006455
0.000647626
0.000646059
0.000692728
0.000670938
0.000656175
0.000658799
0.000687728
0.000637599
0.00118236
0.000759176
0.000701082
0.000652398
0.000792866
0.000696826
0.000762011
0.000680509
0.00068487
0.000638821
0.000865014
0.000721804
0.000817291
0.000659202
0.000637091
0.000637771
0.000631501
0.000770187
0.000930123
0.000697832
0.000716864
0.000638832
0.000637902
0.000616483
0.000676612
0.000692176
0.000706341
0.000749724
0.000760731
0.000714386
0.000683882
0.000699239
0.000687763
0.000642683
0.000649698
0.000691133
0.000744033
0.000730748
0.000672021
0.000678255
0.000639647
0.000661215
0.000658715
0.000701738
0.000732656
0.000749781
0.000644246
0.000633287
0.000633298
0.000635178
0.000690293
0.000679505
0.000710598
0.000640934
0.000753858
0.000740508
0.000727572
0.000772562
0.000659073
0.000647192
0.000692658
0.000801862
0.000652102
0.000816462
0.000652782
0.000625029
0.000698291
0.000702161
0.000708333
0.000635146
0.000666142
0.000706759
0.000657982
0.000678983
0.000642151
0.000635443
0.000701407
0.00064574
0.000702169
0.000640067
0.00075843
0.000675702
0.00070269
0.00086509
0.000950525
0.000667771
0.000630414
0.000678048
0.000766354
0.000671531
0.000689166
0.000662476
0.000646842
0.000655358
0.000636653
0.00061772
0.000690466
0.000666108
0.00087539
0.000708141
0.00067764
0.000649232
0.000712519
0.000775219
0.000722964
0.000776549
0.000709524
0.000935639
0.000728469
0.000647571
0.000666521
0.000980593
0.000768604
0.000685187
0.000698157
0.000642626
0.000653327
0.000671089
0.000675964
0.000668426
0.000654488
0.000642206
0.000692894
0.000667322
0.000817659
0.000696299
0.000654868
0.000671201
0.000670438
0.000670929
0.000719511
0.000762253
0.00066567
0.000712492
0.000683238
0.000707146
0.000647567
0.000837377
0.000658971
0.000690911
0.000655784
0.000642876
0.000674281
0.000700957
0.000765859
0.000663376
0.000622137
0.0007266
0.000795063
0.000773732
0.000656646
0.000650764
0.00064062
0.000672336
0.000801165
0.00073465
0.000806505
0.000820086
0.000798394
0.000661727
0.000657169
0.000624852
0.000654989
0.000844127
0.000941343
0.000806579
0.00064845
0.000697758
0.000664021
0.000841379
0.000654261
0.000667252
0.000727249
0.000707801
0.000735322
0.000701143
0.000704443
0.000682418
0.000882996
0.000693093
0.00117625
0.000865629
0.000829624
0.000804676
0.000718231
0.00107917
0.000686895
0.00069226
0.000667839
0.00067515
0.000783778
0.00065368
0.000768607
0.000731194
0.000693845
0.000644179
0.000810629
0.000656187
0.000695181
0.000685662
0.000801204
0.000649332
0.00087243
0.000673877
0.000754568
0.000675891
0.000733734
0.000739115
0.000858311
0.00073038
0.000772169
0.000669154
0.000622029
0.000638471
0.000699831
0.000659893
0.000662017
0.000692156
0.000638437
0.000646137
0.000637694
0.000832203
0.000720042
0.000719818
0.000792213
0.000634921
0.00065454
0.000734588
0.000649006
0.000791394
0.000702028
0.000641856
0.000668065
0.000638399
0.000718724
0.000753411
0.000759788
0.000736632
0.000616936
0.000676635
0.000731427
0.000659641
0.000689562
0.000647811
0.000747504
0.000816271
0.000682707
0.000683423
0.000690021
0.000722024
0.000673072
0.000755139
0.000759877
0.000651309
0.000696602
0.000768985
0.000752887
0.000649311
0.000646623
0.00061714
0.000667262
0.000646639
0.000674951
0.000650992
0.000712721
0.000636815
0.000674573
0.000629427
0.000622916
0.000674875
0.000643703
0.000630127
0.000732404
0.000825284
0.000760115
0.000721266
0.000635915
0.000649622
0.000674263
0.000840724
0.000665371
0.000655444
0.000643765
0.000673362
0.0008954
0.000673504
0.000705708
0.000656521
0.000666456
0.000629378
0.00065394
0.000661671
0.000611128
0.000633465
0.000685315
0.000659537
0.000622275
0.000619617
0.000639057
0.000720663
0.000665043
0.000751923
0.000794268
0.000710905
0.00063529
0.00064244
0.000662381
0.000769569
0.000678513
0.000648669
0.000690716
0.000711464
0.000692101
0.000873442
0.000659687
0.000677769
0.000629928
0.000640705
0.000639657
0.000629817
0.000741149
0.000640397
0.000791518
0.00066538
0.000646727
0.000740624
0.00077039
0.000757109
0.000869889
0.000639541
0.000639859
0.00068787
0.000646483
0.000732013
0.000660516
0.000643599
0.00065904
0.000814399
0.000688815
0.000706473
0.00065854
0.000688157
0.000634691
0.000701247
0.000931933
0.000652282
0.000635932
0.000719346
0.000689211
0.000651379
0.000762831
0.000799005
0.000811366
0.000814509
0.000922753
0.000744457
0.000747982
0.000830602
0.000671057
0.000625318
0.000752842
0.000731297
0.000679742
0.000636018
0.000704439
0.000670777
0.000641268
0.000660197
0.000668586
0.000941083
0.000661459
0.000678903
0.000682777
0.000684253
0.000685295
0.000691808
0.000670622
0.000697399
0.00066857
0.00062881
0.000742646
0.000750382
0.000716632
0.000633465
0.000743186
0.000776193
0.000816281
0.000658951
0.000649863
0.000638543
0.000625361
0.00062795
0.000661342
0.000687234
0.000650336
0.000699469
0.000643209
0.000641038
0.000727948
0.000768209
0.000641283
0.000734996
0.000838051
0.000702334
0.000837178
0.000755771
0.000776215
0.000624832
0.000620239
0.000660834
0.00100759
0.000677257
0.000716439
0.000637957
0.000616169
0.000651159
0.000723197
0.000671925
0.000635477
0.000656939
0.000720227
0.000666163
0.000670343
0.000634303
0.000710343
0.000654877
0.000949215
0.000906308
0.000678419
0.00065644
0.000717255
0.000749944
0.000881452
0.000674316
0.00069973
0.000720194
0.00069475
0.000715815
0.000636368
0.000686556
0.000726721
0.000693437
0.000662174
0.000640143
0.000634205
0.000649645
0.000605537
0.000650216
0.00064393
0.00063831
0.000789862
0.00071331
0.000666778
0.000673778
0.000684258
0.000658237
0.00072392
0.000671702
0.000708613
0.000637875
0.000639383
0.000646931
0.000773431
0.000707881
0.000677022
0.000640707
0.000699284
0.000648109
0.0006423
0.000641828
0.000620997
0.000656112
0.00068029
0.000654381
0.000651563
0.000696044
0.000658148
0.000645944
0.000833743
0.000887892
0.000815179
0.000699133
0.000740115
0.00096301
0.000647342
0.000650101
0.000687171
0.000744807
0.000678977
0.000726875
0.000634095
0.000635771
0.00065368
0.000638619
0.000640371
0.000676229
0.00075783
0.000659428
0.000634165
0.000654892
0.000750089
0.000811188
0.000649758
0.000864915
0.000787805
0.000926595
0.000789546
0.000673043
0.000732178
0.000734676
0.000658932
0.000860874
0.000733963
0.000803353
0.000807991
0.000666814
0.000646328
0.000678536
0.000629587
0.000667856
0.000664721
0.000640286
0.000678484
0.00078578
0.000640631
0.000726685
0.000696981
0.000739543
0.000771413
0.000671171
0.000885449
0.000778115
0.000645528
0.000657963
0.000668741
0.000693586
0.000646346
0.000659205
0.0008092
0.000677342
0.000630113
0.000689466
0.000681537
0.000746822
0.000742737
0.000678733
0.000666801
0.000650026
0.000662737
0.000639094
0.000641843
0.000693663
0.000700604
0.000706893
0.00067633
0.00070538
0.000704536
0.000809228
0.000713392
0.000684834
0.000719854
0.000644997
0.000725898
0.000730775
0.00072654
0.00068511
0.000653671
0.000657093
0.000639209
0.000714566
0.00064842
0.000668926
0.000634444
0.00065276
0.000665366
0.000637433
0.000642288
0.000689535
0.00073746
0.000674561
0.000654834
0.000713552
0.000904873
0.00136658
0.000741688
0.000803046
0.000631752
0.000652287
0.000645983
0.000710326
0.000717733
0.000732794
0.000641074
0.000771369
0.000661879
0.000715252
0.000672208
0.000705197
0.000700122
0.000763249
0.000686771
0.000894023
0.000700557
0.000654198
0.000663937
0.00083888
0.000728163
0.000730142
0.000910149
0.000650886
0.000669404
0.000796914
0.000697834
0.000640666
0.000675131
0.00068549
0.00089727
0.000609326
0.000715949
0.000645593
0.000657284
0.000676331
0.00066505
0.000793832
0.000667119
0.000809484
0.000650544
0.000652935
0.00066939
0.000686777
0.000713411
0.000714407
0.000950875
0.000674394
0.000737277
0.000721735
0.00078732
0.000662285
0.000637649
0.000699604
0.000677955
0.00068513
0.000635938
0.000676321
0.000646732
0.000675351
0.000675354
0.000627803
0.000701865
0.000664633
0.000720183
0.000662074
0.000639282
0.000733268
0.000632573
0.000710073
0.000733672
0.000717365
0.000842555
0.000750817
0.000663024
0.000686217
0.000626985
0.00068451
0.000646571
0.000672811
0.000660558
0.000656634
0.000664837
0.000638614
0.00065349
0.00069869
0.000686334
0.00064934
0.000735
0.000657342
0.000745954
0.000662897
0.000642072
0.000704875
0.000694704
0.000767636
0.00066462
0.00076854
0.000666799
0.000678425
0.000624287
0.000658806
0.000702702
0.000741594
0.000723417
0.000663679
0.000699665
0.000641825
0.000632918
0.000665424
0.000642684
0.000714367
0.000643921
0.000637998
0.000725055
0.000820971
0.000779109
0.000663167
0.000668163
0.000736822
0.000736099
0.000861115
0.000670359
0.000690232
0.000730553
0.000808424
0.000643635
0.000670769
0.000656521
0.000716587
0.000679233
0.000649716
0.000615979
0.000643451
0.000690705
0.000671018
0.00069482
0.000674876
0.000655377
0.000686666
0.000667939
0.00075563
0.000681895
0.000737695
0.000651437
0.000655199
0.000880042
0.000736405
0.000687146
0.000704346
0.000702382
0.000652731
0.000815413
0.000914849
0.000745506
0.000860616
0.000762003
0.000645132
0.000644028
0.000646745
0.000685808
0.000652432
0.000709901
0.000678906
0.000629089
0.000712568
0.000802446
0.00089967
0.000845833
0.000650322
0.000652013
0.000836955
0.000742202
0.000964525
0.000689597
0.000793219
0.000658073
0.000673832
0.000706138
0.000690489
0.00066797
0.000652449
0.000737838
0.000661085
0.000665804
0.000657027
0.000676435
0.000690524
0.000727249
0.000678079
0.000653169
0.000689108
0.000724854
0.000652871
0.000685043
0.000743662
0.000659773
0.000759067
0.000764937
0.00111401
0.00072682
0.000779578
0.000640221
0.000861119
0.000860431
0.000658681
0.000672033
0.000663534
0.000662587
0.000644714
0.000660509
0.000632394
0.000673822
0.000748253
0.000755672
0.000673206
0.000787017
0.000714241
0.000655446
0.00066577
0.00070431
0.000834556
0.000679291
0.000700067
0.000808955
0.000681142
0.000601061
0.000672468
0.000736253
0.000745686
0.000693286
0.000702594
0.000658856
0.000630137
0.000691268
0.000707431
0.000699599
0.000905928
0.000691774
0.000730355
0.000644311
0.0008189
0.000643999
0.000651004
0.00063462
0.000784141
0.000711481
0.00072635
0.000703276
0.000932619
0.000701638
0.00064759
0.000666421
0.000719161
0.000695804
0.000677694
0.000657777
0.000694691
0.000659831
0.000643245
0.000709195
0.0008605
0.000718764
0.000728066
0.00065909
0.000780483
0.000717365
0.000689054
0.000673529
0.000636798
0.000646385
0.000771954
0.000889197
0.000748706
0.000796131
0.00069402
0.000725981
0.000675394
0.000890824
0.00072487
0.000677193
0.000672537
0.000648491
0.000678005
0.000650675
0.000739595
0.00065653
0.000655252
0.000690642
0.000652705
0.000669863
0.00066696
0.000688342
0.000748969
0.000724572
0.000651495
0.000723143
0.000781454
0.000781608
0.000788068
0.000710896
0.000672461
0.000656764
0.000694245
0.00067362
0.000721553
0.000660889
0.000626447
0.00083663
0.000663649
0.000665016
0.00069172
0.000703394
0.000687697
0.000637143
0.000682982
0.000670085
0.000711628
0.000668747
0.000640069
0.000633936
0.000647079
0.000868524
0.000693984
0.0007444
0.000786687
0.00068258
0.000817921
0.000705437
0.000722242
0.000662985
0.000718127
0.000773699
0.000661709
0.000686267
0.000679936
0.000670747
0.000806689
0.000875375
0.000688302
0.00079295
0.000675794
0.000691184
0.000640249
0.000783357
0.000673666
0.000654283
0.000735651
0.000692247
0.00100368
0.000807508
0.000848804
0.000959931
0.000784596
0.000797676
0.000830001
0.000673178
0.000694264
0.000686544
0.000818978
0.000834038
0.000718996
0.000644502
0.00108226
0.000654969
0.000668832
0.00067559
0.000771046
0.000658218
0.000792024
0.000926922
0.000974336
0.000910003
0.000884903
0.000770346
0.000660495
0.000918496
0.000668413
0.000819668
0.000693655
0.000739204
0.000671599
0.000844141
0.00100118
0.000775085
0.000692872
0.000685501
0.000672397
0.000627771
0.000671857
0.000695865
0.000679045
0.000666692
0.00108237
0.000711909
0.000739528
0.000867403
0.000635725
0.000929086
0.000886734
0.00081749
0.000723611
0.000662003
0.000692596
0.000691941
0.000727507
0.000690452
0.000646417
0.000727631
0.000650926
0.000679315
0.000679289
0.000663399
0.000685114
0.000653274
0.000676969
0.000642
0.000683053
0.000711798
0.000708078
0.000724052
0.000662211
0.000718619
0.00067495
0.00065611
0.000651705
0.000710491
0.000722854
0.000648412
0.000634914
0.000738269
0.000904621
0.000657677
0.000920356
0.000744864
0.000659613
0.000637494
0.000653044
0.000651565
0.000671971
0.000660108
0.000664479
0.000641932
0.000790355
0.000750474
0.000688535
0.000742501
0.000658387
0.000639264
0.000681331
0.000656045
0.000675727
0.000721583
0.000652551
0.000699543
0.000686513
0.000647497
0.000652784
0.000640621
0.000715968
0.000675589
0.00077239
0.000680279
0.000651294
0.000633759
0.000631913
0.000662501
0.000632749
0.000691185
0.000659973
0.00064914
0.000650945
0.000652652
0.000859888
0.000662525
0.00067488
0.000647223
0.000639256
0.000659075
0.000749604
0.000647439
0.000665742
0.00067456
0.000762671
0.000668002
0.000693506
0.000669882
0.000653601
0.00065569
0.000667079
0.000673165
0.000610938
0.000702553
0.000695779
0.00063922
0.000734836
0.000793353
0.000696294
0.000713408
0.00092648
0.00075698
0.000741411
0.000736227
0.000782494
0.000709822
0.000773287
0.00065846
0.000844592
0.000704548
0.000644835
0.000702596
0.000685033
0.000771914
0.000663966
0.000680694
0.000650782
0.000685928
0.00064389
0.000939425
0.000642903
0.000701379
0.00106604
0.000801245
0.000787794
0.000779698
0.00066116
0.000692341
0.000846703
0.000774542
0.000785683
0.000639707
0.000837813
0.000754885
0.000769503
0.000675396
0.000729276
0.000670388
0.000657497
0.000691976
0.000928702
0.00066124
0.00073665
0.000753803
0.000763487
0.000922095
0.000700996
0.000653161
0.000742718
0.000683225
