4002.15
4273.83
3236.97
4494.33
4238.39
4222.3
4218.23
3953.49
3808.36
4333.59
4242.91
4009.8
4322.74
4273
4277.03
4691.27
3762.34
4895.74
3739.96
4938.92
5067.73
4890.01
4716.94
4265.49
5168.83
4857.39
4886.19
5139.56
4870.49
4702.1
4233.82
3754.95
4830.81
4867.08
4639.48
4316.81
4756.46
4683.35
4255.88
4350.8
4312.2
3519.41
4411.68
4169.64
4253.77
3715.18
4272.55
4269.11
3974.44
4079.85
4241.89
3818.13
4279.05
4222.33
4042.81
4264.35
4273.93
4223.41
3604.3
4252.75
4295.57
4247.82
4277.48
4264.85
4196.77
4217.79
4049.39
4246.02
4257.97
4245.14
4003.87
4556.42
4245.63
4250.23
4749.32
4223
3733.28
3379.17
4954.56
4643.28
5005.75
4881.42
3716.53
4451.24
4639.47
4084.36
4832.64
3750.52
3668.48
4746.01
3903.97
4837.66
4569.53
3713.42
3665.83
4603.93
3354.4
3524.39
4487.43
4270.85
