0.000497121
0.00051634
0.000611069
0.000509084
0.000598165
0.000555755
0.000529096
0.00060725
0.000496457
0.000653868
0.000673144
0.000495644
0.00050409
0.000494613
0.000493563
0.000584799
0.000488474
0.000546681
0.000511308
0.000514263
0.000505082
0.000516416
0.000545436
0.000529061
0.000500496
0.000553991
0.000504709
0.000514613
0.000481698
0.000484567
0.000502874
0.000502727
0.000499091
0.000553313
0.000540452
0.000650365
0.000579217
0.000533009
0.000492541
0.000521877
0.000725726
0.00055761
0.000510313
0.000500458
0.000514539
0.000532067
0.000479466
0.000502472
0.000510485
0.000549852
0.000473216
0.000593045
0.000484262
0.000486445
0.000503488
0.000731099
0.000534751
0.00047972
0.000527204
0.000507665
0.000519376
0.00050574
0.000622333
0.000513847
0.000622275
0.000489356
0.000502115
0.000489693
0.000512061
0.000677628
0.000552869
0.000736154
0.000706156
0.000540536
0.000554518
0.00051258
0.00059884
0.000522307
0.000543073
0.0005007
0.000512716
0.000510336
0.000513115
0.00055575
0.000523818
0.000643039
0.000516765
0.000508712
0.000504675
0.000508402
0.000499214
0.00052445
0.000505313
0.000554294
0.000507006
0.000542907
0.000505423
0.000507885
0.000483675
0.000481768
0.000557561
0.000513053
0.000710866
0.000652175
0.000495062
0.000506443
0.000522541
0.000533269
0.000537158
0.00057691
0.00053431
0.000491315
0.000490474
0.000470657
0.000515407
0.000640702
0.000608739
0.000546831
0.000505473
0.000488262
0.0004982
0.000545913
0.000524191
0.000512385
0.000522066
0.000505223
0.000512555
0.000491634
0.000536965
0.000497437
0.000497896
0.0004922
0.000521739
0.000474448
0.000586763
0.00051815
0.000709831
0.000536512
0.00066992
0.000532084
0.00050539
0.000601561
0.000524823
0.00068778
0.000524128
0.000638063
0.000645963
0.000485128
0.00051889
0.000524003
0.000498889
0.000508766
0.000575559
0.000479979
0.00048054
0.000475288
0.000669186
0.000495228
0.000490812
0.0005114
0.000486503
0.000478476
0.000494086
0.000524917
0.000852453
0.000851396
0.000521657
0.00051606
0.000528721
0.000747892
0.000568199
0.000558251
0.000481304
0.000691416
0.000866176
0.000590696
0.000543803
0.000583029
0.000624788
0.000584327
0.000582301
0.000554547
0.000510811
0.000521044
0.000485266
0.000723765
0.000517468
0.000544564
0.000494385
0.000560377
0.000507859
0.000502116
0.000533128
0.000506287
0.000599835
0.000593361
0.000690086
0.000790202
0.000798691
0.000802195
0.00083689
0.000834321
0.000582237
0.000801672
0.000550724
0.000522333
0.000611101
0.000517816
0.000637321
0.00048043
0.000554749
0.00108644
0.000490346
0.000508578
0.000508376
0.000607923
0.000525973
0.000581949
0.00052271
0.000487827
0.000478974
0.000493652
0.000507773
0.000523727
0.000568113
0.000597059
0.000559258
0.000502776
0.000713283
0.000608378
0.000848476
0.000621146
0.000705914
0.000513413
0.000478231
0.000522369
0.00057867
0.000677691
0.00051845
0.000507027
0.000578907
0.000522084
0.000603146
0.000582882
0.000604118
0.000482668
0.000548059
0.000514094
0.00049667
0.000534026
0.000533096
0.00051708
0.000547154
0.000506156
0.000556328
0.000503855
0.000531478
0.000626734
0.000553223
0.000558333
0.000592775
0.000499126
0.00054559
0.000626927
0.000554435
0.000555523
0.000528083
0.000501
0.000537186
0.000512555
0.000598789
0.000560246
0.000536464
0.000614879
0.000539847
0.000550902
0.000483542
0.000544547
0.000497758
0.000600062
0.000533489
0.00050703
0.000508885
0.000526146
0.000498004
0.000526585
0.000506142
0.000574948
0.000641683
0.000640101
0.000492996
0.000683472
0.000629495
0.000633701
0.000611788
0.000670171
0.000597646
0.000548163
0.000593751
0.000499044
0.000488113
0.000586618
0.000590852
0.000690009
0.000519785
0.000547245
0.000512072
0.00049731
0.000538068
0.000681044
0.000547627
0.000525448
0.000620363
0.000530026
0.000508751
0.000478471
0.000578903
0.000517971
0.000574423
0.00049653
0.00057119
0.000501899
0.000617247
0.000517108
0.00050003
0.000519299
0.000697945
0.000518992
0.000508883
0.000541327
0.000523747
0.000485012
0.000546091
0.000589326
0.000542157
0.000514547
0.00050502
0.000498903
0.000499057
0.00053963
0.000509567
0.000504358
0.000544591
0.000529094
0.000495656
0.000481154
0.000511929
0.000539664
0.000504181
0.000520355
0.000503497
0.000501192
0.000578224
0.000505863
0.000496686
0.000569927
0.000680243
0.000519085
0.000517476
0.000515726
0.000487243
0.000516326
0.000534438
0.000729181
0.000552109
0.000511482
0.000512221
0.000499798
0.000514677
0.00051993
0.000500211
0.000560602
0.000497331
0.000848663
0.000578808
0.000634854
0.000523981
0.000505465
0.000509648
0.000507861
0.00053711
0.000504181
0.000541515
0.000508658
0.000553253
0.000514506
0.000503694
0.000514845
0.000587952
0.000567185
0.000495834
0.000534803
0.000592169
0.000498822
0.000587753
0.000520384
0.000506533
0.000618319
0.00053149
0.000538415
0.000517167
0.000515724
0.000555674
0.000694346
0.000518098
0.000663718
0.000531867
0.000500204
0.000497005
0.000489925
0.000493747
0.000498637
0.000671661
0.000544103
0.000551803
0.000558891
0.000498908
0.000466056
0.000793957
0.000520565
0.000532374
0.000662605
0.000529426
0.000498044
0.000478167
0.000534179
0.000521718
0.000512853
0.000531894
0.0005187
0.000580764
0.000606872
0.00050735
0.0005116
0.000496452
0.000616718
0.000511179
0.000538878
0.000578756
0.000519399
0.00051285
0.000498974
0.000528854
0.000525787
0.000486348
0.000491267
0.000492349
0.000525307
0.000510218
0.000514904
0.00053227
0.000533216
0.000520438
0.000481649
0.000553556
0.000588019
0.000507549
0.000505019
0.000606796
0.000475203
0.000719585
0.00054929
0.000539464
0.000530038
0.000515087
0.000544392
0.000565861
0.000521122
0.000532579
0.000518956
0.000500409
0.000536593
0.000554433
0.000499191
0.000526543
0.000494073
0.000554238
0.000553428
0.000504347
0.000568078
0.000501651
0.000580232
0.000508459
0.0005675
0.000503111
0.000509819
0.00050976
0.000665815
0.000533334
0.000497894
0.0005085
0.000663016
0.000518524
0.000528003
0.000579269
0.000647486
0.000645343
0.000583273
0.000480878
0.000626897
0.000499655
0.000644535
0.000620739
0.000541043
0.000497027
0.000632327
0.000505192
0.000529358
0.00051267
0.000509577
0.000499954
0.000481705
0.000486053
0.000496979
0.000534736
0.000516473
0.000493157
0.000573796
0.00050225
0.000647846
0.000568729
0.000471723
0.00050059
0.000774466
0.000484975
0.00053088
0.000608937
0.000538483
0.000542203
0.000564103
0.000625119
0.000487834
0.000571554
0.000475933
0.000536901
0.000578839
0.000546375
0.000505903
0.000500958
0.000579689
0.000544398
0.000512458
0.000494323
0.000590945
0.00055953
0.000622966
0.00053333
0.000490469
0.000514484
0.000513235
0.000486565
0.000510107
0.000515294
0.000546134
0.000545104
0.000491296
0.000541979
0.000542062
0.000498345
0.000523208
0.000548225
0.000637038
0.00080382
0.000562628
0.000537495
0.000511544
0.000586595
0.000504455
0.000516587
0.00065456
0.000534766
0.000540731
0.000520479
0.000564947
0.000531481
0.000518663
0.000509948
0.00053455
0.000541607
0.000494758
0.000546636
0.000546782
0.000590186
0.000501905
0.000882538
0.000534871
0.000487793
0.000764945
0.000492117
0.00054222
0.000557199
0.000606937
0.000487594
0.000510126
0.000562424
0.000537318
0.000588856
0.000504133
0.000504632
0.000529901
0.000591112
0.000732866
0.000640143
0.000605087
0.000490746
0.000523564
0.000553864
0.000493582
0.000471461
0.000482545
0.000515314
0.000511536
0.0005167
0.000502815
0.000510746
0.000487069
0.000653003
0.000544727
0.000520989
0.000528232
0.000486517
0.000491326
0.000514624
0.000575138
0.000543533
0.000556578
0.000677692
0.000528459
0.000490896
0.00052634
0.000509934
0.000619965
0.000522331
0.000555202
0.000491
0.000481976
0.000522056
0.00050419
0.000496656
0.000528232
0.000562724
0.000493545
0.000529884
0.000495298
0.00051283
0.000612425
0.000509713
0.000605528
0.000559486
0.000671811
0.000583964
0.000512548
0.000587654
0.000510929
0.000497264
0.000508378
0.000610147
0.000489566
0.000545728
0.000688481
0.000561163
0.000548244
0.000510594
0.000512716
0.000544532
0.000512844
0.000548768
0.000735939
0.000527383
0.000535522
0.000494841
0.000504423
0.000501688
0.000537095
0.000510937
0.000487446
0.000499178
0.000493618
0.000491096
0.000533375
0.000563898
0.00049735
0.000535278
0.000516408
0.000489475
0.000535126
0.000639162
0.000566855
0.000503397
0.000752587
0.000520528
0.000670315
0.000492569
0.000503257
0.000571895
0.000514234
0.000520265
0.000512504
0.000589149
0.000497626
0.000499499
0.000479601
0.000501933
0.000484983
0.000622862
0.000569118
0.000538132
0.000504257
0.000572842
0.000666389
0.000498639
0.000510368
0.000538904
0.000493237
0.000644314
0.000501766
0.000462266
0.000495087
0.00055806
0.000529422
0.000489493
0.000536368
0.000632129
0.00056756
0.000488171
0.000529557
0.000760223
0.000524998
0.000518817
0.000544985
0.000480485
0.000486019
0.000474569
0.000639204
0.000523186
0.000545361
0.000505539
0.000515582
0.00052256
0.000517148
0.000518575
0.000533608
0.000736826
0.000633669
0.000612064
0.000499121
0.000669023
0.000538535
0.000477294
0.000527627
0.000714939
0.00051367
0.000545557
0.000501352
0.000526448
0.000777039
0.000683135
0.000627301
0.000571419
0.000495393
0.000499257
0.000507318
0.000598799
0.000640615
0.00050538
0.000535225
0.000493864
0.000502549
0.000504583
0.00050769
0.000718633
0.000496207
0.000526143
0.000538145
0.00050335
0.00048705
0.000782423
0.000607615
0.000691693
0.000499982
0.000495862
0.000646149
0.000513318
0.000536116
0.000616754
0.000587861
0.000513216
0.000555132
0.000593073
0.000508333
0.000507729
0.000549407
0.000569875
0.000496388
0.000493008
0.000531902
0.000520449
0.000502083
0.000589413
0.000535067
0.000516163
0.000504212
0.000530401
0.000510665
0.000606203
0.000533154
0.000578761
0.000507759
0.000597129
0.000549647
0.000639193
0.00069575
0.000494885
0.000495881
0.000490993
0.000483947
0.000486317
0.000657202
0.000517519
0.000636541
0.000497999
0.000531748
0.000500764
0.000514142
0.00049243
0.000494113
0.00050043
0.000512431
0.000510671
0.000490812
0.000541751
0.000643414
0.000532097
0.000667381
0.000499901
0.000583562
0.00061946
0.000553449
0.000517487
0.000508836
0.000497309
0.000479212
0.000748793
0.000510141
0.0005232
0.000610143
0.000508172
0.000771726
0.000579898
0.000550515
0.000691084
0.000635802
0.000633533
0.000564666
0.00050577
0.000525182
0.000513287
0.000494701
0.000625525
0.000491622
0.00071338
0.000525125
0.000523562
0.000564607
0.000511152
0.00047492
0.000536062
0.000542908
0.000526783
0.000702629
0.000518246
0.000604621
0.000506648
0.000826628
0.00051294
0.000488019
0.00047461
0.00053104
0.000512573
0.000540751
0.000509753
0.000525598
0.00055581
0.00068495
0.000548916
0.000706935
0.00058405
0.000485932
0.000488196
0.000504487
0.000598643
0.000522392
0.000516682
0.000501982
0.000504662
0.000523357
0.0005978
0.000608908
0.000513432
0.000606315
0.000711525
0.000531803
0.000485921
0.000483699
0.000492696
0.000573003
0.000512835
0.000561333
0.000481647
0.000534663
0.000492114
0.000494429
0.00057017
0.000486117
0.000558503
0.000566711
0.000521906
0.000616168
0.000568797
0.00052295
0.000506923
0.000503348
0.00047935
0.000529878
0.000487055
0.000586799
0.000499254
0.000503733
0.000530823
0.000560214
0.000501856
0.000535159
0.000520775
0.000620989
0.000880841
0.000556961
0.000511498
0.00058458
0.000819042
0.000476477
0.00049967
0.000500082
0.000589938
0.000522274
0.000502528
0.000497336
0.000507121
0.000557439
0.000527168
0.000674686
0.000589209
0.000532346
0.000522687
0.000490406
0.000519739
0.000551625
0.000532009
0.00050735
0.000525627
0.000517252
0.000511707
0.000535207
0.000475398
0.000478082
0.00069739
0.000560552
0.000521709
0.000565471
0.00056432
0.00049
0.000496441
0.000641723
0.000672461
0.000478044
0.000528995
0.000689328
0.0005022
0.000537392
0.000507647
0.000519943
0.000507479
0.000484304
0.000547855
0.000645609
0.000503722
0.000519099
0.000491623
0.00050012
0.000507505
0.000522161
0.000495061
0.000531212
0.000498115
0.000515224
0.000502857
0.000668961
0.000533988
0.000533564
0.000646393
0.000958179
0.000588296
0.000530763
0.000517086
0.00054933
0.00073964
0.000496772
0.000514115
0.000491625
0.000562806
0.000509497
0.000498777
0.000509341
0.000515542
0.000498887
0.000553429
0.000591952
0.000482988
0.000628189
0.000506278
0.000529922
0.000503632
0.000508945
0.000550113
0.000614536
0.000554564
0.000495648
0.000577752
0.000468465
0.000526054
0.000594957
0.000594136
0.00058991
0.00053562
0.000481275
0.000501502
0.000814555
0.000794612
0.000697095
0.000676778
0.000551481
0.000498178
0.000577956
0.000518968
0.000492477
0.000493075
0.000535559
0.000629405
0.000571987
0.0005478
0.000533047
0.000495895
0.000474474
0.000503815
0.000572923
0.000470367
0.000464634
0.000506509
0.000519981
0.000498031
0.000530547
0.000531633
0.000607557
0.000558348
0.000529928
0.000563829
0.000507868
0.000528235
0.000625118
0.000674853
0.000510383
0.000511981
0.000520404
0.000534413
0.000583576
0.000595878
0.000494344
0.000569108
0.000498235
0.000536369
0.000515762
0.000513126
0.000713311
0.000488045
0.00058752
0.000514517
0.000494334
0.000484035
0.000524335
0.00053401
0.000489209
0.000479269
0.000505182
0.000507431
0.000541611
0.00051019
0.000513771
0.00063838
0.000518195
0.000549929
0.000506994
0.00048866
0.000586148
0.000807583
0.00057539
0.000556427
0.000525195
0.000559293
0.000511733
0.000480708
0.000501221
0.000516573
0.00052662
0.000493147
0.000558207
0.000743831
0.00048241
0.000529124
0.000523956
0.000512078
0.000517737
0.000690285
0.000533457
0.000551682
0.000513674
0.000540202
0.000513122
0.00051475
0.000530302
0.000520224
0.00051506
0.0005596
0.000555062
0.000497786
0.000480261
0.000612756
0.000727085
0.000519868
0.000491265
0.000512942
0.000575017
0.000501197
0.000629355
0.000550576
0.000533028
0.000707912
0.000564045
0.000804001
0.000967139
0.000836097
0.000548131
0.000511247
0.000618622
0.000587506
0.000672294
0.00050254
0.00048937
0.000524754
0.000515585
0.00052826
0.000608485
0.000558227
0.000702997
0.000637317
0.000636458
0.00058189
0.000560967
0.000516861
0.000486764
0.000485492
0.000577422
0.000512916
0.000551886
0.000484701
0.000490496
0.000487264
0.000689106
0.000596963
0.000607943
0.000534785
0.000857267
0.000636237
0.000633385
0.000542294
0.00047765
0.000503704
0.000509389
0.000565053
0.000595642
0.000641121
0.000730561
0.000767675
0.000535672
0.000557188
0.000647921
0.000551926
0.000672482
0.000723659
0.000512614
0.000855333
0.000685994
0.000592351
0.000571607
0.000505298
0.000535368
0.000546804
0.000811189
0.000736229
0.000563081
0.000504478
0.000637805
0.000568859
0.000511685
0.000501928
0.000542658
0.000495305
0.000505284
0.000532407
0.000498561
0.000841787
0.000879519
0.000603338
0.000549321
0.000555011
0.000676148
0.000564395
0.000483768
0.000510134
0.000547451
0.000530306
0.000524309
0.00048755
0.000559694
0.000490236
0.000660442
0.000665207
0.000576822
0.000556017
0.000707458
0.000513822
0.000583772
0.000530231
0.000511766
0.000491047
0.000489165
0.000518405
0.000640338
0.000669522
0.000764939
0.000567664
0.000608612
0.000511289
0.000509388
0.000502655
0.000877585
0.000721719
0.000508711
0.000529109
0.000575689
0.000486487
0.000568714
0.000555673
0.000508019
0.000491885
0.000488452
0.000526889
0.00059326
0.000638157
0.000541583
0.000679396
0.000655632
0.00065825
0.000555736
0.000521932
0.00050287
0.000475367
0.000710353
0.000548643
0.000591823
0.000544748
0.000637501
0.000586128
0.00049385
0.000524523
0.000607695
0.000606191
0.000621271
0.000494074
0.000496271
0.000752454
0.000497469
0.00053654
0.000513973
0.000485353
0.000499602
0.000602922
0.000554958
0.000767543
0.000814373
0.00060908
0.000580721
0.000592977
0.000494482
0.00052734
0.000534455
0.000531855
0.000518173
0.000556815
0.000534114
0.000515804
0.00053861
0.000504487
0.000526365
0.000533306
0.000520653
0.000748781
0.00116939
0.000526978
0.000510359
0.000584145
0.000499796
0.000488423
0.000506247
0.000512516
0.000573304
0.00055366
0.000496704
0.000521552
0.000523214
0.000518345
0.000549268
0.00061821
0.000518648
0.000590739
0.000507393
0.000510424
0.000516068
0.000510446
0.000649267
0.000485615
0.000515322
0.000527923
0.00057158
0.000804936
0.000498968
0.000691891
0.000550543
0.000575164
0.000544113
0.000484062
0.000487772
0.000646847
0.000580377
0.000486754
0.000578914
0.000489109
0.000512941
0.000496233
0.000492884
0.000665841
0.000500771
0.000473742
0.000482414
0.000512713
0.000580747
0.00048378
0.000496912
0.000526012
0.000515372
0.000514922
0.000558793
0.000540529
0.000505772
0.000658981
0.000632198
0.000500237
0.000526517
0.000610436
0.000706543
0.000565866
0.00063427
0.000581819
0.000543769
0.000589812
0.000502683
0.000499866
0.000515986
0.000511803
0.000563011
0.000530254
0.000518525
0.000544667
0.000500772
0.000571351
0.000664061
0.000666499
0.000569078
0.000604646
0.00050485
0.000552282
0.00053636
0.000492837
0.000642982
0.000558091
0.00056822
0.000743564
0.000499955
0.000545182
0.00058041
0.000547888
0.000795336
0.000512089
0.000500723
0.000507327
0.000528623
0.000526247
0.000584729
0.000555125
0.000522537
0.000497411
0.00051042
0.000511513
0.000768695
0.000697012
0.000543855
0.000504841
0.000493166
0.000639672
0.000555863
0.000621923
0.000508426
0.000517602
0.000491261
0.000502626
0.000519444
0.00052872
0.000711687
0.000665467
0.000585204
0.000561286
0.000592469
0.000566162
0.000678203
0.000495325
0.000525265
0.00065907
0.000506488
0.000502577
0.000488189
0.000488841
0.00049459
0.000513597
0.000622112
0.000764588
0.00067276
0.000512101
0.000771646
0.000783861
0.00074886
0.000524369
0.000484773
0.000499676
0.000505786
0.000535463
0.000735374
0.000713041
0.000690309
0.000545073
0.000538247
0.000628
0.000620371
0.000847748
0.000641149
0.000544244
0.000698547
0.000504451
0.000682221
0.000476602
0.000718314
0.000717549
0.000759785
0.000677908
0.000688537
0.000543315
0.000558885
0.000507363
0.000541839
0.000516501
0.000589849
0.000645416
0.00053894
0.000506099
0.000486629
0.00060674
0.000619646
0.000578309
0.000517023
0.00054749
0.000496098
0.000581818
0.000688716
0.000598675
0.000525401
0.000529753
0.000645461
0.000530868
0.00048984
0.000517149
0.000502077
0.000487351
0.000501211
0.000649437
0.000709685
0.000591796
0.000507702
0.000549647
0.000547922
0.000530718
0.000685347
0.000599202
0.000567996
0.000497692
0.000504626
0.00048919
0.000487861
0.00051551
0.000556358
0.000547064
0.000688586
0.000497798
0.00054435
0.000603787
0.000501879
0.000519953
0.000556664
0.000507381
0.000634731
0.000519415
0.000492255
0.000504953
0.000478428
0.00048006
0.00051286
0.000509252
0.000516494
0.000517104
0.000498569
0.000494588
0.000510373
0.000521503
0.000525891
0.000536308
0.000532556
0.000562171
0.000520424
0.000523558
0.000629237
0.000492315
0.000499518
0.000590322
0.000510887
0.00052678
0.000536853
0.00049057
0.000552902
0.000491575
0.000543277
0.000489593
0.00055674
0.000498303
0.000507538
0.000537822
0.000545662
0.000478602
0.000481452
0.000494952
0.000511306
0.000506643
0.000532557
0.000539329
0.000479281
0.000526226
0.000522054
0.000489429
0.000571112
0.000528986
0.000538548
0.00058034
0.000515622
0.000495967
0.000512136
0.000506877
0.000530325
0.000661739
0.000749582
0.000561524
0.000500571
0.000729881
0.000892965
0.000678154
0.000587721
0.000543756
0.000482722
0.000489312
0.000540998
0.000515671
0.000492496
0.00051412
0.000521308
0.00051084
0.000536815
0.000495473
0.000503584
0.000491553
0.000487776
0.000504636
0.000562859
0.000528165
0.000540653
0.00056833
0.000496641
0.000653473
0.000565373
0.000533121
0.00051967
0.000528185
0.000619437
0.000497632
0.000508715
0.000655394
0.000568838
0.00051366
0.000501415
0.000527277
0.000504949
0.000512163
0.000496255
0.000506523
0.000502723
0.00052413
0.000506935
0.000495891
0.00050952
0.000497424
0.000503043
0.000507399
0.000762556
0.000487395
0.000514212
0.000511318
0.000471072
0.000512037
0.000574219
0.000504948
0.000670994
0.000505724
0.000511431
0.000536586
0.000599338
0.000515766
0.00075177
0.000540443
0.000595041
0.000645056
0.000522972
0.000505122
0.000504609
0.000489921
0.000555603
0.000502648
0.000495147
0.000489338
0.000498775
0.000504784
0.000676219
0.000538153
0.000640267
0.000516249
0.000508871
0.000518549
0.000502818
0.000542217
0.000627572
0.00049084
0.000539261
0.000545058
0.000597464
0.000556482
0.000509526
0.000491371
0.000557987
0.000540145
0.000551061
0.000535936
0.000597379
0.000677482
0.00060222
0.000545939
0.000599137
0.000502046
0.000642234
0.000506439
0.000489228
0.000509076
0.000496052
0.000522182
0.000502768
0.000506326
0.00050989
0.00064749
0.000472333
0.000560525
0.00057038
0.000503946
0.000562129
0.000498995
0.000522881
0.000620794
0.00060571
0.000645345
0.000523844
0.000561951
0.000974127
0.000546055
0.000497812
0.000566692
0.000652104
0.000517
0.000526634
0.000560024
0.000718828
0.000648156
0.00105245
0.000628732
0.000508777
0.000637448
0.00112343
0.000830907
0.000819751
0.000913448
0.000746536
0.000856747
0.000972841
0.00102451
0.000792237
0.00102896
0.000830259
0.00074471
0.000508981
0.000528537
0.000545951
0.000507915
0.000573881
0.000495216
0.000513704
0.00050981
0.000499215
0.000500526
0.000488971
0.000503624
0.000482917
0.000564548
0.00056398
0.000505229
0.000488532
0.000493252
0.000503239
0.00053984
0.000508847
0.000493967
0.000509151
0.000616459
0.000673749
0.000717443
0.000509794
0.000585041
0.000898091
0.000864585
0.000903602
0.000597511
0.00060751
0.000505305
0.000497684
0.000566711
0.000506396
0.000528841
0.000500151
0.00061241
0.000619154
0.000523109
0.000570415
0.000500175
0.000477426
0.000480168
0.000562958
0.000502628
0.000648895
0.000560617
0.000493003
0.000518814
0.000488181
0.000509437
0.000506962
0.00060107
0.000522727
0.000556499
0.000718849
0.000527901
0.000607354
0.000636311
0.000763666
0.000483529
0.000490487
0.000505222
0.00047569
0.000497269
0.000552868
0.000500062
0.000500057
0.000511995
0.00049484
0.000503583
0.00063134
0.000523394
0.000496135
0.000463408
0.000503969
0.000488939
0.000542421
0.000501763
0.00051261
0.000505341
0.000512765
0.000494684
0.000626006
0.000509378
0.00051112
0.000545369
0.000542115
0.000614145
0.000641585
0.000549757
0.000669459
0.000539536
0.000516033
0.000591151
0.000619035
0.000550893
0.000551943
0.000505956
0.000568894
0.000567482
0.000642628
0.000596993
0.000592376
0.000639798
0.00054908
0.000541995
0.00050149
0.000605247
0.000529855
0.000511819
0.000481968
0.00051525
0.000519037
0.000485665
0.00048709
0.000519762
0.000568731
0.00059906
0.000618676
0.000538124
0.000764962
0.00056815
0.000640592
0.000647152
0.000520755
0.000493687
0.000528602
0.00051701
0.000505682
0.000517003
0.000561554
0.000499386
0.000606944
0.000498072
0.000568992
0.000539969
0.000489863
0.000529628
0.000604688
0.000562513
0.000545249
0.000513913
0.000478362
0.000475389
0.000494778
0.000508183
0.000504448
0.00054329
0.000480751
0.00061885
0.000743811
0.000684457
0.000944443
0.000734205
0.000717021
0.000499453
0.000595064
0.000618833
0.000480456
0.000739232
0.000723703
0.000508931
0.000565472
0.000730474
0.000940084
0.000665176
0.000515911
0.000741315
0.000585465
0.000507749
0.000551681
0.000536303
0.000579676
0.000751521
0.00066622
0.000514973
0.000572672
0.000578365
0.000618288
0.0007372
0.000630979
0.000500049
0.000504578
0.000612064
0.000618116
0.000587623
0.000521023
0.000509408
0.000598861
0.000519694
0.000697049
0.00103881
0.000926641
0.000524719
0.000511624
0.00052232
0.000499526
0.00074337
0.000545419
0.000513579
0.000656707
0.000792176
0.0116601
0.000913727
0.00107764
0.000850732
0.000480314
0.000557453
0.00068375
0.000814733
0.000697952
0.00569796
0.000943244
0.000796584
0.000768765
0.000747702
0.000903155
0.000583407
0.000899035
0.00163094
0.000482803
0.000632087
0.000854849
0.000491283
0.00112064
0.000514225
0.00153133
0.000771135
0.000823784
0.000759101
0.000711115
0.000918003
0.00066062
0.000723957
0.000610656
0.00050375
0.000539991
0.000572573
0.000492865
0.000742831
0.000678735
0.000584186
0.000599883
0.00051172
0.0194186
0.000510748
0.000495599
0.000553967
0.00056879
0.00099937
0.00073981
0.000620099
0.000549136
0.000535775
0.000493706
0.000650569
0.000512457
0.000512878
0.000532951
0.000518482
0.000503611
0.000546264
0.000496193
0.000664473
0.00101681
0.000662688
0.000576944
0.00051043
0.000744563
0.000658747
0.000632745
0.000491011
0.000585012
0.000601938
0.000503972
0.000496001
0.000509198
0.000500018
0.0005218
0.000485953
0.000525804
0.000523635
0.000545614
0.000512125
0.000621414
0.000536276
0.000612748
0.00053005
0.000487729
0.000616657
0.000503633
0.000556891
0.000568077
0.000585621
0.000619636
0.000613047
0.000609477
0.000873059
0.000660628
0.00075214
0.000565804
0.000703068
0.000517172
0.000528148
0.000543959
0.000676188
0.000656753
0.000509688
0.000612436
0.000671924
0.000592096
0.000548437
0.000512027
0.000496482
0.000638905
0.00053131
0.000557477
0.000512983
0.000529504
0.000600881
0.000543411
0.000547005
0.000887029
0.000840423
0.00078867
0.00082848
0.000557939
0.000605266
0.000496211
0.000512124
0.000560447
0.000603203
0.000493169
0.0005709
0.000723343
0.000535269
0.000631566
0.000501787
0.00053589
0.000532103
0.000488312
0.000717181
0.000500326
0.000525455
0.000588808
0.00052955
0.000598196
0.000508108
0.000550113
0.000608324
0.00054355
0.000644547
0.000490909
0.000728528
0.000603378
0.000575346
0.000585697
0.000716306
0.000503844
0.000702437
0.000560139
0.000619197
0.000542773
0.000502769
0.000490823
0.000532713
0.000570678
0.000496148
0.000539478
0.00056111
0.000635142
0.000511094
0.000552272
0.000505397
0.00050313
0.000485568
0.000575537
0.000519947
0.000487694
0.000543191
0.000531536
0.000501229
0.000641873
0.00074108
0.000513602
0.000492545
0.000744566
0.000566705
0.000635535
0.00101644
0.000618619
0.000555973
0.000513366
0.000508357
0.000509401
0.000521716
0.000532417
0.000536909
0.000493561
0.000494269
0.000496597
0.000700629
0.000520658
0.00061428
0.000702842
0.000492842
0.00049235
0.000493174
0.000492146
0.000538996
0.000680942
0.000547455
0.000505559
0.000550388
0.000756573
0.000769121
0.000707915
0.000780296
0.000595934
0.000678392
0.000732225
0.000522549
0.000623719
0.000617782
0.000590237
0.000614941
0.000538353
0.000506836
0.000693623
0.000497511
0.000560336
0.000540791
0.000606172
0.000691054
0.000855064
0.000547907
0.000552652
0.000847932
0.000869632
0.000649945
0.00109609
0.000574866
0.000519272
0.000766893
0.000742124
0.000752507
0.00053855
0.000550339
0.000486316
0.000495883
0.000641409
0.000540221
0.000690675
0.000581979
0.000678304
0.000578725
0.00050625
0.000483968
0.000491925
0.000567931
0.000529672
0.00051123
0.000484273
0.000554563
0.000533186
0.000525913
0.000555304
0.000507597
0.000649509
0.000679226
0.000534567
0.000522405
0.00048161
0.000673092
0.000581695
0.000528386
0.000667821
0.000531612
0.000524752
0.000685729
0.000501028
0.000525004
0.000537494
0.000498202
0.000495825
0.000563462
0.000526833
0.000515051
0.000540189
0.00050919
0.00052602
0.000490543
0.000517842
0.000504623
0.000775507
0.000510227
0.000546584
0.000685153
0.000565876
0.000593774
0.000742469
0.000498616
0.00051571
0.000516197
0.000857041
0.000551743
0.000511183
0.000496154
0.000583621
0.000633797
0.000722026
0.00050819
0.000580489
0.00053691
0.000512902
0.000528459
0.00069802
0.000592905
0.000512872
0.00051957
0.000503348
0.000542458
0.000580762
0.000630661
0.000527152
0.000544813
0.000577743
0.000601752
0.00056606
0.000581661
0.00063803
0.000601429
0.000495096
0.000607269
0.000747874
0.000528369
0.000510574
0.000520539
0.000507279
0.000492911
0.000493042
0.000563131
0.000671949
0.000491691
0.000519723
0.000506
0.000561408
0.000513701
0.000491351
0.000484519
0.000600948
0.00048234
0.000530894
0.000484397
0.000608326
0.000487328
0.000491543
0.000527448
0.000560499
0.000533369
0.00050063
0.000494176
0.000516065
0.000523408
0.00057332
0.000549332
0.000613021
0.000508294
0.00055115
0.000572526
0.000491574
0.000497438
0.000597928
0.000539327
0.000587039
0.000731447
0.000527324
0.000518509
0.000515175
0.000602012
0.000747402
0.000552951
0.000528397
0.000539884
0.000474106
0.000542542
0.000663495
0.000512803
0.0005405
0.000529254
0.000492832
0.000544539
0.000571211
0.000499388
0.000548658
0.000771374
0.000539698
0.000520775
0.000536536
0.000711076
0.000650755
0.000488373
0.000553278
0.000516427
0.000508623
0.000509327
0.000560277
0.000512751
0.000525533
0.000499434
0.000493067
0.000503014
0.000465199
0.000538964
0.000507784
0.00050831
0.000502542
0.000487769
0.000531116
0.000535159
0.000492195
0.00050605
0.000492548
0.000526754
0.00050625
0.000511856
0.000590595
0.000485697
0.000567341
0.000701935
0.000777707
0.000645611
0.000693071
0.000511331
0.000628348
0.000651578
0.000703747
0.00061027
0.000755651
0.000638852
0.000756543
0.000541576
0.000616473
0.000503419
0.000542748
0.00066389
0.000783113
0.000520623
0.000634108
0.000502797
0.000542541
0.000512899
0.000519309
0.000519488
0.000520207
0.000584404
0.0007998
0.000676017
0.00055102
0.000600303
0.000495051
0.000551829
0.000585421
0.000563323
0.000531887
0.000498713
0.000512592
0.000488389
0.000555741
0.000499369
0.000507723
0.000509128
0.000577668
0.000630556
0.000516062
0.000544821
0.000692168
0.00048482
0.00050634
0.000666874
0.000515122
0.000500047
0.000481113
0.000495465
0.000533254
0.000557301
0.000571405
0.000513406
0.000493929
0.000550008
0.000514017
0.000588874
0.000518838
0.000505424
0.000519998
0.00079741
0.000540133
0.000511546
0.000492342
0.000564851
0.000507156
0.000512113
0.000528577
0.000541274
0.000525825
0.00052558
0.000487727
0.0004987
0.000542702
0.000563743
0.000558759
0.000512153
0.000533026
0.000502618
0.000514746
0.000487945
0.000495029
0.000534028
0.000538704
0.000485669
0.000516912
0.000532826
0.000609447
0.000522296
0.000605672
0.000492249
0.000590328
0.000617244
0.00048011
0.000602388
0.000498403
0.000492822
0.000590762
0.000584091
0.000498151
0.000508364
0.000509581
0.000520125
0.000610686
0.000861668
0.000603581
0.000505517
0.000489363
0.000507767
0.000509351
0.000533489
0.000605206
0.000523522
0.000501721
0.000596419
0.000584499
0.000514903
0.000511401
0.00048931
0.000514777
0.000525197
0.000562022
0.000503564
0.000500573
0.000501758
0.000740578
0.000617634
0.000600076
0.000579089
0.000505321
0.000556173
0.00051378
0.000505049
0.000516755
0.000500114
0.000512468
0.000571834
0.000606606
0.000485794
0.000545959
0.000503852
0.000481346
0.000471902
0.000504171
0.000501596
0.00064599
0.000528498
0.000529547
0.000562653
0.00048419
0.000523136
0.000488892
0.000566643
0.000556642
0.000490895
0.00069526
0.000603257
0.000790724
0.000676819
0.00048953
0.000532524
0.000480573
0.000519089
0.000618253
0.000500771
0.000503484
0.000501681
0.000508022
0.000482392
0.000589174
0.00051777
0.000568945
0.00055298
0.0005038
0.000493118
0.000560149
0.000485685
0.000650391
0.000550762
0.000519996
0.000528444
0.000511535
0.000506204
0.000558368
0.000562237
0.000565047
0.000532897
0.000493104
0.000549771
0.000534077
0.000654659
0.000523669
0.000509764
0.000494472
0.000857616
0.00049683
0.00052099
0.000500846
0.00050138
0.000488382
0.000510701
0.000500643
0.000508286
0.000519005
0.00056496
0.000500959
0.000515648
0.000504166
0.000523433
0.000495762
0.000586299
0.000528498
0.000503847
0.000520731
0.000530289
0.000512637
0.000577456
0.000614848
0.000765769
0.000535196
0.000659207
0.000584456
0.000528106
0.000497725
0.000511534
0.000506686
0.000591827
0.000537777
0.000500451
0.0004796
0.000529201
0.000514693
0.000492603
0.000508454
0.000563193
0.000526785
0.000618685
0.000607131
0.000587958
0.000570712
0.000500489
0.000531273
0.000481254
0.000528077
0.00050074
0.000503798
0.000532074
0.00047662
0.000500374
0.000539522
0.000499403
0.000736355
0.000584
0.000524581
0.000511781
0.000865168
0.000812474
0.000564527
0.000486596
0.000479125
0.000508349
0.000614833
0.000498751
0.000560982
0.000498022
0.000504046
0.000505217
0.000506169
0.000590765
0.000563415
0.000521768
0.000529834
0.000541327
0.000629571
0.000546672
0.000487045
0.000492149
0.000485168
0.000491287
0.000522352
0.000501117
0.000570044
0.000585333
0.000498681
0.000548983
0.000569691
0.000483286
0.000499024
0.000589329
0.000546194
0.000597326
0.000478469
0.000552117
0.000497005
0.000487953
0.000475327
0.000562427
0.000517515
0.000486706
0.000487236
0.000490823
0.00049115
0.000564264
0.000691095
0.000507908
0.000655642
0.000495997
0.000601926
0.000483408
0.000503645
0.000488195
0.000526779
0.000507084
0.000612831
0.000487758
0.000757367
0.000513323
0.000562716
0.000497778
0.000501222
0.000522529
0.000674563
0.000686367
0.000521982
0.0006539
0.000705264
0.000543952
0.000505698
0.000483201
0.000469921
0.000486094
0.000497069
0.000499152
0.000507018
0.000591486
0.000614413
0.000498745
0.00051615
0.000634039
0.00051696
0.000542246
0.000506381
0.000500013
0.000501396
0.00051811
0.000601347
0.000510115
0.000578173
0.000559246
0.000609615
0.000522327
0.000492875
0.000487994
0.00060339
0.000684837
0.000788641
0.000521664
0.000488483
0.000636222
0.000515325
0.000526368
0.000492633
0.000506875
0.000511759
0.000482561
0.000488042
0.000578289
0.000551863
0.000513112
0.000529837
0.000525904
0.000587716
0.000513234
0.000592464
0.000474976
0.000576278
0.000500151
0.000518558
0.000486898
0.000539757
0.000620703
0.000541134
0.00054659
0.000543459
0.000504089
0.000564996
0.000499906
0.000507734
0.000514545
0.000514052
0.000532054
0.000648656
0.000489868
0.000512139
0.000505667
0.000494143
0.000509416
0.000538217
0.000503112
0.000484613
0.000493492
0.000521963
0.000523671
0.000581959
0.000667171
0.000588
0.00056426
0.000480543
0.000498094
0.000541472
0.000541822
0.000512074
0.000594895
0.000520348
0.000615267
0.000528651
0.000530712
0.000505964
0.00063487
0.000779096
0.00049741
0.000532465
0.00062633
0.000491258
0.000502211
0.000512465
0.000522032
0.000528492
0.000570528
0.000484893
0.000539172
0.000514607
0.00050879
0.000521534
0.000557741
0.000478511
0.00069196
0.000575787
0.000584392
0.000563458
0.000489175
0.000582812
0.000489629
0.000489354
0.000516598
0.00072791
0.000719601
0.000610838
0.000594406
0.000622417
0.000580273
0.000598731
0.000530288
0.000664126
0.000544972
0.000496679
0.000505071
0.000496054
0.000557372
0.000510694
0.000592717
0.000510165
0.000503791
0.000519205
0.000573101
0.000503851
0.000580586
0.000534007
0.000548152
0.000553287
0.000638225
0.000640067
0.000527232
0.000495351
0.000559577
0.00048449
0.000490738
0.000504087
0.000536777
0.000734978
0.000511095
0.000550254
0.000562763
0.000504511
0.000655158
0.000595798
0.00055025
0.000505309
0.000484154
0.000483742
0.00054488
0.000480664
0.000486859
0.000536657
0.000505726
0.000566903
0.00051491
0.000517123
0.000519201
0.000537178
0.000655307
0.000542695
0.000553574
0.000551418
0.000516002
0.00054103
0.000509647
0.000519694
0.000513548
0.000583651
0.000617568
0.00053376
0.000611085
0.000500801
0.00052356
0.000579088
0.000570907
0.000540128
0.000531625
0.000494417
0.000665341
0.00053866
0.000531613
0.000507648
0.000477285
0.000484272
0.000548984
0.000483137
0.000538258
0.000604239
0.000556942
0.00055097
0.000545519
0.000502375
0.000503697
0.000566138
0.000592437
0.000531093
0.000533625
0.000499138
0.000517399
0.000525902
0.000508967
0.000547589
0.000720651
0.000512534
0.000531736
0.000520672
0.000567706
0.00073894
0.000705697
0.000504618
0.00054242
0.000506138
0.000547352
0.000521427
0.000502211
0.000490087
0.000544086
0.000489917
0.000511262
0.000489093
0.000743101
0.000534528
0.000499195
0.00052138
0.000536061
0.000721389
0.000555479
0.000521446
0.00049864
0.000495313
0.000550262
0.000568746
0.000500493
0.000657655
0.00049981
0.000720871
0.00051363
0.00050412
0.00064688
0.000541865
0.000523632
0.000603714
0.000583022
0.000499575
0.000605314
0.00047938
0.000602409
0.000501967
0.000507902
0.000494836
0.000494606
0.000540194
0.000645302
0.000491856
0.000501177
0.000557087
0.000500407
0.000472829
0.000514657
0.000504522
0.000669735
0.000669588
0.000645668
0.00052281
0.000531959
0.000559921
0.000627283
0.000568021
0.000506746
0.000497345
0.000494062
0.000604797
0.000485617
0.000535754
0.000727477
0.000523305
0.00071719
0.000514302
0.000517677
0.000502109
0.000510768
0.000501451
0.000906645
0.000507037
0.000535652
0.00050979
0.000510511
0.00053593
0.000674795
0.00049423
0.00054208
0.000605568
0.000775619
0.000515936
0.000612845
0.000523752
0.00051785
0.000552151
0.00062559
0.000504965
0.000518844
0.000596992
0.00120391
0.000684102
0.000618142
0.000506477
0.000586258
0.00050159
0.000708429
0.000487872
0.000589425
0.000520772
0.000472651
0.000603037
0.000515167
0.000520109
0.000582492
0.000640217
0.000520349
0.000754167
0.000490139
0.000580329
0.000551478
0.000698921
0.000493159
0.000495111
0.000507385
0.000602202
0.000568405
0.000585088
0.000621457
0.000485081
0.000569432
0.00056483
0.000610888
0.000505456
0.000669602
0.000532328
0.000501192
0.000493759
0.000565145
0.000494708
0.000559304
0.000486605
0.000595537
0.000568239
0.000544059
0.000524539
0.000503231
0.000574963
0.000583075
0.000503171
0.000492199
0.000504458
0.00052182
0.000496182
0.000549104
0.000680821
0.000554755
0.000520057
0.00066754
0.000539007
0.00055475
0.00053846
0.000507669
0.00057637
0.000505139
0.000537408
0.000659868
0.000504513
0.000497063
0.000479073
0.000506544
0.000567818
0.000503541
0.00053152
0.000495646
0.000466807
0.000516928
0.000510598
0.000559157
0.000501809
0.000559571
0.000560291
0.0005729
0.000536384
0.000520911
0.000487319
0.000662799
0.000619378
0.000599469
0.000623807
0.000477025
0.000545954
0.000556121
0.000487258
0.000546629
0.000563266
0.000494678
0.000495556
0.00062487
0.00050662
0.000610676
0.000509816
0.000594509
0.000601943
0.000486476
0.000555928
0.000518478
0.000529941
0.000480461
0.000595612
0.000527378
0.000482332
0.000491598
0.000495678
0.000535573
0.000557792
0.000530632
0.000538119
0.000498366
0.000511799
0.000525431
0.000501938
0.000509105
0.000571817
0.000614204
0.000685702
0.00049019
0.00048744
0.000550852
0.000535106
0.000520525
0.000549754
0.000472124
0.000494466
0.000514141
0.000505498
0.000513582
0.000500063
0.000504423
0.000524872
0.000514673
0.000494183
0.000669618
0.000650057
0.000706598
0.000534647
0.000542448
0.00051617
0.000505861
0.000531517
0.000486575
0.000525932
0.000543574
0.000569702
0.000651992
0.000591133
0.000557966
0.000642249
0.000508809
0.000570077
0.000611955
0.000512192
0.000525751
0.000751961
0.000574122
0.000499985
0.000491916
0.00054125
0.000528497
0.000508208
0.000494826
0.000486765
0.000498088
0.000503322
0.000561323
0.000587625
0.000476006
0.000491136
0.000495956
0.000484363
0.000492244
0.000507004
0.000519788
0.000483416
0.000518275
0.00050908
0.00055643
0.000547003
0.000612273
0.000510171
0.000508415
0.000778373
0.000622341
0.000636633
0.000560103
0.00065619
0.000593994
0.000504402
0.000501951
0.000522055
0.000553692
0.000486888
0.000466484
0.000500105
0.000486986
0.000496482
0.000519661
0.000485975
0.000506899
0.000500811
0.000615378
0.000481103
0.000507051
0.000531877
0.000536544
0.000498936
0.000525274
0.000521172
0.000497239
0.000651146
0.000538945
0.000608389
0.000509466
0.000726136
0.000749713
0.000587665
0.000684992
0.000515481
0.000619516
0.000541095
0.000576332
0.000617885
0.000570546
0.00054158
0.000494256
0.000512691
0.000505579
0.000488347
0.000481855
0.000522881
0.000486056
0.000479228
0.000509154
0.00050759
0.000521133
0.000508106
0.000494618
0.000507937
0.000553487
0.000506019
0.000507489
0.00052695
0.000480122
0.000724934
0.00051263
0.000485833
0.000699598
0.000619356
0.000496632
0.000491388
0.000514495
0.000507222
0.000524925
0.000524885
0.000526072
0.000507894
0.000532432
0.00047761
0.00051565
0.000477493
0.000664735
0.000480422
0.000506115
0.000488877
0.000527997
0.000541786
0.000605366
0.000535427
0.000519278
0.000501087
0.000502522
0.000493748
0.000529947
0.000484522
0.000496741
0.000638703
0.000528757
0.000555079
0.000509558
0.000557335
0.000825211
0.000594438
0.000765162
0.000472265
0.00048965
0.000523876
0.000472161
0.00050099
0.000646033
0.000511755
0.000744419
0.000554609
0.000481221
0.000507103
0.000488982
0.000671904
0.000514031
0.000492634
0.000518696
0.000548988
0.000506515
0.00056981
0.000501522
0.00052981
0.000477592
0.000489688
0.000550239
0.000490604
0.000506486
0.000566822
0.000791559
0.000572987
0.000584573
0.000718818
0.000562821
0.000492258
0.000528189
0.000498759
0.000478398
0.000543902
0.000541071
0.000623151
0.000503791
0.000573715
0.000479612
0.000549713
0.000526555
0.000614906
0.000516238
0.000480611
0.000486742
0.000489718
0.000590608
0.000478726
0.0005083
0.000497248
0.000498528
0.000482936
0.000513632
0.000511413
0.000542916
0.000594602
0.000507807
0.000679592
0.000506578
0.000510243
0.000536498
0.000552016
0.000512261
0.000532465
0.00049029
0.000478862
0.000559846
0.000531241
0.000549663
0.000505767
0.000528378
0.000496257
0.000488121
0.000547164
0.000502109
0.000693739
0.00053266
0.000536461
0.000520445
0.000522443
0.000521092
0.000510514
0.000531055
0.00055687
0.000494
0.000519022
0.000496635
0.000640531
0.00048864
0.000522808
0.000520373
0.000509942
0.00057401
0.000673199
0.000578789
0.000590791
0.000535519
0.000506547
0.000527145
0.000627726
0.000652715
0.0005725
0.000569817
0.000514748
0.000637214
0.000493933
0.000568899
0.000560608
0.000484791
0.000519482
0.000535714
0.000539844
0.000490244
0.00049358
0.00046828
0.000527149
0.000503558
0.00070759
0.000534672
0.000549645
0.000487749
0.000505718
0.000745097
0.000502047
0.00057732
0.000543516
0.000497354
0.000534421
0.000566629
0.000531664
0.000496562
0.000657435
0.000562591
0.000563084
0.000520335
0.000505981
0.000539837
0.000516224
0.000568479
0.000499544
0.000527471
0.00055604
0.000604548
0.000483235
0.000544843
0.000491988
0.000483246
0.000467426
0.000497003
0.000487792
0.000519033
0.000534221
0.000509807
0.000499359
0.000511762
0.000544383
0.000604037
0.000506519
0.000604207
0.000552965
0.000532644
0.00079278
0.000669701
0.000517912
0.000533384
0.00048875
0.000509991
0.000500385
0.000514611
0.000536469
0.00050382
0.000496427
0.000636278
0.000490363
0.000511889
0.000502894
0.000554692
0.000496985
0.0005585
0.000502535
0.00049493
0.000503925
0.000480674
0.000532933
0.000496626
0.000535955
0.000473028
0.000475964
0.000613047
0.000779499
0.00063034
0.00103545
0.000508366
0.000594077
0.000668546
0.000591097
0.000529824
0.000606149
0.000554281
0.000547609
0.000500032
0.000534924
0.000488154
0.000522327
0.000539529
0.000598302
0.000505607
0.000496702
0.000543927
0.000480771
0.000534785
0.00047549
0.000502984
0.000503925
0.000478468
0.000510509
0.000571423
0.000514083
0.000504765
0.000473509
0.000556951
0.000529218
0.000867549
0.000660761
0.000479402
0.000529392
0.00064636
0.000502424
0.000500097
0.000591656
0.000616761
0.000613889
0.0005447
0.0005399
0.00051523
0.000494395
0.000493022
0.000520417
0.000510189
0.000589787
0.00051689
0.000699812
0.000495959
0.000531115
0.000525879
0.000586538
0.000602742
0.00059771
0.000568492
0.000625344
0.000588224
0.000509849
0.000600233
0.000511439
0.000522013
0.000547431
0.000516272
0.000908612
0.000617263
0.000588654
0.000491972
0.000531153
0.000832744
0.000521242
0.000759902
0.000542954
0.000789638
0.000616701
0.000504433
0.000520483
0.000640973
0.000575121
0.000580395
0.000492725
0.000533934
0.000505048
0.000498924
0.000520632
0.00058416
0.000500534
0.000568801
0.00054948
0.000502028
0.000615198
0.000784878
0.000619195
0.000508546
0.00063607
0.00048296
0.000508218
0.000523351
0.000579021
0.000621681
0.000597889
0.000548181
0.000524289
0.000514673
0.000506403
0.000550139
0.000530774
0.000526833
0.00058588
0.000643253
0.000485365
0.000504303
0.000506873
0.000490196
0.000490237
0.000525112
0.000549232
0.000493656
0.000492897
0.000490819
0.000535747
0.000482697
0.000526158
0.000495189
0.000604767
0.000506983
0.000561761
0.000612176
0.000565614
0.000505878
0.000506797
0.000581514
0.00061853
0.000483915
0.000531217
0.000503978
0.000498888
0.000528563
0.000506516
0.000474099
0.000488028
0.000489162
0.000490359
0.000513144
0.000506215
0.000525411
0.000520723
0.000570281
0.000512133
0.000510718
0.000538886
0.00061882
0.00051615
0.000489528
0.000507028
0.00054976
0.000542629
0.00055035
0.000570959
0.000558895
0.000473171
0.000634189
0.000480152
0.000562387
0.000579105
0.000538588
0.000531858
0.000485028
0.000499552
0.000550809
0.000484138
0.000505863
0.00054333
0.000574123
0.000528113
0.000632075
0.000519354
0.000578511
0.000500692
0.000490165
0.000519278
0.000588275
0.000493311
0.000500043
0.000487216
0.000512583
0.000506939
0.000666619
0.000514512
0.00048235
0.000544923
0.000673612
0.000481827
0.000526702
0.0008394
0.00056998
0.000508557
0.000560016
0.00047628
0.000566408
0.000486371
0.000522071
0.000486662
0.000565252
0.000526161
0.000479331
0.000498073
0.000533687
0.000523352
0.000490547
0.00049392
0.000526479
0.00052136
0.000521055
0.000498089
0.000512299
0.000484166
0.000508395
0.000502853
0.000538285
0.000549077
0.00049231
0.000566855
0.000511378
0.000586733
0.000492734
0.000501391
0.000490449
0.000775521
0.000547931
0.000526504
0.00055023
0.00050991
0.000537848
0.000492848
0.000518419
0.00051167
0.000612061
0.000736248
0.000590882
0.000521429
0.000495617
0.000610494
0.000476249
0.000583502
0.000507286
0.000507997
0.000498373
0.000556517
0.00050021
0.000482989
0.000491338
0.000504937
0.000518724
0.000520103
0.000529282
0.000503797
0.000559964
0.000642062
0.000533881
0.000506016
0.000613937
0.00050695
0.000546123
0.000528197
0.000555879
0.000515759
0.000502683
0.000500563
0.000526033
0.000603815
0.000523913
0.000517074
0.000597427
0.000521129
0.000522595
0.000624775
0.00051127
0.000504202
0.000595681
0.000528195
0.000491352
0.000489558
0.000511373
0.00049399
0.000495633
0.00050494
0.000525211
0.000475096
0.000547381
0.000503937
0.0006102
0.000526222
0.000531277
0.000609107
0.000549907
0.000615368
0.000526675
0.000705559
0.000581045
0.000488703
0.000483495
0.000482864
0.000536827
0.000661062
0.000491077
0.000550489
0.000521685
0.000511668
0.000520271
0.000502808
0.000518905
0.000492212
0.000548367
0.000492435
0.000507846
0.000494443
0.000508223
0.000542006
0.000523313
0.000520985
0.000655121
0.000587456
0.000529978
0.00061292
0.000540368
0.00056432
0.000641279
0.000672234
0.000566553
0.000658853
0.000501584
0.000487628
0.000520516
0.00051068
0.000511369
0.00055777
0.000627373
0.000539488
0.000534567
0.000493166
0.000601118
0.000501635
0.000514627
0.000514135
0.000521843
0.000480458
0.000510126
0.000488934
0.00054822
0.000526098
0.000496324
0.00063957
0.000495844
0.0005272
0.000592637
0.000590307
0.000566565
0.000521611
0.000497937
0.000548633
0.000518658
0.000518851
0.000511708
0.000600228
0.000623372
0.000532326
0.000569636
0.000547366
0.000533839
0.000492167
0.000511325
0.000510377
0.000482534
0.000530707
0.000507297
0.000501634
0.000511571
0.00054631
0.000501585
0.000503694
0.000506615
0.000509807
0.000513984
0.000527926
0.000496807
0.000518549
0.000633483
0.00084869
0.000672719
0.000589803
0.00056397
0.000505671
0.000567752
0.00071403
0.000547896
0.00052453
0.000771373
0.000502197
0.000483385
0.000500016
0.000501372
0.000520758
0.000492038
0.000651843
0.000499672
0.00056241
0.000546173
0.000489669
0.000525947
0.00048784
0.000487609
0.000506674
0.00050797
0.000508648
0.00049675
0.000501001
0.00048432
0.000557768
0.000500847
0.000548467
0.000507121
0.000664179
0.000528082
0.000489868
0.00052215
0.000594816
0.000648525
0.000624749
0.000479465
0.000596063
0.000579579
0.000576916
0.000509021
0.000575122
0.000523987
0.000534733
0.000534177
0.000611264
0.000628993
0.000625015
0.000494764
0.00051997
0.000513855
0.000478354
0.000500166
0.00056304
0.000585909
0.00055134
0.000562593
0.000552884
0.000521836
0.000716563
0.000539436
0.000582053
0.000510101
0.000509636
0.000617819
0.000508407
0.000650969
0.000576622
0.000513408
0.000562231
0.000518961
0.000587418
0.000500591
0.000530368
0.000759642
0.000499998
0.000600284
0.000584983
0.000561767
0.000493596
0.000489585
0.000471996
0.00055728
0.000480199
0.000500988
0.000503952
0.000503949
0.000568304
0.000532511
0.000503607
0.000532135
0.00053536
0.000645671
0.000555633
0.000582806
0.000509431
0.000496671
0.000668434
0.000583659
0.000591024
0.000638835
0.000522204
0.000530726
0.00052516
0.000527384
0.000584428
0.000551104
0.000561669
0.000568789
0.000578787
0.0004923
0.000528485
0.000585292
0.000512422
0.000491118
0.000616544
0.000545431
0.000466313
0.000574877
0.000519403
0.00051622
0.000593218
0.000494176
0.000497216
0.000517069
0.0005868
0.000521803
0.000511527
0.000514092
0.000569465
0.000500837
0.000507019
0.000857577
0.000498694
0.000523369
0.000640652
0.000514259
0.000687348
0.000507735
0.000795954
0.000488789
0.000511453
0.000694882
0.000514838
0.00050009
0.000504629
0.000697429
0.000567947
0.000525507
0.000530269
0.000530386
0.000538467
0.000621987
0.000553097
0.000534805
0.000785166
0.000551152
0.000507441
0.000507216
0.000489929
0.000521905
0.000529915
0.00057883
0.000503164
0.000511081
0.000544939
0.000544996
0.000567859
0.000550488
0.000605899
0.000506837
0.000495098
0.000576871
0.000541886
0.000491902
0.000549345
0.000574474
0.00060755
0.000510847
0.000517409
0.00053171
0.000550424
0.000622347
0.000823709
0.000544584
0.00053948
0.000635505
0.000728807
0.00062134
0.000563085
0.000502575
0.000603759
0.000506857
0.000552458
0.000784703
0.000489916
0.000550244
0.000560556
0.000508439
0.000531521
0.00050082
0.000509554
0.000492734
0.000524285
0.000541666
0.00060798
0.00049571
0.000561641
0.000489197
0.000575496
0.000496942
0.000592394
0.000643915
0.000501648
0.000738692
0.00054694
0.000518901
0.000614353
0.000659195
0.0005965
0.000580353
0.000524092
0.000489476
0.000523933
0.000500997
0.000699779
0.000566314
0.000554909
0.000492149
0.000532743
0.000526
0.000517377
0.000520494
0.000551569
0.000484226
0.000768065
0.000735716
0.000776134
0.000547648
0.00052423
0.000514146
0.000611006
0.000543507
0.000704783
0.000603543
0.000576809
0.000518977
0.000511871
0.0004973
0.000622404
0.000612538
0.000615035
0.000515407
0.000613446
0.00057272
0.000604566
0.000533317
0.000508747
0.000508792
0.000619888
0.000517322
0.000763537
0.000557559
0.000494616
0.000502935
0.000586226
0.000643624
0.000515552
0.000518539
0.000489515
0.00048339
0.000558978
0.000647651
0.000548362
0.000589008
0.000776172
0.000525057
0.000530361
0.000533741
0.000627149
0.000840935
0.000706241
0.000509756
0.000472641
0.000685578
0.000563075
0.000618478
0.000569159
0.000527652
0.000570322
0.000575701
0.000598973
0.000595466
0.000571066
0.000604027
0.000475397
0.000598642
0.000523527
0.00050672
0.000502801
0.000515783
0.00050451
0.000520573
0.000542705
0.000553732
0.000530008
0.000529524
0.000544516
0.000547646
0.00048998
0.00052521
0.000661997
0.000527644
0.000520524
0.000606499
0.000532512
0.000509095
0.000488929
0.000506034
0.000515252
0.000503877
0.000537986
0.000529332
0.000512972
0.000636717
0.000557213
0.000487084
0.00050212
0.000558264
0.000698813
0.000508707
0.000497046
0.00048712
0.000507745
0.000488918
0.000505364
0.000527757
0.000501441
0.000723415
0.000534658
0.000579629
0.000552493
0.000588018
0.000498295
0.000585726
0.000581407
0.000513806
0.000489277
0.000509459
0.000504119
0.000525143
0.000514833
0.000515752
0.000494146
0.00057246
0.000540106
0.000494451
0.000506627
0.00051741
0.000488703
0.000531105
0.000481278
0.000515125
0.000538712
0.000497642
0.000496803
0.000507779
0.000520881
0.000485675
0.000504579
0.000508712
0.000550732
0.0005889
0.000538121
0.000675532
0.00050075
0.000540165
0.000611251
0.000942296
0.000540853
0.000480699
0.000495043
0.000529218
0.000503283
0.000556798
0.000502237
0.000533886
0.000577775
0.000506937
0.000626541
0.00049559
0.000569925
0.000464137
0.00050646
0.000539848
0.000598391
0.000497972
0.000532048
0.000511708
0.000536674
0.000499791
0.00049096
0.00050837
0.000552601
0.000495486
0.000521262
0.000557138
0.000489088
0.000548562
0.00047173
0.000501718
0.000593311
0.000654863
0.000499466
0.000538841
0.000511467
0.000567879
0.000518488
0.000576503
0.000538961
0.000483964
0.000551611
0.000522382
0.000567589
0.000498571
0.000516084
0.00049902
0.00048161
0.000534831
0.000527183
0.000500767
0.000486616
0.000497868
0.000570576
0.000502742
0.000539968
0.000536407
0.000577428
0.000523318
0.000593751
0.000653508
0.00052117
0.000670274
0.000553708
0.000590561
0.000588226
0.000627788
0.000534016
0.000604018
0.000510663
0.00047073
0.000532414
0.000504396
0.000507059
0.000523206
0.000491177
0.000525058
0.000482248
0.000502216
0.00053363
0.000475007
0.000484001
0.000486896
0.000538339
0.000493874
0.00051243
0.000492487
0.000525022
0.000514453
0.000538472
0.00050432
0.000526439
0.000604417
0.000760967
0.000828077
0.000798901
0.000761607
0.000874862
0.000832739
0.000724855
0.000976492
0.00103589
0.00065247
0.000532495
0.000657702
0.000760588
0.000796082
0.000648366
0.000625111
0.000717695
0.000796356
0.000532217
0.000494609
0.000570108
0.000507996
0.000592537
0.000534454
0.000635541
0.000518297
0.000512664
0.000594354
0.000624965
0.000507854
0.000489749
0.000513968
0.000552136
0.000529443
0.00067852
0.000537509
0.000503901
0.000492144
0.000540848
0.000774419
0.00137993
0.0011206
0.000782511
0.000743796
0.000704126
0.000722436
0.000538923
0.000652011
0.000907511
0.000915147
0.000898606
0.00073164
0.000921276
0.000766405
0.000767723
0.000522156
0.0005187
0.00050999
0.000611729
0.000560908
0.000531624
0.00118746
0.000712475
0.000542309
0.000795175
0.000555569
0.000536619
0.000606372
0.000509244
0.000512577
0.000885942
0.000967125
0.000788342
0.000774311
0.000766737
0.000893536
0.000566421
0.000607869
0.000513348
0.000529373
0.000479393
0.000516993
0.000616521
0.000507208
0.000478514
0.000496225
0.000510845
0.000677012
0.000651369
0.000490988
0.000503752
0.000594267
0.000489711
0.000486151
0.000521786
0.000640492
0.000533982
0.000489218
0.000559925
0.000502754
0.00060934
0.000511863
0.000657984
0.000528482
0.00065674
0.000496049
0.000657546
0.000640634
0.000509342
0.000486636
0.000486897
0.000623774
0.000581805
0.000520702
0.000503079
0.000525007
0.000591969
0.000595466
0.000488248
0.000672181
0.000708764
0.000547401
0.000624116
0.000506979
0.000584729
0.000506874
0.000630925
0.000628072
0.000612918
0.00122397
0.000602894
0.000531817
0.000531644
0.000501696
0.000665184
0.000685866
0.00104435
0.000723001
0.000508339
0.000518405
0.000486264
0.000522018
0.00050213
0.000658202
0.000505284
0.000530869
0.000713138
0.000531398
0.000520832
0.000629648
0.000526296
0.00050446
0.000522981
0.000695296
0.00051096
0.000615718
0.000599691
0.000487654
0.000706439
0.000570981
0.000657564
0.000478102
0.000493354
0.00143326
0.000709678
0.000495289
0.000628216
0.000654077
0.00056899
0.000508755
0.000503436
0.000558986
0.000528527
0.000540885
0.000561813
0.000506318
0.000524796
0.000507281
0.000734303
0.000644672
0.000488325
0.000685822
0.000493247
0.00051589
0.000563308
0.000502324
0.000518335
0.000523953
0.00063834
0.000541272
0.000628144
0.000567111
0.000597201
0.000752861
0.000524623
0.000796776
0.00048662
0.000504915
0.000698545
0.000555524
0.00060574
0.00063795
0.000514377
0.000651337
0.000774664
0.000747349
0.000848665
0.000900245
0.000574202
0.000500699
0.000502957
0.000506337
0.000514312
0.00070899
0.000531178
0.000592965
0.000519252
0.000520137
0.000535358
0.000504812
0.000614706
0.000613629
0.000564776
0.000479401
0.000535847
0.00056962
0.000618787
0.000529791
0.0005479
0.000521817
0.000486609
0.00059335
0.000740209
0.000506562
0.000500952
0.000511453
0.000497833
0.00061218
0.000495691
0.000533312
0.000593979
0.000492914
0.000555333
0.000514455
0.000584563
0.000617315
0.000547668
0.000576797
0.00078809
0.0007095
0.000572808
0.00090966
0.000593912
0.000537657
0.000512888
0.000527869
0.000594546
0.000830066
0.000502583
0.000560655
0.000679156
0.000521357
0.000511681
0.00052158
0.000501728
0.000500212
0.00052922
0.000646045
0.00056118
0.000575703
0.000519767
0.000494237
0.000522923
0.000533315
0.000531541
0.000625883
0.00061437
0.000588512
0.000585832
0.00056209
0.000536342
0.000712293
0.000604809
0.000526827
0.000628716
0.000502138
0.000478302
0.00050037
0.000601914
0.000553358
0.000497587
0.000545151
0.00051277
0.000500979
0.000499098
0.000491347
0.000604261
0.000610844
0.000497188
0.000479136
0.000661051
0.000658828
0.000579235
0.000517063
0.000493466
0.000492283
0.000486412
0.000492654
0.000487637
0.000717018
0.000546141
0.000545693
0.000586288
0.000541883
0.000555479
0.000583112
0.000556026
0.000846033
0.000584845
0.000484149
0.000546991
0.000485564
0.000510716
0.000478224
0.000492802
0.000503685
0.000572173
0.00054077
0.000503966
0.000511961
0.000526886
0.000535769
0.00050177
0.000550595
0.000603933
0.000509505
0.000487532
0.000512309
0.000520008
0.000536022
0.000626818
0.000501354
0.00058075
0.000599942
0.000540435
0.000523014
0.000524821
0.000520379
0.00075962
0.00052188
0.000589029
0.000544285
0.000536756
0.000528384
0.000482692
0.000520028
0.000516498
0.000543265
0.000573847
0.000528115
0.00052335
0.00049979
0.000517034
0.000506863
0.000510446
0.000500874
0.000559537
0.000503459
0.00059648
0.000581462
0.000516321
0.000541949
0.000491743
0.000501679
0.000530192
0.000510296
0.000502405
0.000560309
0.000573822
0.000504445
0.000528612
0.000590503
0.00056945
0.0006826
0.000671931
0.000511316
0.000486688
0.000487268
0.000554431
0.000504976
0.000478467
0.000489065
0.000493407
0.000501571
0.000469827
0.000575418
0.000559843
0.000508824
0.000504399
0.000606006
0.000561687
0.000573487
0.000507186
0.000522385
0.000482733
0.000493218
0.000537051
0.000544282
0.000956747
0.000528614
0.000515323
0.000495891
0.000500444
0.000552703
0.000630677
0.000592284
0.000510459
0.000470624
0.000519053
0.000505706
0.000614109
0.00049642
0.000586519
0.000510431
0.000524152
0.000539583
0.000517186
0.000621865
0.000533546
0.000497566
0.000547409
0.00056164
0.000579074
0.000551405
0.000602821
0.000543829
0.000499028
0.000494065
0.000609523
0.000536838
0.00062087
0.000590626
0.000571051
0.000707913
0.000757271
0.00078636
0.000719345
0.00095162
0.000517992
0.000499226
0.000641238
0.0005273
0.000575825
0.000772734
0.000785235
0.00086451
0.000638429
0.000504717
0.000504016
0.000584263
0.000967646
0.000831176
0.000723934
0.000615205
0.000581881
0.000520717
0.00076152
0.000545582
0.000515894
0.000527186
0.000531086
0.000715655
0.000820945
0.000856291
0.000862329
0.00072673
0.00052853
0.000692505
0.000557639
0.000504638
0.000557526
0.000511131
0.000711727
0.000677102
0.000655639
0.000640358
0.000492248
0.000508001
0.000575302
0.00058187
0.000543908
0.000661908
0.000501826
0.000544256
0.000677579
0.000725013
0.000558903
0.000577782
0.000709647
0.000782165
0.000821684
0.000784416
0.000491664
0.000542947
0.000535999
0.00050483
0.00048627
0.0004918
0.000505949
0.000629821
0.000524168
0.000620756
0.000556185
0.00078089
0.000789337
0.000684682
0.000503732
0.000647782
0.000603026
0.000568448
0.000558549
0.00056216
0.000539253
0.000503354
0.000521485
0.000501934
0.000503624
0.000728392
0.000536804
0.000549317
0.00056576
0.000549402
0.000504743
0.000543909
0.000566029
0.00052064
0.000573438
0.000528938
0.000495151
0.000534514
0.000505454
0.000508082
0.000501567
0.000506405
0.000490397
0.00052808
0.000526819
0.000510962
0.000499451
0.000525397
0.00053477
0.000656982
0.000620163
0.000554062
0.000582789
0.000537393
0.000513702
0.000537201
0.000556346
0.000514408
0.000638395
0.00095303
0.000523818
0.000570648
0.000544576
0.000484975
0.000531123
0.000504147
0.000512766
0.000513778
0.000497264
0.00050249
0.00051809
0.000539585
0.000572476
0.000526156
0.000497242
0.000542071
0.000481452
0.000572055
0.000510214
0.000576256
0.000497277
0.000604536
0.000631221
0.000523139
0.000579753
0.000489714
0.000523055
0.000598819
0.00058753
0.000514575
0.00060825
0.000510754
0.000625846
0.000665362
0.000488251
0.0004912
0.000602445
0.000517422
0.000501412
0.000521487
0.000505514
0.000481221
0.000500311
0.000579547
0.000596599
0.000561178
0.000502564
0.000518655
0.000551383
0.000491081
0.000488965
0.000481796
0.000465397
