0.000323541
0.000310662
0.00032448
0.000329766
0.000343673
0.000328543
0.000357778
0.000347596
0.000329794
0.000353453
0.000343854
0.000312217
0.000332606
0.000316325
0.000338181
0.000324597
0.000323757
0.000328845
0.000326302
0.000356298
0.000325579
0.000324788
0.000335067
0.000334939
0.000321731
0.000318238
0.000318281
0.000359304
0.000310414
0.000415101
0.000433895
0.000325723
0.00031598
0.000329775
0.000314613
0.000315548
0.000329755
0.000312121
0.000332538
0.000321038
0.000315662
0.000331824
0.000339641
0.000352063
0.000336995
0.000324239
0.000325414
0.000322856
0.000297445
0.000321855
0.000350271
0.000320275
0.000401044
0.000324235
0.000337522
0.000397538
0.000355253
0.000327733
0.000322384
0.000372971
0.000395925
0.000330838
0.000327575
0.000334923
0.000321733
0.000349063
0.000321464
0.000330752
0.000325439
0.000307947
0.000320059
0.000313626
0.000329341
0.000335273
0.000319481
0.000349265
0.000341817
0.000344293
0.000322035
0.000332211
0.000403408
0.000321591
0.000348063
0.00032527
0.000318076
0.000304192
0.000313812
0.000353857
0.000318894
0.000365628
0.000342818
0.000331532
0.000348261
0.000376462
0.000320931
0.000307911
0.000314571
0.000330432
0.000391286
0.000325878
0.000297786
0.000314074
0.000335958
0.000338568
0.000302669
0.000321154
0.000306366
0.000416084
0.000409628
0.000333575
0.000335155
0.000327108
0.000359793
0.000319087
0.000417295
0.000398989
0.000321582
0.000411576
0.000322954
0.000329874
0.000339835
0.000351873
0.000376121
0.000387308
0.000356314
0.000317624
0.000324324
0.000308909
0.000311103
0.000340653
0.000325109
0.000339478
0.000320441
0.000319999
0.000313919
0.00032276
0.000454445
0.000324607
0.00034495
0.000308556
0.000342324
0.000340429
0.000316194
0.000324961
0.000298271
0.000343412
0.000333978
0.000323601
0.000507458
0.000332609
0.000332322
0.000344405
0.000388943
0.000352619
0.000325938
0.000313665
0.000310009
0.000443676
0.000326871
0.000349288
0.000329685
0.000316288
0.000313974
0.000325337
0.000348253
0.000316094
0.000317985
0.000318317
0.000344746
0.000454297
0.00033124
0.000503333
0.000345258
0.000318728
0.000465264
0.000399371
0.000324165
0.000337168
0.000421176
0.000313393
0.000324988
0.000330368
0.000325535
0.000568892
0.000301675
0.000308482
0.000322967
0.000328735
0.000341805
0.000339022
0.000345289
0.000331282
0.000325042
0.000329307
0.000333681
0.000317525
0.000333732
0.000332315
0.000344353
0.000310879
0.000328589
0.000327898
0.000319034
0.000327799
0.000353184
0.000320791
0.000329896
0.000325585
0.000339594
0.000324484
0.000317117
0.000326661
0.000308969
0.000324248
0.000319779
0.000319577
0.000306961
0.000350911
0.00047957
0.00039035
0.000304461
0.000364778
0.000314792
0.000320687
0.000326398
0.000353854
0.000429267
0.000329645
0.000554013
0.000369745
0.000433503
0.000344607
0.000310959
0.000325272
0.000308827
0.000313451
0.000393803
0.000341086
0.000334668
0.000378741
0.000439929
0.000540124
0.000322948
0.000306029
0.000387283
0.000411817
0.000321337
0.000309317
0.00031317
0.000333701
0.000332547
0.000332881
0.000314025
0.000321369
0.000319279
0.00032516
0.000371572
0.000319785
0.000318629
0.000410222
0.0003311
0.000369556
0.000437617
0.000492092
0.000397471
0.000342624
0.00033278
0.000378216
0.000330065
0.000335119
0.000322255
0.000334814
0.000414749
0.000432976
0.000403987
0.000342152
0.000326174
0.000324699
0.000329603
0.000323553
0.000341478
0.000354505
0.000317663
0.000544228
0.000458668
0.000347656
0.000518089
0.000514731
0.000578115
0.000340377
0.000318572
0.000315593
0.000323438
0.000332315
0.000391465
0.000367505
0.000326858
0.000460525
0.000324933
0.000324225
0.000368339
0.000318756
0.000326269
0.000355109
0.000309447
0.000410829
0.000516331
0.000392226
0.00050138
0.000345921
0.000381269
0.000357609
0.000344953
0.000361786
0.000499801
0.000516241
0.000329173
0.000327711
0.000332691
0.000385232
0.000330333
0.00032093
0.000588937
0.000330842
0.000377753
0.000333279
0.000367432
0.000357016
0.00035256
0.000421058
0.000352077
0.000328329
0.000336867
0.000327673
0.000334989
0.000330787
0.000325358
0.00031818
0.000321365
0.000312102
0.000393685
0.000336214
0.000335965
0.000320274
0.000324429
0.000333274
0.000399759
0.000335679
0.000410929
0.000389046
0.000312816
0.000363667
0.00033272
0.00042178
0.000441753
0.000333222
0.000390614
0.000340171
0.000378595
0.000330942
0.000362976
0.000342067
0.00037576
0.000334922
0.000436575
0.00042343
0.000383238
0.000422213
0.000326457
0.000381878
0.000354585
0.000438438
0.000409676
0.000337811
0.000326608
0.000355949
0.000393549
0.000428266
0.000364007
0.000364377
0.000334572
0.00032219
0.000314049
0.000330593
0.000365989
0.000333562
0.000319074
0.000332198
0.000331273
0.000311672
0.000457908
0.000488584
0.000459886
0.000356097
0.000431009
0.00049226
0.000582699
0.000366548
0.000458652
0.00035339
0.000399127
0.000307203
0.000308719
0.000319209
0.000325501
0.00032326
0.000372926
0.000327474
0.000345471
0.000346519
0.000383163
0.000478954
0.000451476
0.000322602
0.00038899
0.00033581
0.000314343
0.000318092
0.000328612
0.000332459
0.000395443
0.000357928
0.000340759
0.000367142
0.000345987
0.000326982
0.000312053
0.000313362
0.000319556
0.000335128
0.000325596
0.000384214
0.000335503
0.000431861
0.00038789
0.000340355
0.000406895
0.000322761
0.00035932
0.000334914
0.000329239
0.000528349
0.000315956
0.000342355
0.000350891
0.000330521
0.000325928
0.000329586
0.00031768
0.000326242
0.000339158
0.000371565
0.00035646
0.000308075
0.000349454
0.000320456
0.000331934
0.000315433
0.000377299
0.000436442
0.000327551
0.000314239
0.000318507
0.000430673
0.000327365
0.000325894
0.000327176
0.000324561
0.000306722
0.00032964
0.000331868
0.000322135
0.000305482
0.000311036
0.000313931
0.000310236
0.000339236
0.000331704
0.000315582
0.000421206
0.000374271
0.000333558
0.000376035
0.000351323
0.000467944
0.000331709
0.000323673
0.000328065
0.000339298
0.000329046
0.000443184
0.000333037
0.000329758
0.000314378
0.000329713
0.000314356
0.000347878
0.000338863
0.000311492
0.000320785
0.000317584
0.000320038
0.00032703
0.000323329
0.000428177
0.000340943
0.000361283
0.000333071
0.000338922
0.000306955
0.000350532
0.000333052
0.000315359
0.000422245
0.000318206
0.000313414
0.000322145
0.000314317
0.000324772
0.000324296
0.000310745
0.000311226
0.000322555
0.00031362
0.000315399
0.000395634
0.000338605
0.000358114
0.000328256
0.000380868
0.000379669
0.000381337
0.000455422
0.000321129
0.000464052
0.000350909
0.000343572
0.000368911
0.000318639
0.000322909
0.000339726
0.000330525
0.000539957
0.000495013
0.000489943
0.00035277
0.000371616
0.000399023
0.000634404
0.000378886
0.000353226
0.000341279
0.000343098
0.000543137
0.000321164
0.00034915
0.000355937
0.000330906
0.000308209
0.000336689
0.000335784
0.000313254
0.000308549
0.000363249
0.000333698
0.000314981
0.000302398
0.000317552
0.000319019
0.000327663
0.000431984
0.000473796
0.000398305
0.000570799
0.000324246
0.000379425
0.000308842
0.00047288
0.000347155
0.000334053
0.000317203
0.000320161
0.000357583
0.000364062
0.000332644
0.000324667
0.000346513
0.000319124
0.000358629
0.00033992
0.000323915
0.000352844
0.000428027
0.00036797
0.000315764
0.000319659
0.000329092
0.000330292
0.000318731
0.000359634
0.000305749
0.000322868
0.000325967
0.000315818
0.00030795
0.000311743
0.000346777
0.000307189
0.000322711
0.000334847
0.000308696
0.000352931
0.000466761
0.00032389
0.00033343
0.000322182
0.00034433
0.000328577
0.000363561
0.000313518
0.000327139
0.000327566
0.000362086
0.00045083
0.000392544
0.000336088
0.000322299
0.000334403
0.000320606
0.000314289
0.000330083
0.000325328
0.000360436
0.000320519
0.000316179
0.000349917
0.000327034
0.000320234
0.000329324
0.000363788
0.00035056
0.000336825
0.000321198
0.000310719
0.000325449
0.000335403
0.000386388
0.000344145
0.000329629
0.00033009
0.000313417
0.000314945
0.000324114
0.000374815
0.000338266
0.000307291
0.000331623
0.000318639
0.000318447
0.000325223
0.000403934
0.000335773
0.000338299
0.000433948
0.000318708
0.000353123
0.000330393
0.000393436
0.000335284
0.000347314
0.000338359
0.000346813
0.000366988
0.000304489
0.000329228
0.000326249
0.000313721
0.000324672
0.000414799
0.000355297
0.000327496
0.000318217
0.000428561
0.000332774
0.000310884
0.000401607
0.000345518
0.000347697
0.000334317
0.00031767
0.000342832
0.000326443
0.000319564
0.000318227
0.000309452
0.000369562
0.000455638
0.000314729
0.000329558
0.000323502
0.000333408
0.000334286
0.000348184
0.000331789
0.00031081
0.000375691
0.000374288
0.000307504
0.000420192
0.000324924
0.000314041
0.000401471
0.000359829
0.000577782
0.00058178
0.000363122
0.000365868
0.000496898
0.000316702
0.000332601
0.000310516
0.000321941
0.000330496
0.000309768
0.000329656
0.000358988
0.000401051
0.00033811
0.000322614
0.000434737
0.000351134
0.000356994
0.000335981
0.000326589
0.00039385
0.000331199
0.000349574
0.000320063
0.000320113
0.000314238
0.000319982
0.000320481
0.00032006
0.000335015
0.000312532
0.000313036
0.000327144
0.00034199
0.000306312
0.000408758
0.00041227
0.000320092
0.000326063
0.00036742
0.000313841
0.000318662
0.000318181
0.000312747
0.000317232
0.000448428
0.000328858
0.000336011
0.000359706
0.000313093
0.000329296
0.000319704
0.000316661
0.000316852
0.000331802
0.000325337
0.000331758
0.00036874
0.000322524
0.000387598
0.000316497
0.000343807
0.000482773
0.000320926
0.000328664
0.000319374
0.000407039
0.000326363
0.000353861
0.000330608
0.000332096
0.000320359
0.000356629
0.00038525
0.00031712
0.00031483
0.000319921
0.000308595
0.000331673
0.0003098
0.00031349
0.000314623
0.000399009
0.000369076
0.000332945
0.000318146
0.00035112
0.000312036
0.000322148
0.000323208
0.000342548
0.000451629
0.000385131
0.000329936
0.00031522
0.000308681
0.000411172
0.000335606
0.000392564
0.000310807
0.000315486
0.000373391
0.000307986
0.000334659
0.000394085
0.000347492
0.000423052
0.00035182
0.000365145
0.000314781
0.000387548
0.000376891
0.000327776
0.000451906
0.000484324
0.000308965
0.000336275
0.000358505
0.00031104
0.00031272
0.000299574
0.000309189
0.000359978
0.000328488
0.000323254
0.000321307
0.000321376
0.000315486
0.000305749
0.000340611
0.00032012
0.000345558
0.000331948
0.000313804
0.00032132
0.000376632
0.000412653
0.000391341
0.000359058
0.000331122
0.000343278
0.000323471
0.000381096
0.000397208
0.000338239
0.000365113
0.0003886
0.000335059
0.000345002
0.000330746
0.000337841
0.000335686
0.000354586
0.000518339
0.000359419
0.000342233
0.000331274
0.000327066
0.000342963
0.000334554
0.000360767
0.000324528
0.000306941
0.000348245
0.000311525
0.000340218
0.000312714
0.000307717
0.000328549
0.000357693
0.000331211
0.000461556
0.000333487
0.000419204
0.000357998
0.000319164
0.000323912
0.000318958
0.000328419
0.000326212
0.000317141
0.000317497
0.000313474
0.000331239
0.0004111
0.000309797
0.000316852
0.000336796
0.000354085
0.000328993
0.000336147
0.000497416
0.000332995
0.000322046
0.000348698
0.000345562
0.000516894
0.000320144
0.000497776
0.000578983
0.000385706
0.000346031
0.000332847
0.000469718
0.000508825
0.000322774
0.000497395
0.000316547
0.000315182
0.000413728
0.000350991
0.000370266
0.000319308
0.000308498
0.000316937
0.000325715
0.000632518
0.000454778
0.000330729
0.000321669
0.000314003
0.000347713
0.000310786
0.000305521
0.000326203
0.000361708
0.000328212
0.000415202
0.000328157
0.000358118
0.000329221
0.000333539
0.000415079
0.000337895
0.000324929
0.000324474
0.000513881
0.000344612
0.000345727
0.000365438
0.000311082
0.000402501
0.000335603
0.000307615
0.000309584
0.000421065
0.000387469
0.000319529
0.000306211
0.000308593
0.000321834
0.000315961
0.000367028
0.000308491
0.000314109
0.000512431
0.000324355
0.000338604
0.000331174
0.000336613
0.000329981
0.000320482
0.000326994
0.000346796
0.000316126
0.000308704
0.000321736
0.00034414
0.000318329
0.00030477
0.000305486
0.000339601
0.000349113
0.000509427
0.000570486
0.000316054
0.000410291
0.000402593
0.000352558
0.0003463
0.000404836
0.000499996
0.000449083
0.000352554
0.000427996
0.000386181
0.000334126
0.000325211
0.00039634
0.000376103
0.00032346
0.000313941
0.000359153
0.000416765
0.000328354
0.000355653
0.000341687
0.000357857
0.000372836
0.000307492
0.000312459
0.000322847
0.000301892
0.000359514
0.000332917
0.000321533
0.000319658
0.000403609
0.000316439
0.000314245
0.000343546
0.000382324
0.000334047
0.000324403
0.00035735
0.000363798
0.00035807
0.000392016
0.000336588
0.000349259
0.000378778
0.000376732
0.000353742
0.000330617
0.000414232
0.000329633
0.000392592
0.000481026
0.000478377
0.000424948
0.000317781
0.000320918
0.000402312
0.000541837
0.000390822
0.000304027
0.000345799
0.000343319
0.000328728
0.000348549
0.000311465
0.000334092
0.000334627
0.000332602
0.000322828
0.000329092
0.000416042
0.000330761
0.000330833
0.000348641
0.000322363
0.00034407
0.000358586
0.000306085
0.000329459
0.000345425
0.000337208
0.000338183
0.000312665
0.00033104
0.000365865
0.000377157
0.000361769
0.000393678
0.000349271
0.000366072
0.000371255
0.000592993
0.000414878
0.000334523
0.000322157
0.00032965
0.00045488
0.00034873
0.000330047
0.000318392
0.000363684
0.000370445
0.00032716
0.000313895
0.000324649
0.000328224
0.000325005
0.000326466
0.000327967
0.000320425
0.00031865
0.000328028
0.000310065
0.000310999
0.000315544
0.000496612
0.000366587
0.000381484
0.000382128
0.000351503
0.000413987
0.000336735
0.000335104
0.000357946
0.000327943
0.000319328
0.000322221
0.000467253
0.000503302
0.000341941
0.000379068
0.000326405
0.000325872
0.000359837
0.000345668
0.000353669
0.000325518
0.000412232
0.000335398
0.000324609
0.00032096
0.000338299
0.000341752
0.000326758
0.000413845
0.000364445
0.000347333
0.000378481
0.000313773
0.00031734
0.000308655
0.000377651
0.00033447
0.00033502
0.000322385
0.00032101
0.000325488
0.000338151
0.000312561
0.000311112
0.000332172
0.000322756
0.000310319
0.000348623
0.000317586
0.000330914
0.000331067
0.000406084
0.000347341
0.000369166
0.000313518
0.000304448
0.000331773
0.000345346
0.000366301
0.000329776
0.000322123
0.000430329
0.000367553
0.000343896
0.000370122
0.000407793
0.00050586
0.000409285
0.000316313
0.000527033
0.000355392
0.000319178
0.000331775
0.00033371
0.000322138
0.000314054
0.000327295
0.000406304
0.00031862
0.000356709
0.000361194
0.000313105
0.000342003
0.00032695
0.000308326
0.000314272
0.000318818
0.000311592
0.000338816
0.000358707
0.00032512
0.000330304
0.000323228
0.000359837
0.000326841
0.000435313
0.00031542
0.000319885
0.000335877
0.000314591
0.000326901
0.000307524
0.000343905
0.000338545
0.000327906
0.000324011
0.000322078
0.00032301
0.000309633
0.000318844
0.000323955
0.000400442
0.000364943
0.000407872
0.000354317
0.000363292
0.000377318
0.000362986
0.000311396
0.000330855
0.00033474
0.0003475
0.000359984
0.000362039
0.000376042
0.000358561
0.000321423
0.000308864
0.000308983
0.00031175
0.000340462
0.000332572
0.000320661
0.000323165
0.000328607
0.000309604
0.000398187
0.000373011
0.000313305
0.000317589
0.000313183
0.000331775
0.000335091
0.000308194
0.000463065
0.000309742
0.000326913
0.000315046
0.000321223
0.000328809
0.000330114
0.00050366
0.000441015
0.00060723
0.000489998
0.00031053
0.000449199
0.000500798
0.000410799
0.000371164
0.000425601
0.00044881
0.00033441
0.000439705
0.000357318
0.000334675
0.000395444
0.000336489
0.000390846
0.000318734
0.000334538
0.000394993
0.000360814
0.000317674
0.000393492
0.000338579
0.000332652
0.000325458
0.00031709
0.000396443
0.000369894
0.000337464
0.0003627
0.000312673
0.000328682
0.000355105
0.000329867
0.000319466
0.000312768
0.000317012
0.000369289
0.000345627
0.000324326
0.000408487
0.000320268
0.000354652
0.0003257
0.000372685
0.000329918
0.000378063
0.000379546
0.000333352
0.000429232
0.000361387
0.000431563
0.000537204
0.00032001
0.000323868
0.000325034
0.000324207
0.000336583
0.000343334
0.000323503
0.000336484
0.000333007
0.000430738
0.000333823
0.000354594
0.000340176
0.000314507
0.000349056
0.000335742
0.000319107
0.000334798
0.000320399
0.000342463
0.000317913
0.000323451
0.00031629
0.000322187
0.000427418
0.000321009
0.000303989
0.00046062
0.000318494
0.000444766
0.000316064
0.000331159
0.00033964
0.000345103
0.000350305
0.000327371
0.00035634
0.000381057
0.000316006
0.000498795
0.000334239
0.000378212
0.000384224
0.000328541
0.000334841
0.000344215
0.000307891
0.000309506
0.000311849
0.000439562
0.000320286
0.000305364
0.000309888
0.000308735
0.000435147
0.000315201
0.000333868
0.000462048
0.000331453
0.000410352
0.000333465
0.000322967
0.000321378
0.000380272
0.00036109
0.000337853
0.000324399
0.000332287
0.000517202
0.000304474
0.000304374
0.000325147
0.000315839
0.000315991
0.000313167
0.000320906
0.000340073
0.000341122
0.000319143
0.000324334
0.000334797
0.00032112
0.00034232
0.000374378
0.000322758
0.000383456
0.000523525
0.000352684
0.000655724
0.000802425
0.000331346
0.000340907
0.00030978
0.000325941
0.000432885
0.000339008
0.000308114
0.000312947
0.00032353
0.00030022
0.000304793
0.000334111
0.000314014
0.00032527
0.000319221
0.000314902
0.000314787
0.000313391
0.000311783
0.000468378
0.000331021
0.000418382
0.000321225
0.000312518
0.000311295
0.000318901
0.00033569
0.000335737
0.000314902
0.000314492
0.000323238
0.000380635
0.00033346
0.000327313
0.000315376
0.000328634
0.000331624
0.000333641
0.000339616
0.000343364
0.000439946
0.000524938
0.000377491
0.000349254
0.000581815
0.000571868
0.000322461
0.00031179
0.000317681
0.000421129
0.000309823
0.000313406
0.000319914
0.000352072
0.000344131
0.000337669
0.00034514
0.000330457
0.000318665
0.000331593
0.000361869
0.000317665
0.000322169
0.000312749
0.000360017
0.000320791
0.00031497
0.000327646
0.000319799
0.000340394
0.000329912
0.000360686
0.000388483
0.000318294
0.000312882
0.000333363
0.000311909
0.000338752
0.000478217
0.000358359
0.000352468
0.000306996
0.000337313
0.000370844
0.000323917
0.000835614
0.00033018
0.000335449
0.000392503
0.000354369
0.000348954
0.000378139
0.000349698
0.000304495
0.00035824
0.000337258
0.00032503
0.000316205
0.000321564
0.000417786
0.000446957
0.00034356
0.000357005
0.000409151
0.000330585
0.000378972
0.000319403
0.000323185
0.000320577
0.000402574
0.000316804
0.000325548
0.000340603
0.000327005
0.000333709
0.000397599
0.000305631
0.000317019
0.0003253
0.000324053
0.000320439
0.000324739
0.000316221
0.000306795
0.000302172
0.00029235
0.000369158
0.000325139
0.000365442
0.000316078
0.000428319
0.000393438
0.00036049
0.000350167
0.000365272
0.000351651
0.000316376
0.000307296
0.000401633
0.00037438
0.000378114
0.000335499
0.000334315
0.000307398
0.000310467
0.000314547
0.000319654
0.000309618
0.000352729
0.000337859
0.000336817
0.000341931
0.000386871
0.000409517
0.000473996
0.000315933
0.000337796
0.00033932
0.000317955
0.000321363
0.000307715
0.000308306
0.000313545
0.000325276
0.000325786
0.000313002
0.000328227
0.000321686
0.000342029
0.000420939
0.000434367
0.000335034
0.000325628
0.000329586
0.000523168
0.000378651
0.000553489
0.00035345
0.000341741
0.000413046
0.000415462
0.000438939
0.000339508
0.00040834
0.000336108
0.000378529
0.00050328
0.000334246
0.000319712
0.00031215
0.000331543
0.00035707
0.00031432
0.000344073
0.000338201
0.000379941
0.000529889
0.000428951
0.000377672
0.000353098
0.000309693
0.000358281
0.000327348
0.000328395
0.000344757
0.000430422
0.000386306
0.000352086
0.000354611
0.000327003
0.000345972
0.00031255
0.000349921
0.000322449
0.000320318
0.00030865
0.000337939
0.000419867
0.000341537
0.000462208
0.000313935
0.000387875
0.000316167
0.000396924
0.000325913
0.000348371
0.000336046
0.000338683
0.000374318
0.000350312
0.000354271
0.000323818
0.000333313
0.000333615
0.000332843
0.000325479
0.000374945
0.000354541
0.000313256
0.000298761
0.000317777
0.000316123
0.000348639
0.000357378
0.000388625
0.000328143
0.000327312
0.000314415
0.000317908
0.00032046
0.000316533
0.000302271
0.000344659
0.000332276
0.000313095
0.000330441
0.000315285
0.000367081
0.000333001
0.000342705
0.000344288
0.000335111
0.000360247
0.000406881
0.000410741
0.000339259
0.000369689
0.000393354
0.000341459
0.00032496
0.000604047
0.000324775
0.000338112
0.000374536
0.000323103
0.000321779
0.000407711
0.000314328
0.000315454
0.0003182
0.000313548
0.000412428
0.00040605
0.000331901
0.000363941
0.000312888
0.000353748
0.00036318
0.000310542
0.000302896
0.000344262
0.000317331
0.000311147
0.00032314
0.000321858
0.000319705
0.000392241
0.000363968
0.000327682
0.000354612
0.00048149
0.000331172
0.000334489
0.000317661
0.000320924
0.000379968
0.000356018
0.000413365
0.000321492
0.000334612
0.000586896
0.000426205
0.000383608
0.000356563
0.000353304
0.000451773
0.000331761
0.000310292
0.000315093
0.000402392
0.000362304
0.000390639
0.000354657
0.000370683
0.000351414
0.000317023
0.000319082
0.000309022
0.000318998
0.000342038
0.000500002
0.000576799
0.000334693
0.000400825
0.000328939
0.000310123
0.000359161
0.000326056
0.000324988
0.000516327
0.000340705
0.00032592
0.000323197
0.000337244
0.000325816
0.000332949
0.000335772
0.000327891
0.000319417
0.000346405
0.000354816
0.00034629
0.000403011
0.000336395
0.000354043
0.000370816
0.000332439
0.000357107
0.000323084
0.000365271
0.000325575
0.000325561
0.000320505
0.000345351
0.000349689
0.000346007
0.000395822
0.000467432
0.00034247
0.000311563
0.000477117
0.000345859
0.000317611
0.000340877
0.000325023
0.000338869
0.000316616
0.000342378
0.000349787
0.00033078
0.00037631
0.000331147
0.000323892
0.000316313
0.000329115
0.000328752
0.000487907
0.000357966
0.000343109
0.000335938
0.000315049
0.000316182
0.00033276
0.000323361
0.000324906
0.000390619
0.000334926
0.000359626
0.000330394
0.000314968
0.000315001
0.000429186
0.000320495
0.000534856
0.000342442
0.000383201
0.00033635
0.000427627
0.000336034
0.000476745
0.000355678
0.000318766
0.000311814
0.000327469
0.000334213
0.000318563
0.000320355
0.000341685
0.000313934
0.000317191
0.000354147
0.000326561
0.000343137
0.000416338
0.000346615
0.000316277
0.00031452
0.000330375
0.00031731
0.000333762
0.000315218
0.00032566
0.000495066
0.000311133
0.000346825
0.000408641
0.000389652
0.000362009
0.000334844
0.000309031
0.000331324
0.000370439
0.000332347
0.000313206
0.000326776
0.000318269
0.000328282
0.000435573
0.000364264
0.000344011
0.000312195
0.000327685
0.000332784
0.000347402
0.000466626
0.000572537
0.000432055
0.00036134
0.000331588
0.000331227
0.000331381
0.000402464
0.00042136
0.000347787
0.000429446
0.000400801
0.00033049
0.000358164
0.000321242
0.000315878
0.000318354
0.000359104
0.000511738
0.000324643
0.000323768
0.000315647
0.000325736
0.000346695
0.000348868
0.000351622
0.000331117
0.000333361
0.000319515
0.000327433
0.000420002
0.000390492
0.000319996
0.000337191
0.000349188
0.00044526
0.000429423
0.000408751
0.000325697
0.00038609
0.000326185
0.000367667
0.000312518
0.000400849
0.000512045
0.00034007
0.000314563
0.000320099
0.000305381
0.000315917
0.000304883
0.000322534
0.00037647
0.000307249
0.000470815
0.000373709
0.000323924
0.000326178
0.000313496
0.000323039
0.000308981
0.000316451
0.000327116
0.000321172
0.00032015
0.000323705
0.000343996
0.000348585
0.000312512
0.000346342
0.000341235
0.000324058
0.000330057
0.000370342
0.000318225
0.000305494
0.000333827
0.000331341
0.000330396
0.000349322
0.000414664
0.000328943
0.00035642
0.000403578
0.000379237
0.00032006
0.000334149
0.00040707
0.000370045
0.000351135
0.000305616
0.000331152
0.00032941
0.000313993
0.000325195
0.000325877
0.000397109
0.000410998
0.000333536
0.000553929
0.000399325
0.000335486
0.000315838
0.000327942
0.000318638
0.000313589
0.000306992
0.000304817
0.000308453
0.000307528
0.000305965
0.000315057
0.000401695
0.000335194
0.000320251
0.000326707
0.000319744
0.000307547
0.000314812
0.000334442
0.000321442
0.000380424
0.000321721
0.000340746
0.000421912
0.000343911
0.000330548
0.00062304
0.000432589
0.000392278
0.000482482
0.000365919
0.000327902
0.000328213
0.000320295
0.000320475
0.000326285
0.000345339
0.000382764
0.000328814
0.000328992
0.00040593
0.00033686
0.000340391
0.000542833
0.000339725
0.000316552
0.000463851
0.000491278
0.000330682
0.000455596
0.000346103
0.000361794
0.000332233
0.000323021
0.000314356
0.000436845
0.000362484
0.000404162
0.0003168
0.000320211
0.000324853
0.000327277
0.000336368
0.000470808
0.000343419
0.000356238
0.000346012
0.000488226
0.000417683
0.000495384
0.000355257
0.000309732
0.00034301
0.00046813
0.0003753
0.000319826
0.000356313
0.000323264
0.000318542
0.000325785
0.000325163
0.000342722
0.000334051
0.000335927
0.000415355
0.000332562
0.000347005
0.000323061
0.000349472
0.000386801
0.000338314
0.000340461
0.000302201
0.000325619
0.000386072
0.000377191
0.00044722
0.000612766
0.000393492
0.000338753
0.000319227
0.000330612
0.000387182
0.000397961
0.000326422
0.000447098
0.000386404
0.000346351
0.000408882
0.000418571
0.000395269
0.000367509
0.000548485
0.00032506
0.000526359
0.000487006
0.000513754
0.000431706
0.000428352
0.000396696
0.000402849
0.000328015
0.000420028
0.000316652
0.000444742
0.000333032
0.000362231
0.000334694
0.000315358
0.000308312
0.000408746
0.000308931
0.000415524
0.000325996
0.000317014
0.000386242
0.000359283
0.000321672
0.000400022
0.000305647
0.000355703
0.00031839
0.000333367
0.000326948
0.00035718
0.000315645
0.000345531
0.0003557
0.000444698
0.000329405
0.000368837
0.000331797
0.00060939
0.000340475
0.000311721
0.000331298
0.000379311
0.000342682
0.000570153
0.000357458
0.000399242
0.000348045
0.00031179
0.000355424
0.00033578
0.000360217
0.000325137
0.000303876
0.000308956
0.0004115
0.000325787
0.000320483
0.000369037
0.000312241
0.000383058
0.000344099
0.000400599
0.000337611
0.000398704
0.000343094
0.000335015
0.000345997
0.000378579
0.000321598
0.000314618
0.000344891
0.000319148
0.000351593
0.000321131
0.000320663
0.000441309
0.000397654
0.000318494
0.000339014
0.000316781
0.000384674
0.000330994
0.000319856
0.000352044
0.000318426
0.000315663
0.000395735
0.000350349
0.000387062
0.000605217
0.000330533
0.000330465
0.000337107
0.000321625
0.000330401
0.000310793
0.000320094
0.000311827
0.000419288
0.000322776
0.000346864
0.000349586
0.000343677
0.000508662
0.000331514
0.000314474
0.000538586
0.000375119
0.00051175
0.000323695
0.000321394
0.000333119
0.000341332
0.00033562
0.000548635
0.000521387
0.000386329
0.000332447
0.000400638
0.000455078
0.000370211
0.000328432
0.000325895
0.000319339
0.00036094
0.000384195
0.000382673
0.000365297
0.000406246
0.000366883
0.000340219
0.0004172
0.000341574
0.000316152
0.000326812
0.000352644
0.000359882
0.000362411
0.000310491
0.000364872
0.00041987
0.000418442
0.000325183
0.000311859
0.00031816
0.000321783
0.000368944
0.000329367
0.000512307
0.000517521
0.000379725
0.000326994
0.000331343
0.000331254
0.000308726
0.000317184
0.000389979
0.000315322
0.000345322
0.00032954
0.000412059
0.000427533
0.000397652
0.000300795
0.000317242
0.00033604
0.000553301
0.000329197
0.000323472
0.000314093
0.000616417
0.000479632
0.000393862
0.000410842
0.000386906
0.000383664
0.000475475
0.000502514
0.000310356
0.000407855
0.000565695
0.000437726
0.000333853
0.000610013
0.00033962
0.000454743
0.000327825
0.000655138
0.000448282
0.000586099
0.000403969
0.000457389
0.000336641
0.000385122
0.000444767
0.00033159
0.000596441
0.000473766
0.000381474
0.000350469
0.000417814
0.000398684
0.000310031
0.000327131
0.000310802
0.0003386
0.000335323
0.000353308
0.000464586
0.000348961
0.00036496
0.00037594
0.000319208
0.00033761
0.000326382
0.000319377
0.000311546
0.000358954
0.000324099
0.000400236
0.000326268
0.000309987
0.000334991
0.000311843
0.000327911
0.000359641
0.00033341
0.000382419
0.000362357
0.00052383
0.000475081
0.000522064
0.000535377
0.000582743
0.000419827
0.000484851
0.00051025
0.000495194
0.000473526
0.000557918
0.000520367
0.000547974
0.000384794
0.000626944
0.000344681
0.000367949
0.000421298
0.000316097
0.000351002
0.00057648
0.000318626
0.000538047
0.000311909
0.000370984
0.000343713
0.000321609
0.000312351
0.000443899
0.000328825
0.000370162
0.000529341
0.000563115
0.000354504
0.00035354
0.000730909
0.000344524
0.000389711
0.000319564
0.000313755
0.000306386
0.000338011
0.000318487
0.000427445
0.000470711
0.000358092
0.000383636
0.000505014
0.000589882
0.000531283
0.000635695
0.000525082
0.000332963
0.000321336
0.000541243
0.000380649
0.000415719
0.000379333
0.000345028
0.000324541
0.000341603
0.000350363
0.000316565
0.000332038
0.000330686
0.000329726
0.000415362
0.00035549
0.000332102
0.00034197
0.000504083
0.000413514
0.000330963
0.000349308
0.000316021
0.000339262
0.000373189
0.000314366
0.000315444
0.000389214
0.000320757
0.000369735
0.000572144
0.000493099
0.000386441
0.00033044
0.000409026
0.000311093
0.000321893
0.000444444
0.000334984
0.000429477
0.000355515
0.000401715
0.000557878
0.000314851
0.000422903
0.000412344
0.00031039
0.000320589
0.0003199
0.000325016
0.000325596
0.000394643
0.000339798
0.000428278
0.000325617
0.000381558
0.000320671
0.000362219
0.000510017
0.000527088
0.000550104
0.000398203
0.000512157
0.000375045
0.000334553
0.000496913
0.000369735
0.000380579
0.000346424
0.000503471
0.000476221
0.000429157
0.000524751
0.00033401
0.00033302
0.000316026
0.000454544
0.000326381
0.000330292
0.000306513
0.000327043
0.000431884
0.000347218
0.000436166
0.000321863
0.0003188
0.000348864
0.000353336
0.000310552
0.000319336
0.000513432
0.000431709
0.000318723
0.00035011
0.000328905
0.000344521
0.000330398
0.000554102
0.00033886
0.000339678
0.000456635
0.000322574
0.000462346
0.000326725
0.000335389
0.000307543
0.000318735
0.000353972
0.000352715
0.000419135
0.00037182
0.000377842
0.000332177
0.000324496
0.000394389
0.000319002
0.000337642
0.000321827
0.000367412
0.000353386
0.000349745
0.000501621
0.000497516
0.00048445
0.000478641
0.000361883
0.000384268
0.000326584
0.000328787
0.000485888
0.000415736
0.000338758
0.000365923
0.000359614
0.000354513
0.000404802
0.000316022
0.000345257
0.000448581
0.00033666
0.000348801
0.000337781
0.000349292
0.000324446
0.000329532
0.00033031
0.000312314
0.00036851
0.000314027
0.000331844
0.000379878
0.000425912
0.00036154
0.000353832
0.000332903
0.000386139
0.000325476
0.000317219
0.000358084
0.000320021
0.000359917
0.000356351
0.000327892
0.000326076
0.000328807
0.000378622
0.000316271
0.000376845
0.000331156
0.00031482
0.00033052
0.000318216
0.000304589
0.000341999
0.000349413
0.000358785
0.000310962
0.000320858
0.000320038
0.000312165
0.000326275
0.000365685
0.000334937
0.000351745
0.000334835
0.00056565
0.000338425
0.0003437
0.000354256
0.000344464
0.000591742
0.000559048
0.000566195
0.000640266
0.000321998
0.00051629
0.000579758
0.000404726
0.000331662
0.000437756
0.000387005
0.000326309
0.000306922
0.000313459
0.000350088
0.000329327
0.000328381
0.000328856
0.000352504
0.000348212
0.000369728
0.000326518
0.000384201
0.000356694
0.000462393
0.000348813
0.00038221
0.000324684
0.000420994
0.000327474
0.000398993
0.000352311
0.000395806
0.000346565
0.0003293
0.00050032
0.000326345
0.000324835
0.000317325
0.00031288
0.000312966
0.000353283
0.000311142
0.000324133
0.000443536
0.000333919
0.000331323
0.000337478
0.00032214
0.000326349
0.000373144
0.000336631
0.000321639
0.000344744
0.000322785
0.000344477
0.000344826
0.000482466
0.00032827
0.000395473
0.000568279
0.000545905
0.000425241
0.000314979
0.000327359
0.000332991
0.000328085
0.000317526
0.00056844
0.000322436
0.000369787
0.000383032
0.000316042
0.000438508
0.000515358
0.000457719
0.000335984
0.000324124
0.000329892
0.000400021
0.000338134
0.00031918
0.000349284
0.000341156
0.000327584
0.000368312
0.000348318
0.000311895
0.000335259
0.000329489
0.000314024
0.000342981
0.000339388
0.000341848
0.000334271
0.000324044
0.000337607
0.000323533
0.000348865
0.000339392
0.000337096
0.000329675
0.000498806
0.000337935
0.000350309
0.000331324
0.000392051
0.000340717
0.000379552
0.000328261
0.000324559
0.000323449
0.000420782
0.000350639
0.000331382
0.000361431
0.000321956
0.000327507
0.000335226
0.000392534
0.000368516
0.000356849
0.000352041
0.000334313
0.000311446
0.000350979
0.00033709
0.000336401
0.000336185
0.000410929
0.000388633
0.000337202
0.000331309
0.000313276
0.000369617
0.00036284
0.000323308
0.000380799
0.000450319
0.000318067
0.000332523
0.000316177
0.000508109
0.000325627
0.000320981
0.00033786
0.000325321
0.000312851
0.000313244
0.000354814
0.000336645
0.000321305
0.000413749
0.000311962
0.000355088
0.000327311
0.00030475
0.000448706
0.000342696
0.000342897
0.000315176
0.000321894
0.000332746
0.00036793
0.000368578
0.000419388
0.000329681
0.000341859
0.000314974
0.000331961
0.000319306
0.000323361
0.000344349
0.000427673
0.000343006
0.000344043
0.000377666
0.000320578
0.000315289
0.000336541
0.000377264
0.00032712
0.000349518
0.000509705
0.000349275
0.000328415
0.000325231
0.000332972
0.00036304
0.000354464
0.000326627
0.000341649
0.000324441
0.000316634
0.00030827
0.000337167
0.000309666
0.000334885
0.000356075
0.000344509
0.000324093
0.000317055
0.000331929
0.000381687
0.00036539
0.000332778
0.000363622
0.000332536
0.00032712
0.000376524
0.000326414
0.000393863
0.000328475
0.000347066
0.000359592
0.00033445
0.00031909
0.000350046
0.000307262
0.000309712
0.000408804
0.000334587
0.000369456
0.000336275
0.000328926
0.000374262
0.000342238
0.000319831
0.000329781
0.000441557
0.000331423
0.000311931
0.000296492
0.00030771
0.000354627
0.000305414
0.000524405
0.000366445
0.000334543
0.000367578
0.00032178
0.00030849
0.000313577
0.000425952
0.000321869
0.000319354
0.00031031
0.000337256
0.000340037
0.000326799
0.000378745
0.000336014
0.000308732
0.000317237
0.000322204
0.000333685
0.000331269
0.000356611
0.000502521
0.000375719
0.000408626
0.000329992
0.000323851
0.000334419
0.000346283
0.000319432
0.000328854
0.000468178
0.000323246
0.000327786
0.000325749
0.000325864
0.000416159
0.000326577
0.000336391
0.000352846
0.000486144
0.000449506
0.000323175
0.000368784
0.000331311
0.000309186
0.000344717
0.000353279
0.000322914
0.000311488
0.000306763
0.000356724
0.000330007
0.000343945
0.000445836
0.00045536
0.000343311
0.000320148
0.000321649
0.000353811
0.000320979
0.000318046
0.000319298
0.000327438
0.000343713
0.000317171
0.000314349
0.000372101
0.000335469
0.000366432
0.00032955
0.000323538
0.000305136
0.000303662
0.000307385
0.000306756
0.000444061
0.000326417
0.000420116
0.000363302
0.000343332
0.000336786
0.00033163
0.000342892
0.000385984
0.000330993
0.000309759
0.000327524
0.000322603
0.000313921
0.000320924
0.000345645
0.000308247
0.00031515
0.000345878
0.000320848
0.000311375
0.000302505
0.000333845
0.000336745
0.000318457
0.000330654
0.00033988
0.000338057
0.000340774
0.000336302
0.0003183
0.000328224
0.000307847
0.000321106
0.000322323
0.000351181
0.000323706
0.000372305
0.000312881
0.000310364
0.000328288
0.000306982
0.000314108
0.000320766
0.000337431
0.000337196
0.000379567
0.00030791
0.000380491
0.000374145
0.000339492
0.000434456
0.000331018
0.000333844
0.00032458
0.000321987
0.000317672
0.000385093
0.000365074
0.000375124
0.000349099
0.00032524
0.00032608
0.000327104
0.000331
0.00036217
0.000323703
0.000318152
0.000321007
0.000312489
0.000324838
0.000312252
0.000308691
0.000321692
0.00032366
0.000356728
0.000450975
0.000357026
0.000323436
0.000326151
0.000321356
0.000330187
0.000336899
0.000328923
0.000373447
0.000337343
0.000341604
0.000315292
0.00031194
0.000310815
0.000318381
0.000331335
0.000329434
0.000481286
0.000302712
0.000365268
0.000318019
0.000319919
0.000419418
0.00033819
0.000363604
0.0003403
0.000574361
0.000323653
0.00031885
0.000375212
0.000312702
0.000385351
0.000313114
0.000301751
0.000311631
0.000340153
0.000322879
0.000318117
0.000317229
0.000329363
0.000329665
0.000307289
0.00032401
0.000311851
0.000420802
0.000566675
0.000469111
0.000341198
0.000439422
0.000314689
0.000420042
0.000351865
0.000362766
0.000426067
0.000331397
0.00032886
0.000395237
0.000319146
0.000321704
0.000312669
0.000313189
0.00036757
0.000326859
0.00032507
0.000344288
0.000599685
0.000321126
0.000315737
0.000319978
0.000328713
0.000315314
0.000366819
0.000361002
0.00035454
0.00031853
0.000322967
0.000318838
0.000324627
0.000325359
0.000325983
0.000349246
0.000327867
0.000323073
0.000323342
0.00032723
0.000346179
0.000337751
0.000309933
0.000310486
0.000310905
0.000329478
0.000314503
0.000376346
0.00047988
0.000362388
0.000317073
0.000382948
0.000322392
0.000370924
0.000486652
0.000308911
0.000398001
0.000334832
0.000319008
0.00032136
0.000315819
0.000323301
0.000327266
0.000326623
0.000327251
0.000328222
0.000347856
0.000457865
0.000395645
0.000332129
0.000313484
0.000319719
0.000317
0.000365217
0.000361578
0.000316334
0.00030985
0.00037405
0.000321877
0.000331345
0.000322102
0.000329079
0.000471651
0.000319457
0.000325012
0.000312676
0.000357454
0.000308929
0.000307489
0.000345141
0.00032001
0.000308703
0.000341316
0.000336404
0.000355358
0.000310504
0.000374125
0.000369358
0.000340407
0.000320765
0.000304363
0.000323686
0.000377215
0.000331991
0.000348807
0.000373854
0.000323852
0.000320996
0.00032036
0.000320648
0.000392056
0.000330526
0.000343054
0.000313952
0.000372117
0.000454909
0.000382489
0.000313627
0.000311828
0.00034747
0.00032325
0.000319128
0.000318957
0.000326529
0.000361637
0.00032291
0.00031244
0.000317053
0.000311593
0.000303608
0.00030139
0.000309818
0.000375114
0.000306018
0.000322426
0.000316412
0.000333113
0.000323558
0.00035892
0.000320288
0.000381048
0.000374362
0.000328737
0.000355255
0.000410635
0.00032306
0.000414206
0.000313832
0.000438675
0.000400237
0.0004205
0.000326645
0.000376353
0.000358077
0.000325074
0.000320048
0.000328934
0.000359102
0.000318357
0.00032099
0.000347278
0.000334039
0.000325856
0.000352746
0.000324984
0.000377015
0.000380597
0.000314163
0.000313872
0.000316316
0.000416972
0.00032691
0.00031396
0.000385101
0.000313523
0.000332258
0.000309985
0.00031105
0.000322535
0.000311092
0.000316021
0.000306123
0.000336051
0.000364934
0.000332385
0.00033446
0.000345922
0.000421163
0.000355311
0.000336675
0.000319065
0.000321367
0.000328991
0.000329755
0.000367735
0.000389687
0.000473845
0.000315099
0.000311965
0.000346076
0.000329917
0.000319716
0.000324081
0.000323233
0.000499768
0.000528953
0.00038948
0.000436405
0.000374984
0.000434916
0.000438865
0.000408654
0.000476862
0.000324243
0.000376695
0.000311715
0.000318927
0.0003214
0.000378711
0.000325144
0.00031741
0.000313314
0.000310914
0.000385345
0.00031047
0.000341628
0.000321568
0.00033812
0.00032546
0.000312454
0.000311391
0.000326266
0.00032803
0.000348025
0.000373925
0.000342159
0.00033254
0.000309143
0.000354497
0.000335307
0.000494623
0.000359582
0.000338684
0.000322472
0.000335351
0.000310633
0.00031259
0.000322882
0.000353986
0.000343551
0.000342716
0.000359076
0.000366859
0.000332257
0.000333343
0.00038755
0.00032802
0.000341132
0.000382836
0.000314475
0.000321009
0.000354018
0.000329001
0.000318079
0.000317651
0.000303627
0.000311523
0.000324222
0.000332895
0.000319804
0.000307535
0.00031665
0.00031507
0.000310399
0.000321511
0.000312665
0.000348494
0.000452991
0.000346445
0.000312645
0.000305333
0.000313126
0.000394866
0.000324461
0.000409276
0.000326093
0.000326381
0.000334536
0.000626121
0.000317607
0.000448383
0.000326555
0.000348642
0.000347906
0.000351534
0.000340207
0.000331259
0.000337745
0.000402461
0.00036226
0.000329044
0.000325327
0.000346209
0.000479104
0.000333141
0.000314637
0.00030412
0.000365926
0.000351601
0.000334088
0.000401163
0.000345535
0.000340737
0.00032014
0.000337957
0.000366118
0.000349943
0.000337773
0.00035744
0.000325193
0.000318761
0.000315397
0.00042679
0.000421892
0.000321553
0.000376113
0.000333998
0.00033076
0.000333067
0.000352111
0.0006249
0.00033745
0.000427831
0.000324307
0.000335141
0.000335346
0.000340893
0.00032622
0.00030037
0.000331943
0.000325697
0.000338207
0.000341427
0.000472543
0.00032268
0.000324202
0.000545704
0.000524581
0.000381739
0.000381195
0.000361623
0.000481615
0.000325362
0.000333789
0.000319905
0.000377558
0.00032583
0.000326024
0.000310603
0.000420453
0.000379632
0.000351066
0.000346556
0.000320875
0.000332453
0.000310519
0.000425365
0.00043616
0.000336639
0.000325101
0.000420923
0.000437495
0.000464113
0.000706512
0.000536714
0.000535059
0.000410991
0.000694625
0.000614415
0.000502106
0.000359811
0.000354043
0.000333809
0.000327135
0.000386797
0.000324895
0.000319629
0.000324649
0.000337557
0.000417789
0.000369339
0.000332171
0.000329631
0.000344519
0.00036425
0.000338822
0.000317323
0.000335776
0.000328941
0.000377266
0.000341078
0.000378348
0.000421661
0.000375305
0.00041149
0.00033399
0.00034509
0.000321156
0.000345901
0.000314908
0.000346822
0.000346354
0.000329605
0.000505178
0.0004552
0.000364012
0.000375273
0.000330688
0.00037324
0.000409972
0.000350959
0.000317798
0.000308972
0.000365146
0.000324939
0.000326201
0.000358096
0.000384036
0.000349869
0.000500461
0.000327206
0.000315463
0.000311786
0.000328448
0.000432007
0.000323351
0.000321492
0.000308773
0.000315834
0.00032427
0.000330819
0.000331392
0.000372372
0.000437387
0.000422828
0.000318197
0.000319534
0.000316871
0.0003462
0.00030403
0.000345136
0.00031966
0.000402043
0.000331686
0.0005205
0.000395652
0.000570692
0.00044114
0.00036667
0.000373018
0.000328869
0.000337364
0.000376368
0.00032198
0.000331986
0.000353755
0.00033577
0.000344378
0.000340385
0.00040545
0.000313646
0.000378606
0.000350045
0.000325031
0.000338347
0.000326277
0.000331956
0.000316137
0.000358989
0.000339741
0.000313937
0.000318083
0.000317284
0.000313774
0.000333639
0.000322543
0.00034599
0.000337641
0.000338013
0.000324511
0.000349198
0.000341621
0.000330668
0.000500041
0.000392415
0.000319151
0.000306726
0.000348214
0.000349958
0.00033393
0.000365749
0.000423641
0.000311489
0.000470605
0.000346
0.000326664
0.000359998
0.000330762
0.00035379
0.00060016
0.0003561
0.000317702
0.000297631
0.000382397
0.000392166
0.000381642
0.000562803
0.000357148
0.000371927
0.000397242
0.000430497
0.000394845
0.000320162
0.000321984
0.000326743
0.000315324
0.000319336
0.000326741
0.000343176
0.000311929
0.000326289
0.000381931
0.000394623
0.000327374
0.000311641
0.000320833
0.000322951
0.000337751
0.000323409
0.000426802
0.000415664
0.000434338
0.000383824
0.000322373
0.000334047
0.000309488
0.000330235
0.00045685
0.000445643
0.00032801
0.000320969
0.000353613
0.000441326
0.000549668
0.000343941
0.000334435
0.000357826
0.000332076
0.000364244
0.000388988
0.000319118
0.000403052
0.000349848
0.000500956
0.00033116
0.000395484
0.000354036
0.000600923
0.000498078
0.000325802
0.000325418
0.000408777
0.000395239
0.000336785
0.000313663
0.000320463
0.000344803
0.000322488
0.000517658
0.000346039
0.000339392
0.000390038
0.000507842
0.000322246
0.000332034
0.000357419
0.000323634
0.000333802
0.000343943
0.000587591
0.000424734
0.000337072
0.000323125
0.000345541
0.000430251
0.000453906
0.000363467
0.000346228
0.000346259
0.000355091
0.000325935
0.000330878
0.000353061
0.00038412
0.000323969
0.000389674
0.000315574
0.000442013
0.000378013
0.000351136
0.000317026
0.000315654
0.00032105
0.000301163
0.000354654
0.000321562
0.000319783
0.000308471
0.000316641
0.00031591
0.000316753
0.000323782
0.000318241
0.000325069
0.000336015
0.000326192
0.000378666
0.00043099
0.00033528
0.000324994
0.000326346
0.000323595
0.000395922
0.000482535
0.00044034
0.000563625
0.000408376
0.000579184
0.00038919
0.000365278
0.000439403
0.000334599
0.000377376
0.000329718
0.000363754
0.000327254
0.000645224
0.000321505
0.000415114
0.0005866
0.000346294
0.000311036
0.000311321
0.00032285
0.000327218
0.000311337
0.000457635
0.000304924
0.000302018
0.00031518
0.000311515
0.00032734
0.000307343
0.000371745
0.00032255
0.000411796
0.000333905
0.000377566
0.00035256
0.000329888
0.000321191
0.000324994
0.000316177
0.000338691
0.000342057
0.000324579
0.000356417
0.000373383
0.000425653
0.000327668
0.000348362
0.000330374
0.000388617
0.000444012
0.000329781
0.000349489
0.000339686
0.000351882
0.000389314
0.000374824
0.000603592
0.000330769
0.000332679
0.00041592
0.000402538
0.000680256
0.000347513
0.000358945
0.000348986
0.000485804
0.00040322
0.000417645
0.000325896
0.000522232
0.000308994
0.000403116
0.000561622
0.00031378
0.000357391
0.000367675
0.000318064
0.000310968
0.000504632
0.000326291
0.000335471
0.000319792
0.000327237
0.000394622
0.000397034
0.000417193
0.00041627
0.000376694
0.000364651
0.000391254
0.000532578
0.00040182
0.000338545
0.000323975
0.000366254
0.000531898
0.000334119
0.000426147
0.000383268
0.00037678
0.000359286
0.000390466
0.000326602
0.00043932
0.000324214
0.000336748
0.00032027
0.000335583
0.000364464
0.000487495
0.00041002
0.000321319
0.000313663
0.000354853
0.000343272
0.000350745
0.000317893
0.00035343
0.000370251
0.000338176
0.000362167
0.00031447
0.000444131
0.000472777
0.00052343
0.000512283
0.000330082
0.000371269
0.000473081
0.000356292
0.000513981
0.000380143
0.000613035
0.000590092
0.000422371
0.000562253
0.000559096
0.00050348
0.000393812
0.000370694
0.000319336
0.000402722
0.000350202
0.000357147
0.000444826
0.00040753
0.000366623
0.000337621
0.000326161
0.000400191
0.000350303
0.000325845
0.000318653
0.000368276
0.000336808
0.000315662
0.000344944
0.00036401
0.000336625
0.00032973
0.000306828
0.000322009
0.000357759
0.000322108
0.000334654
0.00037317
0.000370072
0.000381456
0.000386817
0.000498182
0.000390873
0.000343361
0.000321701
0.000578346
0.000501408
0.00046698
0.000423357
0.000313241
0.000336027
0.000332261
0.00035279
0.000505028
0.000515059
0.000408434
0.000343776
0.000350387
0.000361349
0.000332679
0.000329627
0.000365651
0.0003147
0.000310178
0.00031785
0.000488172
0.00037575
0.000397001
0.000388506
0.000315933
0.00032344
0.000490716
0.00035521
0.000369269
0.000334105
0.000319312
0.000307512
0.000373417
0.00032112
0.000323488
0.000312522
0.000391502
0.000331506
0.0004887
0.000431202
0.000349664
0.000412942
0.000403161
0.000338818
0.000333634
0.000351539
0.000311139
0.000319641
0.000340675
0.000322298
0.000320525
0.000321584
0.000360667
0.000495884
0.000470297
0.000330247
0.000348044
0.000336906
0.000339176
0.000318097
0.000313847
0.000309924
0.000376082
0.000489388
0.000447148
0.000343565
0.000308569
0.000309553
0.00034239
0.000401517
0.000343269
0.000530176
0.000510168
0.000396007
0.000328692
0.000403258
0.000521168
0.000502697
0.000541153
0.000892319
0.000547036
0.000498771
0.000492202
0.000606734
0.000403957
0.000321482
0.000313831
0.000427536
0.000323006
0.000334695
0.000325007
0.00034347
0.000372237
0.000333692
0.000314859
0.00044073
0.000323476
0.00039367
0.000338962
0.000388135
0.000514629
0.000399777
0.000319092
0.000430884
0.000326292
0.000343324
0.000324639
0.000318876
0.000330557
0.000383922
0.000311357
0.000344636
0.000335373
0.000389152
0.000329326
0.000318669
0.000329137
0.000366299
0.000373368
0.000430077
0.00038895
0.000353119
0.000589163
0.000405517
0.00031844
0.000337665
0.000316143
0.000646823
0.000449708
0.000380044
0.000509304
0.00033225
0.000347618
0.000328573
0.000318816
0.000372773
0.000359387
0.000312692
0.000331945
0.000315738
0.000542487
0.000330031
0.000321765
0.00031245
0.000341526
0.000301944
0.000316544
0.000314301
0.000309929
0.00032636
0.000312424
0.000334268
0.000317153
0.000315896
0.000395435
0.000324649
0.000317425
0.00036126
0.000343963
0.000446112
0.000342644
0.00045891
0.000425071
0.000376662
0.000332522
0.000363674
0.000331195
0.000318174
0.000328068
0.000336966
0.000522377
0.000396471
0.000368851
0.000339196
0.000332837
0.000316532
0.000327893
0.000332114
0.000337019
0.000353561
0.000314487
0.000344325
0.000501404
0.000431233
0.000412213
0.000764857
0.000320035
0.000317554
0.000323907
0.00032119
0.000330688
0.000323399
0.000327523
0.000349563
0.000322772
0.000323228
0.000318672
0.000341974
0.000330176
0.000327083
0.000319905
0.000326607
0.000313733
0.00035875
0.000331457
0.000337906
0.000349648
0.000404264
0.000349833
0.000366554
0.000484303
0.000319693
0.000463434
0.000408427
0.000594406
0.000361983
0.000329039
0.000309798
0.000308913
0.000330889
0.000326064
0.000329543
0.000322887
0.000313266
0.000323494
0.000318487
0.00031398
0.000381295
0.000334766
0.000321551
0.000313263
0.000352336
0.000312125
0.000311836
0.000322879
0.000306405
0.000311015
0.000408676
0.000329856
0.000331118
0.000320335
0.00032798
0.000343763
0.000328512
0.000320516
0.000317044
0.000331745
0.000327442
0.000344531
0.000320647
0.000340103
0.000319781
0.000505988
0.000343633
0.000315704
0.000406796
0.000330824
0.000334159
0.00034015
0.000330102
0.000326959
0.000528232
0.000638845
0.00034472
0.000345822
0.000331962
0.000335511
0.000337759
0.000315783
0.000624743
0.000359009
0.000471682
0.000359593
0.000384317
0.000321861
0.000311519
0.000323187
0.00033663
0.000408815
0.000369287
0.000434822
0.000443796
0.000415859
0.000325136
0.000334518
0.000319531
0.000321123
0.000317739
0.000323503
0.000353341
0.000318403
0.000370842
0.00034042
0.000505689
0.000457995
0.000339294
0.000414687
0.000551331
0.000356403
0.000343402
0.000394794
0.000421581
0.000335693
0.000391058
0.000350361
0.000462731
0.000342147
0.000412257
0.000479672
0.000318927
0.000330945
0.000425513
0.000317011
0.000324986
0.000367882
0.000466526
0.000428592
0.000367187
0.000306495
0.000326821
0.000339132
0.000317911
0.000326777
0.000323537
0.00044337
0.000317958
0.000333361
0.000323167
0.000307645
0.000340253
0.000336199
0.000322033
0.000391943
0.000372384
0.000354272
0.0003555
0.000318435
0.000332982
0.000315979
0.00036011
0.000446864
0.000328586
0.0004526
0.000331659
0.000407727
0.000343562
0.000326858
0.00032309
0.000401555
0.000378199
0.000488502
0.000445413
0.000318151
0.000334033
0.000379377
0.000317885
0.000326665
0.000501136
0.000443388
0.000583756
0.000343011
0.000334644
0.000450092
0.00037592
0.000313745
0.000302803
0.000344651
0.000397867
0.000335122
0.000315845
0.000347354
0.000337412
0.000317707
0.000323649
0.000406321
0.000312208
0.000344502
0.000306257
0.000316669
0.0004939
0.00035816
0.000395984
0.000363747
0.000412013
0.000323611
0.000319314
0.000436308
0.000316771
0.000334859
0.000339935
0.00043655
0.000331506
0.000325095
0.000349884
0.000359848
0.000328975
0.000317893
0.000329862
0.000326461
0.000312412
0.000332904
0.000323838
0.000319768
0.000368036
0.000330098
0.000312309
0.000324815
0.000370415
0.000335899
0.000325587
0.000337269
0.000322668
0.00032278
0.000317456
0.000324519
0.000309555
0.000319795
0.000332277
0.000453399
0.000308181
0.000303316
0.000317844
0.000315287
0.000337825
0.00036857
0.000327996
0.000337425
0.000330193
0.000319339
0.000346898
0.000321287
0.00050063
0.00040457
0.000352012
0.000318095
0.000341
0.000377042
0.000379277
0.00046139
0.000311071
0.000320264
0.000321831
0.000351358
0.000385657
0.000318111
0.000392291
0.000322059
0.000328467
0.000370957
0.000358607
0.000483011
0.000327266
0.000347244
0.000404206
0.000319585
0.000312469
0.000329821
0.000318569
0.000344806
0.000325047
0.000335825
0.000306653
0.000347849
0.000310243
0.000323105
0.000373171
0.000318943
0.000330313
0.000335318
0.00032833
0.000319854
0.000321139
0.000330514
0.000351807
0.000311037
0.000392956
0.000339774
0.000337857
0.000348909
0.000380031
0.00036293
0.000340323
0.000316325
0.000312972
0.000311981
0.000342637
0.000323216
0.000362999
0.000325908
0.000307998
0.000326104
0.000346771
0.000319237
0.000312205
0.000315297
0.00032961
0.000407575
0.000528795
0.000329244
0.000323779
0.000377492
0.000333475
0.000443196
0.000367194
0.000329349
0.000335229
0.000338226
0.000328555
0.000333834
0.000312237
0.000316539
0.000536012
0.000318102
0.00034641
0.000319816
0.000355918
0.000323547
0.000303854
0.000328057
0.000310516
0.000310163
0.000395096
0.000447515
0.000317285
0.000319964
0.000379236
0.000646632
0.00035467
0.000501311
0.000305566
0.000306755
0.000335361
0.000322721
0.000329914
0.000327731
0.000411517
0.000309942
0.000332146
0.000360635
0.00030394
0.000313457
0.000331139
0.000544754
0.00031308
0.000336287
0.00031844
0.000320845
0.000322222
0.0003497
0.000373344
0.000330658
0.000318861
0.000345265
0.000309728
0.000351081
0.000320564
0.000360787
0.000332878
0.0003239
0.000326788
0.000443761
0.00038944
0.000432422
0.000410079
0.000321038
0.00031991
0.000305118
0.000322155
0.000332408
0.000342776
0.000325981
0.000329112
0.00034044
0.000330187
0.000427008
0.000313071
0.00031707
0.000315382
0.000307252
0.000342301
0.000327772
0.000325095
0.00031704
0.000440416
0.000321754
0.000329889
0.000323145
0.000325912
0.000400589
0.000318567
0.000349557
0.00032383
0.00034225
0.000329732
0.000379014
0.000341665
0.000340717
0.000333255
0.000324969
0.000341318
0.000422877
0.000378087
0.000508107
0.000335562
0.000376853
0.000341665
0.000330185
0.000320919
0.000319173
0.000324534
0.000315063
0.000322541
0.00039556
0.000372274
0.000351524
0.000326222
0.000336603
0.000363513
0.000324977
0.000340905
0.000375848
0.000336606
0.000333573
0.000338316
0.000334073
0.000309107
0.000303446
0.000318292
0.000317379
0.000314505
0.000303377
0.000334617
0.000312311
0.000320599
0.000332098
0.000332371
0.000327033
0.000325722
0.000348615
0.000338052
0.000375755
0.000350626
0.000326537
0.000330873
0.000320739
0.000315199
0.000327423
0.000319718
0.000545319
0.000319557
0.000329121
0.000335766
0.000376848
0.00031338
0.000326552
0.000322574
0.000328242
0.000341213
0.000333641
0.000363405
0.000371793
0.000312431
0.000305111
0.000327509
0.00043204
0.000372823
0.000324491
0.000375261
0.000338202
0.000352714
0.000312966
0.000322684
0.000324473
0.000320304
0.000377477
0.000324086
0.000323225
0.000350879
0.000334773
0.000403705
0.000354583
0.000329718
0.000322667
0.000308689
0.000463902
0.000338832
0.00034374
0.000418297
0.000365379
0.000319889
0.000302024
0.000305808
0.000304092
0.000313247
0.000350292
0.000368847
0.000342578
0.000305196
0.000340638
0.000630173
0.000323514
0.000441241
0.00043281
0.000348855
0.000322123
0.000408073
0.000326046
0.000309197
0.000317945
0.000470065
0.000323827
0.000359418
0.000332996
0.000330688
0.000326227
0.000336104
0.000326974
0.000311231
0.000306131
0.000317011
0.000312247
0.000316954
0.00031517
0.000300061
0.000327137
0.000338451
0.000341138
0.000331816
0.000312798
0.00035849
0.000335049
0.000517918
0.000359262
0.000372877
0.000359533
0.0003108
0.000322115
0.000310287
0.000323335
0.000314217
0.000344828
0.000404334
0.000341966
0.000327615
0.000317944
0.000327145
0.000316445
0.000445128
0.000317905
0.000322562
0.000339289
0.000313173
0.000317356
0.000325357
0.000319148
0.000345179
0.000320373
0.000337292
0.000540429
0.000464862
0.000313598
0.000376599
0.000327558
0.000316213
0.00032342
0.000327022
0.000318855
0.000333319
0.00036841
0.000311824
0.000324472
0.000342452
0.000339689
0.000331281
0.00046818
0.000320281
0.000329911
0.00049612
0.000330625
0.000358072
0.000334741
0.000336566
0.000369016
0.000315974
0.000314209
0.000359667
0.000346412
0.00031907
0.000424188
0.000402362
0.000312357
0.000309302
0.000314658
0.000327677
0.000328699
0.000322156
0.000362357
0.00032552
0.000317211
0.000429939
0.000387347
0.000364141
0.000329829
0.000335602
0.000397433
0.000336688
0.000392141
0.000363292
0.000328892
0.00034434
0.000317076
0.000333518
0.000335626
0.000322894
0.0003122
0.000318839
0.000414835
0.000310136
0.000337062
0.000339701
0.000331
0.000369906
0.000323738
0.000396787
0.000381819
0.000338118
0.000319071
0.000312316
0.000323541
0.000319902
0.000308425
0.000318016
0.000372133
0.0003245
0.000334786
0.000339197
0.000318159
0.000341525
0.000371379
0.000330271
0.000344146
0.000357074
0.000351246
0.000342814
0.00033284
0.000321
0.000328842
0.000446615
0.00035755
0.000331539
0.000332074
0.000449275
0.000335168
0.000395066
0.000320265
0.00032385
0.000299418
0.000311808
0.000362452
0.00031566
0.000307608
0.000321086
0.000437488
0.000341095
0.000327844
0.000479042
0.000330384
0.000336496
0.000323829
0.000340188
0.000345751
0.000333777
0.00037536
0.000335054
0.000310063
0.000315968
0.000303894
0.000333343
0.000481334
0.000323553
0.000314872
0.000321713
0.000487833
0.000352756
0.000328504
0.000391329
0.000527788
0.000639906
0.000328189
0.000389446
0.00032602
0.000319829
0.000315326
0.000382854
0.000367189
0.000403006
0.000447078
0.00039669
0.000406653
0.000371959
0.000317122
0.000319136
0.000313038
0.000414738
0.000364096
0.000324717
0.000396807
0.000325407
0.000321215
0.000335824
0.000348847
0.000353985
0.000325375
0.000345111
0.000356394
0.000317553
0.000320591
0.000325731
0.000327451
0.000316451
0.00035078
0.000312153
0.00032335
0.000316164
0.000335943
0.000348733
0.000357504
0.000362566
0.000351363
0.000348885
0.000332722
0.000428184
0.000325499
0.000335062
0.000321608
0.00034653
0.00033437
0.000310238
0.000318733
0.000327486
0.000348006
0.000337868
0.000350545
0.000365798
0.000335165
0.000319383
0.000324439
0.000334069
0.000324044
0.000338893
0.00037625
0.00035385
0.00030061
0.000333668
0.00031307
0.000330135
0.000372464
0.000341738
0.000482214
0.000369468
0.000343312
0.000358793
0.000364167
0.000387689
0.000321437
0.00034908
0.000341609
0.000327811
0.000331707
0.000382636
0.000421431
0.000318491
0.000343536
0.000328624
0.000328232
0.000318674
0.000313197
0.000325626
0.00030785
0.00031608
0.000308985
0.000385263
0.000504432
0.000384395
0.000333742
0.000366583
0.000317889
0.000324651
0.000321819
0.000401764
0.000341096
0.000344233
0.000353757
0.000321378
0.000321594
0.00032709
0.000338803
0.000373334
0.000327322
0.000310664
0.000320982
0.000323236
0.000331487
0.000341775
0.000331281
0.000430885
0.000344712
0.000326952
0.000314518
0.000356181
0.000320321
0.000319553
0.00029861
0.000378447
0.000322699
0.000345892
0.000408588
0.000319843
0.000305929
0.000336525
0.00036634
0.000320995
0.000343642
0.000384816
0.000313098
0.000312183
0.000307615
0.000319403
0.000341628
0.000320256
0.000305834
0.000311193
0.000351783
0.000315161
0.000317326
0.000319183
0.000316912
0.000317387
0.000339106
0.000327716
0.00031932
0.000317956
0.000328633
0.000348917
0.000335979
0.000322167
0.00031326
0.000321639
0.00031541
0.000322625
0.000347143
0.000597578
0.000378767
0.000323309
0.000313051
0.000339053
0.000324735
0.000321939
0.000394799
0.00031995
0.000297196
0.000353034
0.000383183
0.00033096
0.000320412
0.0004158
0.000344224
0.00031194
0.00030768
0.000450644
0.000316636
0.000312357
0.00031937
0.000311984
0.00035735
0.000332314
0.000328646
0.000412832
0.000362471
0.000337094
0.000317737
0.000322348
0.000334542
0.000342768
0.000365149
0.000355158
0.00032568
0.00032301
0.000317313
0.000327131
0.000326342
0.00034169
0.000345147
0.000348611
0.000319785
0.000333685
0.000331122
0.000397825
0.000362341
0.000360427
0.000345702
0.000323339
0.000333237
0.000329073
0.000329706
0.000313526
0.000396144
0.000320228
0.000321745
0.000486688
0.000328224
0.000315862
0.000326913
0.000319292
0.000315445
0.00031732
0.00034581
0.000327564
0.000313265
0.000315631
0.000319382
0.000309146
0.000323867
0.000318968
0.000320537
0.000337324
0.000346575
0.000338336
0.000333901
0.000395299
0.000317124
0.000323646
0.000310064
0.000334037
0.000331096
0.000354376
0.000353542
0.000339397
0.000354163
0.000357445
0.000333892
0.000401911
0.000317252
0.000341392
0.000350725
0.000329054
0.000352682
0.00032545
0.000324846
0.000326696
0.000347431
0.000331692
0.000318424
0.00036066
0.000325757
0.000323674
0.000449708
0.00032089
0.000322337
0.000315189
0.000329967
0.00036788
0.000565796
0.000470487
0.0003131
0.000331977
0.000454716
0.00035172
0.000320479
0.000310746
0.000451319
0.00032029
0.000367826
0.000324897
0.000320364
0.000325278
0.000316464
0.000394572
0.000326064
0.000322474
0.00035436
0.000348865
0.000345569
0.000315156
0.000317086
0.000338585
0.000357728
0.000304358
0.000318121
0.000319371
0.000348322
0.000353065
0.000313721
0.000332696
0.000375418
0.000312384
0.00032381
0.000329904
0.000338181
0.000330555
0.000318285
0.000326912
0.000396856
0.000369902
0.000341811
0.000315159
0.000450869
0.000429566
0.00043788
0.000327576
0.000323439
0.000337563
0.00036043
0.000362955
0.000333161
0.000326605
0.000319733
