1.57487
1.46856
1.43196
1.45116
1.44064
1.40819
1.41751
1.77607
1.39821
1.49713
1.44598
1.40689
1.37186
1.54377
1.4328
1.60468
1.44069
1.47272
1.46476
1.47649
1.35943
1.37892
1.33523
1.46696
1.54615
1.65905
1.42872
1.58461
1.49713
1.37511
1.85254
1.40206
1.36867
1.4297
1.50548
1.45514
1.44845
1.52704
1.41554
1.42126
1.57849
1.48689
1.43014
1.42096
1.6693
1.49667
1.44968
1.39453
1.39725
1.47836
1.49468
1.6626
1.42328
1.46304
1.52826
1.34367
1.45243
1.4451
1.48679
1.47777
1.48912
1.37238
1.45562
1.64345
1.41431
1.4083
1.41869
1.42571
1.4378
1.40514
1.43595
1.57095
1.38727
1.4595
1.36494
1.48403
1.34546
1.38503
1.43535
1.42212
1.38992
1.70198
1.51404
1.4197
1.43759
1.39558
1.40206
1.43429
1.44291
1.50943
1.56907
1.37656
1.37161
1.57204
1.38828
1.45277
1.4394
1.67772
1.47046
1.42719
