839.276
826.829
834.723
1094.1
824.53
829.053
824.906
822.236
823.045
823.229
829.946
823.571
844.029
832.94
831.618
970.317
952.017
968.091
948.556
971.713
970.853
983.305
953.62
825.867
920.829
967.959
935.018
942.109
993.628
969.212
1000.65
962.589
943.292
935.473
956.155
839.797
875.242
1145.95
822.101
870.412
868.651
831.034
837.981
846.133
864.781
835.382
856.513
827.215
833.666
844.014
833.668
817.533
829.657
836.222
841.389
864.383
835.897
832.432
822.882
805.529
848.337
841.289
835.042
822.137
823.123
823.99
823.365
828.816
832.589
833.215
828.071
837.355
834.116
824.09
840.11
844.306
969.426
948.988
968.364
984.215
993.162
949.739
978.911
954.346
967.15
958.467
958.097
970.629
971.987
950.296
975.087
970.028
982.659
917.281
959.699
981.358
984.268
861.005
865.66
829.421
