0.000340057
0.000333365
0.00034186
0.000357495
0.000329002
0.000329778
0.000335935
0.000330504
0.000337049
0.000331437
0.000350756
0.000403646
0.000347032
0.000398038
0.000437239
0.000367147
0.000320465
0.000346457
0.000347267
0.000330908
0.000320574
0.000445568
0.00035824
0.000382128
0.000349612
0.00043516
0.000323834
0.00035385
0.000454645
0.00034052
0.000347335
0.000350466
0.000319343
0.000330182
0.000319287
0.000330587
0.0003443
0.000346389
0.000380449
0.000336193
0.000349912
0.000330733
0.000340813
0.000339852
0.000336793
0.000321365
0.000332059
0.000345647
0.000324677
0.000333855
0.000326367
0.000345955
0.000394253
0.000360215
0.000366473
0.000426802
0.000337198
0.000333361
0.000378365
0.000338253
0.00048366
0.000347388
0.000346689
0.000350874
0.000361233
0.000345995
0.00035853
0.000382491
0.00032962
0.000356147
0.000345375
0.000357967
0.000329003
0.000555282
0.000349063
0.000354094
0.000338496
0.000425833
0.000403134
0.000338363
0.000347989
0.000316303
0.000378236
0.000431157
0.000343019
0.000369516
0.000427939
0.000324917
0.000494004
0.000332208
0.000320764
0.000338921
0.000431111
0.000340069
0.000440881
0.000342875
0.000349824
0.000323069
0.000413066
0.000332765
0.000326559
0.000338636
0.000332898
0.000432148
0.000417754
0.000371553
0.000350752
0.000332783
0.00033606
0.000340686
0.000430269
0.000386627
0.00033655
0.000404139
0.000321775
0.000464846
0.000364931
0.000334559
0.000385163
0.000361261
0.000329742
0.000321303
0.000348234
0.000337474
0.000340485
0.000326886
0.000333316
0.000324935
0.00034375
0.000399109
0.000484965
0.000661742
0.000344969
0.000604431
0.000483132
0.000341171
0.000343971
0.000361665
0.000350315
0.000391907
0.000397043
0.000422904
0.000348222
0.000385332
0.000449673
0.000429289
0.000320364
0.000336483
0.000330923
0.000334793
0.00035926
0.000337991
0.000366486
0.000347441
0.000335448
0.000412891
0.000386261
0.000373069
0.000402116
0.000357378
0.000340144
0.000441863
0.000329564
0.000354105
0.000332698
0.000351674
0.000333726
0.000338313
0.000347106
0.000340132
0.00040043
0.000325615
0.000346201
0.00032738
0.000346775
0.000335128
0.000319297
0.000322036
0.000317481
0.00031717
0.000354276
0.000346994
0.000324557
0.000357249
0.000337637
0.000324072
0.000444202
0.000351746
0.000335344
0.000397827
0.000608361
0.000388278
0.000346886
0.000326762
0.000326161
0.000337154
0.000358085
0.000570785
0.000418587
0.000385585
0.000337489
0.000370829
0.000320648
0.00046851
0.000449719
0.000338673
0.000338277
0.00033253
0.000313911
0.000393028
0.000349761
0.000333755
0.000493991
0.000347923
0.00034263
0.000332503
0.000345281
0.000524469
0.000322757
0.000393824
0.000314537
0.00037086
0.000332724
0.00033284
0.000334956
0.000334227
0.00034475
0.000404504
0.000379526
0.000323276
0.00034435
0.00032217
0.000337051
0.000345029
0.000362077
0.000324924
0.000328767
0.000326648
0.000340785
0.000369718
0.000442176
0.000341838
0.000356198
0.000360392
0.00034283
0.000334547
0.000324638
0.000426229
0.000395046
0.000361612
0.000331487
0.00032428
0.0003289
0.000329042
0.000396655
0.000318804
0.000335815
0.00032371
0.000331721
0.000337178
0.000329216
0.0003324
0.000362698
0.000435888
0.000328958
0.000361105
0.00033523
0.000337921
0.000389101
0.000333691
0.000387156
0.000458531
0.00032606
0.000473021
0.000623609
0.000387655
0.000456211
0.000364237
0.000348237
0.000380757
0.000316068
0.000336044
0.000426658
0.000340932
0.00037604
0.000402244
0.000327974
0.000369836
0.00036177
0.000362144
0.00033368
0.00057986
0.000325659
0.000363107
0.00032096
0.0003466
0.000327318
0.000334112
0.000352936
0.000330403
0.000325318
0.000363382
0.000526992
0.000353724
0.000346552
0.000336056
0.000324865
0.00054111
0.000320564
0.000355941
0.000350757
0.000331743
0.000337551
0.000331487
0.000332023
0.000330939
0.000325021
0.000362671
0.000337702
0.000352658
0.000394886
0.000401089
0.000527031
0.000337225
0.000372856
0.000335752
0.00033274
0.00033877
0.00033905
0.000419406
0.000531936
0.000327985
0.000432832
0.000346486
0.000385458
0.000381051
0.000333622
0.000324673
0.000355399
0.000413671
0.000355457
0.00039393
0.000335242
0.000337631
0.000344542
0.0003389
0.000360192
0.000329238
0.000347196
0.000327134
0.000366082
0.000391444
0.000337933
0.000357007
0.000343955
0.000339678
0.000340935
0.000394669
0.000318859
0.000317767
0.000344752
0.000411795
0.000356905
0.000328348
0.000333693
0.000355902
0.000343615
0.000340694
0.000345455
0.000333661
0.000368449
0.000327167
0.000332708
0.000354891
0.000341968
0.00036731
0.000368743
0.00033508
0.000327567
0.000439955
0.000323499
0.000345492
0.000326768
0.000396892
0.000329817
0.000334399
0.000351452
0.000332627
0.000398143
0.00033245
0.00043513
0.000330769
0.000352382
0.000360224
0.000354148
0.000338195
0.000334097
0.000362995
0.000364865
0.000327932
0.000318656
0.000322439
0.000369685
0.000346946
0.000343391
0.000338588
0.000363427
0.000397806
0.000374403
0.000384022
0.000448048
0.000377994
0.00050157
0.000348435
0.000350412
0.000325562
0.000340114
0.000394833
0.000328539
0.000495797
0.000392888
0.000366973
0.000347434
0.000385309
0.000537775
0.000327511
0.000340131
0.000340496
0.000322791
0.000335987
0.000342561
0.000348177
0.000343369
0.000429137
0.000405694
0.000329738
0.000340212
0.000345242
0.000320795
0.000651552
0.000378117
0.000378687
0.000409633
0.000391186
0.000341078
0.0003485
0.00036448
0.000330014
0.000377068
0.000330819
0.000348321
0.000425143
0.00042076
0.00048438
0.000318451
0.000331099
0.000397028
0.000411699
0.00032428
0.000446039
0.000511645
0.000607647
0.000381526
0.000454914
0.000366972
0.00057455
0.000493522
0.000383491
0.000487422
0.000325649
0.000388698
0.000335439
0.000334008
0.000324162
0.000343526
0.000387074
0.000388237
0.000352845
0.000347226
0.000570887
0.000510597
0.000430753
0.000556553
0.000341948
0.000341723
0.000337267
0.000529784
0.000583426
0.000334226
0.000362725
0.000438392
0.000700095
0.000331262
0.000344744
0.000316424
0.000315317
0.000387556
0.000440312
0.00035448
0.000349975
0.000373906
0.000411971
0.000413902
0.000399368
0.000366292
0.000338284
0.000404182
0.000414894
0.000325735
0.000350218
0.000408048
0.000328687
0.000352682
0.000367931
0.000356361
0.000341002
0.000329145
0.000438286
0.00032298
0.000401697
0.000378377
0.00033555
0.000330264
0.000334511
0.000415081
0.000335937
0.000463841
0.000370441
0.000372377
0.00055076
0.000412436
0.00035909
0.000343703
0.000342857
0.000333079
0.000350745
0.000378677
0.000370423
0.000442162
0.000332584
0.000428361
0.00056931
0.000322356
0.000492912
0.000569264
0.000344344
0.000347589
0.000504044
0.000337921
0.000355381
0.000333806
0.000459206
0.000343624
0.000348246
0.000376122
0.000329587
0.000343608
0.000379869
0.000327378
0.000338044
0.000426645
0.000549855
0.000392297
0.000456382
0.000540953
0.000389457
0.000350952
0.000578569
0.00035883
0.0003707
0.000643097
0.00058728
0.000433219
0.000415867
0.000463578
0.000503262
0.000500448
0.000345936
0.000524282
0.000367431
0.000542922
0.000425492
0.000539315
0.00060989
0.000390625
0.000373568
0.000350964
0.000353994
0.000350516
0.000353012
0.000333218
0.000348015
0.000325177
0.000328323
0.000394019
0.000496113
0.0003261
0.000544878
0.000381473
0.000321448
0.000327028
0.000326862
0.000322372
0.000446432
0.00033509
0.000343806
0.000320302
0.000582964
0.000327545
0.000333876
0.000337954
0.000332378
0.000332806
0.000344439
0.000317551
0.000338557
0.000450002
0.000515925
0.000608529
0.000355509
0.000518688
0.000325018
0.00040243
0.000419508
0.000347065
0.000320839
0.000365292
0.000338991
0.000339428
0.000347486
0.000345368
0.000319272
0.000328907
0.000336065
0.000340822
0.000345315
0.000331598
0.000489236
0.000342177
0.000332607
0.00034505
0.000370925
0.000350169
0.000431345
0.000329719
0.000406509
0.000402286
0.000403853
0.000414259
0.000393107
0.000374871
0.000369776
0.000359165
0.000341413
0.000348389
0.000348548
0.000334866
0.000325627
0.000338835
0.000387075
0.000347459
0.000321929
0.000321292
0.000465369
0.000361284
0.000327629
0.000438261
0.000331113
0.00034297
0.000318824
0.000343926
0.000407462
0.000317476
0.000431219
0.000376939
0.000337403
0.000407978
0.000325899
0.000351257
0.000341004
0.000376399
0.000326145
0.000413797
0.000410319
0.000334437
0.000374874
0.000394982
0.000474734
0.000351324
0.000332488
0.000640043
0.000389092
0.00039969
0.000400606
0.000414048
0.000378899
0.000355559
0.000329815
0.000331221
0.000352214
0.00035244
0.000781599
0.000368253
0.000404987
0.000415296
0.000348087
0.000365504
0.000325851
0.000427713
0.000397441
0.000330315
0.00035121
0.000319301
0.000333908
0.000420163
0.000334929
0.000323263
0.00035428
0.000318693
0.000331435
0.000333941
0.000329241
0.000348048
0.000324187
0.000408755
0.000385508
0.000346455
0.000325145
0.00034872
0.000499517
0.000352077
0.000393136
0.000387696
0.000335443
0.000349921
0.00034313
0.000329299
0.000339219
0.000354257
0.000328821
0.000416679
0.000364507
0.000368138
0.000328035
0.000327662
0.00034153
0.000489366
0.000322403
0.000325316
0.00036815
0.000340261
0.000330525
0.000394334
0.000326642
0.000320206
0.000437838
0.000345528
0.000373423
0.000366783
0.00035883
0.000341119
0.000331607
0.000345773
0.000324822
0.000348281
0.00033571
0.000327513
0.00034252
0.00031376
0.00039267
0.000365649
0.000333554
0.000332442
0.000327208
0.000345392
0.000337117
0.000513014
0.000343228
0.000346484
0.000315911
0.000375929
0.000333827
0.000372988
0.00040991
0.000346786
0.000349919
0.000324983
0.000340568
0.000334706
0.000326968
0.000338669
0.000328542
0.000335966
0.000347896
0.00040824
0.000384922
0.000490993
0.000448923
0.000331279
0.000331798
0.000334245
0.000322602
0.000354173
0.000327677
0.000352955
0.000327164
0.00032944
0.000344219
0.000346014
0.000327731
0.00031833
0.000322745
0.000325409
0.000331247
0.000339527
0.000403179
0.000335944
0.0003398
0.000353505
0.000331191
0.000322279
0.000321503
0.000343144
0.000379321
0.000389868
0.000324149
0.000376086
0.000432944
0.000350869
0.000376582
0.000346841
0.000402141
0.00032331
0.000319099
0.000354624
0.00035329
0.000331303
0.000495761
0.000463604
0.000452319
0.000428255
0.000316952
0.000327884
0.000403849
0.000406906
0.000350279
0.000324047
0.000317358
0.000326678
0.000343455
0.000329674
0.000334183
0.000327934
0.000390816
0.0003233
0.000324233
0.000319556
0.000331752
0.000435884
0.000323911
0.000337694
0.000327777
0.00032739
0.000381534
0.000351078
0.000445606
0.000395445
0.000384315
0.00040161
0.000361814
0.000335477
0.00032715
0.000448658
0.000495998
0.000746282
0.000354868
0.000328087
0.000328807
0.00032747
0.000321852
0.000393669
0.000366569
0.000354774
0.000313339
0.000323208
0.000334668
0.000430957
0.000427089
0.000354213
0.000331971
0.000326577
0.00032558
0.000345958
0.000337657
0.00034704
0.000446929
0.000327677
0.000331714
0.000331502
0.000323529
0.000388628
0.000367719
0.000378009
0.000393462
0.000372466
0.000330505
0.000343859
0.000332894
0.000325966
0.000329987
0.000321204
0.00040684
0.000345953
0.000430824
0.000329927
0.000322344
0.000594704
0.000515525
0.000400656
0.000400633
0.000332405
0.000348324
0.000319355
0.000343512
0.000543377
0.000324841
0.000467757
0.000633731
0.000449006
0.00044669
0.000370367
0.000374896
0.000344734
0.000342693
0.000333784
0.000394231
0.000323091
0.000350555
0.000342847
0.000316407
0.000317814
0.000342433
0.000347365
0.000358034
0.000342687
0.000315464
0.00042635
0.000373471
0.000339834
0.000316467
0.000334608
0.000358026
0.000335017
0.00042207
0.000324731
0.000387914
0.000539144
0.000376622
0.000376953
0.000340386
0.000335212
0.000393035
0.000334671
0.000335554
0.000374555
0.000343585
0.000356663
0.000352815
0.000403906
0.000435827
0.000329832
0.000498841
0.00037277
0.000431689
0.000323431
0.000421417
0.000329291
0.000332233
0.000360524
0.000393717
0.000391358
0.000388282
0.000346499
0.000318479
0.000382721
0.000323496
0.00031715
0.000339855
0.000385206
0.000680226
0.000642464
0.000366269
0.000434699
0.000497472
0.000430322
0.000649135
0.000378472
0.000436115
0.000345164
0.000367182
0.000345049
0.000436714
0.000546381
0.000436885
0.000337028
0.000331373
0.000330467
0.000550822
0.000340153
0.000398314
0.000393594
0.000409056
0.000454302
0.000462351
0.00050546
0.000336369
0.000339963
0.000339592
0.000323937
0.0003699
0.000422662
0.000356747
0.000476014
0.00035231
0.000455608
0.000448584
0.00033677
0.000341304
0.000337925
0.000402511
0.000335195
0.000331514
0.000338112
0.000362963
0.000400204
0.000342166
0.000440798
0.000326017
0.000466679
0.000400879
0.000401217
0.000329167
0.000342278
0.000368139
0.000342987
0.000336193
0.00033198
0.000341329
0.000409638
0.000339351
0.000378588
0.000391114
0.000342723
0.000337125
0.000398778
0.000361416
0.000327653
0.000330854
0.000330486
0.000323332
0.000570409
0.000349502
0.000335076
0.000337559
0.000340234
0.000464749
0.000375977
0.000335047
0.000331624
0.00031843
0.00033099
0.000328131
0.000408645
0.000421487
0.000340855
0.000334144
0.000332207
0.000335133
0.0003645
0.000408742
0.000354235
0.000374822
0.000326675
0.000320007
0.000354609
0.000378198
0.000335649
0.000332181
0.000347104
0.000372429
0.000370451
0.000338427
0.000334997
0.00036582
0.000347578
0.00032883
0.000357948
0.000371668
0.00032692
0.000413418
0.000423926
0.000330396
0.000353191
0.000358767
0.00033559
0.000345043
0.00041224
0.000322429
0.000316335
0.00034012
0.000328106
0.00033127
0.000377939
0.000325995
0.000337372
0.000341461
0.000339471
0.000335198
0.000332568
0.000468199
0.000343325
0.000340837
0.000337878
0.00035326
0.000361621
0.000309565
0.000348839
0.000456828
0.00034565
0.000377059
0.000475859
0.000354433
0.000330809
0.00038173
0.000414021
0.000334452
0.000374745
0.000344342
0.00033355
0.000356495
0.000327639
0.000338376
0.000357038
0.000384007
0.000361544
0.000341243
0.000379941
0.000381274
0.000452633
0.000328992
0.000338491
0.000343292
0.000320822
0.00033484
0.000334565
0.000328271
0.000333993
0.000342276
0.000330847
0.000335587
0.000329714
0.000385586
0.000347896
0.000317236
0.000339212
0.000336684
0.000340639
0.000349289
0.000441272
0.000418708
0.000357398
0.00038017
0.000339933
0.000332776
0.000340242
0.000375929
0.000330462
0.000382949
0.000392475
0.000376614
0.00033017
0.0003707
0.000325254
0.000337989
0.000336141
0.000388438
0.000331926
0.000531619
0.000491302
0.000437925
0.000448403
0.000391534
0.000341833
0.00037261
0.000327712
0.000360126
0.000331221
0.000335295
0.000334008
0.00036917
0.000330357
0.000333254
0.000338207
0.000347039
0.000311576
0.000420319
0.000345818
0.000314883
0.000328944
0.000325404
0.000326113
0.000326839
0.000326063
0.000332575
0.000319825
0.000322114
0.000397142
0.000326688
0.00032637
0.000383749
0.000380606
0.000330662
0.00032686
0.000581265
0.000359221
0.000341996
0.000329952
0.00034639
0.000617436
0.000349577
0.000331949
0.000397974
0.00033358
0.00039345
0.000457203
0.000498299
0.0003358
0.00039977
0.000397195
0.000321984
0.000460495
0.000326193
0.000329785
0.000346472
0.00033148
0.000328875
0.000348086
0.000325217
0.000335789
0.000339637
0.000420781
0.000454091
0.000337914
0.000380231
0.000486466
0.000323432
0.000328292
0.000317739
0.00033771
0.000326813
0.000340588
0.000443448
0.000365115
0.000437092
0.00036666
0.00033278
0.000321545
0.000340166
0.000320725
0.000328773
0.000338241
0.000369678
0.000332327
0.00039959
0.000392315
0.000435227
0.000332734
0.000389331
0.000325362
0.000331036
0.000338202
0.000335337
0.000334547
0.00032933
0.000324759
0.000399962
0.000369148
0.000322189
0.000356375
0.000413621
0.000326942
0.000337219
0.000330648
0.000325666
0.000342571
0.000344736
0.000784594
0.000332554
0.000334973
0.000333197
0.000337103
0.000314302
0.000334257
0.000405573
0.000375349
0.000412524
0.000521096
0.000534336
0.000334523
0.000360901
0.000346719
0.000527604
0.000330375
0.000433248
0.000331384
0.000343489
0.000455602
0.000446895
0.000385841
0.000331316
0.000363871
0.000315809
0.00035319
0.000355366
0.00033487
0.000375766
0.000326318
0.000346466
0.000318179
0.000321006
0.000322117
0.000346053
0.000367828
0.000354843
0.000439036
0.000316338
0.00035383
0.00033592
0.000313574
0.000343092
0.000329554
0.00032871
0.000350219
0.000364363
0.000362746
0.000357298
0.000327795
0.000339205
0.000334425
0.000348872
0.000419095
0.000337862
0.000319197
0.000335168
0.000381827
0.000606895
0.00033141
0.000408418
0.000357697
0.000488291
0.000498278
0.000468598
0.000629561
0.000509844
0.00063792
0.000447242
0.000358759
0.000363469
0.000339454
0.000365187
0.000443288
0.000351789
0.000351402
0.00034195
0.000362534
0.000489731
0.00054609
0.000445864
0.000550879
0.000451736
0.000332847
0.000349184
0.000365007
0.00035842
0.000435454
0.000337596
0.000515897
0.000449735
0.000395618
0.000548287
0.000379652
0.00051222
0.000541202
0.000545532
0.000631317
0.000358206
0.000562075
0.000344643
0.000369736
0.000419706
0.000683843
0.000334484
0.000337243
0.000339609
0.000413498
0.000447883
0.000337586
0.000357128
0.000340007
0.000328689
0.000335451
0.000363535
0.00050889
0.00033046
0.000342994
0.000323536
0.000317164
0.000355677
0.000329543
0.000327843
0.000369148
0.000330581
0.000329708
0.000516116
0.000347206
0.00033371
0.000339811
0.000333895
0.000476092
0.000414947
0.00035664
0.000428504
0.000328892
0.000522157
0.000415826
0.000402663
0.000395353
0.000344925
0.000371251
0.000557235
0.000512362
0.000422433
0.000384536
0.000427882
0.000439034
0.000333944
0.000342138
0.000326556
0.000341465
0.000366336
0.000386529
0.000368402
0.00033515
0.000383487
0.000343198
0.000359519
0.000334284
0.000596841
0.000610727
0.000353029
0.000362497
0.000330066
0.000329079
0.00051292
0.000320128
0.000335189
0.000325585
0.000333694
0.00054007
0.000332051
0.000454167
0.000356383
0.000555373
0.000428179
0.000518183
0.000389052
0.000340313
0.00034249
0.000329693
0.000442559
0.000334426
0.000421975
0.000348934
0.000340094
0.000360179
0.00040792
0.000396409
0.00032691
0.000340774
0.000313151
0.00032943
0.00032866
0.000314957
0.000323564
0.000377935
0.000395839
0.000355102
0.000593246
0.000416265
0.00034982
0.000352685
0.00033513
0.000335135
0.000342396
0.000335294
0.000326333
0.000330176
0.000387416
0.000336742
0.000351389
0.000331328
0.000323226
0.000345382
0.000398971
0.000328249
0.000535465
0.000477175
0.00031896
0.000326725
0.000326455
0.00041737
0.000596426
0.000325984
0.000350746
0.000323105
0.000482763
0.000491363
0.000408866
0.000323627
0.000323524
0.000317531
0.000509247
0.000325348
0.000348188
0.000332012
0.000336171
0.000326572
0.000327531
0.00032493
0.000334549
0.000360791
0.000362293
0.000362176
0.000338812
0.000405292
0.000343365
0.000327979
0.000374921
0.000322922
0.000325042
0.000423777
0.000346818
0.000334981
0.000323412
0.000350048
0.000335453
0.000332442
0.000344453
0.000325212
0.000408793
0.000337672
0.000395219
0.000358054
0.000328229
0.000360131
0.00035088
0.000573751
0.000317393
0.000342368
0.000392293
0.000331587
0.00032584
0.000379779
0.000349988
0.000372406
0.000424674
0.000465232
0.000320344
0.000335113
0.000319143
0.000326099
0.00033444
0.000323882
0.00034388
0.000323658
0.000401409
0.00057271
0.000364765
0.0003712
0.000332692
0.000345375
0.000360726
0.000329142
0.00036282
0.000321914
0.000394204
0.000331932
0.000354617
0.000335695
0.000357635
0.000339055
0.000343984
0.000332125
0.000348643
0.000356951
0.000472345
0.000352482
0.00042201
0.000574241
0.000332109
0.000385581
0.000331506
0.000374774
0.000519832
0.000574846
0.00036484
0.000343892
0.00036648
0.000381736
0.000342107
0.00037
0.000334106
0.000372576
0.000340544
0.000402025
0.000332407
0.00037061
0.000704594
0.000356571
0.000502806
0.000603109
0.000551307
0.000558151
0.000839524
0.000406697
0.000335178
0.000421428
0.000382145
0.000349668
0.0005511
0.000327796
0.000435169
0.000413831
0.000463341
0.000492757
0.000498322
0.000676729
0.000534599
0.00050456
0.000338018
0.000426602
0.00032763
0.000398666
0.000330711
0.000465918
0.000468791
0.000383075
0.000340402
0.000471816
0.000434327
0.000527784
0.000382185
0.000376867
0.000363283
0.000420786
0.000516465
0.000332957
0.000322801
0.000417136
0.000353042
0.000541106
0.000513363
0.000431699
0.000520588
0.000546643
0.000484746
0.000442648
0.000418957
0.000692434
0.000565517
0.00045315
0.00039446
0.000376093
0.000491105
0.000519319
0.000540745
0.000614695
0.00036105
0.000467638
0.00067802
0.000617165
0.00047814
0.000472133
0.000402989
0.000391794
0.000398303
0.000509209
0.000340785
0.000406753
0.000459602
0.000380305
0.00044443
0.000337377
0.000329692
0.000344139
0.000325081
0.000338141
0.000329121
0.000343093
0.000348798
0.000376116
0.000329389
0.000328807
0.000369813
0.000614702
0.000696831
0.000440997
0.000377942
0.000335387
0.000576611
0.000561882
0.000381654
0.000333565
0.000365051
0.000467618
0.000372361
0.000397052
0.000395166
0.000348685
0.000343919
0.000348058
0.000321694
0.000383185
0.000372588
0.000336246
0.000355614
0.000658459
0.000342164
0.00041913
0.000449672
0.00038984
0.000540827
0.000353694
0.000349281
0.000336216
0.000342406
0.000397118
0.000410126
0.000367469
0.000507907
0.000333858
0.000381724
0.000504649
0.000362422
0.000364927
0.000370828
0.000449611
0.000343002
0.000454536
0.000388757
0.000339597
0.000336319
0.000364827
0.000352897
0.00039398
0.000496043
0.000467329
0.000333042
0.000365391
0.000348052
0.000349484
0.000418983
0.000324439
0.000350607
0.000370519
0.000500007
0.000368652
0.000353101
0.000351283
0.000447025
0.000337414
0.000332535
0.0004872
0.000332041
0.000329365
0.000540655
0.000351972
0.000341433
0.000338874
0.000328677
0.000335695
0.000337921
0.000374891
0.000329155
0.000404905
0.000438401
0.000339945
0.000489822
0.00032946
0.00032537
0.000324346
0.000355834
0.000405062
0.000448014
0.00033927
0.000359263
0.000330512
0.000378704
0.000345009
0.000469952
0.000333858
0.0003496
0.000323853
0.000392144
0.000333958
0.000327878
0.000387553
0.000330994
0.00040761
0.000350862
0.000364912
0.000330121
0.000402793
0.000334327
0.00033785
0.000320648
0.000353545
0.000342511
0.000330775
0.000360769
0.000343585
0.000316429
0.00048107
0.000338586
0.000330885
0.000354746
0.000319741
0.000336226
0.00033338
0.00050136
0.000329184
0.000380638
0.000320154
0.000310746
0.000324922
0.000393883
0.000329291
0.000369216
0.000320137
0.000355274
0.000340449
0.000327942
0.000345433
0.000341374
0.000360556
0.000348622
0.0003351
0.000340638
0.000340255
0.00035926
0.000704464
0.000642587
0.000456438
0.000578432
0.000592933
0.000326684
0.000335352
0.000333019
0.000333618
0.000333281
0.000338072
0.00032854
0.000357186
0.000338999
0.000337825
0.000342061
0.000329761
0.000356612
0.000454161
0.000326026
0.000455882
0.000334948
0.000352202
0.000426187
0.00034363
0.000311946
0.000329196
0.000739832
0.000319782
0.000431922
0.000325047
0.000332414
0.000382095
0.000329343
0.000411935
0.000387759
0.000357214
0.000341174
0.000349641
0.000409882
0.000334784
0.000354127
0.00033147
0.000369177
0.00034769
0.00038411
0.000352127
0.000334589
0.000332087
0.000356157
0.000340325
0.00033139
0.000349413
0.000340509
0.000339397
0.000354693
0.000622967
0.000350337
0.000329276
0.000419804
0.000351513
0.000332366
0.000328378
0.000320496
0.000325393
0.000328954
0.00041942
0.000337638
0.000336266
0.000345171
0.000349662
0.000431195
0.000330305
0.000350242
0.000368993
0.000397796
0.000336277
0.000324235
0.00036815
0.000428122
0.000348573
0.000471893
0.000374792
0.000395145
0.000323843
0.000337164
0.000339062
0.000358159
0.000404709
0.00033718
0.000348643
0.000343328
0.000321886
0.00033657
0.000351501
0.000337348
0.00032284
0.000362706
0.000555895
0.000353979
0.000332484
0.000329856
0.000338475
0.000339426
0.000320205
0.00032748
0.000337537
0.000330654
0.000334702
0.000324664
0.000328516
0.000394954
0.000476328
0.000537049
0.000363373
0.000363028
0.000323472
0.000330844
0.000368306
0.000363178
0.000350927
0.000381633
0.000355496
0.000405245
0.000343414
0.000331415
0.000336381
0.000388025
0.000340239
0.000329491
0.000320207
0.000336148
0.000336153
0.000338666
0.000319292
0.000392178
0.000356156
0.000404568
0.000408711
0.000326249
0.000353372
0.000353192
0.000342825
0.000330836
0.000340971
0.000345605
0.000321962
0.000330025
0.000338262
0.000323118
0.000327142
0.00032272
0.000338455
0.000317469
0.000328343
0.000354294
0.000325006
0.000356613
0.000417748
0.000604573
0.000525768
0.000548947
0.000328599
0.000328606
0.000372569
0.000382646
0.000382942
0.000339051
0.000407756
0.000606121
0.000331965
0.000349798
0.000319679
0.000340239
0.000325811
0.000330677
0.000328544
0.0004911
0.000347037
0.000357063
0.000402904
0.00032822
0.000395962
0.000403716
0.000343304
0.00048956
0.000473615
0.000386951
0.000324209
0.00035292
0.000315256
0.000351042
0.000501019
0.000317968
0.000331217
0.000387617
0.000339171
0.000331389
0.000414556
0.000439501
0.000507635
0.000341694
0.000486156
0.000359179
0.000482597
0.000427634
0.000386742
0.000389365
0.000338348
0.00046053
0.000405563
0.000367662
0.000408053
0.000426683
0.00032733
0.000414551
0.000339719
0.0003674
0.000433641
0.000430841
0.000417207
0.00031979
0.000402027
0.000437417
0.000341479
0.000382095
0.000344307
0.000335888
0.000353049
0.000327572
0.000326122
0.000364135
0.000343729
0.000346437
0.000344828
0.000341092
0.000331641
0.000321716
0.000378511
0.00039406
0.000351428
0.000417132
0.000351466
0.000430418
0.000462973
0.000343082
0.000344568
0.000374658
0.000319853
0.000365171
0.00032206
0.000348823
0.000356364
0.000343169
0.000324931
0.000389951
0.000345374
0.000336561
0.000332889
0.0003654
0.000345199
0.000434092
0.000351333
0.000362064
0.000487053
0.000321668
0.000340277
0.000338594
0.000342292
0.000337057
0.000359737
0.000337165
0.000319619
0.000318112
0.000342351
0.000355329
0.000356659
0.000322496
0.00036336
0.000317526
0.000320864
0.000321052
0.000333333
0.000335729
0.000332374
0.000363909
0.000335677
0.00039195
0.000441588
0.000340868
0.000410581
0.00032223
0.00041086
0.000332349
0.000318129
0.000327818
0.00033187
0.000333952
0.000395679
0.000352178
0.000362183
0.000364413
0.000327323
0.000364868
0.000327969
0.000338799
0.000323859
0.000501822
0.000520616
0.000319093
0.000336641
0.000343534
0.000356185
0.00037873
0.000382481
0.000332336
0.000331447
0.000353946
0.000343698
0.000325889
0.000339851
0.000334966
0.000335892
0.00032779
0.000323786
0.000318151
0.000330134
0.000438164
0.000371968
0.000376927
0.000338991
0.000345501
0.000324386
0.000357135
0.000333446
0.000439349
0.000474535
0.000427396
0.000359116
0.000341951
0.00034417
0.000331446
0.000348309
0.000390028
0.000327875
0.000339027
0.000387722
0.000344642
0.000336484
0.000359223
0.000355165
0.000453159
0.000325093
0.000386447
0.00034233
0.000333296
0.000321802
0.000330496
0.000335694
0.000346074
0.000327042
0.000346148
0.000350379
0.000324503
0.000346382
0.000372672
0.000362446
0.000355786
0.000423962
0.000322702
0.000319871
0.000321132
0.000327794
0.000325613
0.000411867
0.000348529
0.000318254
0.000323671
0.000326032
0.000339014
0.000331836
0.000448093
0.000363566
0.000369169
0.000365137
0.00036276
0.000345033
0.000458926
0.000324847
0.000381059
0.000402025
0.000348835
0.000350295
0.000338634
0.000338516
0.000349766
0.000397929
0.000339944
0.000423593
0.000362129
0.000369059
0.00033166
0.000310994
0.000321485
0.000313912
0.000318835
0.000375723
0.000324361
0.000309678
0.000319962
0.000329828
0.000349056
0.000319418
0.000333442
0.000363117
0.000318476
0.000345926
0.000464065
0.000326837
0.000335674
0.000335629
0.000352628
0.000345851
0.000353548
0.000365766
0.000337918
0.000355441
0.000442283
0.000336951
0.000442785
0.000396176
0.000470846
0.00033005
0.000322171
0.00035619
0.000392578
0.000375042
0.000355595
0.000327898
0.000349889
0.000346475
0.000311516
0.000396513
0.000351631
0.000339513
0.00032273
0.000337452
0.000327657
0.000345663
0.000327123
0.000366027
0.000321868
0.000336712
0.000315086
0.000397971
0.000367914
0.000321779
0.00034781
0.00034056
0.000365451
0.000333665
0.000340148
0.000349104
0.0003337
0.000353671
0.000317012
0.00032596
0.000408018
0.000371615
0.000471068
0.000392689
0.000331542
0.000338165
0.000338272
0.000345109
0.000313856
0.00047104
0.00052157
0.000577885
0.000329616
0.000341831
0.000340478
0.00035252
0.000360871
0.000419028
0.000321337
0.000347854
0.000327356
0.000338773
0.000409767
0.000330541
0.000342087
0.000340067
0.000321132
0.000325002
0.000323473
0.000362942
0.000323553
0.000355048
0.000672146
0.000356389
0.0003459
0.000326483
0.000344151
0.000331412
0.000326045
0.000311957
0.000328407
0.000371583
0.000327187
0.000351898
0.000538026
0.000480292
0.000334238
0.000347219
0.000317828
0.000327586
0.000420092
0.000384166
0.000396068
0.00048574
0.000341538
0.000392591
0.000397796
0.000327658
0.000325519
0.00033066
0.000327861
0.000322845
0.000313759
0.000340961
0.000339187
0.000329093
0.000333172
0.00046951
0.000335173
0.000372974
0.000339053
0.000359069
0.000318578
0.000393322
0.000336164
0.000315107
0.00041717
0.000352842
0.000475609
0.00037811
0.000370495
0.000429613
0.000349355
0.000325845
0.000341215
0.000331775
0.000346576
0.000346089
0.000334143
0.000465332
0.000333225
0.000365383
0.000431342
0.000333901
0.000341788
0.00034012
0.00043314
0.00043018
0.000340396
0.000352148
0.000412438
0.000530657
0.000455865
0.000373459
0.000352824
0.000323015
0.000327954
0.000329053
0.000338042
0.000340411
0.000335597
0.000358641
0.000330601
0.000413535
0.000396709
0.000345776
0.000334784
0.000321148
0.000334548
0.000346362
0.00032424
0.000334056
0.000500142
0.000378506
0.000335757
0.000335908
0.000355847
0.000360542
0.000363849
0.000325594
0.000407095
0.000332382
0.00038957
0.000344065
0.000610286
0.000327461
0.000437579
0.000360109
0.000342
0.000327575
0.000478158
0.000372629
0.000329895
0.000319873
0.000342377
0.000443116
0.000386342
0.000324841
0.000344951
0.000318435
0.000321468
0.000333407
0.000347907
0.000334979
0.00033197
0.00031897
0.000334811
0.000361851
0.000357907
0.000420027
0.000355747
0.000330641
0.000316469
0.000311923
0.000322479
0.000313703
0.000343793
0.000351515
0.000342685
0.000333586
0.000318053
0.000330288
0.000381123
0.000443142
0.00032213
0.000318135
0.000341074
0.000344188
0.000343064
0.000354112
0.000438676
0.000339937
0.000390505
0.000376697
0.000310942
0.000342689
0.000354363
0.000485321
0.000346332
0.000336702
0.000362749
0.000374034
0.00040513
0.000317826
0.000340353
0.000330393
0.00032056
0.000329083
0.000321793
0.000340597
0.000332053
0.000350407
0.000337867
0.000327475
0.000353044
0.000474293
0.000333343
0.000331172
0.000345856
0.000339924
0.000327927
0.000346376
0.000346799
0.000354257
0.000319585
0.000362158
0.000436406
0.000367881
0.000431559
0.000360616
0.000318891
0.000318525
0.000332013
0.000335397
0.000335803
0.000334339
0.000471642
0.000324341
0.000369435
0.000401863
0.000337561
0.000341185
0.000373277
0.000340538
0.000348292
0.000329577
0.000321573
0.000411843
0.00033455
0.000358984
0.000395526
0.000329291
0.000341436
0.000347767
0.000312531
0.000385579
0.000338864
0.000347452
0.000326412
0.000397648
0.000327007
0.000343433
0.000335207
0.000354679
0.000339459
0.000325077
0.000319373
0.000449248
0.000332124
0.000361249
0.000540551
0.000382638
0.000364447
0.000319805
0.000318229
0.000391143
0.000425759
0.000319547
0.00032761
0.000312861
0.000323468
0.000440479
0.000334243
0.000345033
0.000400232
0.000373411
0.000346671
0.00041053
0.000337615
0.000325696
0.000333282
0.00032463
0.000445665
0.000344151
0.000409869
0.000454529
0.000325253
0.000333918
0.000395723
0.000335029
0.000340115
0.000320902
0.000330436
0.000320449
0.000308868
0.000343293
0.00033436
0.000425315
0.000344456
0.000320866
0.00032878
0.000405222
0.000342257
0.000338752
0.000401393
0.000442971
0.000443425
0.000545693
0.00034576
0.000341209
0.000323656
0.000333872
0.000316814
0.000338834
0.000342461
0.000353458
0.000401065
0.000398569
0.000359973
0.000343745
0.000321746
0.000369398
0.000344315
0.000393334
0.000325385
0.000432143
0.000339216
0.000420487
0.00033098
0.000333605
0.000317311
0.000354411
0.000395792
0.000358912
0.000384781
0.000332762
0.000324398
0.000339914
0.00032783
0.00032825
0.000323621
0.000342103
0.000394108
0.000333497
0.000334531
0.000394549
0.000343793
0.000358393
0.000465319
0.000368903
0.000325125
0.000356807
0.000447265
0.000346944
0.000311857
0.000362861
0.000324702
0.00032306
0.000328071
0.000321588
0.000369431
0.000414338
0.000350076
0.00044663
0.00047519
0.000318426
0.00032708
0.000418177
0.000338011
0.000327337
0.000322782
0.000330586
0.000336146
0.00038117
0.000387136
0.000336187
0.000352813
0.000335442
0.000333202
0.000384199
0.000337241
0.000327085
0.000367034
0.000334688
0.000333913
0.000326409
0.000352779
0.000328302
0.000334385
0.000339558
0.000333152
0.000336631
0.000324242
0.00035408
0.000336422
0.000420538
0.000336334
0.000324647
0.000571224
0.000553567
0.000347266
0.000324336
0.000324137
0.000374498
0.000339606
0.000324074
0.000337961
0.000364985
0.000343984
0.0003759
0.00040446
0.000351704
0.00032649
0.000395346
0.000352371
0.000333441
0.000359933
0.000334223
0.000347556
0.000389744
0.000331021
0.000327346
0.000362809
0.000409534
0.00032977
0.000333968
0.000334669
0.000338114
0.000323255
0.000336768
0.000317527
0.000396654
0.000349097
0.000320318
0.000319474
0.00033373
0.000330068
0.000327812
0.000360671
0.000342945
0.000348548
0.000507847
0.000330983
0.000316352
0.000402749
0.000327845
0.000327462
0.000327617
0.000347308
0.00035164
0.000337162
0.000483829
0.000717298
0.000345614
0.000429411
0.000352014
0.00034913
0.000332918
0.00033203
0.000455243
0.000427664
0.000322148
0.000322647
0.00034889
0.000337711
0.000347389
0.000340342
0.000332301
0.000340814
0.000347384
0.000403086
0.000333381
0.000338652
0.000346851
0.000324073
0.000407319
0.000356132
0.000424121
0.000344581
0.000338076
0.00034867
0.000358027
0.000322622
0.000326191
0.000336094
0.000393584
0.000315682
0.000333307
0.000370841
0.000324722
0.000386525
0.0004012
0.000324738
0.000332412
0.000331949
0.000327582
0.000365067
0.000422157
0.000334861
0.000378823
0.000322284
0.000322846
0.000351206
0.00033092
0.000394669
0.000356691
0.000328168
0.000363065
0.000357215
0.000342677
0.000324679
0.000333011
0.000338123
0.000355676
0.000340648
0.000333851
0.000347361
0.000359369
0.000320115
0.000336063
0.000396992
0.000336385
0.000320773
0.000335703
0.000322016
0.000322886
0.000340491
0.000338102
0.000329121
0.000333947
0.00030867
0.000325062
0.000352781
0.000581397
0.000376911
0.000389644
0.000346059
0.00036527
0.000346691
0.000339751
0.000354649
0.000342543
0.000336925
0.000344305
0.000338898
0.000334059
0.000365198
0.000339124
0.000383721
0.000330225
0.000360717
0.000406705
0.000325906
0.000325923
0.000321309
0.000335787
0.000326092
0.000320701
0.000339406
0.000347753
0.000346807
0.000377705
0.000362986
0.000460897
0.000335049
0.000325315
0.000337461
0.000321532
0.000363492
0.000325504
0.000338734
0.000338842
0.00034803
0.00044348
0.000431006
0.000325386
0.000393996
0.000351493
0.00034138
0.000343493
0.000535658
0.000349102
0.000382107
0.00033922
0.000368808
0.000322188
0.000330014
0.000364294
0.000348047
0.000344789
0.000577572
0.000421678
0.000348932
0.0003288
0.000335866
0.000488663
0.000397431
0.00033466
0.000357896
0.000348708
0.000342091
0.000321039
0.000387577
0.000457587
0.000371583
0.000425504
0.000443187
0.000338036
0.000369148
0.000334854
0.000351979
0.00033179
0.000326804
0.000525076
0.000334281
0.000348252
0.000339742
0.000336379
0.000326397
0.000327764
0.000344043
0.000356115
0.000381836
0.000355833
0.000419834
0.000393782
0.00033818
0.000357215
0.00031444
0.000317693
0.000332772
0.000337067
0.000318816
0.000371614
0.000407364
0.000331822
0.000337534
0.000326654
0.000332845
0.000341251
0.000353367
0.000320919
0.000342201
0.000314835
0.000352385
0.00035078
0.000335511
0.000315039
0.000321537
0.000333048
0.000347028
0.000354863
0.000339336
0.000344714
0.000417202
0.000367842
0.000328994
0.000346221
0.000401426
0.000395003
0.000338342
0.000329275
0.000331206
0.000348536
0.000335533
0.000403081
0.000388152
0.000352398
0.000368323
0.00034723
0.000407693
0.000373339
0.000336727
0.000352686
0.000318531
0.000349016
0.000350658
0.000329179
0.000337773
0.000375467
0.000338167
0.000343665
0.00035421
0.000419047
0.000352865
0.00049847
0.000536548
0.000338468
0.00032704
0.000339485
0.000348086
0.00031532
0.000343407
0.000332115
0.00035836
0.00053852
0.000373685
0.000591552
0.00038458
0.000372626
0.000440523
0.000346905
0.00040842
0.000354751
0.000462411
0.000331122
0.000327256
0.000349303
0.000337159
0.000321139
0.000338748
0.000480363
0.000363357
0.000348748
0.000335563
0.000353214
0.000337297
0.000345803
0.000334845
0.000354607
0.000339629
0.000328837
0.000353071
0.000416435
0.000362047
0.00040797
0.000350103
0.000327247
0.000435551
0.000324937
0.000322519
0.000406732
0.000351115
0.000327619
0.00033299
0.000533808
0.000322157
0.000312645
0.00032478
0.000324538
0.000349507
0.000334535
0.000335689
0.000332876
0.000342801
0.000340864
0.000385429
0.000372496
0.000352835
0.000322033
0.000357399
0.000348232
0.0003341
0.000331393
0.00034352
0.000325912
0.000397554
0.000383098
0.000343361
0.00034221
0.000347167
0.000350426
0.00034963
0.000353387
0.000333323
0.000331427
0.000351149
0.000315594
0.000318614
0.000380233
0.000331722
0.000352877
0.00032756
0.000318073
0.000345682
0.000366395
0.000345011
0.0006036
0.000341232
0.000327958
0.000317633
0.000342461
0.000330804
0.000334857
0.000340231
0.000346713
0.000339588
0.000330516
0.000338625
0.000336894
0.00032786
0.00034017
0.000326114
0.000377418
0.000378744
0.000498491
0.000343418
0.000328856
0.000318845
0.000374038
0.00032502
0.000320815
0.000347272
0.000435419
0.000342143
0.000341402
0.00036217
0.000458923
0.000409828
0.000327029
0.000321219
0.000334633
0.000335772
0.000311247
0.000331789
0.000421845
0.000384045
0.000369571
0.000439875
0.000348954
0.000323292
0.000332101
0.000456332
0.000335052
0.000336355
0.000332361
0.000329815
0.000365064
0.000332595
0.000325899
0.000321027
0.000326348
0.000328911
0.000336003
0.000359115
0.000320046
0.000331806
0.000420036
0.000327066
0.000529937
0.000332347
0.000332523
0.000337502
0.000332919
0.000328037
0.000350971
0.00034274
0.000375934
0.000357987
0.000338022
0.000440452
0.000351057
0.000339416
0.000407472
0.000367342
0.00033411
0.000531063
0.000434891
0.000610741
0.000408366
0.00056895
0.000630052
0.000558705
0.000445036
0.000512103
0.000397429
0.000342627
0.000348834
0.000350658
0.000338191
0.000332458
0.000337677
0.000431002
0.00037375
0.000398321
0.000408114
0.000361368
0.000390826
0.000448739
0.000360337
0.00039797
0.000383428
0.000340808
0.000327681
0.000324155
0.000330385
0.000354619
0.000391476
0.000364014
0.000355735
0.00038338
0.000452404
0.000470093
0.000346952
0.00035157
0.000326073
0.000345021
0.000332979
0.000349671
0.000358385
0.000342006
0.000438244
0.00043224
0.000331906
0.000350486
0.000426108
0.00037797
0.000516088
0.000527015
0.00033052
0.000387468
0.000440072
0.000363261
0.000323881
0.000330146
0.000328422
0.000319119
0.000355287
0.000343973
0.000498803
0.000437456
0.000645045
0.000335933
0.000360922
0.000319868
0.00031371
0.000332721
0.000333007
0.000402548
0.000428852
0.000411658
0.000359358
0.000616463
0.000500141
0.000356678
0.000333051
0.000334976
0.000355165
0.000463282
0.000453052
0.000610099
0.000600499
0.000606528
0.000340621
0.000399942
0.000413547
0.000352898
0.000422416
0.000377102
0.000337445
0.000328878
0.000332028
0.000332706
0.000338019
0.000332927
0.000423763
0.000399891
0.000418646
0.000348878
0.000551165
0.000329156
0.000322413
0.000334754
0.000361827
0.000367713
0.000349916
0.000443729
0.000377057
0.000333299
0.000344761
0.000401205
0.000361177
0.000449855
0.000335395
0.000317121
0.000337734
0.00033172
0.000312911
0.000333153
0.000368097
0.000326025
0.00036277
0.000348103
0.000324975
0.000435154
0.000329815
0.000400938
0.000341874
0.00039708
0.00034675
0.000326675
0.00034019
0.0003527
0.000458459
0.00032418
0.000343534
0.000336036
0.000329551
0.000337027
0.000311318
0.000340507
0.000334942
0.000332165
0.000342122
0.00046939
0.00045068
0.000356958
0.000343535
0.000337421
0.000348576
0.00033608
0.000325107
0.000340974
0.000515825
0.000405778
0.000341812
0.000388985
0.00034986
0.00033668
0.000340526
0.000371843
0.00042441
0.000319935
0.000316799
0.000333111
0.000361617
0.000340049
0.000326726
0.000428495
0.000339479
0.00034337
0.000393176
0.000352094
0.000527168
0.000380547
0.000348726
0.000327945
0.00031845
0.000354882
0.000332485
0.000328375
0.000332569
0.000330518
0.000345541
0.000369719
0.00034195
0.000322893
0.000351813
0.000346582
0.000504077
0.000433133
0.000327847
0.000333826
0.000363596
0.000390338
0.000424677
0.000409294
0.000338446
0.000370424
0.000347759
0.000604118
0.000387823
0.000370952
0.000355244
0.000320731
0.000328028
0.000333168
0.000333948
0.00040635
0.000334489
0.000335757
0.000477981
0.000421305
0.000376708
0.000426922
0.000344842
0.000333054
0.000408987
0.000337798
0.000333551
0.000333433
0.000340686
0.000388609
0.000369957
0.000328408
0.00033514
0.000337755
0.000341116
0.000331151
0.000335228
0.000333376
0.000324963
0.000343612
0.000323078
0.000516123
0.000414102
0.000397271
0.000325238
0.000324945
0.000333659
0.000349985
0.000353651
0.000357092
0.000348075
0.000369481
0.000425072
0.000337296
0.000356055
0.00032966
0.000325933
0.000325588
0.000323389
0.000331915
0.000321835
0.000459724
0.000351609
0.000315888
0.000383293
0.000330007
0.000322231
0.000351319
0.000423484
0.000372662
0.000331189
0.000381909
0.000323925
0.000335144
0.000425785
0.000416613
0.000324476
0.000350177
0.000347428
0.000349054
0.000335167
0.000319026
0.000371797
0.000325338
0.000341699
0.000338992
0.000343459
0.000322605
0.000341489
0.000403793
0.000335671
0.000333314
0.000354166
0.000330888
0.000374279
0.000362156
0.000341603
0.000392064
0.000333724
0.000342969
0.000344671
0.000332477
0.000324293
0.000324983
0.000372232
0.000322784
0.000341597
0.000330052
0.000339749
0.000369136
0.000329646
0.000333973
0.000322755
0.000413893
0.000336425
0.000417333
0.000326998
0.00041818
0.000355643
0.000329614
0.000318673
0.000317331
0.000331399
0.000419491
0.000364965
0.000350045
0.000340716
0.000346011
0.000386818
0.000337917
0.000327091
0.000335272
0.000349837
0.000327746
0.000406984
0.000620857
0.000451105
0.00034207
0.000393913
0.00032946
0.000353926
0.000553904
0.000485865
0.000541404
0.000410617
0.000345362
0.000349541
0.000334974
0.000319532
0.000406738
0.000334915
0.000416591
0.000676858
0.000348607
0.000430137
0.000363458
0.00033643
0.000379786
0.00039223
0.000332648
0.000334821
0.000362309
0.000344473
0.000327698
0.000320503
0.000317674
0.000334556
0.000323145
0.000331719
0.000321911
0.000346851
0.000386936
0.000483305
0.000328755
0.000351653
0.000330926
0.000337842
0.000344259
0.000326533
0.000360561
0.000339223
0.000348452
0.000551724
0.000319653
0.000325503
0.00033898
0.000400055
0.000385647
0.000395349
0.000402893
0.000336789
0.000321391
0.000394591
0.000347539
0.000557357
0.000317336
0.000443932
0.000353779
0.000324954
0.000404671
0.000367846
0.000335665
0.000548799
0.000351375
0.000339355
0.000457655
0.000337806
0.000335619
0.000329391
0.000326348
0.000380957
0.00034148
0.000335017
0.000331191
0.000332407
0.000384335
0.000323649
0.000407734
0.0003447
0.000354
0.000336289
0.000320816
0.000351068
0.000368516
0.000379676
0.000347616
0.000401826
0.000392993
0.000373545
0.000362725
0.000369288
0.000345744
0.000330616
0.000327103
0.00033065
0.000322508
0.000359693
0.000346999
0.000422773
0.00034966
0.000349466
0.000392231
0.000333724
0.000373686
0.000352132
0.000366808
0.000494465
0.000327942
0.000355479
0.000319523
0.000340287
0.000432907
0.000334692
0.000348819
0.000362091
0.000318554
0.000347249
0.000320257
0.000356708
0.000338275
0.000336471
0.000330601
0.000525168
0.000326375
0.000328563
0.000340526
0.000342087
0.000337517
0.000328833
0.000355446
0.000340942
0.000417307
0.000504125
0.000330768
0.000617095
0.000360738
0.00035778
0.000332539
0.000333181
0.000361613
0.000335719
0.000342391
0.000379977
0.000328557
0.000459856
0.000417086
0.000334551
0.000338691
0.000326136
0.000410502
0.00032413
0.000388501
0.000340465
0.000328151
0.000317909
0.000319001
0.000395531
0.000319016
0.00034665
0.000334753
0.000337852
0.000423589
0.00031818
0.000351527
0.000336839
0.000346637
0.000361706
0.000335608
0.000417456
0.000399018
0.000329752
0.000378449
0.000334409
0.000371892
0.000352478
0.000339668
0.000445447
0.000354455
0.000334009
0.00035317
0.000438259
0.000379704
0.000457258
0.000335511
0.000333325
0.000328992
0.000323718
0.000345506
0.000366365
0.000330548
0.000348177
0.000576557
0.000431898
0.000363303
0.000371905
0.000315014
0.00040565
0.000327951
0.000347967
0.000345119
0.000330915
0.000340008
0.000315628
0.00031597
0.000332225
0.000352078
0.000333783
0.000321823
0.000352111
0.000362428
0.000332126
0.000325347
0.000348967
0.000394611
0.0003854
0.000330781
0.000358666
0.000326838
0.000323725
0.000329946
0.000487
0.000369897
0.000361927
0.000431085
0.000347768
0.000366192
0.000361412
0.00034471
0.000337354
0.000328737
0.000328075
0.000340805
0.000472844
0.000398993
0.000355902
0.000375174
0.000343018
0.000349098
0.000321872
0.000385389
0.000344327
0.000334259
0.000332438
0.000315541
0.000343064
0.000329107
0.000327091
0.000334972
0.000343611
0.000358553
0.000339394
0.000312471
0.000339814
0.000441508
0.000347448
0.000337663
0.000323893
0.000345892
0.000332616
0.000342736
0.000363977
0.000336821
0.000328526
0.000365089
0.000366893
0.000340692
0.000391703
0.000352732
0.000329597
0.000384901
0.000464128
0.000325123
0.000313261
0.000339473
0.000344949
0.000348037
0.000343866
0.000336058
0.000318316
0.000494935
0.000374188
0.000451282
0.000349677
0.000323452
0.000399518
0.000380521
0.000338137
0.000341647
0.000319996
0.000338197
0.000339649
0.000386613
0.000348585
0.000348634
0.000342386
0.000337609
0.000326982
0.000337116
0.000339913
0.000325882
0.000317892
0.000335174
0.000331005
0.000332728
0.000323458
0.000338805
0.000325668
0.000338482
0.000370982
0.000485722
0.000331572
0.000339925
0.000429773
0.000348672
0.000377687
0.000369033
0.000327799
0.000331288
0.000357546
0.000319447
0.000388498
0.000343438
0.000345948
0.000347089
0.000367895
0.000327096
0.000345119
0.00033037
0.000354385
0.00033781
0.000395928
0.000450088
0.000388769
0.00033893
0.00040755
0.000319234
0.00034948
0.000360621
0.000326411
0.000326816
0.000326949
0.000335344
0.000323452
0.000322268
0.000334712
0.000360872
0.000343981
0.000324279
0.000322674
0.000344869
0.000327835
0.000348623
0.000329455
0.000325589
0.00034079
0.000339982
0.000440173
0.000389428
0.000425866
0.000382628
0.000423352
0.000321183
0.000408648
0.000344769
0.000364861
0.000332216
0.000400831
0.000319926
0.000331036
0.00034011
0.000348813
0.000339097
0.000323571
0.000376425
0.000341687
0.000329928
0.000406072
0.000318835
0.000359218
0.000373412
0.00034617
0.000343155
0.00033722
0.0004177
0.000332049
0.000346801
0.000333515
0.000328339
0.000340974
0.000337171
0.000332952
0.000345182
0.000411202
0.000319287
0.000413026
0.000402714
0.000354197
0.000338505
0.000341799
0.000326079
0.000374666
0.000334426
0.000351897
0.000410539
0.000357691
0.000467903
0.000413802
0.000449301
0.000369212
0.000326345
0.000344448
0.000375528
0.000341076
0.000315959
0.000342256
0.000335058
0.000325986
0.000354301
0.000531896
0.000357215
0.000358216
0.000389459
0.000357541
0.000335812
0.000495195
0.000337996
0.000325565
0.000325323
0.000429215
0.00035885
0.000327998
0.000327603
0.000317078
0.00032206
0.000323143
0.000354867
0.000353106
0.000334489
0.000330217
0.000330302
0.00040216
0.000353398
0.000333392
0.000390246
0.00032634
0.000357696
0.00033842
0.000313209
0.000459113
0.000431306
0.000338668
0.000374574
0.000411085
0.000380642
0.000411843
0.000412555
0.000380333
0.00039513
0.000321238
0.000310154
0.000336172
0.000341918
0.000347741
0.000349495
0.00033446
0.000328186
0.000320887
0.000413273
0.000357481
0.000425331
0.000333425
0.000334069
0.000350809
0.000334962
0.00039276
0.000330613
0.000312832
0.000355293
0.000420454
0.0003294
0.000342846
0.000328713
0.000336735
0.000419093
0.000322895
0.000353356
0.000440459
0.000331353
0.000379289
0.000344307
0.000337794
0.000335373
0.000329722
0.000346884
0.000409507
0.000357479
0.000334779
0.000353076
0.000323867
0.000329997
0.000385151
0.000350278
0.000320079
0.00035634
0.000334444
0.000333394
0.000324895
0.000327347
0.000396934
0.000329596
0.000336049
0.000508402
0.000572801
0.000400846
0.000575701
0.000347837
0.000347248
0.000329595
0.000330823
0.000465849
0.000347251
0.00031711
0.0003297
0.000339783
0.000327042
0.000338884
0.000320366
0.000326954
0.000335949
0.000322955
0.000368479
0.000391945
0.000343956
0.000329046
0.000334212
0.000319909
0.000336526
0.000318329
0.000391615
0.000404667
0.000534818
0.000399539
0.000448102
0.00038289
0.000390677
0.000347563
0.00039688
0.000350082
0.000379871
0.000350121
0.000346425
0.000356213
0.000342904
0.000349017
0.000359966
0.00033953
0.000318359
0.00041333
0.000436141
0.000380073
0.000322743
0.000333822
0.000322974
0.000327227
0.000423249
0.000333212
0.000337892
0.00032369
0.000349004
0.000446298
0.000337119
0.000338743
0.000420654
0.000334161
0.000311455
0.000322932
0.000322333
0.000341799
0.000317939
0.000332565
0.000329359
0.000319466
0.0003223
0.000415459
0.000328556
0.000326468
0.000358711
0.000446206
0.000335995
0.000337327
0.000327203
0.000504961
0.000359654
0.000345476
0.000345363
0.000345945
0.000361749
0.000319274
0.000479909
0.000568037
0.000345757
0.000375184
0.000325206
0.00033332
0.000519434
0.000340749
0.000354412
0.000334405
0.000328459
0.000345336
0.000338445
0.000338239
0.000344562
0.000351467
0.00031438
0.000334725
0.000340046
0.000342919
0.000332897
0.000317297
0.000346036
0.000321452
0.000338073
0.000328401
0.000311769
0.000336206
0.000329621
0.000326815
0.000380219
0.000370544
0.000328815
0.000340959
0.000594876
0.000355324
0.000354821
0.000352296
0.000358646
0.000386587
0.000358917
0.00034803
0.000336383
0.00033912
0.000385807
0.000352608
0.000377342
0.000321236
0.000355625
0.000351765
0.000330972
0.00043226
0.000547096
0.000336731
0.000323748
0.000326957
0.00032706
0.000349871
0.000387867
0.000323191
0.000323429
0.000321379
0.00034001
0.000342584
0.000357193
0.000335756
0.000319972
0.000326238
0.000345648
0.000333226
0.000323234
0.000331782
0.000321124
0.000336489
0.000340058
0.000441446
0.000361208
0.000344811
0.00041396
0.00038668
0.000340414
0.000354792
0.000390347
0.000448346
0.000323416
0.000324538
0.000339052
0.000333966
0.000323842
0.000357122
0.000357838
0.00035088
0.000343357
0.000330678
0.000365143
0.000408736
0.0004094
0.000339692
0.000333358
0.000330524
0.00032501
0.000423735
0.000337767
0.000319144
0.000337682
0.000492615
0.000330574
0.000335793
0.000354586
0.000330848
0.000329403
0.000350599
0.000480574
0.000331965
0.000555236
0.000340156
0.00032337
0.000393842
0.000363339
0.000332062
0.000349782
0.000330624
0.000313928
0.000320529
0.000321994
0.000441104
0.000393264
0.00041
0.00042273
0.000502673
0.000446618
0.000474479
0.00038757
0.000319611
0.000334339
0.000361182
0.000365831
0.000523051
0.000346711
0.000384635
0.00042283
0.000351224
0.000369601
0.00033987
0.000504703
0.000320105
0.000331375
0.000387935
0.000331705
0.000340078
0.0003768
0.000343963
0.000433104
0.000327774
0.000340751
0.000329328
0.000345958
0.000358814
0.000334153
0.000317712
0.00032753
0.000318221
0.000367402
0.000329855
0.000347041
0.000336012
0.000330055
0.00034666
0.000329137
0.000338115
0.000372571
0.00038921
0.000404498
0.000337269
0.000361155
0.000317908
0.000346081
0.000376291
0.000332654
0.000349719
0.000337603
0.000372953
0.000523702
0.000369062
0.000430692
0.000343662
0.000358016
0.000370074
0.000317821
0.000384568
0.000359505
0.000476137
0.000384434
0.000336792
0.000330323
0.00034892
0.000365356
0.000336804
0.000328787
0.00037627
0.000322648
0.000387083
0.00034246
0.000331294
0.000334512
0.000353811
0.000312014
0.000315034
0.000371147
0.000346964
0.000337846
0.000350406
0.000375257
0.000388061
0.000326216
0.000338841
0.000317979
0.000323415
0.000317449
0.000343494
0.000383964
0.000347843
0.00041743
0.000494152
0.000359424
0.000344041
0.000320076
0.000380884
0.000622931
0.0003438
0.000365039
0.000326318
0.000327902
0.000350654
0.000369488
0.000336037
0.000340951
0.00034717
0.000429626
0.000350603
0.000327946
0.000332184
0.000348311
0.000413067
0.000331001
0.000404989
0.000398751
0.000354674
0.000325289
0.000337214
0.000342584
0.000334326
0.000338475
0.000333904
0.000349574
0.000324728
0.000342889
0.00032694
0.000335892
0.000337994
0.000331065
0.000337019
0.000327038
0.000431836
0.000369586
0.000331022
0.000541929
0.000370848
0.000329552
0.000326625
0.000336972
0.000337349
0.000383327
0.000413603
0.000586963
0.00036242
0.000346319
0.0003313
0.000340234
0.000495475
0.000320382
0.000337601
0.00031961
0.000312322
0.000323562
0.000320411
0.000366516
0.000328198
0.000343579
0.000311745
0.000345296
0.000364053
0.0003335
0.000345328
0.000330499
0.000343015
0.000328448
0.000351864
0.000322821
0.000342508
0.000323214
0.000339724
0.000366165
0.00032351
0.000391805
0.000324106
0.00034468
0.000345691
0.000361567
0.00049138
0.000404766
0.00033373
0.000419675
0.000421042
0.000352257
0.000512259
0.000332774
0.000352523
0.000392178
0.000412407
0.000497355
0.000404938
0.000354121
0.000398322
0.000354669
0.000366055
0.000338778
0.000359367
0.000333117
0.000331913
0.000333218
0.000333846
0.000397456
0.000338162
0.000327618
0.000421045
0.000338987
0.000333457
0.000391762
0.000345428
0.000364054
0.000332616
0.00033967
0.000326359
0.000470551
0.00033237
0.000347734
0.000343006
0.000337385
0.000337357
0.000327872
0.000325437
0.000403761
0.00039597
0.000363881
0.000427059
0.000349502
0.000345
0.000363206
0.000327659
0.000420256
0.00033769
0.000380726
0.000331881
0.000321528
0.000487503
0.000329606
0.000340876
0.000347847
0.000329404
0.000396503
0.000323492
0.00035909
0.000337424
0.000334129
0.00038925
0.000332155
0.000330079
0.000335624
0.000351448
0.000347456
0.000474353
0.00055663
0.000343677
0.00034929
0.000398434
0.000321342
0.000551461
0.000497745
0.000321824
0.000324521
0.000360687
0.000359393
0.000384822
0.000490765
0.00034415
0.000340333
0.000440837
0.000611472
0.000595689
0.000576604
0.000390753
0.000382759
0.000345028
0.000391311
0.000336497
0.000321342
0.00042225
0.000500334
0.000335156
0.000328647
0.000320903
0.000415421
0.000328598
0.000341086
0.00032093
0.000319798
0.000324241
0.000326474
0.00032717
0.000338152
0.000330232
0.000526729
0.000397533
0.000332765
0.000368352
0.000356797
0.000331473
0.000367565
0.000346971
0.000336198
0.000310484
0.000347169
0.00037795
0.000388008
0.000326364
0.000411702
0.000336235
0.000351869
0.00034933
0.000326921
0.000398341
0.00036375
0.00036868
0.000335895
0.00038944
0.00036929
0.000329133
0.00031687
0.000362778
0.000502839
0.00036278
0.000342809
0.00033922
0.000352874
0.000325865
0.000372897
0.000488523
0.000343959
0.000339163
0.000423184
0.000344754
0.000424377
0.000426573
0.000342317
0.000338749
0.000550255
0.000392227
0.000346353
0.00032852
0.000390984
0.000396569
0.000467176
0.000347458
0.00038466
0.000349842
0.000474457
0.000328859
0.000335876
0.000329535
0.000324471
0.000317073
0.00035865
0.000408939
0.000411352
0.000354867
0.000357825
0.000335381
0.000465876
0.000389465
0.000505288
0.0003936
0.000331466
0.000358212
0.00034997
0.000334393
0.000343113
0.000344134
0.000324405
0.00032329
0.000336689
0.000329447
0.000342425
0.00038302
0.000325808
0.000321214
0.000349621
0.000356917
0.000324776
0.000333325
0.000549862
0.000404027
0.000369631
0.000329157
0.000333054
0.000325187
0.000332242
0.000334856
0.000381074
0.00031814
0.000347744
0.000363703
0.000333911
0.000510653
0.000336525
0.000320567
0.000327766
0.000349584
0.000391892
0.000363077
0.000558228
0.000489344
0.000397926
0.000352854
0.000350689
0.000353091
0.000439648
0.000374772
0.000403648
0.00042419
0.000347577
0.000346592
0.000336503
0.000354427
0.000345596
0.000337775
0.000337237
0.000351274
0.000350816
0.00032065
0.000373016
0.000314939
0.000326452
0.000339153
0.000335315
0.000336507
0.000356039
0.000333116
0.000333655
0.000340993
0.000335547
0.000431044
0.000323157
0.00034252
0.000336306
0.000328603
0.000351953
0.000354522
0.000329622
0.000328424
0.000318382
0.000376086
0.000331441
0.000388604
0.000357656
0.000445934
0.000364879
0.000338317
0.000369789
0.000375925
0.00051686
0.000327384
0.000331901
0.000516454
0.000317056
0.000340281
0.00034105
0.000314306
0.000325763
0.000364065
0.000352665
0.000432425
0.000339832
0.000335429
0.000327865
0.000352519
0.00040863
0.000320657
0.000341122
0.000334334
0.000359862
0.000353877
0.000327865
0.000357981
0.000319515
0.000325761
0.000357963
0.000331577
0.00032444
0.000341483
0.000358017
0.000332115
0.000347118
0.000313232
0.000344877
0.000320077
0.000318918
0.000332791
0.000333343
0.000350283
0.000333197
0.000429554
0.000505153
0.000364641
0.000423145
0.000499132
0.000483664
0.000408729
0.000377792
0.000324263
0.000344937
0.000465825
0.000342778
0.000417867
0.00032268
0.000370997
0.000360886
0.000331437
0.000331437
0.000331305
0.000320799
0.000346609
0.0003375
0.000327058
0.000322544
0.000319338
0.00039079
0.000355774
0.000345589
0.00039605
0.000348845
0.000412146
0.000401072
0.000339587
0.000330176
0.000325447
0.00035452
0.000349305
0.000321431
0.000328529
0.000318225
0.000345676
0.000361587
0.00037562
0.000345093
0.000379919
0.000396679
0.000355112
0.000504144
0.000324783
0.000415023
0.000335701
0.000359367
0.000401762
0.000323341
0.000344378
0.000522811
0.00032166
0.000353655
0.000357995
0.000367806
0.000357342
0.000421049
0.000344523
0.000334011
0.000346531
0.00033134
0.000364094
0.000350907
0.000332941
0.000361402
0.00037219
0.000437598
0.000314608
0.000329073
0.000337816
0.000336142
0.000365796
0.000346418
0.000313945
0.000322675
0.000329959
0.000335554
0.000330106
0.000322504
0.000324815
0.000330346
0.000313396
0.000316943
0.000325364
0.000362895
0.000345411
0.000520529
0.000493776
0.000336964
0.000336995
0.0003361
0.000328801
0.000394157
0.000496482
0.000366567
0.000335866
0.000328164
0.000347383
0.000408909
0.000330039
0.00034397
0.000344525
0.00035157
0.000349595
0.000351788
0.000332733
0.000420256
0.000330219
0.000443787
0.000390329
0.000357578
0.000334235
0.000398677
0.000358461
0.00039298
0.000328864
0.000343831
0.000433967
0.000330016
0.000367448
0.000343796
0.000328499
0.000329484
0.000327828
0.000355765
0.000327486
0.000330349
0.00040742
0.000312338
0.000336863
0.000355566
0.000455023
0.000327074
0.000321535
0.000352917
0.000336985
0.000355623
0.000332975
0.000379611
0.000358125
0.000402836
0.00034292
0.00039105
0.000400252
0.000428891
0.000311777
0.000347284
0.000338724
0.000322996
0.000344567
0.000356597
0.000335569
0.00035685
0.000331956
0.000346054
0.000331444
0.000391638
0.000335733
0.00032189
0.000400415
0.000449679
0.000330694
0.000333857
0.000348707
0.000344172
0.000323597
0.00035807
0.000350448
0.000408801
0.000356164
0.000316633
0.000336588
0.000325767
0.000384862
0.000383338
0.000338513
0.000323324
0.000334994
0.000363272
0.000469564
0.000332953
0.000387603
0.000390203
0.000350924
0.000398403
0.000416434
0.000338258
0.000330321
0.000393254
0.000340615
0.000325847
0.000431452
0.000332357
0.000377484
0.000318512
0.000339518
0.000340715
0.000330924
0.000344844
0.000317238
0.000377297
0.00040582
0.000321633
0.000353005
0.000335582
0.000340716
0.000364558
0.000328823
0.000327977
0.00034011
0.000454721
0.000456618
0.000346455
0.00032958
0.00035144
0.000356171
0.000348143
0.000355009
0.000325607
0.000340696
0.000371901
0.000335934
0.000332708
0.000328899
0.000342588
0.000364461
0.000343853
0.000374646
0.000464042
0.000342764
0.000345666
0.000336909
0.000326879
0.000402895
0.000353243
0.00039026
0.000327593
0.000323774
0.000336747
0.000342107
0.000362149
0.000386716
0.000330282
0.00036943
0.000323351
0.000493085
0.000344569
0.00035164
0.000324459
0.000328371
0.000347816
0.00033089
0.000362548
0.000360072
0.000378604
0.000334985
