15.192
16.7072
20.5552
15.5648
15.024
15.3547
15.2038
16.048
16.2855
15.1564
16.4811
15.1645
14.8362
15.9317
15.0366
15.2867
15.8988
14.9108
15.378
14.9943
15.4903
15.5056
15.1402
15.2399
15.1818
15.2826
15.195
15.2005
15.3368
14.9679
15.1835
17.4692
17.7366
15.0619
17.2097
15.4305
15.16
15.5018
15.9827
16.189
16.3908
15.254
16.2422
15.7934
15.6785
15.6538
17.499
17.9646
15.6339
16.5
16.1144
15.2237
16.2693
15.4318
17.0706
16.1973
16.693
17.2961
15.861
15.8623
16.2457
16.2722
17.0881
16.6441
15.7823
15.2663
16.0584
15.6349
15.3963
15.2746
15.3382
15.7393
15.7747
15.0439
16.2056
19.5326
15.6739
19.3535
16.5379
15.1676
15.0521
18.3623
15.6703
15.0035
17.2017
18.5069
15.9438
14.9999
16.3035
15.9594
15.0269
16.685
15.468
15.3219
15.7088
15.0612
15.4847
15.2002
15.9886
14.9463
