4.43182
3.82218
3.89631
4.04482
3.89766
3.79975
4.19592
3.71713
4.06385
3.83843
3.7579
3.84362
3.79817
4.23602
3.93942
3.81886
4.36398
3.93588
3.87309
3.90464
3.84239
4.11572
5.23448
3.8458
3.78984
5.48742
3.72029
4.28444
3.86806
3.94411
3.80943
4.27564
3.96541
3.84107
3.99299
4.622
4.71342
5.19265
3.82001
5.54585
5.60613
3.88928
3.90458
3.79035
5.54264
3.73234
3.76823
3.85789
4.92394
3.77261
3.80331
4.04103
3.80288
4.00648
3.78946
3.98119
3.81713
3.91319
3.95932
5.57759
3.75311
3.86236
3.86273
4.09117
4.19067
3.81499
4.08243
4.05289
4.2542
3.6944
4.89265
4.0651
3.80584
3.75502
3.74377
3.86515
3.78938
3.86694
3.83203
3.92716
4.19315
5.11986
5.3727
5.89193
4.01709
3.84769
3.95925
3.78669
3.87326
3.70036
3.84688
3.94787
3.87808
3.82342
3.97763
3.84218
5.64118
4.38868
3.76265
3.82952
