27.8924
30.2692
27.9898
27.7836
32.1224
28.972
27.8561
28.1201
28.0761
28.5298
28.8655
27.85
28.4344
27.5817
28.1026
28.3493
28.3622
29.1376
27.85
29.1674
31.0225
28.7317
28.2374
32.7007
29.5702
28.7554
35.7782
31.4759
28.8818
29.0223
28.0694
34.5941
28.0904
28.434
36.3231
27.9007
36.1657
27.949
36.2591
27.9219
31.6215
34.6142
33.5517
31.375
35.7035
34.9919
27.7358
37.2935
28.0952
36.3218
36.7361
40.9665
29.7779
27.9703
32.8178
36.294
27.6854
28.3149
28.811
33.4732
28.7625
33.1529
28.7098
28.0149
28.23
30.1701
28.3629
28.861
27.784
27.9614
27.9365
33.9948
28.9026
27.9902
29.3382
28.2801
30.7853
29.2712
28.693
29.3276
28.8592
29.0905
34.2671
31.061
33.3582
28.3135
27.9152
29.0363
28.565
28.0227
28.6297
27.569
29.1644
28.2163
27.6065
27.8975
28.4491
28.7039
29.3504
27.9884
