0.000425184
0.000461956
0.000523682
0.000416789
0.000428065
0.000424734
0.000410308
0.000472811
0.000433345
0.000426692
0.000416236
0.000408543
0.000499178
0.000469902
0.000574454
0.000497256
0.000428598
0.0004172
0.000418865
0.000426032
0.000422386
0.000484733
0.000506137
0.000550959
0.000404372
0.000422548
0.000414154
0.000416231
0.000691404
0.00048613
0.000425037
0.000413614
0.00044267
0.000414238
0.000429456
0.000466213
0.00041302
0.000414474
0.000419342
0.000581116
0.000440963
0.000421729
0.000446486
0.000584533
0.000503006
0.000429554
0.000415727
0.000415144
0.00043189
0.000422865
0.000506265
0.000493855
0.000511896
0.000570317
0.000489579
0.000438163
0.000634439
0.000459415
0.000479852
0.000480528
0.000429501
0.000630533
0.000420963
0.000420569
0.00045721
0.000435821
0.000499597
0.000425137
0.000501008
0.000627021
0.000454237
0.000421127
0.000435628
0.000436327
0.000440959
0.000410355
0.000459756
0.000644451
0.000431811
0.00043953
0.00044079
0.000421961
0.000497929
0.000418669
0.000427287
0.000423681
0.000419207
0.000452765
0.000422552
0.000419758
0.000599634
0.000628683
0.000451362
0.000416033
0.000419376
0.000539542
0.000432226
0.000548738
0.000427129
0.000477444
0.000484667
0.000449172
0.000473672
0.000463593
0.00043542
0.000512324
0.000425849
0.000426359
0.000584215
0.000442367
0.00043553
0.000408227
0.000419541
0.000423521
0.000422547
0.0005551
0.000412987
0.000443955
0.000429622
0.000522466
0.000446588
0.000550794
0.000476272
0.000427464
0.000445078
0.0004037
0.00042778
0.000439226
0.000442017
0.000418735
0.00044375
0.000470331
0.000430408
0.000451865
0.000423214
0.000641956
0.000488245
0.000416889
0.000504414
0.000483825
0.000426092
0.000444265
0.000442173
0.000425308
0.000571797
0.00041539
0.000422242
0.000422965
0.000529446
0.000442812
0.00042375
0.000436618
0.000429192
0.000434304
0.000451454
0.000554965
0.000419473
0.00045831
0.000452238
0.000549915
0.000431907
0.000692124
0.000438601
0.000441507
0.000519642
0.000503045
0.000535556
0.000526468
0.000685213
0.000661956
0.000417654
0.000436972
0.00045043
0.000594891
0.000714369
0.000646201
0.000888965
0.000468192
0.0004381
0.000436112
0.000549791
0.000491745
0.000523275
0.000538296
0.000590865
0.000431577
0.000436525
0.000462095
0.000442578
0.000404992
0.000432218
0.000426856
0.000500507
0.00067263
0.000416904
0.000424567
0.000487194
0.000773676
0.0005052
0.000507479
0.000449016
0.000425088
0.000563516
0.000517016
0.000468402
0.000419825
0.000426905
0.000447233
0.000423304
0.000513294
0.000533127
0.000495469
0.000490265
0.000498266
0.000420674
0.000426051
0.000414065
0.000509591
0.000488805
0.00044443
0.000427043
0.000425733
0.000528027
0.00045962
0.000429912
0.000478732
0.000413289
0.000421894
0.00043
0.00045354
0.000447366
0.000537599
0.000483352
0.000550889
0.000411976
0.000478247
0.000417304
0.000435136
0.0005566
0.000561658
0.000417549
0.000474509
0.000558137
0.00046828
0.000422915
0.000414692
0.000427935
0.000430281
0.000496844
0.000484713
0.000443935
0.000620321
0.000444133
0.000440571
0.000414705
0.000422573
0.000572217
0.000506095
0.000442146
0.000449052
0.00043157
0.000428048
0.000416132
0.000418375
0.000413728
0.000452606
0.000438698
0.000518246
0.000460053
0.000434589
0.000416299
0.000429154
0.000681865
0.000420146
0.000503145
0.000435377
0.000448414
0.000432569
0.000422432
0.000454445
0.000485182
0.000421035
0.000427331
0.000442114
0.000425054
0.000425382
0.000420184
0.000490416
0.000410377
0.000451544
0.000458326
0.000510847
0.000468348
0.000439666
0.000429924
0.000597182
0.000528583
0.000424737
0.000479193
0.000417406
0.000503789
0.000462458
0.000430697
0.000436659
0.000471075
0.000429371
0.000434198
0.0004149
0.000438813
0.000454773
0.000447243
0.000424828
0.000567492
0.000516086
0.000471527
0.000490467
0.000434989
0.00043268
0.000439941
0.000515597
0.000498506
0.000938178
0.000722394
0.000562353
0.000578845
0.000569786
0.000611135
0.000818434
0.000660193
0.00050467
0.000423138
0.000413698
0.000465183
0.000430303
0.000728151
0.000581136
0.000438357
0.000416434
0.000435537
0.000416321
0.000437819
0.000405411
0.000413915
0.000418864
0.000489304
0.000526748
0.000422565
0.000598966
0.000475702
0.000443798
0.000659011
0.000482326
0.000478433
0.000595254
0.00042712
0.000422496
0.000537507
0.000463773
0.000437504
0.000405521
0.000511015
0.000421915
0.000437458
0.000691773
0.000423964
0.000443506
0.000417924
0.000481138
0.000661967
0.00044901
0.000580902
0.000422332
0.000457361
0.000414446
0.000428342
0.000437942
0.000421604
0.000412149
0.000431568
0.000465626
0.000415393
0.000423215
0.000430763
0.000443495
0.000548116
0.000552844
0.000424045
0.000437878
0.000627644
0.000598525
0.000584364
0.000590125
0.00076903
0.000446039
0.000437725
0.000426878
0.000447247
0.000411631
0.000872142
0.00060678
0.000494857
0.000446979
0.000451098
0.000445383
0.000429626
0.00049042
0.000434391
0.000553746
0.000433011
0.000471289
0.000712707
0.000582359
0.000494081
0.000501659
0.000421337
0.000418656
0.000435294
0.000516953
0.000432026
0.000652496
0.000607259
0.000547193
0.000590828
0.000658448
0.000587517
0.000520712
0.000481255
0.000482859
0.000420253
0.000428581
0.000457455
0.000435364
0.000544681
0.000573994
0.000745002
0.000561245
0.000537777
0.00041985
0.000522625
0.000432684
0.000546019
0.000411861
0.00043548
0.000430234
0.000416347
0.000773601
0.000508979
0.00044632
0.000435098
0.000446464
0.000464024
0.00041694
0.000644342
0.000696209
0.000548937
0.000659493
0.000734966
0.000676757
0.000892518
0.000528631
0.000474629
0.000576866
0.000484803
0.000424742
0.000488361
0.00045025
0.000625468
0.000689544
0.000418607
0.000419809
0.000804857
0.000429665
0.000446769
0.000505328
0.000669504
0.000712162
0.000665747
0.000602144
0.000473667
0.000470602
0.000729824
0.00056904
0.000430444
0.000445335
0.000694605
0.00049449
0.000428232
0.000625962
0.000659626
0.000788761
0.000666857
0.000563721
0.000417707
0.000479367
0.000614699
0.000711493
0.000751664
0.000463562
0.000529931
0.000693194
0.000425811
0.000417495
0.00051463
0.000449277
0.000453052
0.000441352
0.000745879
0.000504311
0.00047896
0.000415429
0.000437135
0.000409217
0.000417091
0.000427935
0.000587691
0.000899835
0.000617491
0.000607477
0.000699767
0.00058882
0.000647772
0.000745647
0.000465092
0.000420038
0.000623389
0.000532236
0.000775366
0.000673548
0.000710555
0.000639377
0.000673196
0.00064027
0.000485617
0.000484018
0.000501449
0.000487891
0.000576442
0.000416786
0.000436158
0.000427722
0.000512583
0.00045275
0.000529149
0.00045072
0.000524551
0.000462797
0.000591676
0.000529637
0.000747677
0.000603749
0.000650373
0.00049197
0.000480677
0.000424146
0.000433781
0.000423177
0.000443221
0.00060392
0.000564246
0.000631745
0.000425914
0.000679271
0.000612272
0.000610045
0.000466282
0.0005164
0.000483535
0.000434947
0.000452559
0.000638336
0.000495736
0.00057818
0.000417257
0.000517166
0.000460659
0.000519303
0.000635964
0.000502007
0.00059604
0.000471181
0.000708066
0.000727344
0.000503993
0.000583509
0.00053982
0.000429609
0.000450633
0.000434147
0.000421476
0.000424824
0.000495924
0.000432658
0.000432466
0.000449554
0.000504912
0.000717681
0.000757804
0.000503608
0.000453576
0.000430067
0.000537091
0.000529058
0.000417015
0.000630199
0.000578581
0.000467142
0.000420814
0.000436092
0.000514968
0.000496635
0.000435003
0.000581085
0.000424566
0.000612726
0.000430829
0.00064258
0.000849373
0.000778587
0.000718867
0.000432561
0.000432298
0.000453868
0.000452146
0.000454855
0.000417831
0.000494905
0.000440772
0.000426466
0.000427688
0.000605851
0.000766844
0.000516523
0.000450505
0.000455065
0.000423212
0.000433702
0.000469918
0.000435198
0.000601251
0.000657631
0.000431903
0.00050478
0.000660112
0.000582559
0.000632663
0.000546944
0.000632247
0.000516873
0.000784524
0.00090946
0.00050547
0.000427128
0.000644494
0.000439087
0.000422279
0.000480929
0.00045784
0.0007292
0.000429754
0.000526809
0.000577822
0.000575247
0.000420767
0.000568306
0.000419891
0.000500255
0.000430316
0.000491883
0.000437613
0.000638629
0.000555761
0.000465812
0.000420236
0.000434361
0.000504018
0.000419879
0.000420164
0.000529028
0.000427792
0.000534992
0.00224618
0.000864507
0.00069156
0.000430744
0.000494068
0.000442622
0.000515185
0.000641896
0.000486553
0.000640161
0.000483429
0.000433987
0.000587242
0.000581587
0.000450892
0.000433421
0.000443303
0.000514446
0.000858234
0.000563131
0.000780571
0.000686919
0.000533664
0.000469092
0.000474731
0.000438259
0.000545757
0.00052506
0.000604594
0.000613656
0.000654355
0.00135738
0.000738442
0.000628695
0.000523134
0.00055315
0.000516279
0.000453926
0.000588459
0.000670279
0.000450719
0.000571208
0.000605041
0.000591368
0.000429871
0.000428287
0.000422631
0.00044397
0.000484187
0.000403685
0.000448494
0.000447781
0.000798181
0.00055587
0.000578231
0.000639965
0.000483128
0.000415823
0.00050546
0.000653688
0.000494254
0.00054678
0.000672207
0.000822162
0.000561444
0.000531486
0.000443961
0.000427378
0.000423193
0.000412423
0.000517322
0.000503528
0.000514755
0.00055107
0.000496234
0.000649125
0.000572756
0.00059622
0.000454627
0.000427313
0.000462424
0.000530067
0.000409045
0.000452482
0.000447051
0.000415778
0.000436757
0.000465319
0.000428027
0.000415103
0.00046015
0.000446136
0.000498051
0.000487011
0.0005179
0.000430815
0.00053012
0.00044429
0.000518805
0.000721835
0.000471727
0.000562554
0.000460378
0.000512049
0.000538265
0.000448333
0.000557275
0.000423581
0.00043653
0.000451476
0.000511127
0.000531499
0.000429757
0.000517002
0.000584215
0.000433709
0.000513032
0.000423467
0.000408596
0.000435712
0.000406659
0.000421694
0.000429866
0.000426995
0.00041969
0.000428123
0.000558373
0.000424824
0.000437572
0.000626234
0.000476485
0.000445386
0.000591848
0.000419811
0.000428752
0.000411071
0.000467543
0.000612938
0.000634317
0.000581432
0.000504768
0.000416878
0.000418953
0.000420629
0.00042595
0.000456621
0.000412565
0.000592651
0.000439417
0.000639813
0.000641238
0.000565032
0.000738157
0.000426964
0.000434526
0.000422786
0.000476393
0.000422077
0.000446132
0.000415153
0.000425711
0.000426716
0.000595352
0.000666962
0.000496836
0.000652492
0.000514887
0.000414652
0.000416919
0.000527351
0.000430444
0.000435941
0.000441506
0.000424884
0.000434735
0.000591653
0.000714731
0.000433556
0.000490373
0.000454334
0.000467441
0.00041383
0.000422983
0.000419274
0.000446241
0.000451343
0.000414856
0.000454356
0.000533799
0.000463092
0.000477483
0.000427277
0.000426809
0.000439847
0.00042639
0.000415992
0.000436193
0.000406135
0.000544076
0.000470129
0.000452471
0.000841333
0.000432994
0.000432843
0.00048473
0.000422121
0.000475593
0.000493907
0.000411661
0.000400135
0.000471953
0.000471051
0.00044559
0.000678948
0.00054604
0.000533497
0.0004713
0.000520407
0.0005164
0.000536131
0.000415955
0.000480025
0.000428612
0.000798966
0.000721745
0.000660484
0.000567185
0.000636446
0.000455714
0.000486809
0.00048073
0.000455407
0.000618157
0.000418154
0.000443187
0.000446854
0.000562151
0.00064571
0.000615538
0.000427224
0.00044029
0.000419065
0.00045251
0.000464209
0.000634957
0.000693263
0.000717757
0.000745864
0.00067279
0.000721421
0.000626026
0.000504671
0.000488173
0.000411431
0.000459976
0.000437679
0.000554429
0.000732484
0.000671957
0.000450613
0.000445134
0.000520024
0.000419216
0.00053785
0.000453987
0.000595999
0.000522487
0.000430376
0.000661863
0.000519366
0.000631892
0.000617438
0.00048537
0.000615306
0.000409659
0.000474089
0.000468679
0.0007657
0.000723377
0.000965098
0.000772303
0.000676183
0.0027682
0.000736452
0.000651088
0.000672809
0.000493488
0.000411148
0.000484931
0.00043986
0.000480838
0.000467305
0.000543797
0.000423915
0.000415229
0.000470504
0.000443288
0.000692407
0.000781789
0.000463543
0.00046712
0.000495592
0.000437158
0.00044733
0.000464267
0.000524372
0.00043015
0.000636638
0.000489164
0.000503463
0.000744037
0.000493221
0.000544394
0.000467038
0.000559465
0.000423091
0.000416019
0.000501942
0.000487604
0.000542874
0.000515742
0.000455352
0.000435446
0.000433606
0.000476231
0.0004164
0.000460098
0.00056626
0.000415343
0.000424565
0.00042372
0.000429222
0.000426433
0.000421076
0.000447218
0.000433987
0.000469128
0.000448285
0.000431353
0.000436556
0.000413032
0.000419106
0.000412917
0.000419761
0.000425601
0.000469789
0.000528821
0.00097845
0.000711135
0.000520349
0.00056614
0.000570365
0.000496846
0.000446831
0.000473285
0.000456782
0.000524285
0.000573339
0.000458396
0.000410204
0.000513148
0.000449623
0.00044301
0.000429485
0.000414863
0.000439604
0.000428046
0.000428112
0.000428477
0.000421091
0.000689143
0.000781476
0.000493438
0.000414332
0.000430532
0.000429099
0.000412848
0.000488644
0.000442686
0.000516031
0.000416834
0.000419693
0.000499877
0.000418273
0.00048962
0.000599368
0.000621835
0.000418547
0.000586888
0.000518168
0.000505855
0.000435555
0.000423586
0.000428601
0.000947511
0.000527197
0.000466697
0.000417167
0.000423125
0.000531505
0.00041843
0.000451241
0.00051094
0.000416851
0.000548209
0.000495779
0.00071694
0.000538405
0.000424926
0.000427176
0.000406317
0.00041486
0.000468961
0.000520287
0.000438547
0.000433535
0.000427229
0.000567241
0.000458848
0.000440045
0.00055081
0.000576842
0.000430209
0.000644517
0.000718373
0.00048117
0.000444058
0.000564672
0.000437324
0.000705699
0.000507537
0.000456289
0.000446429
0.000428753
0.000501053
0.000635969
0.000449818
0.000406216
0.000410031
0.000430237
0.000446391
0.000432089
0.00091823
0.000584588
0.000412999
0.000410097
0.000403442
0.000413996
0.00041705
0.000476729
0.000417381
0.000418964
0.000414938
0.000467601
0.000562493
0.000485016
0.000667652
0.00055194
0.000465086
0.000635544
0.000439441
0.000743013
0.000503642
0.000422069
0.000582096
0.00053592
0.00043972
0.000444534
0.00042852
0.000451223
0.00042654
0.000427855
0.000487297
0.000465744
0.000424176
0.000461495
0.000443764
0.000492815
0.000526701
0.000412722
0.000429593
0.000427057
0.000411762
0.000406881
0.000430112
0.000457906
0.000537489
0.000449561
0.000427329
0.000432355
0.000425945
0.000429002
0.000422451
0.000440357
0.00058341
0.00057175
0.000462893
0.000462109
0.000912713
0.000574431
0.000762206
0.00063316
0.000666677
0.000663432
0.000525169
0.000572853
0.000674498
0.000445072
0.000417661
0.000416615
0.000570981
0.000721683
0.000726884
0.000499267
0.000441326
0.000717602
0.00057543
0.00041262
0.000433447
0.000434823
0.000587562
0.000462806
0.000460624
0.000479107
0.000631039
0.00078849
0.000511328
0.000547299
0.000513161
0.000542341
0.000637861
0.000440537
0.000713327
0.000887299
0.00073595
0.000446885
0.000429011
0.000447155
0.000417338
0.000423224
0.000479416
0.00072645
0.000556352
0.000427334
0.000436901
0.000441504
0.000612779
0.000442097
0.000488269
0.000433897
0.000424983
0.000450437
0.000430609
0.000410743
0.000425667
0.000727967
0.000476177
0.000424632
0.000626384
0.000431643
0.000607015
0.000525763
0.000541386
0.000624422
0.00041221
0.000537588
0.00082483
0.000934722
0.000402286
0.000444493
0.000510733
0.000426005
0.000504382
0.000459729
0.000474751
0.00045242
0.000482364
0.000537791
0.000519544
0.000579856
0.000434402
0.000408607
0.000447916
0.000437455
0.000425861
0.000429605
0.000465375
0.000492036
0.000642133
0.000437731
0.000526837
0.000508246
0.000470546
0.00100197
0.000463076
0.000445542
0.000517811
0.000421722
0.000519779
0.00040525
0.000512301
0.0007218
0.000748468
0.000617532
0.000427536
0.000464587
0.000423361
0.000419491
0.000446338
0.000435602
0.000450975
0.000580743
0.000654932
0.000475511
0.000762809
0.000527422
0.000447606
0.000468458
0.000484903
0.000440881
0.000462266
0.000412146
0.000449041
0.000423834
0.000442956
0.000422061
0.000439769
0.000426647
0.000496322
0.000434329
0.000546772
0.000440604
0.000515759
0.000467553
0.000778836
0.000463781
0.000515668
0.000750215
0.000648756
0.00070771
0.000447258
0.00041984
0.000464158
0.000426531
0.000418027
0.000510562
0.000426082
0.000461551
0.000610145
0.000493577
0.00044097
0.000669387
0.000456328
0.000561059
0.000458773
0.000416557
0.000427646
0.000429058
0.00042028
0.00044203
0.000443109
0.00049527
0.000487011
0.000440935
0.000419757
0.00043894
0.000508206
0.000462047
0.000425369
0.000565662
0.000770698
0.000597822
0.000424668
0.000474735
0.000441702
0.00049636
0.000713008
0.000450911
0.000431195
0.00043661
0.000455115
0.000460166
0.00042169
0.000423138
0.00061353
0.000444257
0.000424671
0.000574112
0.000439252
0.000630012
0.000421616
0.000450134
0.000426762
0.000431495
0.00043731
0.000473665
0.000426282
0.00040769
0.000428425
0.000434832
0.00041795
0.000416527
0.000465794
0.000422542
0.000435041
0.000496085
0.0005382
0.000502582
0.00045096
0.000502622
0.000899535
0.000431379
0.000590055
0.000460589
0.000600076
0.000490286
0.000429138
0.000421886
0.000478255
0.000472898
0.000539735
0.00076933
0.000705934
0.000659946
0.000754336
0.000517376
0.000434062
0.00055106
0.000544744
0.000482649
0.000453211
0.000457728
0.000434826
0.000456775
0.000408377
0.000465255
0.000410868
0.000558976
0.000441837
0.000656339
0.00110479
0.000990448
0.000615129
0.000938678
0.000843852
0.000492107
0.000863462
0.000582817
0.000573018
0.000434349
0.00041902
0.000519424
0.000692814
0.000471149
0.000451524
0.000448243
0.000507126
0.000483156
0.000418089
0.000471226
0.000442971
0.000422792
0.000429072
0.000488321
0.000414298
0.000466281
0.000407586
0.000436021
0.0004509
0.000491368
0.000463053
0.000438287
0.000784769
0.000610051
0.000498484
0.000590486
0.000700492
0.00054899
0.000765251
0.000724709
0.000570646
0.000443523
0.00040477
0.000443534
0.000510969
0.000626537
0.000463363
0.000447053
0.000442862
0.000436517
0.000425667
0.00051278
0.000458373
0.000442982
0.000423487
0.000424039
0.000457201
0.00042194
0.000426916
0.000418226
0.000480672
0.000433742
0.000466844
0.000441457
0.000497868
0.000453481
0.000441429
0.000498438
0.000492509
0.000454103
0.000413118
0.000546765
0.00062085
0.000428925
0.000499412
0.000497458
0.000422152
0.000625035
0.000497679
0.000457863
0.000418624
0.000409439
0.000459557
0.00044178
0.000453133
0.000437376
0.00044113
0.000462236
0.000416052
0.000487775
0.000963563
0.000415275
0.000433496
0.000426924
0.000429388
0.000433802
0.000444899
0.000436965
0.000429298
0.00042657
0.000428496
0.000420849
0.000431925
0.000483126
0.000431406
0.000415797
0.000450208
0.000421471
0.000469538
0.000432675
0.000420949
0.000429469
0.00045157
0.000526471
0.000816779
0.000501988
0.000582741
0.000435285
0.000412492
0.000446911
0.000476711
0.00047175
0.00044839
0.000423616
0.000463779
0.000464536
0.00049558
0.000416691
0.000465511
0.000431078
0.000410411
0.000412986
0.000424336
0.00041495
0.000413622
0.000410803
0.000409349
0.00041766
0.000437679
0.000449738
0.000424201
0.000430318
0.000431678
0.000493109
0.000426907
0.000429992
0.000462683
0.00053812
0.000639535
0.000413319
0.000445354
0.000553674
0.000571202
0.000427217
0.000447746
0.000434028
0.00041347
0.000430475
0.000471442
0.000427435
0.00042413
0.000466461
0.00041348
0.000446101
0.000420941
0.000534522
0.000444181
0.000441403
0.000472799
0.000545467
0.000602031
0.000424893
0.000424949
0.000462891
0.000420431
0.00044289
0.000553538
0.000747756
0.000422445
0.000425058
0.000423652
0.000497479
0.000423674
0.000516437
0.000598351
0.000424418
0.000481365
0.000428397
0.000424877
0.000414949
0.000504045
0.000418179
0.000453515
0.000413394
0.000460732
0.000432345
0.000435348
0.000436851
0.000422215
0.000429166
0.000411445
0.000561157
0.000573466
0.000429271
0.000449803
0.00047059
0.000406121
0.000496271
0.000547923
0.00050377
0.000429081
0.000449721
0.000401298
0.000447486
0.000417204
0.000437441
0.000413764
0.000480831
0.000456719
0.000418504
0.000418987
0.000520236
0.000439906
0.000454913
0.000452452
0.000415001
0.000419616
0.000549825
0.000579326
0.00044668
0.000435122
0.000411243
0.000413254
0.000432103
0.000438098
0.00044485
0.000454062
0.000428214
0.00041308
0.000438974
0.000490149
0.00042967
0.00045986
0.000436182
0.000425107
0.000426203
0.000546663
0.000471324
0.000676049
0.000692289
0.000439857
0.000437917
0.000448384
0.000428882
0.000715436
0.000425557
0.000414648
0.0004007
0.000574012
0.000451104
0.000482163
0.000422507
0.000521335
0.000648058
0.000563566
0.000529387
0.000587282
0.000425807
0.000476421
0.000434471
0.000411314
0.000515081
0.000406693
0.000473325
0.000435291
0.00041619
0.000440941
0.000398882
0.000435956
0.000499285
0.000415623
0.000439282
0.000420533
0.00043844
0.00041268
0.000478714
0.000512516
0.000551241
0.000437848
0.000427352
0.000420228
0.000423649
0.000459823
0.000459529
0.00049126
0.000449996
0.000423671
0.000411716
0.000430403
0.000516452
0.000546704
0.000511468
0.000582259
0.000433531
0.000498263
0.000598976
0.000517992
0.000407774
0.000429002
0.00041523
0.000414808
0.000466155
0.00045288
0.000427028
0.000445962
0.000585484
0.000562958
0.000418121
0.000491512
0.000498463
0.000451372
0.000427139
0.000483429
0.000467954
0.00043745
0.000596328
0.000786423
0.000441371
0.000441847
0.000441257
0.000450016
0.00044106
0.000496672
0.000460926
0.000458173
0.000464167
0.000423298
0.000424948
0.000432357
0.000499658
0.000434442
0.000413777
0.000544498
0.000438356
0.00055256
0.000449203
0.000456738
0.000438009
0.00052517
0.000554215
0.000413033
0.000446045
0.000473085
0.000445731
0.000448375
0.000435779
0.000424008
0.000520303
0.000446784
0.000410691
0.000467362
0.000434841
0.000473717
0.000603203
0.000461466
0.000608073
0.000471373
0.000471256
0.000439904
0.000515979
0.000724549
0.000557765
0.000537821
0.000518397
0.000644978
0.000719117
0.000691546
0.000724706
0.000469795
0.000452498
0.000571605
0.000464133
0.000416674
0.00043528
0.000421947
0.000409795
0.000408147
0.000433877
0.000492144
0.000437095
0.000528279
0.000515867
0.000446055
0.00042674
0.000443469
0.000433332
0.00049827
0.000501039
0.000729285
0.000556055
0.00040978
0.000431175
0.000439681
0.000446029
0.000653864
0.000438307
0.000445263
0.000481317
0.000485945
0.000497524
0.000439933
0.000430026
0.000652979
0.000469437
0.000432378
0.000485035
0.000436692
0.000595926
0.000633744
0.000510098
0.000486285
0.000433809
0.00046651
0.000539672
0.000449109
0.000436343
0.000439198
0.000419905
0.000459709
0.000441767
0.000439545
0.00046275
0.000537629
0.00057866
0.000676136
0.000537859
0.000685802
0.000507155
0.000448106
0.000426599
0.000510805
0.0004173
0.000631506
0.000978809
0.000975284
0.000695501
0.000755425
0.000686507
0.000473278
0.000543117
0.000586441
0.000661558
0.000420648
0.000471032
0.000430961
0.000429759
0.000419033
0.000478561
0.000474442
0.000462398
0.000546103
0.000447952
0.000486931
0.000502827
0.00046255
0.000436123
0.000498005
0.000535156
0.000460807
0.00045062
0.000440501
0.000426048
0.000418957
0.000470356
0.000847056
0.000449807
0.000431225
0.000519588
0.000506224
0.000592008
0.000473966
0.00061289
0.00048102
0.000424459
0.000435341
0.000580503
0.000478949
0.000437265
0.000632748
0.00048029
0.000424798
0.000408816
0.000446631
0.000472155
0.000471462
0.00047513
0.00041677
0.000452584
0.000446025
0.000423865
0.000452111
0.000409657
0.000439114
0.000478677
0.000693892
0.000600328
0.000433601
0.000468268
0.000465414
0.000598414
0.000417174
0.000452437
0.000576591
0.000435443
0.000455856
0.000504802
0.000423786
0.00045136
0.000636377
0.000616453
0.000430393
0.000428932
0.000407824
0.000517916
0.000536245
0.000521965
0.000620432
0.000658763
0.000456993
0.000458448
0.000481225
0.000593871
0.000754557
0.000695107
0.000628454
0.000559076
0.000967123
0.000635806
0.000466948
0.000453488
0.000451758
0.000531823
0.000588776
0.000457013
0.000635602
0.000452874
0.000547501
0.000443938
0.000401628
0.000458318
0.000536889
0.000457841
0.000437308
0.000425932
0.000642642
0.000438464
0.00041319
0.000498696
0.000465775
0.000489176
0.000523062
0.000478023
0.000478438
0.000479705
0.000420425
0.000411597
0.000415654
0.000477453
0.000468289
0.000491505
0.000410947
0.000428411
0.000510485
0.000479081
0.000661956
0.000504461
0.000669764
0.000643026
0.00101275
0.000498432
0.000487946
0.000423216
0.000519905
0.000693273
0.000578011
0.000455074
0.000505983
0.000650813
0.000434507
0.000422317
0.000424608
0.000791305
0.000662157
0.000596211
0.00058677
0.000602163
0.000689771
0.000638153
0.000452175
0.00045577
0.000446798
0.000432134
0.000669145
0.000697327
0.000770337
0.00047611
0.000472248
0.000608035
0.00044406
0.000621952
0.000427122
0.000485526
0.00062074
0.00053684
0.000663292
0.00067614
0.000432523
0.000468175
0.000454804
0.000428431
0.000665358
0.000408451
0.000470022
0.000446864
0.000451476
0.000590385
0.000550661
0.000421052
0.000453836
0.000555828
0.000413202
0.000523784
0.000493885
0.000428218
0.000432655
0.000503556
0.00070368
0.000833406
0.000617154
0.000684945
0.00045863
0.000457536
0.000545113
0.000425333
0.000460447
0.000499143
0.000460272
0.000468359
0.000435646
0.000520837
0.000443298
0.000489505
0.000425628
0.000417031
0.000438584
0.000508289
0.000522915
0.000417714
0.000498664
0.000424593
0.000437915
0.000541393
0.000628952
0.00042758
0.000448327
0.000422624
0.000427868
0.000439557
0.000497356
0.000447408
0.000416564
0.000426123
0.000443055
0.000466932
0.00051566
0.000515376
0.000463574
0.000423059
0.000409406
0.000449346
0.000498799
0.000467696
0.000496781
0.000473512
0.000411369
0.000496744
0.000474384
0.000454656
0.00042477
0.000461365
0.000522111
0.000434337
0.000453108
0.000431718
0.000518312
0.000412939
0.000457503
0.000431245
0.000417186
0.000432897
0.000442512
0.00053404
0.000418653
0.000468491
0.000412952
0.000419722
0.000433211
0.000485132
0.000441583
0.000454083
0.000470483
0.000425861
0.000434672
0.00048933
0.000537878
0.000461349
0.000408838
0.000459298
0.000413173
0.00041495
0.000478213
0.000538297
0.000442784
0.000507291
0.000418656
0.000445618
0.000476655
0.000420592
0.000460107
0.000513141
0.00042084
0.00050626
0.000424817
0.000462525
0.000441191
0.000538734
0.000417646
0.000417272
0.000625068
0.000572984
0.000673804
0.000433639
0.000414377
0.000427441
0.000447882
0.000423136
0.00040334
0.000413423
0.000410528
0.000435562
0.000559026
0.000474743
0.000796904
0.000631333
0.000496688
0.00040818
0.000473067
0.000442825
0.000614976
0.000620824
0.000446378
0.000454562
0.00047236
0.000668818
0.00066673
0.000704214
0.000465567
0.000516465
0.000508614
0.00054879
0.000436755
0.000650289
0.000419865
0.000575395
0.000459302
0.000454633
0.000409117
0.000463475
0.000497772
0.000410692
0.000767722
0.000681557
0.000745847
0.000481944
0.000676029
0.000752044
0.000631274
0.000619219
0.000634686
0.000689282
0.000750497
0.000630655
0.000680933
0.000614291
0.000723588
0.000706945
0.000649438
0.000639957
0.000508103
0.000419627
0.000424997
0.000447095
0.000522437
0.00043219
0.000586366
0.0004671
0.000437423
0.000415515
0.00042666
0.000492533
0.00059286
0.000422743
0.000599691
0.000435329
0.000486687
0.000494238
0.000549569
0.000399915
0.00042234
0.000425016
0.00050528
0.000532394
0.000439428
0.00042541
0.00043756
0.00041444
0.000461966
0.00058215
0.00045963
0.000514794
0.000420545
0.000429422
0.000417384
0.000422106
0.000424556
0.000427022
0.000465691
0.000433265
0.000425597
0.000420416
0.000576907
0.000418653
0.000575152
0.000648749
0.000743643
0.000443061
0.000636216
0.000765126
0.00053152
0.000452974
0.000982502
0.000577224
0.000438466
0.000424718
0.000420484
0.000433606
0.000441105
0.000468262
0.000417308
0.000424906
0.000536766
0.000495618
0.000474326
0.000492058
0.000432578
0.000662578
0.000503903
0.000418684
0.000428843
0.000495951
0.000409125
0.000450553
0.00049385
0.000537311
0.000423351
0.00042342
0.00043637
0.000419355
0.000566781
0.000516734
0.000489573
0.000423076
0.000512005
0.000519373
0.000460127
0.000414079
0.000423649
0.000665624
0.000517296
0.000580939
0.000427489
0.000419837
0.00050783
0.000444355
0.000481688
0.000471574
0.000629009
0.000423083
0.000459053
0.000443608
0.000493487
0.000462455
0.000425971
0.000477447
0.000537073
0.000441775
0.000430367
0.000430698
0.000428118
0.0004314
0.00051122
0.000499755
0.000424343
0.000419316
0.00044674
0.000503976
0.00041412
0.000483568
0.000534961
0.000440082
0.000413728
0.000417056
0.000408698
0.000407889
0.000424942
0.000478951
0.000407428
0.000438862
0.000667816
0.000455446
0.000417042
0.000422482
0.000427692
0.000438111
0.000619975
0.000446715
0.000506801
0.000423657
0.000424346
0.000577608
0.000440345
0.000474765
0.000446822
0.000423475
0.000431029
0.000511839
0.000402664
0.000465795
0.000457789
0.000460644
0.000404733
0.000482189
0.000422888
0.000413874
0.000441152
0.00053928
0.000445565
0.000529384
0.000598191
0.000422583
0.000502298
0.000430094
0.000537124
0.000474287
0.000514782
0.000455577
0.000558035
0.00044404
0.000434291
0.000438908
0.000473731
0.000447263
0.000426571
0.000507033
0.000419073
0.000460792
0.000634461
0.000502478
0.000460129
0.000474522
0.000432252
0.000450399
0.000448209
0.000444068
0.000409005
0.000446476
0.000440102
0.000414887
0.000426941
0.00057834
0.000428232
0.000409415
0.000416699
0.0004214
0.000411318
0.000458849
0.000433289
0.000516222
0.000493243
0.000460406
0.000445295
0.000540528
0.000451855
0.000487064
0.000490747
0.000575394
0.000534122
0.000414013
0.00041829
0.000437316
0.000414691
0.000431053
0.000653417
0.000423013
0.000463859
0.000553888
0.00041131
0.000410258
0.000437719
0.000416624
0.000488745
0.000537277
0.000412221
0.000445316
0.00042707
0.000419263
0.000420898
0.000410069
0.000434411
0.000438323
0.000428847
0.000408187
0.000446919
0.000425102
0.000424004
0.000439306
0.000488906
0.000691219
0.000463764
0.000429462
0.000421655
0.000441659
0.00044533
0.000427663
0.000466573
0.000518779
0.000466203
0.000429974
0.000415099
0.000424746
0.00043297
0.000432204
0.000424203
0.00049645
0.000571756
0.000430748
0.000435102
0.000406669
0.000440134
0.000456143
0.000503632
0.000459608
0.00042162
0.000502799
0.000417021
0.000533956
0.000423531
0.000449003
0.000418425
0.000511027
0.000647848
0.000486636
0.000412139
0.000443447
0.000480223
0.000506208
0.000622411
0.000702397
0.000490488
0.000555407
0.000477523
0.000507792
0.000684177
0.00046385
0.000429839
0.000424985
0.000495812
0.000470573
0.000544232
0.000509418
0.000543362
0.000533474
0.000422086
0.000751631
0.000469428
0.000463554
0.000446466
0.000453358
0.000440001
0.00041466
0.000416151
0.000420737
0.000431593
0.000414602
0.000428851
0.000515993
0.000427163
0.000443293
0.000437348
0.000437843
0.000492655
0.000448524
0.000503954
0.000472129
0.000696839
0.000430044
0.000434461
0.000416143
0.000472965
0.000436698
0.000823837
0.000426777
0.00041564
0.000445398
0.000447686
0.000442814
0.000422907
0.000549182
0.000462498
0.000430887
0.00045788
0.000415143
0.000512357
0.000442063
0.000435495
0.000444659
0.000463324
0.000513684
0.000447371
0.00050561
0.000428072
0.000437253
0.000414288
0.000410616
0.00043298
0.000441781
0.000414279
0.00042587
0.00042148
0.000428518
0.000423846
0.000417172
0.000423853
0.000458768
0.000429387
0.00059346
0.000446144
0.000466875
0.000472335
0.000552526
0.000427675
0.000453729
0.000530826
0.000411038
0.000436633
0.000429217
0.000495269
0.000443077
0.000438123
0.000440804
0.000408046
0.000506533
0.000423259
0.000419499
0.000486062
0.000442147
0.000462522
0.00043975
0.000428418
0.00046919
0.000416925
0.00042391
0.000415385
0.000417187
0.000443836
0.000473779
0.000423697
0.000455732
0.000442786
0.000422806
0.000432383
0.000438786
0.000441714
0.000638204
0.000456901
0.000434828
0.00042959
0.000451897
0.000500712
0.000449351
0.000513375
0.000424103
0.000454942
0.000446757
0.000448143
0.000462164
0.000455918
0.000428684
0.000493084
0.000426675
0.000433257
0.000417635
0.000482231
0.000470681
0.000460263
0.000485756
0.000459112
0.000427496
0.000437693
0.000575794
0.00042897
0.000409074
0.000409761
0.000475746
0.000420834
0.000408958
0.00041564
0.000436552
0.000437906
0.000481234
0.000433586
0.000417184
0.000423986
0.000449718
0.000423395
0.000439333
0.000596724
0.000428006
0.000430707
0.000686691
0.000626128
0.000508861
0.000430946
0.000419454
0.000427314
0.000439907
0.000482598
0.000423943
0.000420463
0.000408783
0.000431871
0.000441155
0.000479418
0.000470424
0.000514622
0.000615046
0.000425242
0.000417788
0.000418402
0.000401158
0.000428177
0.000455885
0.000474341
0.0004233
0.000459979
0.000453352
0.000411233
0.000457547
0.000421608
0.00044806
0.000490374
0.000439237
0.000437171
0.000539981
0.000438339
0.000418915
0.000441937
0.000428345
0.000425555
0.000431842
0.000432622
0.000642614
0.000572358
0.000423987
0.00042348
0.000421133
0.00044026
0.000451428
0.000424064
0.00044549
0.000423433
0.00048478
0.00043324
0.000426819
0.000542553
0.000560461
0.000437413
0.000424187
0.000444179
0.000430767
0.000506684
0.000452388
0.000428178
0.000423996
0.000414963
0.000448021
0.000485973
0.000438514
0.000457239
0.000544673
0.000421057
0.000429132
0.000455383
0.000463145
0.000449405
0.000552059
0.000472668
0.000649528
0.00043266
0.000407989
0.000505493
0.000431036
0.000422488
0.000426337
0.000421522
0.000435575
0.000432369
0.000422636
0.000542124
0.00043831
0.000476801
0.000523787
0.000519873
0.000454342
0.000591109
0.000447941
0.00044219
0.000419776
0.000503527
0.000440547
0.000445022
0.000423126
0.000425693
0.000430155
0.000418051
0.000434225
0.000415421
0.000427829
0.000434542
0.000438678
0.000437966
0.000511337
0.000579485
0.000564812
0.000448052
0.000448315
0.000526281
0.000408387
0.000493192
0.000547289
0.000432509
0.000503872
0.000424979
0.000416029
0.00041753
0.000510478
0.000428293
0.000423907
0.000433261
0.000438058
0.000478179
0.000606701
0.00042362
0.000422431
0.000549079
0.000425192
0.000408315
0.000418083
0.000477736
0.000427781
0.000530723
0.000403173
0.000424567
0.000429405
0.000428611
0.000428194
0.000414267
0.000414811
0.00046744
0.000415346
0.000405951
0.000416059
0.000540036
0.000480419
0.000428503
0.000449803
0.000470879
0.000503317
0.000414702
0.00044789
0.000514411
0.000433731
0.0004662
0.000441163
0.000426303
0.000405724
0.000405243
0.000428261
0.000411173
0.000486327
0.000425513
0.000494844
0.000411578
0.00043723
0.000419691
0.000441904
0.000597348
0.000444937
0.000487537
0.000441472
0.000440834
0.000428203
0.00041952
0.000408977
0.00042064
0.00041181
0.000429876
0.000482017
0.000446501
0.000424274
0.000421202
0.00043531
0.000511012
0.000470032
0.000412225
0.000423938
0.000462951
0.000488832
0.000539978
0.000448695
0.000517845
0.000450976
0.000597783
0.000435582
0.00040766
0.000467936
0.000437833
0.000453899
0.000509332
0.000495873
0.000428027
0.000493236
0.00045123
0.000644699
0.000529734
0.000417733
0.000418433
0.000434156
0.000407413
0.000431629
0.000449486
0.0005121
0.000443693
0.00040927
0.000411612
0.000421717
0.000419985
0.000440405
0.000431871
0.000413284
0.000548009
0.000475348
0.000420305
0.000423381
0.000414125
0.000424916
0.000455557
0.00050074
0.000486144
0.000465841
0.000526509
0.000450088
0.000484334
0.000431356
0.000407416
0.000428466
0.000449828
0.000462719
0.000423978
0.000454775
0.000443394
0.000447323
0.0004523
0.000483848
0.000518368
0.000416434
0.000487351
0.000409279
0.000442027
0.000441869
0.000428574
0.000429279
0.000414438
0.000431037
0.000423553
0.000408155
0.00047466
0.000455964
0.000439743
0.00044726
0.000431067
0.000408582
0.000417541
0.00040852
0.000525236
0.000416029
0.000423537
0.000412922
0.000422125
0.000568169
0.000849409
0.000605838
0.000417339
0.000475385
0.000611948
0.000482675
0.000427482
0.000413914
0.000459659
0.000496699
0.000509583
0.000528721
0.000681088
0.000520132
0.000431078
0.000452745
0.000419974
0.000425237
0.000431349
0.000423571
0.00040992
0.000416475
0.000512443
0.000490852
0.000623347
0.000574195
0.000503781
0.000411777
0.000450246
0.000655703
0.000451388
0.000603995
0.000632593
0.000784717
0.000666635
0.000559109
0.000723275
0.000433967
0.000707211
0.000733506
0.000495809
0.00043051
0.000491171
0.000514618
0.000521618
0.000489109
0.000500627
0.000685294
0.000428685
0.000526638
0.000455465
0.000501283
0.000571126
0.000428754
0.000436074
0.000487193
0.000464258
0.000501687
0.000507188
0.000496571
0.000456866
0.000490951
0.000544946
0.000425218
0.000431108
0.000454503
0.000465674
0.000424147
0.000427894
0.000466752
0.000462921
0.000431833
0.000682027
0.000455475
0.000526157
0.00058939
0.000421321
0.000437748
0.000397791
0.000545454
0.000535327
0.00052494
0.000442749
0.000543698
0.000520231
0.00039893
0.000491608
0.000469604
0.000419034
0.000446535
0.000408209
0.000454543
0.000402717
0.000445048
0.000443612
0.000416346
0.000438942
0.000407634
0.000507165
0.000413449
0.000445103
0.000623898
0.000426846
0.000411111
0.000446949
0.000428753
0.000439952
0.000443894
0.000426297
0.000424149
0.000471879
0.000480022
0.000476761
0.000495805
0.000433998
0.00050229
0.000597427
0.000413054
0.000410915
0.000450114
0.000441942
0.000428796
0.000475499
0.00044154
0.000423045
0.000428502
0.000445993
0.000462714
0.000404166
0.000438535
0.000430926
0.000419956
0.000406989
0.000469287
0.000413487
0.000420788
0.00042214
0.000436322
0.000421863
0.000480263
0.000420741
0.000471575
0.000472426
0.000432477
0.000502242
0.000439087
0.00044607
0.000461836
0.000416847
0.000432163
0.00043136
0.000481059
0.000519033
0.000523166
0.000414908
0.000450491
0.000526511
0.000546753
0.000418406
0.000456394
0.000423179
0.000421143
0.000452836
0.00050082
0.000409884
0.000466549
0.00043959
0.000421378
0.000612079
0.000474548
0.000440894
0.000440479
0.000416635
0.000411719
0.000419084
0.000435818
0.000427352
0.000415087
0.000403831
0.000399662
0.000420891
0.00043362
0.000532082
0.000475819
0.000467697
0.00043917
0.000430324
0.000433871
0.000420207
0.000423606
0.000451478
0.000537912
0.000412836
0.000564894
0.000501082
0.000517389
0.000435638
0.000497772
0.000421979
0.000408042
0.000411522
0.000458705
0.000440778
0.000422136
0.000682803
0.000499715
0.000465754
0.000424474
0.000427668
0.000450172
0.000411382
0.00042262
0.000443906
0.00042054
0.000431091
0.000435506
0.000432205
0.000443242
0.000424642
0.000419361
0.000506577
0.00042478
0.000413529
0.000416338
0.000427092
0.000434693
0.000457816
0.000432199
0.00041729
0.000414397
0.000440683
0.000424525
0.0004395
0.000427317
0.000436827
0.000559251
0.000444962
0.000442413
0.000421924
0.000455699
0.000435179
0.000424173
0.000459727
0.000434112
0.00045305
0.000430519
0.000651602
0.000633634
0.000436479
0.000458182
0.000467527
0.000432023
0.000401885
0.0004362
0.000438656
0.000435933
0.000414489
0.00044952
0.000402307
0.000412337
0.000409285
0.000423394
0.000431949
0.000445979
0.000434629
0.000437694
0.000421329
0.000412404
0.000444103
0.000438068
0.000429881
0.000404908
0.000450253
0.000420617
0.000480627
0.000540734
0.000444577
0.00044534
0.000435463
0.000601825
0.000473031
0.000437177
0.000470075
0.000430985
0.00043484
0.000456504
0.000471353
0.000415713
0.000422754
0.000414905
0.00041832
0.000423786
0.000449907
0.00043732
0.000435696
0.000442382
0.000433513
0.000449109
0.000447787
0.000431256
0.000411376
0.000416291
0.000421621
0.000441632
0.000466865
0.000450407
0.000417457
0.000452775
0.000480773
0.000413056
0.0004425
0.00042915
0.000411501
0.000448336
0.000502297
0.000570592
0.000511183
0.000481871
0.000499161
0.000504365
0.000531568
0.000507752
0.000537134
0.000485553
0.000542026
0.000469915
0.000521585
0.00047413
0.000539307
0.000418841
0.000415485
0.000459039
0.000417128
0.000452544
0.000421428
0.000429494
0.000456458
0.000493461
0.000449322
0.000438555
0.000447426
0.000428331
0.00046196
0.000425235
0.000478837
0.000418674
0.00043888
0.00052789
0.000432539
0.0004387
0.000423419
0.000663573
0.000466116
0.000650163
0.000473758
0.00059311
0.000432138
0.000434814
0.00057349
0.000664695
0.000700831
0.000419886
0.000471414
0.000424352
0.000426081
0.000440053
0.00056933
0.000463454
0.000512938
0.00061795
0.000586635
0.000413625
0.000524251
0.000424286
0.000419216
0.000505793
0.000438194
0.000574846
0.000467282
0.000431821
0.000449488
0.000459882
0.000465511
0.000445179
0.000467408
0.000454371
0.000419707
0.000418349
0.000419017
0.000433519
0.000444229
0.000465925
0.00045658
0.00054094
0.000562781
0.000614064
0.000640403
0.000490777
0.00047418
0.000579641
0.000413263
0.000409239
0.000467318
0.00041902
0.000456985
0.000444455
0.00043535
0.000509338
0.000527306
0.000418955
0.000425094
0.000422133
0.000438517
0.000419477
0.000447708
0.00063141
0.000444957
0.000468147
0.00043708
0.000442581
0.000398971
0.000464377
0.000425294
0.000450414
0.000442398
0.000458039
0.000426365
0.000426694
0.000488515
0.000417748
0.000442704
0.00049415
0.000411261
0.000474551
0.000740799
0.000660806
0.000495088
0.000452331
0.000539305
0.000458085
0.000427015
0.000431942
0.00061634
0.000422467
0.0004637
0.000628405
0.00046344
0.000480246
0.000432837
0.000437839
0.000433565
0.000514288
0.000502586
0.000483951
0.000455189
0.000458014
0.000419949
0.00043914
0.000426518
0.00043428
0.000452798
0.000473125
0.000551936
0.000443934
0.000424692
0.000487354
0.000636461
0.000577077
0.000723632
0.000463789
0.000633881
0.000639612
0.000631909
0.000427736
0.000443065
0.000437984
0.000426214
0.000464022
0.000415459
0.000449433
0.000413475
0.000435521
0.000691239
0.00046373
0.000413594
0.000574072
0.000413203
0.000440947
0.00041248
0.000516512
0.000640281
0.000465002
0.000575525
0.000629265
0.000728359
0.0005649
0.000514381
0.000425321
0.000444388
0.000529548
0.000421554
0.000573356
0.000626514
0.000720881
0.000576209
0.0008657
0.000680499
0.000594056
0.000647635
0.00073414
0.000416286
0.000602203
0.000444058
0.000427363
0.000605141
0.000488881
0.000497398
0.000416734
0.000439198
0.000476716
0.000512361
0.000512728
0.000435664
0.000423424
0.000428828
0.00045426
0.000454553
0.000516096
0.000512984
0.000428697
0.000481189
0.000596173
0.000436898
0.000575306
0.000586149
0.000584003
0.00041886
0.000505114
0.000701997
0.000694171
0.000513208
0.000452208
0.00100732
0.000516368
0.000443415
0.000449777
0.000432554
0.000447587
0.000417489
0.000421672
0.000423199
0.000456585
0.000487621
0.000509992
0.000658597
0.000496701
0.000454845
0.000595417
0.000512646
0.000418668
0.000430838
0.000463466
0.000445004
0.000486385
0.00044456
0.000468213
0.00042527
0.000433267
0.000460275
0.000457768
0.000439326
0.000455583
0.000452836
0.000437585
0.000456084
0.000425266
0.000458246
0.000589073
0.000516393
0.000640899
0.000570414
0.000428798
0.000468779
0.0004596
0.00042149
0.000465479
0.000434294
0.000431074
0.000411198
0.000550326
0.000406055
0.000508626
0.000413291
0.000440992
0.000481077
0.000457508
0.000449378
0.00041733
0.000458296
0.000420834
0.000411502
0.00041007
0.000412901
0.000413632
0.000416664
0.000410961
0.000427646
0.000420911
0.000417808
0.000439322
0.0004551
0.000417342
0.000490403
0.000465815
0.000521061
0.000815173
0.000461026
0.000425879
0.000512617
0.000568297
0.000437317
0.00043242
0.00043903
0.00046305
0.000585579
0.000423082
0.00057474
0.000580335
0.000449023
0.000449699
0.000476143
0.00042464
0.000442922
0.000440689
0.000442673
0.000466536
0.00042131
0.000417434
0.000420255
0.000455171
0.000479836
0.000424876
0.000418128
0.000426096
0.000449706
0.000419868
0.000426905
0.000429265
0.000441282
0.000426331
0.000475759
0.000457768
0.000469455
0.000547265
0.000727741
0.000473719
0.000465005
0.000451913
0.000497007
0.000541404
0.000424495
0.000438788
0.000446227
0.000444445
0.000429318
0.000657102
0.00050788
0.000434917
0.000441465
0.000489984
0.000436868
0.000423613
0.000488652
0.000534834
0.000490812
0.000414076
0.000422189
0.000448695
0.000413563
0.000418712
0.000444653
0.000422787
0.000450466
0.000396716
0.000448306
0.000426004
0.000504104
0.000439355
0.00042116
0.000442943
0.000445176
0.000463275
0.00060115
0.000418648
0.000588313
0.000457084
0.000489291
0.000431574
0.000586921
0.000722108
0.000432357
0.000548946
0.000506804
0.000557929
0.000778665
0.000443586
0.000423696
0.000419864
0.00043492
0.000447381
0.000410394
0.000451307
0.000422544
0.000455161
0.000431223
0.000421295
0.00041055
0.000692661
0.000539471
0.000456015
0.000432207
0.000443567
0.000443913
0.000407528
0.00041215
0.00045556
0.000543089
0.00046833
0.000466507
0.000418824
0.000423965
0.000491076
0.000496091
0.000526931
0.000632458
0.000436011
0.000819273
0.000583851
0.000540175
0.000441797
0.000482817
0.000486111
0.000512613
0.000438536
0.000438985
0.000410878
0.000407749
0.000425912
0.000494334
0.000486908
0.00052233
0.000578913
0.000460222
0.000424359
0.000575379
0.000504942
0.000415205
0.000439624
0.00052219
0.000437081
0.000418902
0.000580219
0.000416719
0.000405076
0.000462941
0.00047617
0.000442566
0.000602268
0.000439938
0.000472385
0.000631069
0.000419807
0.000505177
0.000453429
0.000617285
0.000413154
0.000427798
0.000431879
0.000514883
0.000400753
0.000431655
0.000433227
0.000410503
0.000425996
0.000434964
0.000473506
0.000432125
0.000424675
0.000534091
0.000504869
0.000428185
0.00042547
0.000412622
0.000527289
0.000729004
0.00075244
0.000422872
0.000429657
0.000453737
0.000421342
0.00044587
0.000428176
0.000473717
0.000456234
0.000454991
0.0004444
0.000439045
0.000488785
0.000429241
0.00044839
0.000409962
0.000452027
0.000441061
0.000615665
0.000423912
0.000419838
0.000432177
0.000432672
0.00043243
0.000458047
0.000664324
0.000441752
0.000417534
0.000446653
0.000433507
0.000488506
0.000472342
0.00042855
0.000417081
0.000444495
0.000438296
0.000479007
0.000462432
0.000843915
0.000417645
0.00043635
0.000437733
0.000466578
0.000467271
0.000400387
0.000429185
0.000477468
0.00044056
0.000431201
0.000481413
0.000539676
0.000462217
0.000413887
0.000560799
0.000479785
0.00042475
0.000636878
0.000480346
0.00043853
0.000442111
0.000415557
0.000425117
0.000436432
0.000455967
0.00047133
0.000418806
0.000419725
0.000409632
0.000424882
0.000529799
0.000522356
0.000425721
0.000459795
0.000437321
0.000460088
0.000462599
0.000445185
0.000446232
0.000437123
0.000477019
0.000438879
0.000434717
0.000566675
0.000430428
0.000424377
0.00041016
0.00041846
0.000441598
0.000430773
0.000421641
0.000535737
0.000414912
0.000482004
0.000431774
0.000433733
0.00066791
0.000481059
0.000525134
0.000414353
0.000423886
0.000454922
0.000408633
0.000419115
0.000436401
0.00045207
0.000469758
0.000454736
0.000418112
0.000442417
0.000499981
0.000528443
0.000418535
0.000429011
0.000506817
0.000519663
0.000589666
0.000440171
0.000665448
0.000435334
0.000555235
0.000445767
0.000415977
0.000425907
0.000434984
0.000435056
0.000458038
0.000421172
0.000419814
0.000444716
0.000419691
0.000576026
0.000441442
0.000462365
0.000478285
0.00051603
0.000448991
0.000448548
0.000464913
0.000448155
0.000431909
0.000429089
0.000437372
0.000406508
0.000665032
0.000422439
0.000436201
0.000414184
0.000496339
0.000526978
0.000431778
0.000455747
0.000456331
0.000656365
0.000619356
0.000419995
0.000603345
0.000446955
0.000445547
0.000514422
0.000423557
0.000454141
0.000427104
0.000421043
0.000425084
0.000414594
0.000427094
0.000486104
0.000424197
0.000473414
0.000425353
0.000455695
0.000422776
0.000429291
0.000650414
0.00049355
0.00046626
0.000440935
0.000423362
0.000421195
0.000411129
0.000423285
0.000422948
0.00042185
0.000477706
0.000426235
0.000409695
0.000424101
0.000427942
0.000435886
0.000442388
0.00041567
0.000422653
0.000501254
0.000542683
0.000617704
0.000409834
0.000432262
0.000418466
0.000425206
0.000465011
0.00046252
0.000446044
0.000441679
0.000436114
0.000425984
0.000429219
0.000407252
0.000430536
0.000454282
0.000475322
0.000618238
0.000430503
0.000526274
0.000455506
0.000423083
0.000478496
0.000425175
0.000419538
0.000417734
0.000430807
0.000405967
0.000422535
0.000418834
0.000439046
0.000443405
0.000433721
0.000451954
0.000433093
0.000452775
0.000436103
0.000524431
0.000515376
0.00045092
0.000531316
0.000469337
0.000427225
0.00041862
0.000445358
0.000545514
0.000514508
0.000449014
0.000461779
0.000431914
0.000449289
0.000454261
0.000416313
0.000440303
0.000423356
0.000594437
0.000433503
0.00060626
0.000461288
0.000413639
0.000425488
0.000554841
0.000555726
0.000490602
0.000449518
0.000429352
0.000410128
0.000420635
0.000415048
0.000408153
0.000632826
0.000423113
0.000497685
0.000425667
0.00042166
0.000485782
0.000446462
0.000418659
0.000494815
0.000459808
0.000441843
0.000531554
0.000428271
0.000413898
0.000431994
0.000464886
0.000453603
0.00043529
0.000438124
0.000416583
0.00041068
0.000419296
0.000438415
0.000420772
0.00041632
0.000414953
0.000588619
0.000631724
0.00041165
0.00054478
0.000454506
0.000460189
0.000465613
0.000525206
0.000437106
0.000436613
0.000432038
0.000448135
0.000428566
0.00045515
0.000631996
0.000460561
0.000527225
0.00049234
0.000425162
0.000426275
0.000439836
0.000420844
0.000440452
0.000445896
0.000436529
0.000424508
0.000502803
0.000427599
0.000480016
0.000437823
0.000443332
0.000437864
0.000423421
0.000424009
0.000438543
0.000511049
0.000441227
0.000428989
0.000435614
0.000457724
0.000436649
0.000428466
0.000453613
0.000425291
0.000428627
0.000430661
0.000432269
0.00047209
0.000558426
0.000419094
0.000418877
0.00040852
0.000421019
0.000417474
0.000442528
0.00052032
0.000615873
0.000463304
0.000412315
0.000429589
0.000453187
0.000478697
0.000461375
0.000454488
0.000423459
0.000418301
0.000482773
0.000415098
0.000423527
0.000437687
0.000409547
0.000429419
0.000447612
0.000430595
0.00042395
0.000475183
0.000446558
0.000417368
0.000427311
0.000426437
0.000452136
0.00047401
0.00058854
0.000464738
0.000438896
0.000419952
0.000496489
0.000449416
0.00045798
0.000455812
0.000429767
0.000426008
0.000474827
0.000446837
0.000429118
0.000481616
0.000431984
0.000501819
0.000513839
0.000470081
0.000446705
0.000473075
0.000603338
0.000496641
0.00049098
0.000419113
0.0003991
0.000449587
0.000433177
0.000698007
0.000425422
0.000420815
0.00049814
0.000434551
0.000437424
0.000439321
0.000434263
0.000464583
0.000473018
0.000440655
0.000445084
0.00042213
0.000419338
0.000493078
0.000435545
0.00043306
0.000453831
0.000435964
0.000453926
0.000499845
0.000437735
0.000458139
0.000414611
0.000431863
0.000445836
0.000411572
0.000419949
0.000566435
0.000658504
0.000427398
0.00043435
0.000478818
0.000458216
0.000481885
0.000430659
0.000432459
0.000418577
0.000427922
0.000472232
0.000466655
0.000445405
0.000432815
0.000425404
0.000443912
0.000432464
0.000426536
0.000589033
0.0004787
0.000438889
0.000439194
0.000428101
0.000429039
0.000441748
0.000727493
0.000431013
0.000424381
0.000418172
0.000426034
0.000446375
0.000474204
0.000430449
0.000421565
0.000409375
0.000820065
0.00048655
0.000595984
0.000506205
0.000423212
0.000424015
0.000436408
0.000475468
0.000439417
0.000470247
0.000435266
0.000434871
0.00040774
0.000457051
0.000409701
0.000728139
0.000554292
0.000562714
0.000420656
0.000426098
0.000454754
0.000494113
0.000417851
0.000464424
0.000452254
0.000442328
0.000503741
0.000421077
0.000738767
0.00040864
0.000412437
0.00045215
0.000467917
0.000509942
0.000443929
0.000456092
0.000450508
0.000421022
0.000432515
0.000437892
0.000451243
0.000619944
0.000554589
0.000540028
0.000434467
0.000491457
0.000491618
0.000688121
0.000490835
0.000410461
0.000423247
0.000442563
0.000441347
0.000420476
0.000516003
0.000482459
0.000488321
0.000404337
0.000430105
0.000430825
0.000432834
0.000449837
0.00042804
0.000509213
0.000446019
0.000407167
0.000417632
0.000507663
0.000414906
0.000427455
0.000567235
0.000409862
0.000424684
0.000443094
0.000483822
0.000425263
0.000462946
0.00041712
0.000433809
0.000431834
0.000430381
0.000469148
0.000526927
0.000419316
0.00043403
0.000431194
0.000422655
0.000493746
0.000574484
0.000408924
0.0004182
0.000413714
0.000423868
0.000427466
0.000540485
0.000410187
0.000488625
0.000443062
0.000416782
0.000418541
0.000414464
0.000453352
0.000428665
0.000442117
0.000474085
0.000432469
0.000404061
0.000435303
0.000439774
0.000431954
0.000424377
0.000436816
0.00048106
0.000413818
0.000422763
0.000493544
0.000515252
0.000417926
0.000425768
0.000433745
0.000423274
0.000433505
0.000552144
0.00180395
0.00044932
0.000480111
0.000528967
0.000517082
0.000432737
0.000415555
0.000451635
0.000422502
0.00057595
0.000451961
0.000444474
0.000429067
0.00046473
0.000445964
0.000444309
0.00050513
0.000406478
0.000535147
0.000420182
0.000600541
0.000421516
0.00042148
0.000456233
0.000454591
0.000577861
0.000426386
0.000427482
0.00045572
0.000459956
0.000420045
0.000418036
0.000420107
0.000470251
0.000415
0.000431875
0.000535467
0.000461843
0.000697303
0.000551686
0.000437289
0.000819371
0.000429685
0.000424977
0.000449066
0.000439523
0.000423986
0.000448726
0.000591494
0.00040952
0.000462345
0.000452023
0.00042305
0.000512293
0.000426166
0.000455839
0.000425156
0.000452281
0.000460051
0.000472007
0.000423417
0.000444838
0.000433687
0.00042965
0.00041172
0.000435866
0.00042526
0.000455522
0.000421444
0.000416122
0.000421651
0.000495457
0.000501538
0.000500158
0.000407726
0.000420647
0.000530556
0.000432261
0.000415238
0.000436004
0.000428704
0.000548761
0.000450983
0.000439907
0.000430866
0.000483531
0.000450818
0.000417878
0.000455746
0.000420721
0.000433338
0.00042869
0.000435749
0.000422029
0.000429063
0.000442099
0.000410959
0.000424149
0.000443066
0.000470485
0.000485193
0.000428114
0.00044954
0.000422299
0.000438256
0.000428702
0.000418548
0.000402223
0.000602755
0.000409483
0.000431763
0.000425727
0.000508767
0.000533109
0.000465131
0.000500172
0.00042392
0.000415946
0.000424527
0.000432281
0.000458619
0.000421085
0.000511843
0.000473136
0.000455085
0.000565262
0.00053238
0.000424501
0.000566477
0.000419211
0.000433831
0.000470585
0.000410002
0.000412
0.000409129
0.000430436
0.000412841
0.000446206
0.000424344
0.000539944
0.000498663
0.000500377
0.00042727
0.000417796
0.000417361
0.000411659
0.000405961
0.000422128
0.000421563
0.000430503
0.000418956
0.000467097
0.000448844
0.000514812
0.000436057
0.000432249
0.000459301
0.000435464
0.000454618
0.000433313
0.000427014
0.000420152
0.000561287
0.000443596
0.000394607
0.000425889
0.000412512
0.000425284
0.000433603
0.000501158
0.000414121
0.000618353
0.000785458
0.000571727
0.000420849
0.000611692
0.000535694
0.000425277
0.000553173
0.00042354
0.000430102
0.000434194
0.000482948
0.00041986
0.00045218
0.000420366
0.00042167
0.000570696
0.000432644
0.000446309
0.000475901
0.00050957
0.000434512
0.000551153
0.00053803
0.000466117
0.00049307
0.000467186
0.00048712
0.0007714
0.000549877
0.000445282
0.000416656
0.00045572
0.000430702
0.00041974
0.000542495
0.00043246
0.000428145
0.000436995
0.000427009
0.00041324
0.000606845
0.000411083
0.000459333
0.000465266
0.00043574
0.000494021
0.000425145
0.000450767
0.000438183
0.000541777
0.00040892
0.000411594
0.000437325
0.000416543
0.000412029
0.000398592
0.000430903
0.000422621
0.000418859
0.000487949
0.000474464
0.000429812
0.000416266
0.000440326
0.000439992
0.000436642
0.000515507
0.00047954
0.0004604
0.000453041
0.000443908
0.00042581
0.000445523
0.000427409
0.000409047
0.000409809
0.000411894
0.000436928
0.000433848
0.000421713
0.000409993
0.000418311
0.00052254
0.000484894
0.000403252
0.000523031
0.000499473
0.000420852
0.000406894
0.000419319
0.000415766
0.000430744
0.000430534
0.000430264
0.000438628
0.000424354
0.000420478
0.000454983
0.000433016
0.000424911
0.000441611
0.000547202
0.000463785
0.000419615
0.000464116
0.000496811
0.000447391
0.000471647
0.000557302
0.0004631
0.000465889
0.000409464
0.000435549
0.000519633
0.000469956
0.000432454
0.000428689
0.000461597
0.000459986
0.000489087
0.000558585
0.000472502
0.000475294
0.000414107
0.000422827
0.000587821
0.000439571
0.000442248
0.000443616
0.000435558
0.000433527
0.000467478
0.000429615
0.000415463
0.000427942
0.00041083
0.000426447
0.000411071
0.000447634
0.000469379
0.000417146
0.000477389
0.00060746
0.000473341
0.000499801
0.000475672
0.000504158
0.000445716
0.000452447
0.000422416
0.000414956
0.000418747
0.000424888
0.000430528
0.000428755
0.000508478
0.000577137
0.000459225
0.000539682
0.000425594
0.000428625
0.000431479
0.000432307
0.000433186
0.000421088
0.000495015
0.000463685
0.000415613
0.000414654
0.000477809
0.000420536
0.00040534
0.000432382
0.000434821
0.00047366
0.000422089
0.000414426
0.000538558
0.000428111
0.000435413
0.000411195
0.000431594
0.000532884
0.000644739
0.00043586
0.000419848
0.000557996
0.000443674
0.000446894
0.000479473
0.000444844
0.000409542
0.000415026
0.000405104
0.000410296
0.000425853
0.000423111
0.000461481
0.000464958
0.000433422
0.000420776
0.000444001
0.000465429
0.000424691
0.000653871
0.000459773
0.000559001
0.000535345
0.000514499
0.000415048
0.000454968
0.000433824
0.000464157
0.000428893
0.000458032
0.00045141
0.000406902
0.000409572
0.000419724
0.000419163
0.000418831
0.000445706
0.000489206
0.0005644
0.000566774
0.000432938
0.000423489
0.000435729
0.000593512
0.000494404
0.0004207
0.00041514
0.000493649
0.00040243
0.000412836
0.000457075
0.000416807
0.000506191
0.000444318
0.000428305
0.00049133
0.000416185
0.000475841
0.000436532
0.000420927
0.00042887
0.000458497
0.000422838
0.000425736
0.000470848
0.000416549
0.000423602
0.0004759
0.000505747
0.00042899
0.000424845
0.000409114
0.000412466
0.000427842
0.000447846
0.000410468
0.000414242
0.000418736
0.000595512
0.000436429
0.000526056
0.000416468
0.00061291
0.000525243
0.000518472
0.000465706
0.000436092
0.000424581
0.000443291
0.000419236
0.000442321
0.00064881
0.000414505
0.000440302
0.000422184
0.000420115
0.000419231
0.000471029
0.000415628
0.000542112
0.0005252
0.000456059
0.000416368
0.000428902
0.000411857
0.000451161
0.000480869
0.000425255
0.000452556
0.000430333
0.000430791
0.000426593
0.000448159
0.000474097
0.000436569
0.000452171
0.000440336
0.000422607
0.000510574
0.0004803
0.0005006
0.000446288
0.000440782
0.000465348
0.000424024
0.000713975
0.000484627
0.000422043
0.000422483
0.000429447
0.000429908
0.00043569
0.000476054
0.000412074
0.000421541
0.000462946
0.000428603
0.000442889
0.000471783
0.000432232
0.000434024
0.000520627
0.000424445
0.000466965
0.000422236
0.0005131
0.000423931
0.000496262
0.000417203
0.000435932
0.000465551
0.000423151
0.000428317
0.000429125
0.000428232
0.00045661
0.000487811
0.000418487
0.000437346
0.000556566
0.000574906
0.000572217
0.000425584
0.00050408
0.000477049
0.000421584
0.000456901
0.000411206
0.000462738
0.000440817
0.000426816
0.000410207
0.000554956
0.000435308
0.000494315
0.000451996
0.000458702
0.000435112
0.000423383
0.000423718
0.000429942
0.00045054
0.000490423
0.000413169
0.000423014
0.000436842
0.000421993
0.000465589
0.000440914
0.000426683
0.00044262
0.000447375
0.000444088
0.000643913
0.000486312
0.000416201
0.000428377
0.000422466
0.00042332
0.00046001
0.000656335
0.000420882
0.000494596
0.000569222
0.000430055
0.000469767
0.000541241
0.000514271
0.00050806
0.000416604
0.000447134
0.000443961
0.000420563
0.000471708
0.000434297
0.00042949
0.000429458
0.00049258
0.000452095
0.000424377
0.000421697
0.000528339
0.000416933
0.000447293
0.000435086
0.000416061
0.000428267
0.000428976
0.000447498
0.000419318
0.000419233
0.000464671
0.000422493
0.000434947
0.000416809
0.000485035
0.000457035
0.000479488
0.000440004
0.000430336
0.000457049
0.000519213
0.00069057
0.000789284
0.000563331
0.000414914
0.0004825
0.000487164
0.000453957
0.000424889
0.000414598
0.00044368
0.000446578
0.000409435
0.000472764
0.000444144
0.000431598
0.000457989
0.000512565
0.000452134
0.000439315
0.000469609
0.000432703
0.000430624
0.000433614
0.000425949
0.000443432
0.000513221
0.000409629
0.000440248
0.000499095
0.000444011
0.000439743
0.000444785
0.000442464
0.000421067
0.000414193
0.000450705
0.000456744
0.000578286
0.00042461
0.000500995
0.000699501
0.000493457
0.000437128
0.000505617
0.000421423
0.000456374
0.000430818
0.000602481
0.000422866
0.000475836
0.000458844
0.000428975
0.000479735
0.000424333
0.000445095
0.000534794
0.000468107
0.000403076
0.000435928
0.000432931
0.000494993
0.000528294
0.000446756
0.000424271
0.000410857
0.000412198
0.00040984
0.000440054
0.000445401
0.000417415
0.000487071
0.000401913
0.000421844
0.000451541
0.0004146
0.000533488
0.000500314
0.000493179
0.000427477
0.00046671
0.000490207
