0.00368902
0.00404516
0.00388762
0.00391732
0.00537139
0.0044373
0.00371678
0.00363091
0.00398994
0.00390355
0.00403419
0.00376441
0.00397976
0.00428488
0.00360462
0.00375253
0.00399793
0.00388418
0.00436847
0.00453282
0.0041132
0.00376765
0.00373649
0.00399837
0.00407184
0.00389526
0.00365653
0.00418931
0.00390043
0.00385845
0.00409871
0.00457219
0.00449064
0.00402025
0.00482244
0.00466922
0.00475686
0.00402311
0.00401784
0.00426645
0.00373811
0.00566712
0.00404639
0.00382744
0.00387273
0.00451866
0.00399939
0.00386309
0.00423117
0.00377471
0.00367075
0.00370373
0.00371743
0.00402099
0.00373633
0.00386443
0.00379475
0.00384506
0.00380566
0.00360816
0.00364995
0.00413309
0.00364117
0.00393503
0.00386687
0.00370717
0.00404892
0.00388998
0.00502791
0.00561941
0.0044063
0.00479688
0.00387411
0.00374929
0.0038005
0.00451317
0.00414175
0.00401536
0.00452655
0.00367237
0.00405289
0.00380758
0.00438944
0.00461647
0.00414151
0.00515948
0.00375818
0.00416569
0.00368141
0.00387565
0.00479673
0.00413707
0.00643772
0.00370599
0.00385125
0.00425774
0.00635901
0.00437251
0.00490512
0.00373217
0.00443868
0.00387646
0.00400151
0.00666351
0.0046857
0.00452917
0.00370339
0.00439204
0.0036428
0.00416132
0.00632006
0.00541628
0.0038504
0.00379918
0.00414009
0.00370004
0.0051061
0.00459776
0.00498515
0.00382952
0.00434649
0.00392088
0.00393991
0.00487286
0.00392296
0.00513124
0.0036184
0.00395348
0.00389611
0.00368879
0.0040767
0.00444988
0.00445398
0.00417042
0.00391218
0.00495669
0.00411805
0.00433591
0.00414684
0.00539664
0.00422623
0.00389141
0.00364497
0.00557159
0.00490713
0.00595544
0.0039006
0.00444631
0.00469505
0.00374708
0.00491353
0.00524548
0.00495243
0.0037876
0.00381025
0.00370458
0.00396747
0.00389935
0.00381411
0.00405241
0.00429626
0.0038276
0.00427773
0.00370937
0.00402166
0.00392698
0.00423825
0.00426216
0.00360912
0.00377215
0.00401245
0.00379348
0.00419178
0.00427059
0.00389394
0.00426768
0.00376162
0.00437578
0.00367103
0.00375197
0.00542788
0.00432017
0.00439344
0.00369267
0.00498611
0.00472633
0.00425674
0.00557581
0.0049574
0.00396132
0.00382085
0.00432831
0.00374536
0.00467018
0.00505998
0.00530755
0.00420448
0.00420749
0.00372965
0.00443567
0.00814765
0.00522198
0.00467786
0.00445572
0.00385678
0.00384129
0.00489454
0.0042159
0.00406357
0.0040812
0.00376048
0.00375489
0.00363833
0.00469626
0.00480073
0.00447664
0.00375329
0.00415265
0.00414861
0.00357114
0.00460356
0.00416353
0.00475677
0.00391523
0.00453045
0.00405715
0.00385091
0.00468813
0.0041009
0.00369746
0.00405308
0.00371463
0.00388826
0.00379726
0.00894319
0.00649866
0.0158146
0.00754872
0.0468486
0.0041391
0.0317448
0.00476016
0.00475017
0.00449012
0.00453783
0.00376896
0.00391
0.00374642
0.00398651
0.00402609
0.00387586
0.00402271
0.00375202
0.00420165
0.00373709
0.00360866
0.00384722
0.00367658
0.00424493
0.00380926
0.00395455
0.0037293
0.00377596
0.00381615
0.00370121
0.00386296
0.00382902
0.00402026
0.00415262
0.00377434
0.00378347
0.00370687
0.00423583
0.00366309
0.00413334
0.00394815
0.00375936
0.00377319
0.00362058
0.00394277
0.00375521
0.00423676
0.00548962
0.00526919
0.00417922
0.00396513
0.00566385
0.00414228
0.00457356
0.00526899
0.00723209
0.00538984
0.00410584
0.00717431
0.00435745
0.00510627
0.00368579
0.00434629
0.00455348
0.00501908
0.00454867
0.00463596
0.00387598
0.00408907
0.0040455
0.00473293
0.00723667
0.00480163
0.00451735
0.00575361
0.00570239
0.00512189
0.00625988
0.00633082
0.00472651
0.00581959
0.00721919
0.00649197
0.00500893
0.00525163
0.0049482
0.00478316
0.00543042
0.00560515
0.00573162
0.00392402
0.00592451
0.00473654
0.00501099
0.00571375
0.00503356
0.00535397
0.00563709
0.00964843
0.00922398
0.0039918
0.00533476
0.00624738
0.00532827
0.00667748
0.00382582
0.00691323
0.00630053
0.00507291
0.00473715
0.00485794
0.00524184
0.0049881
0.00602112
0.00530067
0.00436866
0.0057334
0.00574316
0.00555727
0.0051757
0.003825
0.00563742
0.00564587
0.00594092
0.00562171
0.00491656
0.00374125
0.00571683
0.00458101
0.00575381
0.00534042
0.00422241
0.00487742
0.0074063
0.00698976
0.00743169
0.00689459
0.00758454
0.00743048
0.00660382
0.00582679
0.00466256
0.00561584
0.00670642
0.00819465
0.00598428
0.00379931
0.00476104
0.00390881
0.00449227
0.00467195
0.00432163
0.00402874
0.00425371
0.00421169
0.00397172
0.00397911
0.00463918
0.00437031
0.00393032
0.00397428
0.00444207
0.00426245
0.00421373
0.00527488
0.00425605
0.00432061
0.00369086
0.00432985
0.0041603
0.00407299
0.00433537
0.00435725
0.00401885
0.00379193
0.00417495
0.00424436
0.00417455
0.00425784
0.00443527
0.00389773
0.0038434
0.00411045
0.00437937
0.00475944
0.00503999
0.00429266
0.00416221
0.00391607
0.00427588
0.00420198
0.00433193
0.0047738
0.0047746
0.00442263
0.00475172
0.00602298
0.00728087
0.00626323
0.00400838
0.00534233
0.00596196
0.00649088
0.00628682
0.00506792
0.00421054
0.00517645
0.00646253
0.00449772
0.00558942
0.00471803
0.0044459
0.00505713
0.00694239
0.00593662
0.00448787
0.00406398
0.00429668
0.00581549
0.00561825
0.00661576
0.0044289
0.00367707
0.00650331
0.005195
0.00661379
0.00629087
0.00392041
0.00400033
0.00407752
0.00470996
0.00452472
0.00457977
0.00404989
0.00415341
0.00581323
0.00514851
0.00760474
0.00538699
0.00427372
0.00442561
0.00378178
0.00393788
0.00563015
0.0051241
0.00381681
0.00384795
0.00391022
0.00370611
0.00499256
0.00389383
0.0043813
0.0042192
0.00431946
0.0049807
0.00409743
0.00620475
0.00736165
0.00488808
0.00375639
0.0042504
0.00413521
0.00469987
0.00563657
0.00468591
0.00415706
0.00402829
0.00368918
0.00399215
0.00464607
0.00433165
0.00401956
0.00380164
0.00380136
0.00457944
0.00413997
0.00605154
0.00529213
0.00479359
0.0036776
0.00469891
0.0037814
0.00470741
0.00465806
0.00431045
0.00411111
0.00385245
0.00427376
0.00395412
0.00443124
0.00575949
0.00406059
0.00397898
0.0039722
0.00392333
0.00376387
0.0039417
0.00513942
0.00419314
0.00403856
0.00365333
0.00406866
0.00359323
0.00371688
0.00478133
0.00469899
0.00401973
0.00362366
0.00389213
0.00469051
0.00381988
0.00427347
0.0039152
0.00406696
0.00401027
0.0038032
0.00413645
0.00363702
0.00395655
0.00425942
0.00448724
0.00403299
0.00367263
0.0043482
0.00363228
0.00380762
0.00409355
0.00428893
0.00450731
0.00378721
0.00376536
0.00405065
0.00375204
0.00377269
0.004222
0.00434229
0.00369887
0.00374959
0.00395062
0.00368968
0.00371425
0.00386805
0.00429665
0.00416716
0.00362171
0.00396
0.00361587
0.00379805
0.00368316
0.00375654
0.00412611
0.00383093
0.00626479
0.00503572
0.00429883
0.00367461
0.00509969
0.00401604
0.00402628
0.00412373
0.00385842
0.00407543
0.00363945
0.00426188
0.00481247
0.0040907
0.00397828
0.00389019
0.0037466
0.00373842
0.00433501
0.00510818
0.00555648
0.0043154
0.0043876
0.00384974
0.00401375
0.00451143
0.00580791
0.00428824
0.00424727
0.00418967
0.00385977
0.0040669
0.00495464
0.00466825
0.00438498
0.00378621
0.00431665
0.0037253
0.00424801
0.00494952
0.00378882
0.00428537
0.00367759
0.00433244
0.00377439
0.00416761
0.00398792
0.00389795
0.00485506
0.00403337
0.00644834
0.00492164
0.00611992
0.004981
0.00495272
0.00515514
0.00469271
0.00409049
0.00496497
0.00402421
0.0041748
0.00392963
0.00427546
0.00407957
0.00523885
0.0049356
0.00416845
0.00401195
0.00487494
0.0057167
0.00500144
0.00532615
0.00462843
0.00478717
0.0047733
0.00582158
0.00646713
0.00385778
0.00551988
0.00465752
0.00446981
0.00385858
0.00587802
0.00540277
0.00419734
0.00384312
0.00394042
0.00393733
0.00422198
0.00431167
0.00371009
0.00391974
0.00396402
0.00382662
0.00385959
0.00403636
0.0039146
0.00431519
0.00361163
0.00461018
0.00436028
0.00398844
0.00456385
0.00413669
0.00455993
0.00363156
0.00455678
0.00434937
0.00379356
0.00410428
0.00486649
0.00494592
0.0037332
0.00545161
0.00386191
0.00459894
0.00450425
0.00429366
0.00426637
0.00405865
0.00420138
0.00443603
0.0038259
0.00443465
0.00450902
0.00425934
0.00464893
0.00579574
0.00456771
0.00603734
0.00465824
0.00586257
0.00399987
0.00519029
0.0054219
0.00507741
0.00444199
0.00468071
0.00422341
0.00532779
0.00457362
0.00394366
0.00444005
0.00400269
0.00404913
0.00385291
0.00423086
0.00374436
0.003795
0.00400949
0.00390578
0.00366835
0.00367927
0.00415832
0.00402817
0.00451868
0.00371245
0.0041506
0.00409423
0.00415562
0.00400249
0.00411774
0.00463592
0.0037353
0.00393694
0.00427443
0.00356401
0.00423718
0.00410504
0.00388464
0.00414142
0.00386495
0.00447004
0.00388686
0.00382801
0.00427179
0.00415198
0.00433363
0.00409531
0.00437329
0.00407095
0.00380667
0.00374741
0.00411793
0.00410241
0.00404852
0.00406334
0.00387519
0.00367612
0.00376371
0.00425971
0.00517321
0.00385424
0.0041448
0.00390223
0.00404428
0.00373824
0.00383814
0.00407392
0.0039095
0.00401803
0.00419676
0.00401818
0.00378458
0.0042647
0.00407839
0.00395854
0.00363941
0.00396644
0.00525758
0.00380514
0.00384908
0.00378594
0.00434669
0.00429053
0.00379481
0.004458
0.00373969
0.00389856
0.00400051
0.00386428
0.00482765
0.00374358
0.00501489
0.00389348
0.00360664
0.0039671
0.00373184
0.00443834
0.00373759
0.00396297
0.00391958
0.00385058
0.00364427
0.00382298
0.00390058
0.00410354
0.00397369
0.00415178
0.00372209
0.00360138
0.00387385
0.0040061
0.00425316
0.00456093
0.00390575
0.00405496
0.00365681
0.00375894
0.00385267
0.00386666
0.00393001
0.00364225
0.00429472
0.00360255
0.00364183
0.00370705
0.00375253
0.00392008
0.00449822
0.00386354
0.00407576
0.00366061
0.00381113
0.00387239
0.00396302
0.00405156
0.00381732
0.00415931
0.0039165
0.00363195
0.00365444
0.00372799
0.0037705
0.00477257
0.00423787
0.00471355
0.00396254
0.00374171
0.00388043
0.00379941
0.004359
0.00397705
0.00412983
0.00368999
0.00369965
0.00367446
0.00394804
0.00369094
0.00431006
0.00393764
0.00422699
0.00390043
0.00370892
0.00386872
0.00377861
0.00385945
0.00391767
0.00383487
0.00382496
0.00384148
0.00359184
0.00376395
0.00368028
0.00396866
0.00469238
0.00452202
0.00413173
0.00364315
0.00366821
0.00411853
0.00368339
0.00418279
0.00375756
0.00407129
0.00385797
0.00387244
0.00378206
0.00380462
0.00461987
0.00400544
0.00388319
0.00372238
0.0036397
0.00387976
0.00372713
0.00392823
0.00399564
0.00487371
0.00489286
0.00409689
0.00384088
0.00429261
0.00379842
0.00418694
0.00470692
0.00404939
0.00448914
0.00391167
0.00378475
0.00392557
0.00381695
0.00479171
0.00396486
0.00362362
0.00369184
0.00378242
0.00413735
0.00368838
0.00419998
0.0041564
0.00383825
0.00389478
0.00362896
0.00388568
0.00370755
0.0039033
0.00428353
0.00387641
0.00456038
0.00362735
0.00365129
0.00416617
0.00372545
0.00394533
0.00450736
0.00367411
0.00404551
0.00362809
0.0038194
0.00363686
0.00390155
0.00424654
0.00423764
0.00395758
0.00379801
0.00388082
0.00366394
0.0036086
0.0037969
0.00401896
0.00413939
0.00391692
0.00422084
0.00427044
0.00381679
0.00424343
0.00472559
0.00453025
0.00442242
0.00401317
0.0048594
0.00414558
0.00381891
0.00469275
0.00428839
0.00421653
0.00450048
0.00393902
0.00395876
0.00408995
0.00459349
0.00394681
0.00457794
0.00372405
0.00384454
0.00419944
0.00399226
0.00520175
0.00469119
0.00503315
0.00460426
0.00441392
0.00369779
0.00409971
0.00532079
0.00452841
0.00471787
0.00517374
0.00435564
0.00402131
0.00436629
0.00570012
0.00482297
0.00465621
0.00461263
0.00403375
0.00403768
0.00439295
0.00428776
0.00406245
0.00438129
0.0040275
0.00404415
0.00374969
0.00446946
0.00435484
0.00413041
0.00445724
0.00366796
0.00388347
0.00398442
0.00405766
0.00438435
0.00386826
0.00420997
0.00384815
0.00377388
0.00406575
0.00366725
0.00404511
0.00419525
0.0040542
0.00454379
0.00451527
0.00379248
0.00399826
0.00490433
0.00386081
0.0036017
0.00413906
0.00425744
0.00623438
0.00498872
0.00418658
0.00450361
0.00377944
0.0039056
0.00457151
0.00373251
0.00460663
0.00409465
0.00397333
0.00411529
0.00431691
0.00391307
0.00373316
0.00388282
0.00406672
0.00416146
0.00363529
0.00402507
0.00372136
0.00410956
0.0038115
0.00428149
0.00400263
0.00367085
0.00375848
0.00393105
0.0040301
0.00393408
0.00452706
0.00548313
0.00523721
0.0040199
0.00363407
0.00442396
0.00454965
0.0042801
0.00405466
0.00370831
0.00394545
0.00373842
0.00412807
0.00384277
0.00452737
0.00432719
0.0045523
0.00383757
0.00375263
0.00368305
0.00399715
0.00410277
0.00399771
0.00375326
0.00410097
0.00421157
0.00368938
0.00387671
0.00399991
0.00494582
0.00373609
0.0037786
0.00368097
0.00386785
0.00367298
0.00376584
0.00377808
0.00405123
0.00382248
0.00394465
0.00391952
0.00377048
0.00400011
0.0037485
0.00406411
0.00377505
0.00360724
0.00376286
0.00385037
0.00367705
0.00384111
0.00384492
0.00362997
0.00401817
0.00362659
0.00381742
0.00383015
0.00364977
0.00395601
0.00372285
0.00399815
0.00367228
0.00375082
0.00372305
0.00365256
0.00373851
0.00394877
0.00376617
0.00410497
0.00392923
0.00432516
0.00366392
0.00372858
0.00431883
0.00405579
0.00403866
0.00406422
0.00362348
0.0038231
0.00401763
0.00406415
0.00424847
0.00430563
0.00428039
0.0037512
0.00403658
0.0037878
0.00383757
0.00393215
0.00376163
0.00408965
0.00372288
0.0036904
0.00384903
0.00375358
0.00389717
0.00366682
0.00432667
0.00384672
0.00388761
0.00384876
0.00487743
0.00387245
0.00384098
0.00373666
0.00388267
0.00403603
0.00378174
0.00383324
0.00392513
0.00369934
0.00407389
0.00398761
0.004101
0.00375685
0.00403795
0.00382947
0.00385366
0.00437202
0.00369558
0.00375375
0.00399965
0.00357425
0.00369462
0.00406194
0.00365341
0.00449915
0.00383585
0.00375338
0.00378939
0.00363582
0.00387748
0.00389375
0.003669
0.00376026
0.00374883
0.00444268
0.00381237
0.00387392
0.0037
0.00384419
0.00407112
0.00371566
0.00395046
0.00386777
0.00372425
0.00383199
0.00419784
0.0038679
0.00376799
0.00385342
0.00393258
0.00391645
0.00368973
0.00362318
0.00407346
0.00414586
0.00392482
0.00405164
0.00417088
0.00448643
0.00388396
0.00375347
0.00394072
0.00401887
0.00407276
0.00442049
0.00394515
0.00406662
0.00378279
0.00475125
0.00378867
0.00369905
0.00376266
0.00404358
0.00398131
0.00382592
0.00390776
0.00378993
0.00408903
0.00371242
0.00409002
0.00368921
0.00360998
0.00384258
0.00417643
0.0038334
0.0039512
0.00397915
0.00417706
0.00367783
0.00360932
0.0039135
0.00401041
0.00427941
0.00363999
0.00429721
0.0041262
0.00375443
0.00376635
0.00417293
0.0042188
0.00380522
0.00386117
0.00417158
0.00367372
0.00383288
0.00377876
0.00380376
0.00427847
0.00365751
0.00390433
0.00394828
0.00373906
0.00361197
0.00389693
0.00391349
0.00385213
0.00399906
0.0039955
0.00363787
0.00372725
0.00373994
0.00393727
0.00394464
0.0039896
0.00400199
0.0038501
0.0038437
0.00372596
0.00383338
0.00367922
0.00385513
0.00415899
0.00397071
0.00392452
0.00359212
0.00360962
0.00408007
0.0036368
0.00406072
0.00369311
0.00434589
0.00439789
0.00371112
0.00379276
0.00381355
0.00402705
0.00408695
0.00370366
0.00410135
0.00361968
0.00372509
0.00397866
0.0037049
0.00407316
0.00403687
0.00431837
0.00377409
0.0037049
0.00360465
0.00380557
0.00382425
0.00424259
0.00385228
0.00397467
0.00366765
0.00374006
0.00372388
0.00362549
0.00369686
0.00432427
0.00479652
0.00405547
0.00378793
0.00371282
0.00397957
0.00370052
0.00448801
0.00546412
0.00395294
0.00392577
0.00390262
0.00387125
0.00376796
0.0038194
0.00440845
0.00457248
0.00374493
0.00406449
0.00382854
0.00379024
0.0037119
0.00395902
0.00462276
0.00407155
0.00467256
0.00400967
0.00390075
0.00397253
0.0046188
0.00449721
0.00391305
0.00380272
0.00383314
0.00411514
0.003758
0.00399443
0.00384427
0.00606585
0.00380965
0.00369341
0.00360874
0.0037701
0.00406085
0.00399619
0.00486582
0.00403884
0.0040464
0.00374428
0.00394187
0.00389766
0.0039988
0.00504479
0.00392835
0.00411304
0.00369083
0.00418123
0.00399242
0.00374293
0.00402397
0.00446505
0.00380636
0.00406975
0.00377288
0.00357519
0.00363346
0.00378461
0.00408972
0.00378305
0.00402374
0.00369345
0.00406783
0.00363209
0.00374798
0.00387264
0.00387964
0.00448157
0.00362467
0.00393338
0.00367497
0.0036848
0.00393457
0.00390937
0.00393847
0.00390172
0.00385284
0.00405687
0.00357926
0.0036913
0.00363312
0.00406367
0.00408978
0.00386498
0.00372692
0.0037052
0.00376453
0.00368342
0.00372293
0.00445001
0.00446422
0.0037072
0.00384875
0.0035728
0.00366639
0.00363239
0.00435998
0.00413369
0.0040775
0.00382992
0.00384042
0.0037506
0.00373262
0.00386949
0.00386535
0.00381785
0.00376607
0.00399187
0.00368715
0.00360806
0.00372773
0.0037737
0.00436553
0.00392796
0.00370495
0.00427971
0.00372666
0.00384708
0.00377771
0.00387593
0.00425525
0.00434366
0.00391318
0.00379492
0.00368108
0.003662
0.0037399
0.00392675
0.00374626
0.00397345
0.0038219
0.00404471
0.00373901
0.00371301
0.00399994
0.00430863
0.00393188
0.00364763
0.00399501
0.004213
0.00404321
0.00368863
0.0044141
0.00395687
0.00390892
0.00420764
0.00388264
0.00455452
0.00367766
0.00410518
0.00378967
0.00408127
0.00387068
0.00383936
0.00373402
0.00398336
0.00387652
0.00369519
0.00447209
0.00387306
0.00400723
0.00396448
0.00370736
0.00389718
0.00393007
0.00396755
0.00384061
0.0036329
0.00400302
0.0045759
0.00376913
0.00396597
0.00375217
0.00410408
0.00361917
0.00360572
0.00377086
0.0039294
0.00380862
0.00388656
0.00388959
0.00380853
0.00357268
0.0037659
0.00368785
0.00388267
0.00379588
0.00402237
0.00382877
0.00449584
0.00374009
0.00362824
0.00387646
0.00383663
0.0039122
0.003917
0.00368066
0.00385908
0.00371557
0.00432339
0.00381064
0.00367171
0.00407189
0.00391455
0.00393081
0.00387943
0.00406316
0.00384553
0.00401728
0.0036549
0.00382062
0.00384715
0.00385719
0.00374367
0.0038753
0.00364645
0.00386345
0.00369267
0.00433542
0.00365691
0.00402605
0.00362101
0.00375522
0.00424994
0.00380901
0.00408551
0.00401284
0.00371357
0.00397664
0.00387344
0.00381456
0.00376549
0.00396689
0.00406117
0.00379088
0.00370884
0.00396987
0.0037021
0.00375482
0.00470664
0.00386227
0.0039573
0.0035936
0.00433842
0.00357014
0.00385249
0.00378455
0.00385251
0.00389503
0.00385038
0.0036715
0.00382914
0.00417573
0.00375619
0.00376298
0.0036982
0.00397004
0.00393924
0.00368899
0.00401264
0.00377026
0.00393958
0.00366874
0.00380631
0.00396472
0.00376159
0.00390496
0.00384685
0.0038527
0.0041836
0.00368672
0.00382102
0.00415881
0.00376352
0.00378728
0.00388837
0.00390184
0.00410774
0.00386134
0.00386334
0.0041007
0.00374883
0.00470356
0.00375127
0.00394773
0.00362054
0.0040622
0.00384101
0.00368474
0.00411998
0.00405304
0.00400211
0.00382001
0.0041158
0.00413492
0.00389563
0.00409515
0.00372406
0.00398835
0.00386968
0.00370599
0.00392143
0.00386156
0.00360979
0.00368421
0.00399909
0.00371586
0.00398744
0.00363653
0.00401656
0.00399943
0.0036142
0.00375666
0.00398121
0.0037752
0.00406416
0.00384056
0.00388245
0.00379346
0.0036934
0.00370401
0.00435309
0.00376047
0.0036527
0.00382062
0.00397622
0.00376352
0.00375759
0.00386152
0.00386933
0.0042277
0.00377943
0.00390548
0.00373916
0.00364947
0.00375288
0.00404983
0.00375147
0.00398269
0.00400916
0.00455486
0.0037413
0.00365619
0.00383832
0.00393498
0.00390836
0.00369438
0.00367937
0.00419348
0.00426093
0.00385463
0.00418711
0.00395848
0.00374707
0.00375103
0.00399555
0.0038031
0.0037635
0.00376398
0.0037875
0.00387566
0.00387378
0.00393049
0.00385875
0.00399286
0.00378168
0.00374303
0.00388417
0.00392373
0.00397237
0.00392869
0.00385468
0.00401881
0.00366522
0.00400356
0.00375415
0.00378007
0.00393753
0.00381125
0.00381977
0.00371683
0.00364411
0.00369558
0.00373858
0.00366278
0.00382204
0.00381777
0.00366686
0.00358151
0.00473011
0.00362679
0.00369535
0.00358243
0.00358764
0.00424343
0.00400548
0.00395054
0.00398949
0.00371099
0.00413791
0.0036216
0.00396563
0.00383891
0.00395285
0.00366502
0.00410991
0.00377454
0.00380285
0.00382276
0.00402465
0.00404839
0.00368741
0.0036714
0.00377487
0.00392058
0.00380021
0.00386324
0.00387032
0.00394154
0.00376497
0.00462023
0.00397527
0.00370651
0.00380747
0.00376061
0.00367589
0.0037589
0.0036592
0.00408303
0.00445257
0.00427326
0.00399662
0.00401647
0.00433117
0.00375245
0.00369922
0.00382436
0.00399338
0.00429116
0.00449763
0.00377869
0.00388507
0.00380377
0.00373328
0.00405712
0.00373519
0.0040614
0.00397756
0.00370047
0.00392331
0.00378214
0.00395086
0.00413592
0.0038008
0.00385613
0.00370651
0.00391106
0.0039703
0.00403499
0.00380705
0.0038278
0.00384205
0.00434691
0.00384048
0.00396699
0.00378654
0.00408981
0.00409153
0.00378655
0.00383466
0.00378484
0.00409657
0.00377294
0.0039245
0.00387166
0.00372795
0.00486754
0.00385294
0.0037763
0.00375708
0.00386219
0.00368697
0.00377608
0.00378145
0.00377237
0.00392768
0.00374105
0.00393549
0.0039374
0.00370023
0.00386047
0.00382738
0.0040304
0.00380958
0.00378134
0.00392043
0.00391086
0.00370289
0.00370058
0.00386545
0.00398808
0.00388685
0.00380344
0.00378673
0.00389499
0.00388278
0.00388715
0.00380834
0.00391764
0.00367279
0.00365581
0.00446793
0.00371501
0.00402299
0.00367013
0.00394796
0.00404551
0.00386117
0.00375715
0.00398015
0.00381018
0.0037719
0.00377176
0.00392388
0.00361687
0.0037744
0.00386416
0.00399531
0.00410091
0.00424914
0.00410701
0.00412863
0.00371556
0.00363493
0.00393884
0.00387618
0.00378718
0.00383085
0.0042994
0.00369077
0.00391961
0.0036134
0.00383347
0.00374525
0.00377315
0.00401789
0.00389111
0.00428779
0.00400232
0.00421692
0.00364367
0.00374843
0.00357694
0.0037574
0.00435523
0.00377411
0.00364932
0.00421029
0.00377745
0.00402894
0.00384302
0.0039125
0.00386353
0.00365285
0.00368775
0.00388251
0.00390454
0.00370335
0.00392352
0.00416281
0.00384038
0.00364894
0.00374701
0.00391351
0.00405919
0.00371108
0.00401294
0.00386652
0.00400855
0.00368511
0.00379945
0.00372589
0.00372817
0.00389525
0.004015
0.00368793
0.00436915
0.00366462
0.00372729
0.00506052
0.00380382
0.00377228
0.00384928
0.00370497
0.00390395
0.00399767
0.00375049
0.00391251
0.00370079
0.00389416
0.00397596
0.00370067
0.00368672
0.00380786
0.00394419
0.00368823
0.00369399
0.00396834
0.00367691
0.00407363
0.00358992
0.00377037
0.00399744
0.0036939
0.00380262
0.00382765
0.00379477
0.00376112
0.00392962
0.00397237
0.00385956
0.0041055
0.00489444
0.00494267
0.00435029
0.00379733
0.00382432
0.00409871
0.00371066
0.0040692
0.00370567
0.00373829
0.00392184
0.00361098
0.00370546
0.00390577
0.00385652
0.00421444
0.00403909
0.00385357
0.00366785
0.00375715
0.0042951
0.00398534
0.00402271
0.00400483
0.00383208
0.00415658
0.0039263
0.00422081
0.00372818
0.00407464
0.00390253
0.00368175
0.00372845
0.00377775
0.00374281
0.00409384
0.00382653
0.00386897
0.0045975
0.00378851
0.00382741
0.00387403
0.00381553
0.00403486
0.00396213
0.003937
0.00369641
0.00372221
0.00378941
0.00411245
0.00384697
0.00388307
0.00388486
0.00401053
0.00373392
0.00375148
0.00376757
0.00391205
0.00377348
0.00387178
0.00362784
0.00370275
0.00380035
0.0036197
0.00413024
0.00385002
0.00434827
0.0038608
0.00407694
0.00419612
0.00373754
0.00372957
0.00407108
0.0039558
0.00385292
0.00370332
0.00413591
0.00375229
0.00394841
0.00405118
0.00378953
0.00523229
0.00409612
0.00423999
0.00374854
0.00369906
0.00378546
0.00404575
0.00389013
0.00384824
0.0036697
0.00380853
0.00387395
0.00375527
0.00363616
0.00488526
0.00393183
0.00373759
0.00391
0.00376296
0.00365139
0.0036163
0.00405722
0.00413616
0.00388782
0.00379938
0.00411045
0.00379638
0.00360469
0.00372768
0.00377099
0.00384996
0.00385175
0.00381329
0.00394214
0.00367513
0.00382674
0.0044826
0.00411324
0.00407817
0.0038254
0.00392603
0.00364319
0.00379212
0.00375144
0.0040492
0.00367815
0.00374728
0.00377876
0.00386717
0.00397377
0.00376917
0.0040239
0.0038885
0.00360219
0.00366126
0.00362968
0.0042629
0.00387297
0.00367059
0.0038174
0.00464596
0.00380684
0.00372067
0.00392805
0.00384049
0.00360921
0.00361681
0.00375997
0.00392698
0.00364922
0.00403839
0.00382932
0.00390095
0.00361818
0.00357003
0.0037835
0.00382446
0.00367884
0.00383309
0.00409178
0.00410046
0.00371795
0.00386405
0.00375244
0.00389088
0.00385825
0.00427973
0.00414222
0.00377225
0.00366049
0.00388763
0.00405545
0.00402938
0.00396145
0.00389346
0.00370306
0.0036012
0.00364144
0.00384578
0.00375886
0.00368978
0.00367517
0.0038633
0.00389502
0.00390044
0.00367678
0.00387989
0.0036533
0.00370813
0.00379594
0.00468494
0.00426211
0.00368101
0.00396982
0.003748
0.00377627
0.0036936
0.00386347
0.0039287
0.00379389
0.00363985
0.0037228
0.00392103
0.00398041
0.0037003
0.00441357
0.00399499
0.00394098
0.00395212
0.0037425
0.00378254
0.00388194
0.00376775
0.00367367
0.0039493
0.00361077
0.00386137
0.0040991
0.0036432
0.00424877
0.00392478
0.00375259
0.00362632
0.00362112
0.00389104
0.00366749
0.00381084
0.0037237
0.00384533
0.00428046
0.00395685
0.00374888
0.00379919
0.0037648
0.00412909
0.00379302
0.00440161
0.00379026
0.0036669
0.00427442
0.00377728
0.00368106
0.00381073
0.00385029
0.00422957
0.00382959
0.00361934
0.00386017
0.00380502
0.00384288
0.00386599
0.00401386
0.00377578
0.00378806
0.00361931
0.00372552
0.00401889
0.00375984
0.00370054
0.00389419
0.00374742
0.00383857
0.00372893
0.00376598
0.00531689
0.00448731
0.00456619
0.004212
0.00367879
0.00365576
0.00361456
0.00383831
0.00406106
0.00382455
0.00405481
0.0038031
0.00385584
0.00413049
0.00407714
0.00366714
0.00380845
0.00379669
0.00367636
0.00441958
0.00362837
0.00373636
0.00387353
0.00392479
0.00389942
0.00391129
0.00382523
0.00385096
0.00397267
0.00377931
0.00401183
0.00369933
0.0042515
0.00434934
0.00439291
0.0039108
0.00422199
0.00449989
0.00397687
0.00605103
0.00406371
0.0042714
0.00440544
0.00403363
0.00468952
0.00452453
0.00484809
0.00378977
0.00391449
0.00378601
0.00501491
0.00393014
0.00391093
0.00403826
0.00369761
0.00470062
0.00400721
0.00430757
0.00387202
0.00395751
0.00486853
0.00389221
0.00393348
0.00405397
0.00413349
0.00428262
0.0040703
0.00403376
0.00390406
0.00384177
0.00405576
0.00415852
0.00406522
0.00397732
0.00419381
0.00393409
0.00373306
0.00400756
0.00401045
0.00435929
0.00366789
0.00407575
0.00378542
0.00375567
0.00369943
0.0038586
0.00378646
0.00386584
0.00404225
0.00360298
0.00412887
0.00380682
0.00382484
0.00410026
0.00386384
0.00452855
0.00416644
0.00448555
0.00382062
0.0037171
0.00430905
0.00367633
0.00409657
0.00368487
0.00380099
0.00371519
0.00368746
0.0039893
0.00388702
0.00384039
0.00375217
0.00395369
0.00393135
0.00364416
0.00359534
0.00364578
0.004169
0.00408083
0.00387961
0.00371133
0.00395437
0.00378928
0.00380273
0.00379376
0.00431213
0.00438657
0.00382136
0.00389838
0.003828
0.00370408
0.00367173
0.00378919
0.00422457
0.00430674
0.0037335
0.00374204
0.00369445
0.00359351
0.00407416
0.00408796
0.00387582
0.00372328
0.00373081
0.0041741
0.00373897
0.003763
0.00364935
0.00390603
0.00400342
0.00371291
0.00389456
0.00373325
0.00421595
0.00362839
0.00355154
0.00409157
0.00395691
0.00403539
0.00386775
0.00391239
0.00378576
0.00379831
0.00384889
0.00398175
0.00395992
0.00381862
0.0043923
0.00377758
0.00364397
0.00377909
0.00392817
0.00410015
0.00358371
0.00389371
0.00472586
0.00361658
0.0037353
0.00374668
0.0040596
0.00426672
0.00372655
0.00423043
0.00374289
0.00364301
0.00381753
0.00382264
0.00403816
0.00378415
0.00379819
0.0038155
0.00371871
0.00363516
0.00373541
0.00399089
0.00406152
0.00388775
0.00414256
0.00380372
0.00364841
0.00360985
0.00367891
0.0039169
0.00492206
0.0037701
0.00389232
0.00367487
0.00359793
0.00370891
0.00389626
0.00426698
0.00386547
0.00378269
0.00398515
0.00374773
0.00370271
0.00385267
0.00360542
0.00390672
0.00380561
0.00377623
0.00412075
0.00364193
0.00373318
0.00396592
0.00406482
0.00505331
0.00415364
0.00408241
0.0051789
0.00382959
0.0041328
0.00363182
0.00420145
0.00385718
0.004451
0.00472582
0.00503174
0.00410112
0.00430265
0.00403958
0.00422567
0.00404876
0.00375524
0.00379571
0.00358845
0.00366387
0.00409024
0.00390409
0.00391925
0.00380284
0.00397221
0.00378394
0.00370308
0.00380743
0.00386942
0.00388554
0.00393732
0.00382021
0.00374844
0.00377281
0.0038945
0.00366892
0.00414409
0.00386692
0.00425938
0.0037632
0.003584
0.00417554
0.0035653
0.00382067
0.00412557
0.00395426
0.00409926
0.00360478
0.00371133
0.00414167
0.0037402
0.00398837
0.00391825
0.00389624
0.00379223
0.00377238
0.00365317
0.00395449
0.00364757
0.00363348
0.00416939
0.00407825
0.00373312
0.00387785
0.00397308
0.00382546
0.00368608
0.00377616
0.00421604
0.00383484
0.00382625
0.00374164
0.00370212
0.00367867
0.00369406
0.0036636
0.00571271
0.00383017
0.00390473
0.00369774
0.00458833
0.00370487
0.00408487
0.00434903
0.00394572
0.00409879
0.0039396
0.00402262
0.00384652
0.00386285
0.00429002
0.00414053
0.00427897
0.00403223
0.00414631
0.00383343
0.00370498
0.00399717
0.00496783
0.00421828
0.00368073
0.0047508
0.00368812
0.00391761
0.00372959
0.00406808
0.00386743
0.003748
0.00420801
0.00371322
0.00364094
0.00372286
0.00385792
0.00502645
0.00371338
0.00369567
0.00402741
0.00388239
0.00388781
0.00370167
0.00407949
0.003878
0.00378331
0.00371236
0.00384719
0.00434654
0.00398985
0.00392132
0.00401742
0.00373755
0.00370331
0.0037628
0.00414625
0.00367949
0.00385848
0.00375405
0.00376615
0.00376071
0.00368461
0.0039979
0.00388961
0.00363548
0.00375721
0.00395711
0.00383885
0.00362198
0.00360888
0.00390676
0.00399156
0.00372271
0.00391454
0.00383377
0.0038687
0.00383006
0.00375913
0.00391763
0.00368704
0.004004
0.00392138
0.00377591
0.00418474
0.00372491
0.00413406
0.00379709
0.00376651
0.00375929
0.00385372
0.00404806
0.0039929
0.00369207
0.00395353
0.00381237
0.00375702
0.0040613
0.0038534
0.00375548
0.00418778
0.00368288
0.00366683
0.00401778
0.00394015
0.00396001
0.00416169
0.00370145
0.00386563
0.00390319
0.00388196
0.00367853
0.00372224
0.0038015
0.00374739
0.00406858
0.00367489
0.00387068
0.00400868
0.00379801
0.0037708
0.00386051
0.00370819
0.00374486
0.00363129
0.00387664
0.00434988
0.0042501
0.00413329
0.00387615
0.0037018
0.0037316
0.00387317
0.00371463
0.00363532
0.00382924
0.00377173
0.00361108
0.0036945
0.00374979
0.00409353
0.0038822
0.0036156
0.00369936
0.00412703
0.00372362
0.00383653
0.00370996
0.00385388
0.00425402
0.00514376
0.00383984
0.00464553
0.00376734
0.00411302
0.0038629
0.00498622
0.00380586
0.00388626
0.00411151
0.00370345
0.00413554
0.00388163
0.00386228
0.00390722
0.00384255
0.00399095
0.00369952
0.00377484
0.00404726
0.00375829
0.00387471
0.00389161
0.00386005
0.00401762
0.00379448
0.00361621
0.00384029
0.00388265
0.00414976
0.00383428
0.00381826
0.00379937
0.00372863
0.00381808
0.00398836
0.00395605
0.00386071
0.00371456
0.00380912
0.00370917
0.00369879
0.00365777
0.00394333
0.00377503
0.00369093
0.00378891
0.0036616
0.00377376
0.003654
0.00388431
0.00394361
0.00395854
0.00401336
0.0037674
0.00392464
0.00377605
0.00360323
0.0037462
0.00436954
0.00377529
0.00381192
0.00392078
0.00391936
0.00371918
0.00372632
0.00403814
0.00377954
0.00383956
0.00394085
0.0038154
0.00373809
0.0037673
0.00375843
0.00412265
0.0052136
0.00380862
0.00389347
0.00416842
0.00376103
0.00392647
0.0037243
0.00427261
0.00404797
0.00371963
0.00388159
0.00364578
0.0037179
0.00361432
0.00400718
0.00392519
0.00363514
0.00409806
0.00378276
0.00368734
0.00378242
0.00366874
0.00538111
0.00515131
0.00479668
0.00407322
0.0038384
0.00365533
0.00389496
0.00408971
0.0045361
0.00558803
0.00430036
0.00387633
0.00377232
0.00406965
0.00406813
0.00426319
0.00374106
0.0041992
0.00387695
0.00370509
0.00364105
0.00381187
0.00438033
0.00371156
0.00414996
0.00374265
0.00380455
0.00373314
0.00395141
0.0041123
0.00397085
0.00374396
0.003707
0.00370218
0.00377262
0.00371179
0.00422697
0.00376252
0.00418191
0.0039228
0.00391958
0.00394191
0.00375075
0.00383028
0.00363232
0.00407417
0.00366644
0.00413189
0.0038193
0.00359096
0.00384943
0.00370414
0.00433329
0.00400465
0.00360832
0.00401528
0.0036606
0.0037639
0.00357802
0.00377819
0.00388923
0.00393503
0.00381968
0.00425988
0.00370721
0.00386575
0.00373001
0.00385129
0.00384288
0.00386769
0.00366022
0.00412154
0.00391862
0.00371355
0.00399029
0.00382712
0.00418654
0.00413919
0.0038802
0.00383647
0.00362788
0.00374707
0.00420084
0.00385468
0.00426035
0.0036379
0.0041654
0.00366271
0.00367227
0.00399016
0.00418737
0.00537439
0.00455979
0.004174
0.00413683
0.0036891
0.0035994
0.00391643
0.00382552
0.00402081
0.00385452
0.00392374
0.00379334
0.00375386
0.00389452
0.00392664
0.0040657
0.00422593
0.00437328
0.00402076
0.00384084
0.00389635
0.00387261
0.00388395
0.00411312
0.00476757
0.00401693
0.00385502
0.00377228
0.00432507
0.00365224
0.00409576
0.00422684
0.00394295
0.00425597
0.00361715
0.00412735
0.0037654
0.00381222
0.00678585
0.00429256
0.00400904
0.00396995
0.00427574
0.00391776
0.00371878
0.0040856
0.00431995
0.00418036
0.0038902
0.00427367
0.00381218
0.00384939
0.00438079
0.00489999
0.00391673
0.00406107
0.00400924
0.00397789
0.00384676
0.00437922
0.00476593
0.00382084
0.00391845
0.00389912
0.00363466
0.00392092
0.00368267
0.00414621
0.00385393
0.00375762
0.00401753
0.00376088
0.00382056
0.00363731
0.00391215
0.00437014
0.00400752
0.00399984
0.00363213
0.00394331
0.00393779
0.00367113
0.00404955
0.00404057
0.00404555
0.00360846
0.00377288
0.00382369
0.00371674
0.0037537
0.004123
0.00386109
0.0041023
0.00383542
0.00404472
0.00373607
0.00365944
0.00366685
0.00434715
0.00378496
0.00359814
0.00369402
0.00381053
0.00380637
0.00403595
0.00392509
0.0042912
0.00361092
0.00360922
0.00368161
0.0038226
0.00365464
0.00417175
0.00404939
0.00388114
0.00374453
0.00363879
0.00413174
0.00396366
0.00380978
0.00382129
0.00381518
0.00401442
0.00368169
0.00370222
0.00379701
0.00378147
0.00390638
0.00378252
0.00429125
0.00367293
0.00361649
0.00382517
0.00390795
0.00400821
0.00365729
0.00395991
0.00384778
0.00368741
0.00360914
0.00381151
0.0038891
0.00376569
0.00387413
0.00389349
0.00375223
0.00363666
0.0036692
0.00383768
0.0041539
0.0037947
0.00394019
0.00400633
0.00391034
0.00384616
0.00370558
0.0037827
0.003857
0.00393719
0.00387119
0.00396662
0.00376502
0.0037848
0.00376824
0.0038169
0.00367022
0.00384116
0.00384298
0.00395154
0.00402202
0.00360559
0.00395682
0.00404069
0.00386378
0.00375837
0.00392387
0.0038608
0.0037664
0.00370689
0.00390552
0.00387505
0.00379014
0.00375952
0.00405734
0.0040051
0.00368487
0.00375359
0.00411746
0.0039468
0.00393098
0.00381119
0.0037386
0.00384019
0.00372647
0.00380653
0.0038972
0.00404128
0.00375567
0.00399023
0.00382502
0.00372444
0.00368689
0.00400917
0.0041005
0.00375854
0.00366025
0.00390782
0.00377974
0.00406325
0.0037762
0.00407132
0.00376202
0.00434878
0.00378694
0.00392608
0.0037878
0.00361327
0.00390951
0.00387044
0.00371171
0.00364014
0.00395502
0.00432419
0.00376493
0.00377212
0.00398052
0.00392459
0.0037544
0.00390483
0.00386479
0.00382354
0.00408971
0.00360992
0.00390303
0.00361454
0.00395575
0.00369358
0.00381238
0.00387931
0.00381528
0.00400748
0.00383213
0.00384059
0.00392379
0.00364797
0.0039391
0.00362078
0.0040722
0.0041353
0.00404996
0.00381671
0.00376506
0.0042876
0.00369049
0.00391794
0.00377329
0.00383823
0.00376948
0.00381228
0.00388231
0.00399331
0.00378301
0.00474359
0.00370581
0.00476238
0.00423179
0.00417955
0.00422286
0.0036293
0.00386426
0.0037349
0.00420142
0.00382131
0.00379989
0.00384842
0.00388511
0.00384159
0.00416096
0.00396683
0.00390596
0.00378387
0.00401644
0.0038778
0.0037199
0.00380739
0.0038248
0.00381816
0.00384132
0.00382639
0.0037355
0.00391726
0.00373805
0.00371767
0.00385974
0.00385239
0.00383056
0.00369256
0.00380506
0.0038242
0.00388135
0.00391741
0.00395298
0.00384713
0.0037513
0.00374004
0.00394749
0.00384827
0.00361453
0.00416048
0.00372081
0.00402712
0.00390832
0.00393527
0.00396452
0.00363241
0.00380448
0.00378459
0.00388673
0.00380697
0.00381652
0.00402989
0.00369608
0.0037953
0.00363357
0.00404315
0.00436125
0.00378325
0.00389048
0.00368371
0.0036759
0.00364031
0.00361673
0.00400031
0.00401146
0.0039531
0.00393686
0.00391763
0.00379288
0.00363921
0.0041714
0.00400382
0.00371492
0.00371373
0.00387597
0.00387546
0.00368872
0.00370772
0.00394675
0.00413987
0.00386796
0.00395197
0.00379774
0.00368579
0.00377134
0.00395658
0.00392241
0.00378077
0.00390402
0.00388885
0.0041864
0.00362357
0.00357238
0.00412473
0.0040054
0.0040281
0.00379088
0.00395179
0.00385408
0.00363849
0.00367763
0.00468942
0.00427885
0.00375726
0.00416703
0.00379503
0.00387003
0.00367816
0.00387618
0.00413286
0.00425721
0.00393528
0.00373722
0.00397309
0.0036785
0.00380881
0.00385568
0.00422842
0.0036141
0.00395436
0.0038974
0.00374574
0.0036763
0.00377728
0.00429509
0.00401248
0.00375025
0.00403635
0.00370197
0.00392017
0.0037332
0.00378193
0.0039421
0.00416059
0.00395798
0.00392306
0.00363445
0.00360012
0.00361001
0.00380746
0.00411533
0.0038625
0.00411657
0.00437719
0.00363791
0.00362195
0.00371595
0.00369299
0.00407518
0.00386819
0.00394265
0.00392366
0.00375318
0.00369179
0.00414092
0.003835
0.00406105
0.00376258
0.00443735
0.00366436
0.00358188
0.00382204
0.00383525
0.004497
0.00378006
0.00386331
0.00395133
0.0037393
0.00389232
0.00364628
0.00379098
0.00412016
0.00385267
0.0042523
0.00404628
0.00358806
0.00366816
0.00407755
0.00418471
0.00376452
0.00385221
0.00432843
0.0037212
0.00377752
0.00365953
0.00407365
0.00530173
0.00452959
0.00441901
0.00394424
0.00397136
0.00381372
0.00414937
0.00409976
0.00403342
0.00384728
0.00397832
0.00360705
0.00364135
0.00391513
0.00376386
0.00449344
0.00374146
0.00413354
0.00387471
0.00367077
0.00377957
0.00406276
0.00417266
0.00461515
0.00399619
0.00444423
0.0037852
0.00374603
0.00414937
0.00404149
0.00449117
0.00382359
0.00426194
0.00409287
0.00378877
0.00431906
0.00366414
0.00437753
0.00424471
0.00455355
0.00413706
0.00369817
0.00390089
0.0038075
0.00375875
0.00394911
0.00381039
0.00416459
0.00369443
0.00360955
0.00381458
0.00366058
0.00379589
0.00405374
0.00403138
0.00422625
0.0036138
0.00365555
0.00363738
0.00382769
0.00391703
0.00407765
0.0038195
0.00401913
0.00377724
0.00382137
0.00385911
0.00399866
0.00396716
0.00427159
0.00372442
0.00399072
0.00362218
0.00406164
0.0036527
0.00361372
0.00390467
0.00411419
0.00390124
0.00374074
0.00375224
0.00376648
0.00381959
0.0040931
0.00393814
0.00429629
0.00376646
0.00400891
0.00375995
0.00363915
0.00371804
0.00357002
0.00415362
0.00420472
0.00400099
0.00391905
0.00443729
0.00379748
0.00392412
0.00397521
0.00383446
0.00375631
0.00363895
0.00379096
0.00408893
0.00376728
0.00370296
0.00521349
0.00373261
0.0036944
0.00367997
0.00372965
0.00419763
0.00370456
0.00383209
0.0038363
0.00362199
0.00381792
0.00365016
0.00402884
0.0036287
0.00370542
0.00405897
0.00395652
0.00375588
0.00383258
0.00386127
0.00424268
0.00416634
0.00441473
0.00439561
0.00413514
0.0038768
0.00371457
0.00435422
0.00398009
0.00454396
0.00472925
0.00382686
0.00367764
0.00422887
0.00451905
0.00379404
0.00435881
0.00428456
0.0042487
0.00377797
0.00390409
0.0043036
0.00407096
0.00426937
0.00401712
0.00408744
0.00385506
0.0036738
0.00406279
0.00372402
0.00385131
0.00375525
0.00410393
0.00402869
0.00373837
0.0036715
0.00713969
0.00394707
0.00378991
0.00432001
0.00384336
0.00373
0.00365532
0.00414048
0.00375062
0.00382808
0.00398896
0.00394341
0.00374188
0.00367177
0.00379638
0.00404398
0.00380245
0.00372386
0.00415713
0.0039806
0.00379907
0.00360172
0.00416554
0.00390729
0.00415061
0.00390105
0.00383661
0.00378536
0.0036074
0.00385691
0.00417833
0.00380343
0.00390815
0.00373084
0.00419762
0.00384666
0.00363937
0.00385724
0.00394658
0.00391275
0.00376214
0.00390721
0.00407303
0.0039608
0.00391632
0.00387455
0.00364063
0.0037729
0.00378567
0.00395407
0.0038218
0.00368805
0.00381768
0.00388059
0.00370246
0.00363435
0.0037421
0.00392589
0.00376315
0.00396244
0.00382194
0.00377572
0.00370645
0.00388776
0.00374438
0.00417595
0.00368636
0.00372284
0.00423633
0.00432021
0.00382833
0.00376299
0.00388317
0.00395082
0.00358569
0.00383842
0.00398635
0.00374691
0.00376068
0.00389516
0.00372217
0.00385386
0.00376901
0.00413811
0.00388578
0.00374544
0.00384893
0.00387578
0.00400837
0.00397806
0.00362523
0.00384733
0.00378699
0.00410446
0.00420646
0.0036525
0.00383738
0.00368653
0.00411155
0.00452443
0.00518359
0.00377445
0.00435649
0.00367677
0.00389176
0.00378573
0.00401658
0.00381638
0.00362362
0.00393831
0.00376693
0.00402407
0.00429956
0.00392189
0.00388056
0.00370562
0.00401103
0.00398809
0.00374374
0.00413219
0.00359331
0.00428203
0.00364427
0.00386224
0.00373951
0.00378788
0.0039183
0.00392538
0.00406152
0.00379121
0.00383343
0.00409849
0.00375583
0.0038984
0.0040626
0.00374637
0.00442559
0.00359176
0.00389647
0.00380662
0.00412819
0.0039979
0.00388856
0.00386808
0.00434111
0.00387632
0.0040292
0.003841
0.00379454
0.00381724
0.00415731
0.00393653
0.00381562
0.00391873
0.00378028
0.00393796
0.0037721
0.00369696
0.00389592
0.00387985
0.00388385
0.00376977
0.0037329
0.00368408
0.00377206
0.00397607
0.00379899
0.00386704
0.00382908
0.00365816
0.00401024
0.00368036
0.00363763
0.00384318
0.00406555
0.00371923
0.00367964
0.00369275
0.00372
0.00379265
0.00386897
0.00372748
0.00414564
0.00371537
0.00379154
0.00381402
0.00377885
0.00383951
0.00373319
0.00404694
0.00428332
0.00370602
0.00387608
0.0037505
0.00392626
0.00401622
0.00380881
0.00397948
0.00440146
0.00543303
0.00551539
0.00417999
0.00381579
0.00361303
0.00448664
0.0037765
0.00393257
0.00385991
0.00402737
0.00383746
0.00369111
0.00408398
0.00395733
0.0042091
0.00364048
0.00366669
0.00375342
0.00358363
0.00377671
0.00397489
0.00402012
0.00371946
0.00364558
0.00387146
0.00405848
0.00388925
0.00369072
0.00414171
0.00392062
0.00378791
0.00373341
0.00367699
0.00375758
0.00388485
0.00384935
0.00395695
0.00371158
0.00383692
0.00380107
0.00376638
0.00366724
0.00379807
0.00379965
0.00486523
0.00476722
0.0051119
0.00438908
0.00418663
0.00407519
0.0042077
0.00407879
0.00358784
0.00522095
0.00386039
0.00373385
0.00374971
0.00390795
0.00402615
0.00459223
0.00395968
0.00404059
0.00413449
0.00369299
0.00383334
0.00383602
0.00439254
0.00365882
0.00410995
0.00386564
0.00372836
0.00386566
0.0036996
0.00394881
0.0038944
0.00372398
0.00393697
0.0038999
0.00367367
0.00362321
0.00391986
0.0038254
0.0040958
0.00382702
0.00396446
0.0040204
0.00370118
0.00382036
0.00376045
0.00401102
0.00387863
0.00390557
0.00488203
0.00371725
0.0037005
0.00389972
0.00367915
0.00404042
0.00368634
0.00385313
0.003762
0.0035926
0.00384456
0.00379917
0.00372785
0.00393457
0.00408923
0.00407999
0.00369147
0.00372712
0.00365953
0.00383157
0.00369745
0.00396418
0.00387621
0.00391693
0.00392673
0.00367065
0.00375677
0.00379826
0.00367011
0.00415952
0.00381752
0.00384899
0.00381355
0.00363355
0.00408023
0.00378891
0.00397167
0.00414751
0.00389115
0.00391528
0.00380927
0.00387849
0.00393318
0.00372552
0.00391736
0.00415674
0.00383286
0.00372836
0.0037477
0.00393669
0.00363396
0.00367117
0.00395889
0.00382211
0.00466709
0.00391676
0.00363314
0.00385837
0.00365722
0.00373576
0.00380871
0.00390443
0.00386961
0.00375188
0.00376362
0.00384226
0.00383925
0.00372813
0.00381862
0.00411518
0.00383589
0.00366081
0.0037456
0.00405379
0.00367145
0.00371204
0.00385213
0.0037891
0.00448657
0.00380815
0.00376304
0.00389811
0.00364394
0.00407315
0.00438567
0.00367571
0.00394641
0.00388061
0.0039082
0.00364613
0.00378104
0.00387159
0.00428466
0.00372796
0.00389548
0.00375564
0.0037891
0.00375518
0.00384853
0.00388403
0.00400849
0.00381835
0.00392828
0.00369257
0.00411448
0.00370041
0.00362583
0.00412961
0.0051713
0.00409773
0.00370855
0.00366554
0.00372474
0.00361871
0.00418925
0.00451498
0.00393476
0.00464845
0.00382502
0.00359525
0.00382782
0.00363185
0.00542263
0.00373858
0.00402187
0.00480811
0.00378838
0.00411824
0.00386083
0.00412165
0.0038678
0.00373334
0.00377606
0.00398801
0.00378934
0.0038241
0.00404842
0.00399706
0.00387312
0.00359034
0.00374137
0.00425881
0.00366957
0.00372368
0.00378346
0.00390827
0.00383564
0.00367675
0.00369637
0.00376129
0.00388924
0.00387862
0.0036795
0.004392
0.00374668
0.00371317
0.0041483
0.00369929
0.00378302
0.00375109
0.00379742
0.00398247
0.00360701
0.00406714
0.00418605
0.0038265
0.00403641
0.00372834
0.00397241
0.00372632
0.00385936
0.00402654
0.00387763
0.00400749
0.00367408
0.00411774
0.00385816
0.0037718
0.00359145
0.00445382
0.00374649
0.0037473
0.00367425
0.00377486
0.00390425
0.00373654
0.00360097
0.00447879
0.0036964
0.00378032
0.00376197
0.00373155
0.00384935
0.00359125
0.00383554
0.00397568
0.00392561
0.00369389
0.00372309
0.00373147
0.00403044
0.00387002
0.00376924
0.00379956
0.00440832
0.00413377
0.00381282
0.00402439
0.00381456
0.00377224
0.0043956
0.00376515
0.00387165
0.00385051
0.00413442
0.00400107
0.00387854
0.00396104
0.00373546
0.00392174
0.00379051
0.00402463
0.00377976
0.00375298
0.00386798
0.00414839
0.00389131
0.00383186
0.00378942
0.00403195
0.003975
0.00368144
0.00394535
0.00416149
0.00387343
0.00376641
0.00362013
0.00372473
0.00380342
0.00366005
0.00395257
0.0036548
0.0040469
0.00377876
0.0040885
0.00375786
0.00374474
0.00379866
0.0038098
0.00395095
0.00365393
0.00393524
0.00397547
0.00371635
0.00447758
0.00388835
0.00370452
0.00372255
0.00379903
0.0039266
0.00383733
0.00381982
0.00377611
0.00418235
0.00385237
0.00390371
0.00444212
0.00384773
0.00386259
0.00395527
0.00369599
0.00402669
0.00384057
0.00383455
0.00377916
0.00421879
0.00378601
0.00382145
0.0047316
0.00377575
0.00389905
0.00383235
0.0037907
0.00375813
0.0037855
0.00366476
0.00420878
0.00419731
0.0039935
0.00372438
0.00376569
0.00378921
0.00386633
0.0039128
0.00383533
0.00371518
0.00376991
0.00372326
0.0037944
0.00370658
0.00393151
0.00405339
0.00393363
0.00401265
0.00396402
0.00377727
0.00380762
0.0038823
0.0040239
0.00385159
0.00399877
0.00365694
0.00387535
0.00378581
0.00385427
0.00367123
0.00412004
0.00414164
0.00373499
0.00386411
0.00370689
0.00383146
0.00361077
0.00362118
0.00443639
0.00367016
0.00374262
0.00398304
0.00375621
0.00378457
0.0038539
0.00401173
0.00405262
0.00379894
0.00385013
0.00374869
0.00374312
0.00396178
0.00365012
0.00399055
0.00428865
0.00386559
0.00387666
0.00384602
0.00379028
0.00367153
0.00379226
0.00441209
0.00391119
0.00383865
0.00375771
0.00400285
0.00379639
0.00376066
0.00387728
0.00400685
0.00379897
0.00385498
0.00363988
0.00384847
0.00368078
0.00372304
0.00395007
0.00465669
0.00396591
0.00419534
0.00445365
0.00432294
0.00407385
0.00399966
0.00437912
0.00374174
0.00412564
0.00403437
0.00390944
0.00377443
0.00373378
0.00424177
0.00397744
0.00379357
0.00376713
0.00376412
0.00375662
0.00368563
0.00380781
0.0043587
0.0036027
0.00392868
0.00378637
0.00388898
0.00369877
0.0037074
0.00443931
0.00385463
0.00374212
0.00379309
0.00379011
0.00376073
0.00358306
0.00396596
0.00390863
0.00424366
0.00410407
0.0043783
0.00429791
0.00373195
0.00388295
0.00375733
0.00419354
0.00382379
0.00390231
0.00394209
0.00374767
0.00376065
0.0038226
0.00446586
0.0038442
0.0038885
0.00393445
0.00378408
0.00361351
0.00384702
0.00376404
0.00408867
0.00398327
0.00381154
0.00374102
0.00370663
0.00384574
0.00361587
0.00394907
0.00410464
0.00381233
0.00440891
0.00368804
0.00380508
0.0039971
0.00380924
0.00423499
0.00378729
0.00389826
0.00373519
0.00384192
0.00358603
0.00362004
0.00391256
0.00407784
0.00400034
0.00378269
0.00403852
0.00365362
0.00367127
0.00386015
0.00372743
0.00445415
0.00370149
0.00399017
0.00386368
0.00363127
0.00369343
0.00368314
0.00378911
0.00403696
0.00395316
0.00384844
0.0038163
0.00398775
0.00361392
0.0037147
0.00379507
0.00391799
0.00372619
0.00411763
0.0037673
0.00365038
0.00361206
0.00374874
0.00399715
0.00399964
0.00377257
0.00405757
0.00367483
0.00370299
0.00369302
0.00374536
0.00396604
0.00379907
0.00424577
0.00406508
0.00369374
0.00375633
0.00378831
0.00408344
0.00401403
0.00364482
0.00397343
0.00406449
0.00369991
0.00370046
0.00374706
0.00389044
0.0040824
0.00403963
0.00415089
0.00404189
0.00358136
0.00371981
0.00410909
0.00373169
0.0038991
0.00366847
0.00392859
0.00374642
0.00360837
0.0039111
0.00372039
0.00412624
0.00394211
0.00399582
0.00386149
0.00367485
0.00396781
0.00384609
0.00375906
0.00381834
0.00379404
0.00421697
0.00381761
0.00371517
0.00366998
0.00387468
0.00388283
0.00407938
0.004009
0.00404239
0.00368358
0.00371087
0.003853
0.00370932
0.00369747
0.00406666
0.0039568
0.00380969
0.00363996
0.00386202
0.00375419
0.00368243
0.00383617
0.00400455
0.0041542
0.00377592
0.00378738
0.00373183
0.00369566
0.00399826
0.00367257
0.0041188
0.00380791
0.0037238
0.00364654
0.00367745
0.00376498
0.00363767
0.00370426
0.00420551
0.00373477
0.00397033
0.0036547
0.00390884
0.00372371
0.003639
0.00509644
0.00690984
0.00433636
0.0039754
0.00456651
0.00362418
0.0038852
0.00397766
0.00444429
0.00374136
0.00383119
0.00384344
0.00358704
0.00398979
0.00377211
0.00413686
0.00364949
0.00411198
0.0040006
0.00369136
0.00403318
0.00369687
0.0038718
0.00397827
0.00370951
0.00375757
0.00394992
0.00396606
0.00369534
0.00381946
0.00388988
0.00385616
0.00391027
0.00367825
0.00383028
0.00381546
0.00393771
0.00366463
0.00419862
0.00386111
0.00361235
0.00372559
0.00391575
0.00372087
0.00381711
0.00365212
0.00387793
0.00376996
0.00375126
0.00358997
0.00420299
0.00368787
0.00369165
0.00379299
0.00392122
0.00382714
0.00359874
0.0037715
0.00458127
0.00376728
0.00377573
0.00400239
0.0038566
0.00370396
0.00357439
0.00408
0.00375599
0.00371548
0.0037327
0.00370984
0.00400295
0.00370975
0.00374923
0.00446525
0.00374178
0.00379984
0.00374371
0.00381873
0.00435592
0.00377058
0.00378407
0.00405793
0.00405605
0.00408207
0.00395515
0.0038901
0.00385066
0.00367688
0.00392305
0.0037415
0.00392843
0.00369719
0.00375079
0.00403012
0.00366081
0.00380451
0.00414551
0.00373105
0.00370268
0.00368973
0.00369287
0.00379225
0.00382025
0.00370022
0.00416024
0.00369414
0.00369455
0.00379811
0.00386432
0.00375031
0.0037085
0.00364867
0.00399209
0.00372083
0.00382278
0.00383317
0.00408096
0.00415542
0.0036164
0.00391424
0.00378229
0.00384065
0.00378356
0.0036558
0.00403002
0.0038179
0.0038831
0.00422214
0.00368286
0.00368583
0.003704
0.00395614
0.00377339
0.00412987
0.00391871
0.00377886
0.00370406
0.00398491
0.00371787
0.00377389
0.00386417
0.00381399
0.00379731
0.00386694
0.00375382
0.00392283
0.00368136
0.00395447
0.00373725
0.00384155
0.00410879
0.0037075
0.00442829
0.00383804
0.0039961
0.00375338
0.00490506
0.00384261
0.00379723
0.00380528
0.00402257
0.00379965
0.00445846
0.00365504
0.00392917
0.00434044
0.00414065
0.00383639
0.00362763
0.00380584
0.00387618
0.00373948
0.0040272
0.00393491
0.0039256
0.00375428
0.00378269
0.00377937
0.00369929
0.00396567
0.00386729
0.00415759
0.00387001
0.00379448
0.00377949
0.00384454
0.00376996
0.00378794
0.00421724
0.00381967
0.00388682
0.00364852
0.00378634
0.00381884
0.00363001
0.00457706
0.00432716
0.00411183
0.00378099
0.00380877
0.00396531
0.00373656
0.00366834
0.00428107
0.00375157
0.00394487
0.00388611
0.00370842
0.00375745
0.00359426
0.00405593
0.00461224
0.00366585
0.00379114
0.00385938
0.00379118
0.00376082
0.00368314
0.00379816
0.00425159
0.00376439
0.00367136
0.0036901
0.00364708
0.00377223
0.00396823
0.0039094
0.00420678
0.00374911
0.00389237
0.00362081
0.00386239
0.0039705
0.00402225
0.0046552
0.00370978
0.00382335
0.00380943
0.00363528
0.00389763
0.00358605
0.00390619
0.00403193
0.00369518
0.00435257
0.00367852
0.0037749
0.0036462
0.0039258
0.0047124
0.00409014
0.00399989
0.00376185
0.00376234
0.00393184
0.0038065
0.00375715
0.00392853
0.00377607
0.00381536
0.00369293
0.00379781
0.00369044
0.00390236
0.0039598
0.00388091
0.00369543
0.0039527
0.00416259
0.00367696
0.00363235
0.00362031
0.00407162
0.0040737
0.00366258
0.00373474
0.00367977
0.00403081
0.00381824
0.00373426
0.00418964
0.00373489
0.00384657
0.00450075
0.00378842
0.00384427
0.00364588
0.00386996
0.00430265
0.00375826
0.00391588
0.00380272
0.00377488
0.00368214
0.00370311
0.00389021
0.0041812
0.00372168
0.00407054
0.00375377
0.00374347
0.00369287
0.0036133
0.0044441
0.00377516
0.00363562
0.00376041
0.00384532
0.00386779
0.00363185
0.00364112
0.00438607
0.00384148
0.00391345
0.00376043
0.00403897
0.00370899
0.00401575
0.00411163
0.00425255
0.00420623
0.00427928
0.00445531
0.00385162
0.00373782
0.00382488
0.00425824
0.00486062
0.00392316
0.00431629
0.00361456
0.00436771
0.00420118
0.00435753
0.00415625
0.00405297
0.00409102
0.00370284
0.00406668
0.00371389
0.00391747
0.00391659
0.00374208
0.00386001
0.0039435
0.00375052
0.00367641
0.00395439
0.00392463
0.0040324
0.00373208
0.00381427
0.00377656
0.00364917
0.00372974
0.00402991
0.00398549
0.00401772
0.00369115
0.0037922
0.0038989
0.00362046
0.00392676
0.00371373
0.00405066
0.00440337
0.00379935
0.004056
0.00361425
0.00370068
0.0038952
0.00365742
0.00396022
0.00369713
0.00387897
0.00395264
0.00361445
0.00379282
0.00361989
0.00393374
0.00453835
0.00383617
0.00439282
0.00359504
0.00401999
0.00372965
0.00370091
0.00390599
0.004179
0.00432878
0.00394274
0.00358957
0.00369886
0.00386241
0.00414126
0.00389237
0.00370662
0.00412276
0.00366683
0.00369911
0.00364503
0.00388189
0.00390248
0.003843
0.0038781
0.0038536
0.00405209
0.00363178
0.00393958
0.0039106
0.0041015
0.00412677
0.00365775
0.00402867
0.00369224
0.00378817
0.00381275
0.00365512
0.00392819
0.00415995
0.00396842
0.00383629
0.00366818
0.00375687
0.00393115
0.00380886
0.00390012
0.00421933
0.00375419
0.00366123
0.00383223
0.00361926
0.00405357
0.00387642
0.00404282
0.00397737
0.00377631
0.00380343
0.00364981
0.00378328
0.00365033
0.00367995
0.00376205
0.00415863
0.00386735
0.00388229
0.00375702
0.00376972
0.00389492
0.00394322
0.00412218
0.00396039
0.00379848
0.00402293
0.00368404
0.00384487
0.00393364
0.00408954
0.00529464
0.00419716
0.00387526
0.00448799
0.00381644
0.00369983
0.00435611
0.00387771
0.0042044
0.00370347
0.00385008
0.00399066
0.00389042
0.00394439
0.00437904
0.00374883
0.0037532
0.00365422
0.00378949
0.00414715
0.00394451
0.00384717
0.00379883
0.00398046
0.00413399
0.00373552
0.00396824
0.00384634
0.00372802
0.00381594
0.0039735
0.00358852
0.00358431
0.00376586
0.00438198
0.00375691
0.00374122
0.00388941
0.00381853
0.00384454
0.00370511
0.00371748
0.0037726
0.00374624
0.00368674
0.00383971
0.00375539
0.00384504
0.0037077
0.003936
0.00366144
0.00390664
0.00369821
0.0040221
0.00382378
0.00364581
0.0037268
0.00422244
0.00373585
0.0039433
0.00529701
0.00416178
0.0141281
0.00593651
0.0157767
0.0042592
0.00832578
0.00575503
0.0143548
0.00455277
0.00827684
0.00615943
0.00442977
0.00899486
0.00823382
0.00604216
0.00403313
0.00426445
0.00359244
0.00406776
0.0048446
0.00423065
0.00419378
0.0040936
0.00431917
0.00404908
0.0037148
0.00422961
0.00394421
0.00372119
0.00384615
0.00420218
0.00382861
0.00364864
0.00388857
0.00388145
0.00385408
0.00387148
0.00364763
0.0039815
0.0037704
0.00381191
0.00428153
0.00360887
0.00414812
0.00374102
0.00422348
0.00375107
0.00363682
0.00391465
0.00379119
0.00395751
0.00386041
0.00364186
0.00393695
0.00370469
0.00371353
0.00380365
0.00377966
0.00375587
0.00366773
0.00400672
0.00407359
0.00404808
0.00395097
0.00493229
0.00392928
0.00369795
0.00369697
0.00367831
0.00419811
0.00374284
0.0037304
0.00408329
0.00388674
0.00418451
0.00370761
0.00372663
0.00393958
0.00364976
0.00436526
0.00422718
0.00382407
0.00391241
0.00434228
0.00496129
0.00364467
0.00412636
0.00417442
0.00411684
0.00364061
0.0036595
0.00379163
0.00385226
0.00377964
0.00418892
0.00377356
0.00398026
0.00398818
0.00387281
0.00388343
0.00389932
0.0038761
0.00397199
0.0036956
0.00385314
0.00372223
0.00396326
0.00391706
0.00387984
0.0043828
0.00382746
0.00415342
0.00383027
0.00429279
0.004024
