9.58135
9.27035
10.1176
9.75202
9.35037
10.1616
9.28318
9.66989
9.75149
10.1221
9.8177
9.51296
9.34801
9.6303
10.6626
14.3095
9.36343
9.43708
10.896
14.133
9.91346
9.79778
9.47356
9.97355
9.43343
9.51958
9.6353
9.35663
10.2937
10.9551
12.3528
12.6513
11.5746
9.4633
10.0227
9.21968
9.60486
9.70854
9.44684
10.0535
10.095
9.13749
9.9919
9.59642
9.48214
10.3255
9.29294
9.67572
9.23253
9.46586
9.86265
9.69851
9.59969
9.43217
9.74894
9.46185
9.35163
9.18042
9.75656
10.0723
10.4367
9.47026
10.0161
9.75435
9.57776
9.54175
9.47739
9.34194
9.9886
9.2061
9.74591
9.24249
9.21032
9.61782
9.8921
9.54284
12.0209
10.3418
9.48053
9.4496
9.40653
10.4699
10.5924
11.797
9.54917
9.3966
13.4712
9.704
11.5777
10.4358
12.5108
9.60881
12.1873
12.3461
9.65595
12.8294
9.63739
11.0978
9.37981
9.55158
