83.4261
72.1904
77.7184
72.9537
84.4074
86.0824
83.1155
77.9451
76.2575
76.9934
89.2252
81.7799
86.7833
76.3741
74.8391
82.1703
82.0935
87.2124
64.4981
76.4922
75.2613
88.4227
88.7634
87.4551
72.1781
82.0903
70.7573
94.5257
70.217
90.0898
83.3444
88.624
77.0265
86.8806
86.1453
83.172
75.9251
88.9912
73.7165
85.0902
64.6833
71.1581
68.4382
68.3629
87.4626
84.8861
77.2333
75.0672
74.4307
78.8598
78.0606
86.1906
86.1427
84.8523
69.2408
84.9355
86.4778
89.2388
94.0602
75.1606
75.9249
86.3989
87.2019
87.7773
89.0775
84.7432
84.4307
78.807
85.752
83.1819
70.3208
72.0684
77.3771
81.8535
76.4775
81.7665
70.9696
80.5764
86.5165
77.2222
86.8704
77.9284
86.2147
81.318
66.2824
85.1074
86.8083
87.2396
92.5472
85.8324
81.3318
83.3307
75.6308
81.4794
78.4141
71.0949
89.0022
80.8513
76.3713
86.1218
