7.477
7.91299
7.51738
10.9684
7.80349
7.49096
7.97664
7.71227
7.62832
7.62721
7.86542
7.85566
7.88907
7.85001
7.81365
8.26887
7.61476
10.5559
7.68727
7.56846
11.8922
7.73044
8.13839
7.77439
7.66605
7.82694
7.77166
8.63265
9.40102
7.8083
7.70843
7.91219
11.2434
9.98154
7.50799
7.63037
7.64714
7.99686
7.80049
7.55678
8.55404
7.65318
8.29378
8.03235
8.18861
7.87428
9.81548
8.23046
7.61243
7.65399
8.81087
7.95048
8.10721
7.71894
7.87585
7.96713
7.82645
7.76823
8.31901
7.60411
7.36076
7.36857
8.25375
7.7459
7.63533
7.61991
7.84132
7.6479
7.93061
8.08729
7.93571
7.7134
7.70367
7.72093
7.74027
7.62191
9.16355
10.5033
7.7694
7.83912
7.82136
7.7484
7.63819
8.79485
7.86984
11.0743
10.0348
7.66923
7.87551
7.92239
7.87308
7.62009
7.92597
7.75574
7.7366
8.27603
8.06148
7.69611
7.72637
7.7463
