9.02633
9.03404
9.03733
9.42169
8.99083
9.08861
9.04572
9.0477
9.0998
9.13345
8.98113
9.15761
11.1921
8.86358
9.26724
18.0649
9.25603
9.38752
12.6746
9.24466
9.29647
9.1339
9.45281
9.12664
9.07985
8.93479
9.33539
8.9793
9.0879
9.3742
9.38689
9.31918
9.09208
11.1966
12.5313
12.4975
9.10005
9.89549
9.23013
8.93859
9.12378
9.10351
9.39187
10.6633
9.4731
9.34139
9.68792
9.54423
9.37868
9.45244
9.17178
9.15929
9.05699
9.30108
12.0151
9.31807
9.0355
8.93158
9.01668
9.05828
9.2405
10.2021
9.12102
9.22257
9.00814
9.28291
9.01853
9.77277
9.55345
9.02572
8.86928
8.81909
9.14214
9.37433
9.03691
9.46338
8.9283
9.17395
9.14142
8.97176
9.01812
9.33797
9.16835
10.1106
9.6547
9.26046
10.1883
10.2921
9.1826
8.98002
8.93443
10.2175
9.20994
9.16113
9.6628
8.91984
9.70053
9.42979
9.51793
10.4615
