11.5835
12.0789
12.3153
12.3636
11.9559
13.0108
12.0483
11.8445
12.025
12.465
12.842
12.111
11.666
12.3101
11.7286
11.9472
12.8955
15.0272
11.8018
18.4927
15.1292
11.8493
12.5268
15.3445
11.867
13.8364
12.2861
11.847
14.7677
12.1422
15.2575
16.5522
13.2549
11.745
16.8883
13.6662
11.7828
12.1562
12.1945
11.5705
12.0522
12.6466
12.0077
12.5099
12.3466
11.8325
11.9108
12.1632
12.6123
12.4737
11.8469
12.9286
12.1063
11.9696
12.7462
12.0937
12.2049
11.5564
11.8395
12.9142
12.3149
12.4001
12.1184
12.1953
11.8386
12.1827
11.4807
12.1269
11.5447
12.4477
12.0209
12.1026
11.6907
11.8603
15.1634
11.8575
11.8276
11.8071
14.2833
12.0955
14.6822
12.2204
12.4956
12.5503
18.9476
12.4355
11.8115
12.4565
11.8699
14.0254
11.853
14.6598
11.7671
16.7576
11.682
12.603
12.2533
11.6564
11.9055
11.9464
