5.34532
5.3953
6.01755
5.66392
5.78866
5.56294
5.40882
5.47703
5.40931
5.7594
5.76722
5.46869
5.38256
5.84424
5.52636
5.67979
5.41936
5.47296
5.47154
5.59967
5.34364
5.60222
5.46893
5.60492
5.7191
5.52423
5.54225
5.81505
5.54171
5.77279
5.39867
5.48649
5.99294
5.61774
5.39114
5.42026
5.33417
6.38489
5.63163
6.32577
5.39721
5.62635
5.41365
5.44166
5.60488
5.67633
5.41713
5.41788
5.35699
5.51312
5.5824
5.47224
5.36982
5.489
5.62306
5.45117
8.40464
5.9264
8.96974
9.22852
5.6433
5.46625
5.33849
5.52907
5.74659
5.59952
5.4555
5.55002
5.69542
5.6783
5.76151
6.11307
5.59272
5.33979
5.64966
5.41969
5.74505
5.59266
5.64494
5.69328
5.54887
5.47243
5.40301
5.48624
5.50052
5.67538
5.46188
5.36834
5.49303
5.39461
5.52629
5.69294
5.55839
5.50736
5.59837
5.68987
5.82878
5.65596
5.38722
5.55023
