14.7949
13.9743
15.2023
14.3609
14.1525
14.0405
14.6189
14.0194
15.2391
13.9739
13.8944
14.2367
13.8665
13.6678
14.0862
14.6713
14.0435
15.3414
13.9937
14.3734
13.8357
13.9475
14.7069
14.0448
14.3503
14.6835
14.9156
13.7221
13.8494
17.9124
14.7656
18.0677
13.323
18.7895
13.8664
13.8773
14.0911
14.0655
14.1559
14.098
14.0205
14.1155
13.9122
14.1164
13.8245
14.4553
18.4013
13.5863
13.606
13.8331
13.4694
14.6797
14.7037
14.3645
14.4193
17.652
17.4181
14.2373
14.687
13.7849
14.9391
14.2386
14.8254
14.1912
14.354
14.0888
14.743
14.7259
14.4726
14.0418
17.3724
14.3338
14.8899
14.9241
14.3621
16.9217
14.8277
14.252
13.962
13.6239
15.1344
18.7648
15.5566
14.1993
15.0906
14.051
14.6957
14.2755
14.7233
14.4285
14.3939
14.2826
16.5105
16.0138
18.0134
14.1295
14.3531
18.7139
13.8529
19.0591
