0.00079438
0.000554446
0.000629541
0.000949606
0.000817759
0.000485836
0.000473176
0.000450787
0.000541101
0.000640986
0.000579895
0.000481417
0.000546754
0.00048473
0.000470563
0.000487395
0.000521151
0.000544716
0.000495098
0.000474616
0.000529977
0.000562516
0.000462479
0.000505506
0.000565224
0.000457827
0.00051608
0.000492286
0.000475548
0.000487039
0.000564729
0.00050965
0.000682472
0.000537904
0.000485606
0.000636383
0.000493288
0.000506601
0.000553778
0.000537217
0.000516271
0.000502416
0.00049606
0.000481772
0.000479355
0.000653444
0.000498883
0.000526602
0.000478628
0.00052665
0.000484549
0.000562932
0.000720909
0.000486811
0.000488797
0.000476852
0.000469904
0.000578704
0.000544597
0.00048996
0.000522289
0.000497023
0.000704141
0.000591767
0.000581575
0.000546029
0.00066774
0.000751153
0.000760226
0.000479574
0.000604707
0.000479756
0.000594803
0.000735694
0.000577565
0.000470902
0.000530212
0.000480272
0.000482812
0.000493782
0.000468974
0.00048281
0.000492554
0.000498312
0.000498784
0.000505876
0.000507978
0.000489722
0.000506636
0.00046654
0.000535934
0.000546678
0.000468581
0.000480575
0.000542587
0.00046715
0.00057904
0.000511114
0.000499138
0.000619891
0.000598003
0.000521319
0.000493313
0.000597417
0.000510993
0.000522106
0.000578338
0.000602391
0.000584059
0.000530238
0.000496554
0.000497051
0.00054344
0.000500778
0.000505198
0.000495278
0.000564298
0.000586445
0.000655964
0.00049243
0.000471864
0.000469582
0.000491414
0.000489346
0.000468697
0.000479368
0.000472783
0.000514917
0.000508177
0.000654888
0.000620633
0.000515168
0.000722886
0.000697568
0.000518993
0.00053916
0.000492082
0.000464753
0.000498407
0.000557844
0.000691031
0.00048176
0.0005921
0.000487254
0.000513554
0.000491174
0.000466125
0.000476645
0.000799352
0.000497358
0.000483644
0.00047227
0.000476839
0.000481492
0.000478056
0.00046207
0.000506774
0.0005027
0.000510065
0.000505181
0.000474823
0.000518679
0.000621152
0.000621816
0.000555677
0.000585692
0.000630602
0.000565965
0.000672795
0.000589996
0.00050841
0.000569769
0.000478216
0.000540171
0.000506501
0.00050834
0.000497418
0.000486603
0.000472086
0.000521074
0.000482911
0.000533758
0.000486046
0.000534695
0.000487849
0.000494235
0.000468492
0.000470424
0.000568464
0.000469978
0.000506803
0.00059082
0.000646357
0.000557082
0.000517966
0.000502263
0.000517991
0.000594965
0.000856088
0.000839427
0.0007478
0.000672268
0.000665977
0.000536436
0.000729696
0.000565961
0.000471441
0.000510573
0.00059242
0.000588551
0.000619083
0.000670006
0.000608847
0.000541331
0.000486973
0.000657628
0.000463934
0.000505728
0.000506828
0.000559326
0.000554813
0.000584444
0.000500075
0.000724899
0.000558309
0.000561121
0.000500087
0.000786594
0.000820912
0.00057394
0.000673173
0.000778787
0.000719409
0.00060857
0.000478248
0.000564632
0.000516231
0.000540392
0.000492417
0.000595243
0.000567711
0.000614435
0.000508805
0.000494354
0.00061747
0.000568055
0.000591174
0.000556144
0.000477363
0.000503015
0.000465112
0.000516051
0.000494396
0.000765186
0.000702971
0.000852622
0.000804646
0.000684619
0.000662826
0.000475219
0.000672831
0.000465468
0.000501917
0.000747353
0.000688824
0.000488033
0.000492353
0.0005022
0.000480824
0.000491251
0.00050186
0.000491416
0.000464188
0.000501772
0.000548967
0.000482793
0.000490743
0.000490474
0.000667732
0.000477963
0.0004758
0.000473335
0.000506341
0.000539909
0.000964232
0.000626672
0.000751957
0.000800453
0.000506951
0.00051015
0.000575625
0.000794329
0.000473633
0.000494391
0.000598763
0.00048909
0.00055377
0.000568339
0.000641735
0.000504836
0.000516145
0.000548731
0.00054669
0.000489835
0.000564338
0.000536543
0.000487443
0.00050632
0.000629615
0.000498849
0.000484464
0.000549151
0.000488594
0.000831998
0.000782516
0.000487743
0.000588504
0.000524887
0.000508262
0.000545634
0.000607327
0.000854712
0.000608931
0.000481276
0.000473702
0.000498333
0.000484836
0.000465302
0.000468102
0.000753008
0.000578512
0.000492673
0.000527655
0.000462376
0.00047697
0.000464405
0.000495399
0.000522402
0.000488978
0.00053353
0.000552858
0.000478485
0.00060289
0.00054286
0.000527297
0.00060802
0.000802536
0.000552061
0.000732047
0.000591216
0.000607219
0.000491331
0.000551708
0.000821978
0.000563443
0.000508321
0.000477584
0.000514458
0.00062081
0.000504131
0.000686652
0.000502788
0.000484767
0.000480798
0.00050235
0.000543274
0.000600241
0.000514676
0.000509175
0.000512525
0.000511129
0.000521096
0.000482735
0.000578972
0.000647327
0.000648388
0.000509386
0.000546221
0.000643873
0.000522807
0.000476064
0.000580435
0.000545564
0.000722102
0.000721093
0.000494618
0.000511402
0.000568045
0.000711776
0.000479261
0.000477914
0.000504516
0.000504791
0.000565753
0.000548092
0.000464105
0.00053667
0.00047468
0.000479678
0.000478107
0.000522835
0.000658276
0.000472784
0.000481882
0.000556438
0.000474241
0.00057623
0.000613617
0.000691464
0.000574295
0.000499775
0.000525713
0.000505845
0.000656413
0.000519152
0.000484475
0.000477691
0.000496175
0.000467054
0.000619199
0.000472661
0.000476434
0.000551061
0.000661596
0.000609018
0.000524868
0.000480499
0.000490173
0.000491812
0.000506798
0.000537248
0.000528013
0.00052675
0.000484841
0.000478396
0.000489103
0.000492756
0.000494139
0.000512759
0.000606373
0.000603795
0.000585019
0.00054203
0.000694776
0.000660284
0.000539024
0.000504285
0.000558056
0.000540622
0.000688604
0.000687819
0.000472383
0.000486071
0.000497077
0.000517509
0.000654381
0.000530422
0.000524605
0.000820098
0.000538212
0.000499585
0.000613625
0.000546127
0.000569731
0.000503577
0.000665116
0.000652327
0.00045952
0.000493618
0.000473237
0.00124329
0.000485132
0.000621128
0.000508639
0.000748623
0.000479933
0.000482848
0.000470079
0.000589073
0.000537639
0.00073154
0.000505873
0.000521027
0.000495294
0.000656208
0.000858995
0.000539636
0.000479185
0.000482749
0.00142774
0.000481186
0.000545128
0.000863086
0.000760473
0.000678873
0.000570168
0.000818421
0.000491892
0.000475433
0.000508311
0.000606084
0.000557108
0.000526079
0.0005045
0.000497725
0.00056354
0.000701658
0.000498418
0.000470571
0.000514022
0.000470068
0.000492993
0.000534802
0.000481729
0.000457032
0.000486184
0.000490775
0.000715508
0.000634991
0.000686513
0.000525323
0.00056579
0.000951264
0.000509847
0.000463123
0.000573064
0.000489997
0.000621798
0.000635539
0.000983794
0.00070301
0.000553844
0.000542778
0.000493195
0.000513647
0.000801835
0.000542763
0.000495274
0.000475957
0.000511276
0.000467252
0.000481732
0.000664549
0.000479571
0.000472613
0.000509667
0.000494396
0.000466999
0.000700822
0.000568222
0.000511105
0.000531422
0.000493494
0.000509053
0.000475208
0.000507374
0.00066243
0.000591571
0.000648567
0.00055058
0.000526756
0.000538584
0.000504377
0.00049336
0.000612906
0.000496827
0.000607891
0.000522041
0.000519151
0.00071512
0.000498531
0.000533029
0.000512336
0.000511929
0.00050815
0.000484759
0.000522099
0.000502288
0.000588611
0.000848966
0.000866016
0.000568601
0.000870624
0.000580561
0.000682997
0.000483271
0.000662736
0.000686746
0.000675679
0.000768059
0.000464291
0.000622081
0.000734772
0.000555565
0.000522683
0.000623684
0.000502779
0.000609861
0.000477642
0.000484926
0.000589258
0.000585793
0.000765404
0.000756707
0.000716583
0.00086342
0.000563178
0.000737823
0.000550957
0.000742936
0.000647862
0.000527385
0.000506731
0.000499021
0.000515558
0.000503568
0.00116657
0.000550145
0.000561156
0.000521522
0.000623235
0.000557646
0.000496813
0.00054852
0.000507922
0.000507383
0.000491073
0.000512749
0.000506572
0.000489629
0.000532361
0.000492228
0.000499871
0.000511693
0.00153559
0.000654681
0.000529643
0.000546638
0.000488223
0.000483628
0.00055492
0.000496809
0.00048956
0.000510695
0.000714992
0.000483452
0.0004594
0.000594532
0.000525302
0.000776851
0.000993341
0.000480855
0.00048002
0.000473857
0.00045996
0.000466051
0.00060386
0.000540307
0.000521196
0.000570017
0.00053515
0.000576716
0.000474743
0.000528373
0.000559969
0.00511954
0.000629205
0.000591315
0.000687938
0.000538397
0.000483952
0.000475203
0.00045345
0.000469297
0.000458291
0.00056021
0.000502104
0.000500408
0.000504673
0.000525851
0.000554542
0.000545223
0.000686383
0.000501842
0.000490165
0.000524969
0.000573821
0.000663843
0.000570303
0.000668731
0.000571264
0.000559752
0.000863645
0.000665238
0.00154017
0.000583934
0.000584
0.000521919
0.000590208
0.000519126
0.00154345
0.000611684
0.00743774
0.000726862
0.000509818
0.000477621
0.00113052
0.000492683
0.000635401
0.000482191
0.000518217
0.000446479
0.000505171
0.000498603
0.000472471
0.000677744
0.000532433
0.000684021
0.00052798
0.00377422
0.000504761
0.000498056
0.000601973
0.000568624
0.000553676
0.00047451
0.000557495
0.000586326
0.000492062
0.000480985
0.000506736
0.000491915
0.000496072
0.000500495
0.000497097
0.000473131
0.000480658
0.00104801
0.000507953
0.000581555
0.000522444
0.000587856
0.000849207
0.000515084
0.000646596
0.000511687
0.000768676
0.000544159
0.00055465
0.000506935
0.000472621
0.000471367
0.000491314
0.000513994
0.00049691
0.000480289
0.000503207
0.000482628
0.000540765
0.000490353
0.000495983
0.000496574
0.000595122
0.000487241
0.000923626
0.000498617
0.000853523
0.00049373
0.000530398
0.000601656
0.000583352
0.000490525
0.000489054
0.000579277
0.000605517
0.000680554
0.000823996
0.000822448
0.000704074
0.000864036
0.000650887
0.000732192
0.00377122
0.000867628
0.000747807
0.000758068
0.00085628
0.000714889
0.000762655
0.000829258
0.000705524
0.000727221
0.000561625
0.000684756
0.000577937
0.000684279
0.000834099
0.000795346
0.00067311
0.000697196
0.000647281
0.000634734
0.000697475
0.000486807
0.000474727
0.00048876
0.000559063
0.000474263
0.000660159
0.000803854
0.00077798
0.00115061
0.000688193
0.000634233
0.000549924
0.000612566
0.000647358
0.000513934
0.000509167
0.000726109
0.000471782
0.000593023
0.000948447
0.00070493
0.000607447
0.000647494
0.000565984
0.000681069
0.000829305
0.000636372
0.00180514
0.000754801
0.000672836
0.000554323
0.000509348
0.000562666
0.000569811
0.000571796
0.000517583
0.000542888
0.00060606
0.000623081
0.000689302
0.000638636
0.000485918
0.000531174
0.000695173
0.000584398
0.000589432
0.000656153
0.000732711
0.000829184
0.000654508
0.000519782
0.000595027
0.000496172
0.000481346
0.000596234
0.000594226
0.000480087
0.000621607
0.000661065
0.000487283
0.000480708
0.000506925
0.000491895
0.000488403
0.000484112
0.000907745
0.000535042
0.000484898
0.000479305
0.000489156
0.000474227
0.000648413
0.000617096
0.000703978
0.000716354
0.000503728
0.000482394
0.00106101
0.000599643
0.000637221
0.000761261
0.00045308
0.00051143
0.000498315
0.000491407
0.000719068
0.000495681
0.000458963
0.000475369
0.000490511
0.000710962
0.000573796
0.00145133
0.000499088
0.000523366
0.000497665
0.000492175
0.000976934
0.00571987
0.000482885
0.000522148
0.00052622
0.00130505
0.000467637
0.000486937
0.000622665
0.000462648
0.000510804
0.000501112
0.000521536
0.000492254
0.000493154
0.000487082
0.000687939
0.000644585
0.000601836
0.000695681
0.00048213
0.000502943
0.000645269
0.00080577
0.000730941
0.000720584
0.000695573
0.000586785
0.000572026
0.000610197
0.000487178
0.000513959
0.00501401
0.000490369
0.000543679
0.000496747
0.000476752
0.000487775
0.000514038
0.000653044
0.000678804
0.000721165
0.000639449
0.000814698
0.000515627
0.000514999
0.000603575
0.00612009
0.000496671
0.000740053
0.000955371
0.00047758
0.000729009
0.000752872
0.000527553
0.000722309
0.000612702
0.000793833
0.000636535
0.00053383
0.000476785
0.000488329
0.000681548
0.000700255
0.000513484
0.000773611
0.000570284
0.000568718
0.000487863
0.000779184
0.000751453
0.000488121
0.000577375
0.000715266
0.000485496
0.000466436
0.000498927
0.000525015
0.000639002
0.000875457
0.00937894
0.000769025
0.000684073
0.000495659
0.000514894
0.000479803
0.000486574
0.000511022
0.000492223
0.000492383
0.000501811
0.000559129
0.000483755
0.00160042
0.000624236
0.000493216
0.000505653
0.000872626
0.000904864
0.000855366
0.000535646
0.000474884
0.000474012
0.000769483
0.00088395
0.000487053
0.000546049
0.000938947
0.000609852
0.000462684
0.000521772
0.000554948
0.000516065
0.000496354
0.000596144
0.00058503
0.000847205
0.000546903
0.000492529
0.000480273
0.000465575
0.000482176
0.000505762
0.000726869
0.000482188
0.000506334
0.000795992
0.00069329
0.000487907
0.00047617
0.000542194
0.00046601
0.000516773
0.000498585
0.000533664
0.000641577
0.000903623
0.000515436
0.000676251
0.000534002
0.000547136
0.000826812
0.000488877
0.000500183
0.000545789
0.000650009
0.000715273
0.00112058
0.000821945
0.000567646
0.000538424
0.000472302
0.000504271
0.000558526
0.000539367
0.00095634
0.000751353
0.00052467
0.000537327
0.000498381
0.000455909
0.00045481
0.000530152
0.000811225
0.000895965
0.000638476
0.000514646
0.000515509
0.000640119
0.00512514
0.000622451
0.000507025
0.000498157
0.000555568
0.00181142
0.000469024
0.00112873
0.000501804
0.000568074
0.000510397
0.00048472
0.000484272
0.000489126
0.000483855
0.000523953
0.000478457
0.000478551
0.000480513
0.000513883
0.000512865
0.000500854
0.000775142
0.000573027
0.000727908
0.000512352
0.00083372
0.000521086
0.000647938
0.000574047
0.000547852
0.000553645
0.00054991
0.000666327
0.000571818
0.000501872
0.000523913
0.000640108
0.00056415
0.000537715
0.000476908
0.000463118
0.000485165
0.000466613
0.000793155
0.000498687
0.000490135
0.000493883
0.000494883
0.00285346
0.000615206
0.000564793
0.000511538
0.000500652
0.000602882
0.000527268
0.000517765
0.000667533
0.00058879
0.000497877
0.000542211
0.000509681
0.000528055
0.00047203
0.000545408
0.000567432
0.000571813
0.000608572
0.0036159
0.000494502
0.000491737
0.000538111
0.000649358
0.000505291
0.000524799
0.000497704
0.00119653
0.00119063
0.000539515
0.00063645
0.000636522
0.00423928
0.000521817
0.000487712
0.000710204
0.00058514
0.000590922
0.000596775
0.000807712
0.000643207
0.000479155
0.000713778
0.000479931
0.000483965
0.000489009
0.000613401
0.00060102
0.000624338
0.000528373
0.000507441
0.000810912
0.000860982
0.000630293
0.000676017
0.000573545
0.000742617
0.000604868
0.000673217
0.000497901
0.00074557
0.000661831
0.000678747
0.000527557
0.000624324
0.00105302
0.000503079
0.000490307
0.00046602
0.000500734
0.000509843
0.000515796
0.000957688
0.000467766
0.000592312
0.000703149
0.00047774
0.00053571
0.000529459
0.000640725
0.00051632
0.00048394
0.000514928
0.000712015
0.00050038
0.000617472
0.000490362
0.000597525
0.000741265
0.000788081
0.000543166
0.000794462
0.000733095
0.000768745
0.000769557
0.000701159
0.000495502
0.000526724
0.000470967
0.000481772
0.000565042
0.000482053
0.000544177
0.000834954
0.000568409
0.000586987
0.000536647
0.000536171
0.000586672
0.000831833
0.000639364
0.000568932
0.000477808
0.000511819
0.000485828
0.000505085
0.000552292
0.000571373
0.000511186
0.000483973
0.000477659
0.00068574
0.000748567
0.000658754
0.000486871
0.000516101
0.000541769
0.000643289
0.000846632
0.00058886
0.000788013
0.000746683
0.000662901
0.000801909
0.000530362
0.000557649
0.000566816
0.000540988
0.00086323
0.000694982
0.00083908
0.000490107
0.0036977
0.000482408
0.000619345
0.000649622
0.000648068
0.000751317
0.000667416
0.000613304
0.00073338
0.000616148
0.000479916
0.000492747
0.000612818
0.000482346
0.00064865
0.000569288
0.000498162
0.000491615
0.000459341
0.000537913
0.000581869
0.000652378
0.000616945
0.000778367
0.000622153
0.000779345
0.000660719
0.000817639
0.00106573
0.000824749
0.000805524
0.000679178
0.000543182
0.000801969
0.000727544
0.00087745
0.000704987
0.000823571
0.000455872
0.000688772
0.000508664
0.000603438
0.000545334
0.000498984
0.000791054
0.000650251
0.000489858
0.000494363
0.000477036
0.000490652
0.000486429
0.000702768
0.000653052
0.000653929
0.000768421
0.000503257
0.000491535
0.00258783
0.00112493
0.00101541
0.000575063
0.00794591
0.000861186
0.00076004
0.000827811
0.000856818
0.000804146
0.00130359
0.000785569
0.000970279
0.000869721
0.000704189
0.000567684
0.00117412
0.000494845
0.000761436
0.000969548
0.000936383
0.000515744
0.00049383
0.000494347
0.000503335
0.000648703
0.00048641
0.000687428
0.000514989
0.0005499
0.000593018
0.000480737
0.000476983
0.000450683
0.000493869
0.000539948
0.000503583
0.000568005
0.000625724
0.00112854
0.000549114
0.000524041
0.000461113
0.000489675
0.000581721
0.000521858
0.000498816
0.000512184
0.000600274
0.000472404
0.000519649
0.000492158
0.000502273
0.000490783
0.000630664
0.000478494
0.000488905
0.000617056
0.00050784
0.000479509
0.000466856
0.000534643
0.000530616
0.000498954
0.000481005
0.000483404
0.000505675
0.000525879
0.000572361
0.000577424
0.000939798
0.000513172
0.000566779
0.000494104
0.000611718
0.000536058
0.000669259
0.000715027
0.000654061
0.000664238
0.000636666
0.000504455
0.000750955
0.000509257
0.000520767
0.000509729
0.000488783
0.000473508
0.000501183
0.00047672
0.000540572
0.000482774
0.000475589
0.000467192
0.000469839
0.000589086
0.00046668
0.00048488
0.000561045
0.000569892
0.000755543
0.000639051
0.000586974
0.000624015
0.000689972
0.000781789
0.000697904
0.000672401
0.000551702
0.000537125
0.000571893
0.000506094
0.000481837
0.000534683
0.000482338
0.000490206
0.000552668
0.000656358
0.000487358
0.000544613
0.000642315
0.000488571
0.000498089
0.00048998
0.000467447
0.000543314
0.000582067
0.000521077
0.000485638
0.000515937
0.000489947
0.000546852
0.000875553
0.000497847
0.000561558
0.000586677
0.000482941
0.000772437
0.000579862
0.00057496
0.000629406
0.000576302
0.00053787
0.000524414
0.000517006
0.000530593
0.000569067
0.000495463
0.000508871
0.000737964
0.000582737
0.000599893
0.000477322
0.000491897
0.000493174
0.000463887
0.000527614
0.000546412
0.000523225
0.000473925
0.000524735
0.000525358
0.000494263
0.00056925
0.000478826
0.000673657
0.000780165
0.000950341
0.000544203
0.00072479
0.000676479
0.000846263
0.000728906
0.000532384
0.000811252
0.0004763
0.000592754
0.000614473
0.000545212
0.000537365
0.000476916
0.000530375
0.000503748
0.000499719
0.000624506
0.000475091
0.000485377
0.000472837
0.000566607
0.000615125
0.000513466
0.00127196
0.000651991
0.000706528
0.000507162
0.000497368
0.000687108
0.00057256
0.000641043
0.000703758
0.000517455
0.0107465
0.000576676
0.000491451
0.00476699
0.000558772
0.000504636
0.000528963
0.000513964
0.000499619
0.000565801
0.000492636
0.000518606
0.000581025
0.000840087
0.000514346
0.000522936
0.000496184
0.000537916
0.000592882
0.00105082
0.00178802
0.000465139
0.000468504
0.000466777
0.000482391
0.000455511
0.000514393
0.000802425
0.000504608
0.000497384
0.000451081
0.000481352
0.000631595
0.000582039
0.000628603
0.000652637
0.00089482
0.000575706
0.000932775
0.000512612
0.000619543
0.00666231
0.000467429
0.000518155
0.000703122
0.000707517
0.000547377
0.000784964
0.000670659
0.000596886
0.000832886
0.000596854
0.000858652
0.00142017
0.0004613
0.00050286
0.000467569
0.000589128
0.000512422
0.00047775
0.00045021
0.000563733
0.00364306
0.000473863
0.000832943
0.000699224
0.000535831
0.00058356
0.000517397
0.000511587
0.00544598
0.000745318
0.000615293
0.000482781
0.000491281
0.000491319
0.000489738
0.000603963
0.000521488
0.000481321
0.000531233
0.000494355
0.000521677
0.000596304
0.000614823
0.000474152
0.000671248
0.000670048
0.000546343
0.000479017
0.000462234
0.000584849
0.000486475
0.000534842
0.000534519
0.00047505
0.000462553
0.000539757
0.000505855
0.000515947
0.000534029
0.000512087
0.000504046
0.000506744
0.000522981
0.000480738
0.000682673
0.000594139
0.000502857
0.000582642
0.000478073
0.000490697
0.000481565
0.000482994
0.000483176
0.000650301
0.000467139
0.000480592
0.000479384
0.000459851
0.000498631
0.000535835
0.000513598
0.000476795
0.000510122
0.000479784
0.000474057
0.0004735
0.000487583
0.000490583
0.000496071
0.00051983
0.000491659
0.000493791
0.00047624
0.000486448
0.000632395
0.0005177
0.000678212
0.000731038
0.000599469
0.000672303
0.000492442
0.00056433
0.000526532
0.000501313
0.000555388
0.000495641
0.000522133
0.000488437
0.000582016
0.000757461
0.000483688
0.000792731
0.000479833
0.000488466
0.000477224
0.000479686
0.000455907
0.000471984
0.000467377
0.000475784
0.000482801
0.000476706
0.000500053
0.000634757
0.000581832
0.000481863
0.000495439
0.000549238
0.00062705
0.000494746
0.00058407
0.00051535
0.000508128
0.000532678
0.000494248
0.000494086
0.000736936
0.000819871
0.000801697
0.000488211
0.000480846
0.000482611
0.00048381
0.000500484
0.000505222
0.000489088
0.000482871
0.000573616
0.00048634
0.000467775
0.00052212
0.000473987
0.000464029
0.000518747
0.000499873
0.000497418
0.000492575
0.000533863
0.000494061
0.000526303
0.000538404
0.000872793
0.000519859
0.000482446
0.000760156
0.000511773
0.000474068
0.000560179
0.000489344
0.000466616
0.00051587
0.000512925
0.000488488
0.000465142
0.000525613
0.000492281
0.000472199
0.000494687
0.000459056
0.000460947
0.000447011
0.00045245
0.000561551
0.000473046
0.000501547
0.000488009
0.000494615
0.000567007
0.000502149
0.000705071
0.000546534
0.000489356
0.000699656
0.000516174
0.000566716
0.000503982
0.000685989
0.000509141
0.000539641
0.00048559
0.000471257
0.000483943
0.000488598
0.00049154
0.000479112
0.000471343
0.000543448
0.000450265
0.00046935
0.000454849
0.000471849
0.000467015
0.000557251
0.000499672
0.000489607
0.000484647
0.000475333
0.000486662
0.000506096
0.00045943
0.000560113
0.000490498
0.000481917
0.000576646
0.000539958
0.000476959
0.000484499
0.00051161
0.000553658
0.000644296
0.000511488
0.000660046
0.000490067
0.000664081
0.000501708
0.000498752
0.000513739
0.000460189
0.000484327
0.000508526
0.000482106
0.000497872
0.000481001
0.00051993
0.000910891
0.000694307
0.00084345
0.000488133
0.000523203
0.000479213
0.000875987
0.000530939
0.000548732
0.00076292
0.000796622
0.000814644
0.000554704
0.000591217
0.000768516
0.000595812
0.000688499
0.000550803
0.000527491
0.000503978
0.000492203
0.000481378
0.000648781
0.00053672
0.000505465
0.000473561
0.000530274
0.000473344
0.000493462
0.000533014
0.000527711
0.000475552
0.000566275
0.000500838
0.000485103
0.000465896
0.000490656
0.000531548
0.000493958
0.00066736
0.000678975
0.000607989
0.000533154
0.000548099
0.000538901
0.000754888
0.000658404
0.000764905
0.000521942
0.000508181
0.000701705
0.000570164
0.000484301
0.000493367
0.000476671
0.000543677
0.000575618
0.000675107
0.000795066
0.000499418
0.000470864
0.00046876
0.000466833
0.000476945
0.000526609
0.000583002
0.000476496
0.000560653
0.000858664
0.000666342
0.000620189
0.000525816
0.000546695
0.00069441
0.000780785
0.000959555
0.00061225
0.000672712
0.000518344
0.000520713
0.000577341
0.000678486
0.00069586
0.000659435
0.000737425
0.000543108
0.00050227
0.000481754
0.000506426
0.000532845
0.000494968
0.00047081
0.000484269
0.000522931
0.000661141
0.00050705
0.000614019
0.000631852
0.000684897
0.000547334
0.000493666
0.000510995
0.00122724
0.000733787
0.000571877
0.000571649
0.000504682
0.000549211
0.000496676
0.000508878
0.000595945
0.000684634
0.000521547
0.000569193
0.000513334
0.000478019
0.000598887
0.00049962
0.000567771
0.000540796
0.000781223
0.000731914
0.000690133
0.00049707
0.000657675
0.000697324
0.000733653
0.000855566
0.000551834
0.000658056
0.000814598
0.000615037
0.000823636
0.000909058
0.00114379
0.000910832
0.00109916
0.00105852
0.00104607
0.000868658
0.000837552
0.000709928
0.000536491
0.000550361
0.000516677
0.000618092
0.0008379
0.000581915
0.000868704
0.000528509
0.000501975
0.000651874
0.000550497
0.000473903
0.000495043
0.000533348
0.000525539
0.000489224
0.000474708
0.000515917
0.000488607
0.000463655
0.000529712
0.000479427
0.000482488
0.000514744
0.000558461
0.000474905
0.000599881
0.00049756
0.000538942
0.000494947
0.000486597
0.00046763
0.00051764
0.000604954
0.000694146
0.000797939
0.000538622
0.000751078
0.000632057
0.000661594
0.000738998
0.00072653
0.000815937
0.000822703
0.000612104
0.000591257
0.000486546
0.000495351
0.000536578
0.000587305
0.000493141
0.000511652
0.000575885
0.000520404
0.000530014
0.000535981
0.000584868
0.000516545
0.000484222
0.000474475
0.00045341
0.000522279
0.000463637
0.000707415
0.000566902
0.000700407
0.000473826
0.000524208
0.000557386
0.000704707
0.000564814
0.00048204
0.000471637
0.000541274
0.00053047
0.000538133
0.000598167
0.000492161
0.000588141
0.00054206
0.000491056
0.000481049
0.00046826
0.000506129
0.000555226
0.000486554
0.000477342
0.000460922
0.000510382
0.000473909
0.000488657
0.000495219
0.000539907
0.000747272
0.000529516
0.000541102
0.000595822
0.000538972
0.000477211
0.000486778
0.000543991
0.00048804
0.000582822
0.000561067
0.000587746
0.000575441
0.00049668
0.000504774
0.00050955
0.000478362
0.000489098
0.000476102
0.0004674
0.000491724
0.000477839
0.000657887
0.000529866
0.000729353
0.000477655
0.000475456
0.000483479
0.000479971
0.000713391
0.000478012
0.000474732
0.000477489
0.000564607
0.000526512
0.000623879
0.000544551
0.000634165
0.000490603
0.000484027
0.000508963
0.000772785
0.000490459
0.000543186
0.000546091
0.000809508
0.000619581
0.000533066
0.000474269
0.000476473
0.000521374
0.000455755
0.000463965
0.000598839
0.000475714
0.000522978
0.000548763
0.000524574
0.000523883
0.000519399
0.000465266
0.000492413
0.000491201
0.000484527
0.00046973
0.000482305
0.00057743
0.00051499
0.000504115
0.000503585
0.0005457
0.000466946
0.000512487
0.000568996
0.000763396
0.000622888
0.000476081
0.000487434
0.00068534
0.000463538
0.000657142
0.000479489
0.000514026
0.000481581
0.000473822
0.000488321
0.000488195
0.000630427
0.000587133
0.000668907
0.000493265
0.000567259
0.000481226
0.000487204
0.000545252
0.000680174
0.00047994
0.000521501
0.000543029
0.000488816
0.000519781
0.000498702
0.000626743
0.000512437
0.000490681
0.000485003
0.000580935
0.000486216
0.000539629
0.000474562
0.000462352
0.000653768
0.000464714
0.000472964
0.000477909
0.000485141
0.000477232
0.000480196
0.000532448
0.000476562
0.000470646
0.000471143
0.000590198
0.000490335
0.000493417
0.000501388
0.000500563
0.000540139
0.000488701
0.000466188
0.00045841
0.00054
0.000564982
0.000496147
0.000504689
0.000521031
0.000532319
0.000480377
0.000600633
0.000902139
0.000754834
0.000780384
0.000531844
0.000489277
0.000556087
0.000547249
0.000758494
0.000500994
0.000491685
0.000485391
0.000505357
0.0004948
0.000450363
0.000457774
0.000496468
0.000468956
0.000519489
0.000487966
0.00051136
0.000608149
0.000521026
0.000660266
0.000631186
0.000542716
0.000663492
0.000580844
0.000624104
0.000604595
0.000484528
0.000543777
0.000570688
0.000576794
0.000875594
0.000493617
0.000517479
0.000550738
0.000490123
0.000881123
0.000617792
0.000671098
0.000659619
0.000543512
0.000519042
0.000484468
0.000578547
0.000491536
0.000493621
0.000489763
0.000563498
0.00048223
0.000522737
0.000474808
0.000478544
0.000507187
0.000484748
0.000704443
0.000819649
0.000847601
0.000729083
0.000773798
0.000802918
0.000761042
0.000561687
0.000474179
0.000488899
0.000763813
0.000724243
0.000555072
0.000786904
0.000757198
0.000550614
0.000697208
0.000504015
0.000531236
0.000479429
0.00048672
0.000490756
0.000471772
0.000469085
0.000571181
0.000515154
0.00055256
0.000523938
0.000722333
0.000767787
0.000524639
0.000565144
0.00054174
0.000815845
0.000764284
0.000523474
0.000727308
0.00050793
0.000532947
0.000477705
0.000635471
0.000651391
0.000486254
0.000583785
0.000656685
0.000544424
0.000490808
0.000510081
0.00048232
0.000487323
0.000619283
0.000520016
0.000483317
0.000456118
0.000492173
0.000781351
0.000684306
0.000739341
0.00081874
0.00055271
0.000547139
0.00075215
0.000805527
0.000654257
0.00047084
0.000617651
0.000489695
0.000578935
0.000562995
0.000593782
0.000689998
0.000484889
0.000493005
0.000709309
0.000582842
0.000548212
0.000500299
0.000543549
0.000535202
0.000506387
0.000587449
0.000543844
0.000509059
0.000557042
0.000490909
0.00068102
0.000535726
0.000651298
0.00048148
0.000641414
0.000773628
0.000715556
0.000750303
0.000482526
0.000582743
0.000651179
0.000744874
0.000746351
0.000695937
0.0004939
0.000740127
0.000718633
0.000748412
0.000649141
0.000574091
0.000529834
0.000607333
0.00048683
0.000650139
0.000541911
0.00065034
0.000720991
0.00094933
0.00053956
0.000598316
0.000763342
0.0006998
0.000625577
0.000680358
0.000752964
0.000588016
0.000504349
0.000637603
0.000629779
0.000579788
0.000521764
0.000502906
0.000496332
0.000502463
0.000506602
0.000514673
0.000505063
0.000609029
0.000571193
0.000527769
0.000482513
0.000549703
0.000647875
0.00062654
0.000552331
0.000546586
0.00055651
0.000524168
0.000508981
0.000627829
0.000554385
0.000599943
0.000464533
0.000471226
0.000503187
0.00051955
0.000724486
0.000478259
0.000606868
0.000610584
0.000570935
0.000476271
0.000465335
0.000458825
0.000627045
0.000521665
0.000477879
0.000481074
0.000488256
0.00053511
0.000493396
0.000545388
0.000484913
0.000487757
0.000518433
0.000456079
0.000695432
0.000498554
0.000518225
0.000533421
0.000485124
0.000472988
0.000488445
0.000590917
0.00049424
0.000536953
0.000560303
0.000536974
0.000499607
0.000584228
0.000625926
0.000635998
0.00051811
0.000468306
0.000474495
0.000510318
0.000470674
0.000476706
0.000471954
0.000491284
0.000513037
0.000481646
0.00051297
0.000495777
0.000537303
0.00053804
0.000489625
0.000482745
0.000497847
0.000579202
0.000533488
0.000513489
0.000549393
0.00049241
0.000552321
0.000555631
0.000556858
0.000535024
0.000502923
0.000548553
0.000489993
0.000507422
0.000570433
0.000466722
0.000594704
0.000488531
0.000543809
0.000469061
0.000461151
0.000446431
0.000643148
0.00055181
0.000544134
0.000492391
0.000546681
0.000479312
0.000484307
0.00052541
0.000494685
0.000511679
0.000517763
0.000588843
0.000520576
0.000554641
0.000507376
0.000497275
0.000496119
0.000593579
0.000582376
0.00063579
0.000516111
0.000511505
0.000476948
0.000499172
0.000689848
0.000564229
0.00056022
0.000509413
0.00047891
0.00048921
0.000485658
0.000495393
0.000475416
0.000494051
0.000472574
0.000498603
0.00050656
0.000475274
0.000510556
0.000499288
0.000485175
0.000507438
0.000509076
0.000509335
0.000614034
0.000802004
0.00071224
0.00050214
0.000480834
0.000510169
0.000614383
0.000498364
0.000593448
0.00053524
0.000674625
0.000495085
0.000524205
0.000471136
0.000678161
0.00055357
0.000571409
0.00049475
0.000487513
0.000497648
0.000524244
0.000530301
0.000479591
0.00047178
0.000478619
0.000473149
0.00050551
0.000483613
0.000502535
0.00061803
0.00051845
0.000500582
0.000540701
0.000534675
0.000555214
0.000552734
0.000487193
0.000517933
0.000537703
0.000739983
0.000503226
0.000490067
0.0005061
0.000713384
0.000496094
0.000511968
0.000467584
0.000627797
0.000532098
0.000537116
0.000681627
0.000567046
0.000489455
0.000620505
0.00049222
0.000470914
0.000491365
0.000500136
0.000504594
0.000475362
0.000466796
0.000505621
0.000633222
0.00050808
0.000511721
0.000634392
0.00049975
0.000565513
0.00051062
0.000557577
0.000573286
0.000544291
0.000687712
0.000489337
0.0004843
0.000568291
0.000470579
0.000491552
0.000538972
0.000471981
0.000492947
0.000485367
0.000589822
0.000745341
0.000531273
0.000476846
0.000457645
0.000651965
0.000488369
0.000482747
0.000477121
0.000469715
0.000479446
0.000479546
0.000519257
0.00049699
0.000475751
0.000516683
0.000628298
0.000483358
0.000522724
0.000559154
0.000480079
0.000517672
0.000469085
0.000793617
0.000568522
0.000503101
0.000512184
0.000534897
0.000492053
0.000495532
0.000513776
0.000498871
0.000510786
0.000492281
0.000505174
0.000504943
0.000583303
0.000486738
0.000505602
0.000476795
0.000489846
0.000466527
0.00047162
0.000497498
0.000493291
0.000513742
0.000499949
0.000508446
0.0004945
0.000488716
0.0005199
0.000609609
0.000511009
0.000507192
0.000890521
0.000783153
0.000615154
0.000588534
0.000573854
0.000461669
0.000531733
0.000508866
0.00053393
0.000502637
0.000541457
0.000516183
0.000691385
0.000565689
0.000604814
0.000623667
0.000505706
0.000473786
0.000471319
0.000505591
0.000516176
0.000492696
0.000505507
0.000604589
0.000487133
0.000543108
0.000520671
0.00048062
0.000512202
0.000498551
0.000499408
0.000596673
0.000621355
0.000494892
0.00055711
0.000497621
0.000531071
0.000481357
0.000472397
0.000505741
0.000511532
0.000466195
0.000485166
0.000477254
0.000458764
0.00049478
0.000524445
0.000582332
0.000485725
0.000556994
0.000492413
0.000521197
0.000490953
0.000485091
0.000482218
0.000446019
0.000495935
0.000497452
0.000452966
0.000547274
0.000466317
0.000595511
0.000582431
0.000498242
0.000571176
0.000530954
0.000482859
0.000521664
0.000516264
0.000553485
0.000490994
0.000528115
0.000490261
0.000483633
0.000636637
0.000543879
0.000518622
0.000497513
0.000493042
0.000467182
0.000561475
0.000639399
0.000494397
0.000525719
0.000501239
0.000489772
0.000477463
0.00052167
0.00048212
0.000483346
0.0004661
0.000481524
0.000488699
0.000540384
0.000514123
0.000535845
0.000471168
0.000497143
0.000489835
0.000482315
0.00049235
0.000522346
0.000505085
0.000480286
0.000502616
0.000529646
0.000474077
0.000478205
0.000515429
0.000492279
0.000498899
0.000494348
0.000466165
0.000475366
0.000473578
0.000455075
0.000609999
0.000593828
0.000553254
0.000483467
0.000488401
0.000461265
0.000464425
0.00046657
0.00047461
0.000542909
0.000503174
0.00051785
0.000570702
0.000577919
0.000500845
0.000631236
0.000536708
0.000603629
0.000477111
0.000564597
0.000538202
0.000480752
0.000489572
0.000896674
0.000481755
0.000495452
0.000480578
0.000519252
0.000607987
0.000503182
0.000480819
0.000488931
0.000529807
0.000560758
0.000590835
0.000540651
0.00056369
0.000541896
0.000522703
0.000762862
0.000521816
0.000465495
0.000483759
0.000505885
0.000460507
0.000863949
0.000482867
0.000562395
0.0004863
0.000538643
0.000485503
0.000600936
0.000563307
0.000702374
0.000517027
0.000607679
0.000545098
0.000462657
0.000483833
0.000619692
0.000513882
0.000667336
0.000498416
0.000457329
0.000606138
0.00051672
0.000680678
0.000484477
0.000536666
0.000491072
0.00047222
0.000478751
0.000608463
0.000463574
0.000636101
0.000469318
0.000481515
0.000555591
0.000527267
0.000474692
0.000531758
0.000527065
0.00065332
0.000657442
0.000513765
0.000939751
0.000620492
0.000548138
0.000476979
0.000467753
0.000480148
0.000471595
0.000561625
0.000633673
0.000513175
0.000518415
0.000591217
0.000647988
0.000578031
0.000547364
0.000490135
0.000459592
0.00050556
0.000474311
0.00053603
0.000586193
0.000689793
0.000582758
0.000521657
0.000614507
0.000537991
0.000472191
0.000509676
0.000637507
0.000598029
0.000535178
0.000785583
0.000728161
0.000707608
0.000647268
0.000474438
0.000481213
0.000559092
0.000542439
0.000650999
0.000485595
0.000535839
0.000701108
0.000893034
0.000644171
0.000608604
0.000602991
0.0015301
0.00054305
0.000577157
0.000536739
0.000622335
0.000590329
0.00058877
0.000490489
0.000797796
0.000541961
0.000578925
0.000718317
0.000773883
0.000605273
0.000588483
0.000502317
0.000491147
0.000481849
0.000592479
0.000759678
0.000472444
0.000551754
0.000493271
0.000553741
0.000508716
0.000489232
0.000486077
0.000474266
0.000506007
0.000559061
0.00060102
0.000504872
0.000599955
0.000487158
0.000510816
0.000496297
0.000557027
0.000470619
0.000558413
0.000704568
0.000657474
0.000810761
0.000520915
0.000494639
0.000546743
0.000466323
0.000461414
0.000497895
0.000484411
0.000497584
0.000532417
0.000513704
0.000462237
0.000451276
0.000515087
0.000520822
0.000535895
0.00054394
0.000460285
0.000569051
0.000496419
0.000479269
0.000469134
0.000458365
0.000495133
0.000471552
0.00061833
0.000486334
0.000545602
0.000611856
0.000491703
0.000519903
0.000631209
0.000485264
0.000486983
0.000547646
0.000456115
0.000502575
0.000476832
0.000452945
0.000547226
0.000495066
0.000481514
0.000488517
0.000493466
0.00048451
0.000475641
0.000461392
0.000532435
0.000663535
0.00056016
0.000542542
0.00059289
0.000522347
0.000508752
0.000485307
0.000453863
0.000474185
0.00048977
0.000623842
0.000630831
0.000594651
0.000623629
0.000524168
0.000521749
0.000471352
0.000498472
0.00055021
0.00055817
0.000463236
0.000548404
0.000477671
0.000483071
0.000497071
0.000476224
0.000455959
0.000462584
0.000450715
0.000467955
0.000467169
0.000480018
0.000552476
0.000583528
0.000549635
0.000490572
0.000480884
0.000513032
0.000572642
0.000533149
0.000495184
0.000495092
0.000484247
0.000486763
0.000474241
0.000916361
0.000621042
0.000548
0.000466921
0.000539951
0.000638672
0.00058299
0.000552827
0.000482733
0.000460966
0.000656608
0.000491916
0.000514627
0.000615477
0.000482851
0.000475708
0.000476159
0.000467606
0.000488803
0.000486462
0.000481131
0.000659625
0.000481617
0.000473961
0.000507874
0.000509107
0.000484495
0.00064766
0.000592335
0.000447021
0.00046551
0.000583294
0.000547369
0.000514502
0.000486961
0.000474011
0.000525977
0.000484976
0.000576262
0.000493466
0.000536199
0.000504996
0.000501767
0.000528453
0.000453115
0.000493897
0.000458778
0.0004791
0.000459817
0.000476241
0.000463749
0.000464632
0.00050535
0.000547207
0.00053543
0.000587923
0.000545217
0.000473461
0.000496588
0.000462665
0.000493668
0.000509763
0.00049105
0.000483992
0.000582439
0.000500765
0.000545472
0.000670844
0.000532732
0.000472828
0.000499918
0.000473471
0.000623403
0.000515482
0.000523523
0.000741381
0.000565039
0.000482728
0.000471163
0.000464397
0.000468591
0.000463506
0.000474118
0.0004761
0.000475448
0.00048906
0.000645236
0.000586337
0.000470082
0.00047519
0.00047711
0.000496797
0.000496486
0.000467289
0.000506686
0.000496275
0.000544714
0.000552566
0.000794228
0.000597021
0.000517374
0.000502045
0.000520933
0.000523015
0.000488865
0.000520199
0.000755791
0.000582541
0.000635401
0.000498276
0.000508707
0.000490123
0.000484247
0.000485091
0.000491138
0.000488986
0.000466575
0.000485919
0.000523464
0.000620118
0.000639614
0.000532691
0.000466295
0.000462659
0.000515432
0.000690632
0.000484923
0.000602243
0.000483029
0.000496322
0.000724007
0.000606449
0.000486024
0.000549444
0.000481118
0.000483869
0.000516231
0.000509957
0.000511151
0.000503037
0.000570343
0.000671127
0.000717462
0.000506442
0.000668838
0.000479666
0.000466896
0.000536206
0.000471543
0.000489812
0.000476488
0.000483551
0.000785853
0.000644633
0.000548267
0.000493478
0.000470087
0.000469852
0.000496072
0.000485587
0.000501243
0.000560515
0.000505763
0.000491277
0.00050156
0.000482078
0.000474479
0.000487253
0.000494546
0.000547259
0.000529772
0.000547915
0.00055645
0.000507245
0.000479523
0.000505338
0.000495785
0.000607703
0.000523019
0.000484158
0.000501636
0.000530547
0.000477641
0.000495268
0.00062827
0.000481013
0.00048163
0.000556884
0.000486032
0.000473533
0.000488512
0.00050373
0.000483392
0.00048657
0.000462338
0.000509406
0.000488823
0.000501436
0.000493358
0.000513198
0.000520127
0.000467906
0.000499832
0.000510706
0.000485715
0.000524151
0.000532506
0.00052185
0.000576268
0.000526297
0.000486011
0.000471153
0.000511279
0.000501829
0.000465845
0.000583593
0.000474792
0.000497658
0.000498797
0.000484317
0.000519204
0.000456888
0.000516941
0.000572973
0.000471584
0.000483483
0.000477653
0.000493904
0.000491022
0.000504598
0.000698753
0.000595414
0.000501687
0.000578301
0.000794035
0.000525343
0.000519828
0.000648563
0.000657791
0.000611346
0.000556819
0.000501108
0.000489529
0.000463407
0.000521565
0.00050794
0.000490829
0.000491694
0.000479431
0.000498608
0.000492676
0.000477908
0.00050576
0.000493174
0.000469535
0.000515751
0.000477691
0.000489714
0.000491287
0.000517552
0.000491541
0.000491632
0.000501526
0.000539478
0.000477521
0.000505058
0.000619571
0.000506257
0.000549431
0.000460612
0.00048688
0.000536095
0.000546692
0.000540966
0.000550871
0.000667313
0.000534398
0.000511018
0.000504718
0.000471916
0.00047872
0.000485898
0.000500236
0.000512092
0.00049109
0.000497732
0.000475874
0.000522527
0.000699778
0.000596916
0.000494878
0.000498035
0.000475857
0.000492297
0.000504448
0.00052233
0.000524623
0.000503876
0.000595986
0.000660006
0.0009886
0.000520186
0.000472559
0.000475773
0.000489648
0.000561637
0.000592308
0.000474246
0.000504074
0.000488488
0.000710309
0.00051121
0.000483969
0.000492808
0.000500801
0.000481288
0.000489751
0.000454025
0.000494815
0.000497884
0.000529758
0.000496212
0.000575709
0.000493055
0.000503386
0.000484609
0.000479681
0.000446617
0.000482047
0.000575095
0.000515659
0.000499622
0.000501359
0.000506642
0.000538053
0.000517249
0.000490131
0.000494009
0.000492606
0.000497524
0.000637204
0.000513583
0.00050161
0.000532744
0.000509098
0.000473569
0.000497561
0.000471148
0.000476066
0.000488625
0.000547474
0.000473563
0.000474607
0.000478502
0.0004881
0.000499667
0.000494692
0.000497266
0.00050976
0.000477438
0.000471955
0.000489096
0.000515737
0.000552771
0.000537561
0.000519526
0.000526342
0.000669755
0.000509601
0.000543088
0.000488492
0.000487282
0.000536111
0.000486628
0.000625134
0.000611212
0.000484504
0.000452274
0.000499145
0.000499779
0.000495376
0.00050041
0.000570695
0.000517828
0.000485683
0.00048637
0.000480241
0.000556914
0.000528657
0.00050595
0.000464839
0.000477831
0.000464069
0.000465263
0.000475427
0.000535541
0.00046702
0.000471983
0.000492555
0.000579312
0.000489859
0.000562558
0.000707299
0.000636049
0.000601957
0.000475705
0.000535356
0.000499578
0.000550283
0.000533577
0.00051766
0.000532605
0.000492449
0.000480466
0.000475243
0.000494388
0.000458061
0.000578296
0.000471904
0.000483406
0.00051376
0.000469477
0.000529471
0.000498206
0.000471407
0.000504369
0.000517478
0.00055442
0.000479647
0.000557465
0.000508726
0.0004753
0.00061788
0.000500318
0.000515634
0.000483146
0.00047241
0.000520627
0.000494257
0.00050602
0.000508219
0.000520172
0.000521702
0.000525457
0.000514658
0.000595137
0.000488536
0.000578926
0.000525974
0.000485121
0.000485297
0.000492538
0.000469052
0.000493632
0.000480019
0.000531154
0.000576347
0.000515612
0.000500598
0.0005023
0.000471576
0.000480643
0.000526815
0.000655365
0.000512027
0.000695353
0.000575729
0.000849956
0.000513472
0.000822993
0.000512512
0.000491511
0.000687876
0.00053026
0.000474908
0.000567558
0.000599321
0.000680149
0.00100916
0.000532615
0.000661964
0.000604248
0.000509328
0.00060538
0.000544381
0.000681235
0.000500166
0.000542721
0.000608615
0.000526114
0.000525201
0.000496464
0.000473742
0.000482929
0.000544856
0.000666713
0.000481386
0.000872606
0.000627339
0.000508746
0.000573774
0.000751875
0.000489988
0.000481781
0.000647454
0.000828197
0.000524164
0.000479508
0.000521745
0.000491069
0.000511567
0.00047097
0.000498213
0.00060031
0.00055539
0.000494562
0.00060398
0.000493126
0.000475631
0.000504876
0.000532263
0.000478106
0.000477841
0.000530022
0.000479034
0.000786812
0.000667242
0.000551172
0.000536134
0.000818287
0.000497161
0.000517828
0.000477084
0.000508436
0.000479951
0.000509626
0.000525324
0.000620072
0.000459539
0.000498743
0.000541607
0.000568822
0.000635035
0.000708343
0.000956118
0.000587016
0.000540117
0.000732647
0.000618755
0.000637165
0.00051127
0.000566866
0.000474178
0.00063186
0.000536279
0.000672145
0.000782822
0.000611061
0.000838605
0.00059893
0.000902704
0.000654434
0.000548089
0.000775398
0.000560564
0.00050801
0.000679074
0.000665996
0.000820924
0.00053039
0.000592057
0.000514869
0.000599854
0.000647858
0.000714695
0.000773286
0.000772523
0.000739919
0.000616599
0.000756983
0.000831863
0.000895497
0.000881958
0.00100662
0.000953522
0.000603537
0.000565568
0.000801368
0.000716561
0.000761179
0.000673758
0.000534532
0.000680602
0.000661765
0.000485389
0.000507336
0.000687319
0.00051214
0.000505934
0.000779495
0.000758057
0.000760876
0.0006061
0.000507835
0.00079336
0.000678802
0.000752955
0.000868455
0.000940407
0.000659488
0.00066724
0.000572769
0.000682123
0.000537818
0.000569428
0.000662542
0.000496831
0.000504713
0.000579584
0.000604393
0.000673682
0.000688341
0.000594656
0.000557761
0.00053489
0.000706453
0.000507223
0.000672699
0.000678771
0.000756875
0.000709252
0.000848564
0.000838407
0.000736128
0.000482545
0.000539612
0.000893574
0.000773472
0.000807225
0.000504869
0.000581753
0.000669686
0.000753914
0.000477379
0.000533034
0.000539865
0.000757244
0.000639214
0.000718012
0.000512437
0.00070495
0.000833708
0.000820674
0.00119272
0.000744799
0.000715347
0.000748407
0.000989288
0.000682254
0.000728851
0.000932364
0.000566942
0.000718942
0.000538435
0.000670605
0.000807155
0.000667315
0.000662642
0.00100921
0.000673193
0.000466583
0.000517979
0.000678734
0.000731048
0.000585993
0.000833093
0.000736343
0.000563866
0.000622683
0.000744041
0.000741041
0.000891095
0.000914435
0.000907616
0.000795517
0.000731518
0.000642273
0.00074909
0.000850645
0.000744475
0.000684255
0.000710732
0.000738713
0.000782745
0.000787983
0.000828862
0.00061473
0.000759414
0.000732994
0.000625209
0.000756985
0.000787142
0.000664766
0.000621908
0.000703018
0.00051208
0.000603299
0.000775869
0.000465136
0.000497705
0.000479233
0.000505855
0.000475188
0.000481166
0.000563796
0.000544169
0.000507614
0.000605822
0.000471675
0.000484664
0.000514746
0.000638629
0.000891705
0.000692977
0.000685654
0.000826425
0.000720166
0.00089173
0.000888555
0.000845817
0.000818539
0.00084707
0.000708841
0.000597692
0.000551944
0.000518694
0.000492394
0.000499183
0.000469665
0.000479016
0.000491581
0.000490619
0.000474082
0.000537609
0.000704352
0.000508439
0.00048697
0.0005805
0.000552677
0.000487762
0.000761383
0.00109159
0.000513833
0.000460846
0.000588455
0.000486838
0.00053573
0.000908307
0.00050431
0.000545489
0.000754494
0.000514302
0.000899495
0.000544787
0.000493128
0.000504649
0.000521636
0.000497922
0.000480725
0.000615397
0.000587682
0.000522581
0.000499937
0.000503834
0.000610031
0.000499913
0.000480516
0.000521316
0.000549131
0.000554997
0.000659583
0.000713548
0.000591185
0.000594881
0.000641572
0.000869532
0.000511143
0.000478979
0.0004932
0.000740016
0.000632824
0.000630071
0.000510494
0.000513919
0.000563901
0.000543152
0.000455756
0.000478847
0.000481942
0.000486937
0.00054399
0.000692357
0.000485556
0.000478322
0.000518127
0.000480763
0.000499798
0.0006123
0.000497457
0.000578479
0.000486372
0.000911547
0.000560183
0.000549268
0.000536386
0.000485186
0.00057799
0.000800476
0.000605735
0.000542319
0.000569656
0.000794157
0.000561498
0.000656002
0.00049912
0.000510757
0.00050172
0.000575541
0.000531521
0.000545824
0.000476332
0.000632437
0.00053785
0.000495115
0.00046851
0.000493141
0.000479405
0.000674711
0.000498895
0.000725602
0.000903039
0.000832351
0.000512783
0.000657222
0.000562034
0.000580593
0.000856301
0.000759089
0.000477955
0.000704481
0.000661589
0.000485385
0.000498759
0.000580763
0.000529228
0.000474265
0.000656921
0.000539309
0.000570006
0.00047346
0.000486296
0.000539966
0.000718184
0.000660405
0.000503122
0.000475471
0.000540108
0.000468925
0.000479249
0.000506643
0.000584926
0.000648976
0.000510562
0.000583444
0.00057942
0.000528834
0.000673997
0.000769183
0.000493213
0.000535795
0.000478028
0.000640284
0.000722901
0.000498407
0.000487
0.000489068
0.000474654
0.000462769
0.000458928
0.000453148
0.000529046
0.000514732
0.000671967
0.000507471
0.000498701
0.000508222
0.000502251
0.000562712
0.000489142
0.000644144
0.000611854
0.000487061
0.000587898
0.000583122
0.000752703
0.000656195
0.000816006
0.000503531
0.000489741
0.000503461
0.000593179
0.000560414
0.000745259
0.000507074
0.000615403
0.000551824
0.000931036
0.000594148
0.00050473
0.000480922
0.000539532
0.000579332
0.000510733
0.00048553
0.000468428
0.00051058
0.000548551
0.000525718
0.000547745
0.000515263
0.000579945
0.000707911
0.000583719
0.000812715
0.0007426
0.000589188
0.000631452
0.000468166
0.000502676
0.000493917
0.000546906
0.000633616
0.000890822
0.000652313
0.000622861
0.000491423
0.000484812
0.000449489
0.000474863
0.000474002
0.000559982
0.000509134
0.000643666
0.000694493
0.000506193
0.000488032
0.000624744
0.00071824
0.000562919
0.000698229
0.000577033
0.000516539
0.000786941
0.000789922
0.000593711
0.000657598
0.000489499
0.000502689
0.000485932
0.000499077
0.00069117
0.000747507
0.000743579
0.000520622
0.000489935
0.000493191
0.000590234
0.000564905
0.00049101
0.000476224
0.000477657
0.000629693
0.000594841
0.000499241
0.000506349
0.000534499
0.000489709
0.000477484
0.000591812
0.000698669
0.000785607
0.00055324
0.000570892
0.000908681
0.000540219
0.000617791
0.000514787
0.000488762
0.000479032
0.000474345
0.000582617
0.000579426
0.00074761
0.000582106
0.000458572
0.000513611
0.000490307
0.000479679
0.000482833
0.000484085
0.000514883
0.000517893
0.000579069
0.000495417
0.00046955
0.000468298
0.000486434
0.000529827
0.000675531
0.000477931
0.00047583
0.000658956
0.000527923
0.000602345
0.000471594
0.000839245
0.000634945
0.000508898
0.000466176
0.000478671
0.000706098
0.000683098
0.000604286
0.000846673
0.000616632
0.000616421
0.000578505
0.000490187
0.000628432
0.000511594
0.000531578
0.000534185
0.000672827
0.000516701
0.000499564
0.000508
0.000510328
0.00065274
0.000600743
0.000675117
0.000558354
0.000566118
0.000486563
0.000543617
0.000535069
0.000567625
0.00049555
0.000514068
0.000504425
0.000458642
0.000466704
0.000544966
0.00046939
0.000488868
0.000515871
0.000595544
0.000501201
0.000470308
0.000480636
0.000486172
0.000509501
0.000473022
0.000478779
0.000485706
0.000609955
0.00047486
0.00049463
0.000509689
0.000582177
0.000536704
0.000522063
0.000671805
0.000569004
0.000516073
0.000564309
0.000649532
0.000519768
0.00054185
0.00080498
0.000610745
0.000539877
0.000484914
0.000493349
0.000474219
0.000557745
0.00059128
0.000525858
0.000474013
0.000480732
0.000492824
0.000474758
0.00049294
0.000505773
0.000497677
0.000510469
0.000468512
0.00050795
0.000517959
0.000500848
0.00051983
0.000499244
0.000646589
0.000520098
0.000471781
0.000456156
0.000500841
0.000626199
0.000593978
0.000559426
0.000518411
0.000521438
0.000598525
0.000578402
0.000568746
0.000478718
0.000484161
0.00056419
0.000499377
0.000504319
0.000537621
0.000479373
0.000476323
0.000541111
0.000485054
0.000477342
0.000488491
0.000475581
0.000481101
0.000481697
0.000504675
0.000511636
0.000490494
0.000484388
0.000469529
0.000479869
0.000532934
0.00049093
0.000537518
0.000542501
0.000533717
0.000612066
0.000525102
0.000596709
0.000611635
0.000712178
0.000472633
0.000493669
0.000475386
0.000475065
0.000573718
0.000558438
0.000567392
0.000561334
0.000488209
0.000488595
0.00046344
0.000486199
0.000479088
0.000488766
0.000509255
0.000502961
0.000496584
0.000462903
0.00046538
0.000629635
0.000491776
0.000489699
0.000510004
0.000539852
0.000583887
0.000472721
0.000558719
0.000569144
0.000768601
0.000835625
0.000653883
0.000806736
0.000830273
0.00075856
0.000506829
0.00156709
0.00063763
0.000888941
0.000490558
0.000505165
0.000477953
0.000486308
0.000479743
0.000479523
0.000484705
0.000544308
0.000468673
0.000471303
0.000551234
0.00049466
0.000502096
0.000688136
0.000489761
0.000713146
0.000673609
0.00133472
0.000827667
0.000502052
0.000574138
0.000477334
0.000522013
0.00074371
0.000600639
0.000507446
0.00048132
0.000525186
0.00047259
0.00052558
0.000472487
0.000527306
0.000542231
0.000478118
0.000483702
0.000481029
0.000525469
0.000569199
0.000504384
0.000497538
0.000629154
0.000495894
0.000473882
0.000479417
0.000593272
0.000479428
0.000465172
0.00077163
0.000742029
0.000615144
0.000502545
0.000625027
0.000496152
0.000468975
0.000550519
0.00051175
0.000736449
0.00055841
0.000639573
0.000493021
0.000482832
0.000490821
0.000488775
0.000487161
0.00047842
0.000569738
0.000470427
0.000461696
0.000497738
0.000474293
0.000579001
0.000478143
0.000517063
0.000487421
0.000598514
0.000487849
0.000625216
0.000574134
0.000523174
0.000592538
0.000774844
0.000615398
0.000491993
0.000727198
0.000480305
0.000483401
0.000482929
0.000478325
0.000471578
0.000771172
0.000541783
0.000515863
0.000469252
0.000513047
0.000458139
0.000474286
0.000511151
0.000528969
0.000561173
0.000483661
0.000482123
0.000477449
0.000485178
0.00047751
0.000492206
0.000486924
0.000645272
0.000490347
0.000485889
0.00054631
0.00047401
0.000491822
0.000556705
0.000503005
0.000602248
0.000607183
0.000505481
0.000718984
0.000551484
0.000487762
0.000530404
0.000497801
0.000470246
0.000543245
0.000491273
0.000612206
0.000507986
0.000614236
0.000680483
0.000485064
0.000489002
0.000470864
0.00054864
0.000562365
0.000491978
0.000583213
0.000511727
0.000516134
0.000579934
0.000504277
0.000561404
0.000555852
0.000472566
0.000485541
0.000458467
0.000582503
0.000645106
0.000648699
0.00048981
0.000505729
0.000563798
0.000515735
0.00049896
0.000505488
0.000482254
0.000590237
0.000558085
0.00055582
0.000482579
0.000524108
0.00048363
0.000497961
0.000475198
0.000548976
0.00051984
0.000497986
0.000487083
0.00047848
0.00047435
0.000479073
0.000612472
0.000495167
0.000565145
0.000521935
0.000560715
0.000518997
0.000467853
0.000495915
0.000581027
0.000543012
0.000542131
0.00114733
0.000653178
0.000604778
0.000487384
0.000534662
0.000530441
0.000788386
0.000582805
0.000578447
0.00050782
0.000536401
0.000609482
0.000803058
0.000764442
0.000477428
0.000589654
0.000495162
0.000501238
0.000557693
0.000535313
0.000646628
0.000712646
0.000699489
0.000598281
0.000506466
0.000710264
0.000654791
0.00067636
0.000554255
0.000698251
0.000490897
0.000544452
0.0005542
0.000620267
0.000474045
0.000488314
0.000568782
0.000547558
0.000556434
0.000484277
0.000483737
0.000571086
0.000499052
0.000679435
0.00060037
0.000523047
0.000497863
0.000489248
0.000506514
0.000616889
0.000615445
0.000548938
0.000772156
0.000530873
0.000526708
0.000567156
0.000588605
0.000799428
0.000512872
0.000482418
0.000480277
0.000522995
0.000481437
0.000497018
0.000495107
0.000574506
0.000529429
0.000516194
0.000503284
0.000460413
0.000504825
0.000516482
0.000590227
0.000552249
0.000485877
0.000672422
0.000527478
0.000519826
0.000512967
0.00049461
0.000557909
0.000597171
0.000845782
0.000480677
0.00047062
0.000550872
0.000488854
0.000582867
0.000548688
0.000600216
0.000563113
0.000488158
0.000503533
0.000488807
0.000503364
0.000741359
0.000557683
0.000520731
0.000518179
0.000601963
0.000504176
0.000484335
0.000479859
0.000620357
0.000631934
0.0004728
0.000502787
0.000680015
0.000480522
0.000482685
0.000485488
0.000513874
0.000830617
0.000580217
0.00121649
0.000652452
0.000700316
0.000492928
0.000484011
0.000897133
0.000641799
0.000596247
0.000686908
0.000469619
0.000531719
0.000591525
0.000570256
0.000500295
0.000478144
0.000513452
0.000476234
0.000518742
0.000538595
0.00067988
0.00052611
0.000583312
0.000505844
0.000682238
0.000485385
0.000487399
0.000545543
0.00051232
0.00049286
0.000557385
0.00109411
0.000562609
0.000616909
0.000591479
0.000604442
0.0004816
0.000523465
0.000625849
0.00062905
0.000484799
0.000548435
0.000548826
0.000561605
0.000489928
0.000490826
0.000657427
0.00054262
0.000559038
0.00047842
0.000605482
0.000645404
0.00100517
0.00053931
0.000469174
0.000564398
0.000804509
0.000678373
0.000666301
0.000765824
0.000619928
0.000579815
0.000779894
0.000500292
0.000521366
0.000512674
0.000515144
0.000465462
0.000482211
0.000602702
0.00061099
0.000488942
0.000513186
0.000534089
0.00047791
0.000562672
0.000482333
0.000596298
0.000639165
0.000539266
0.000556112
0.000547884
0.000538366
0.0005831
0.000502004
0.000547462
0.00057986
0.000546378
0.000514879
0.000609176
0.000470677
0.000485374
0.000535894
0.00058048
0.000525197
0.000751462
0.000624769
0.000773458
0.000464823
0.000566792
0.000773047
0.000687423
0.000523223
0.00067122
0.000485045
0.000484429
0.00075385
0.000821715
0.000710015
0.000702982
0.000572982
0.000634253
0.000493544
0.000552553
0.000520356
0.000561281
0.000740157
0.000642235
0.00060598
0.000494445
0.00050397
0.000700005
0.000537324
0.000542552
0.000716699
0.00092343
0.000551214
0.000471725
0.000498051
0.000483249
0.000745677
0.000497334
0.000520372
0.000677403
0.000647984
0.000822291
0.000715892
0.000636237
0.000728288
0.000509688
0.000490675
0.000535009
0.000831033
0.000736362
0.000843094
0.000672694
0.000620554
0.00100101
0.000676744
0.000485037
0.000575388
0.000568812
0.000635715
0.000745727
0.000532324
0.000496453
0.000501454
0.000493649
0.000476884
0.00047145
0.000492387
0.00056797
0.000613111
0.000546142
0.000546139
0.000658771
0.00067198
0.000504879
0.000542776
0.00059881
0.000528221
0.000497182
0.000557507
0.000481529
0.000539952
0.00058392
0.000729099
0.000587082
0.000480837
0.00052592
0.000548816
0.00057033
0.000474647
0.000564278
0.000845183
0.000499773
0.000516229
0.000488158
0.000706682
0.000844329
0.000763156
0.00089432
0.000509412
0.000522947
0.000498941
0.000476588
0.000532028
0.000670678
0.000849838
0.00104118
0.000477142
0.000582213
0.00073885
0.000479978
0.000574158
0.000604438
0.000770192
0.000670047
0.000951936
0.000889853
0.000597077
0.000668953
0.000814651
0.000866149
0.000882797
0.000806305
0.000893027
0.000815233
0.000824674
0.000820369
0.000967302
0.000921696
0.000685938
0.000496228
0.000745632
0.000716112
0.000768505
0.000794915
0.00080946
0.000724396
0.000717172
0.000847954
0.000739795
0.000601484
0.000806002
0.000583783
0.000752751
0.000838912
0.000827644
0.000894412
0.000842841
0.000717373
0.000736676
0.000772804
0.000857224
0.000799948
0.000854779
0.000811129
0.000815241
0.000916082
0.000805808
0.000587329
0.000675318
0.000542006
0.000541752
0.000969602
0.000690833
0.000559662
0.000553223
0.000504927
0.000576361
0.000583429
0.000551124
0.000718766
0.00050605
0.000692695
0.000636035
0.000506901
0.000589628
0.000488858
0.000507948
0.000569774
0.000512999
0.000681569
0.000640884
0.000485542
0.00054032
0.00049176
0.000551234
0.000491862
0.000675251
0.000538661
0.000478701
0.000575733
0.000529049
0.000526216
0.000725531
0.000570469
0.000528321
0.000476642
0.000546577
0.000623598
0.000811494
0.000479478
0.000501241
0.000659252
0.0004973
0.000491494
0.000524285
0.000573991
0.000493024
0.000508831
0.000476306
0.000498486
0.000574398
0.000580657
0.00055184
0.000525298
0.000471753
0.000567009
0.000556249
0.000493942
0.000492232
0.000535177
0.000523326
0.000560859
0.00052132
0.000523314
0.000498779
0.000488074
0.000473988
0.000751383
0.000615706
0.000497314
0.000775456
0.000487351
0.000503213
0.000615089
0.000473409
0.00051705
0.000714805
0.000476421
0.000480706
0.000535645
0.000522208
0.000517182
0.000578559
0.000601668
0.000620834
0.000543885
0.000531972
0.000496457
0.000486239
0.000594833
0.000487471
0.000476953
0.000572309
0.000532755
0.000737546
0.000475722
0.000703068
0.000547104
0.00048091
0.00075481
0.000474619
0.000558142
0.000633573
0.000501203
0.000490376
0.00050262
0.000480017
0.00047542
0.000508806
0.000489579
0.000479165
0.000470288
0.000450054
0.000520328
0.000502517
0.000531173
0.000473564
0.000499742
0.000656017
0.000480485
0.00049422
0.000468302
0.000473368
0.000538003
0.000500773
0.000470476
0.000604037
0.000635971
0.00054933
0.000481276
0.000466773
0.000487032
0.000447342
0.000565936
0.00057059
0.000473966
0.000681139
0.000505152
0.000478236
0.00048886
0.000503034
0.000537382
0.000511262
0.000520826
0.000493147
0.00047437
0.000470388
0.000496912
0.000462147
0.00050698
0.000479292
0.000571878
0.000500156
0.000515228
0.000507706
0.000488292
0.000480259
0.000490902
0.000453466
0.000486633
0.000502242
0.000768953
0.000621523
0.000567902
0.000492681
0.000464567
0.00048192
0.000584078
0.00052419
0.000479883
0.000633771
0.000475409
0.000511972
0.000479704
0.000590922
0.000514357
0.000528868
0.000478729
0.000509024
0.000543098
0.000561859
0.000488721
0.000724647
0.000867838
0.000511826
0.000791696
0.000533632
0.000491728
0.00055926
0.000605335
0.000587551
0.000784848
0.000780622
0.000483556
0.000489934
0.000511844
0.000556152
0.0005409
0.000483212
0.00082778
0.000670476
0.00047481
0.000487194
0.000493372
0.000589588
0.000581069
0.000494685
0.00047611
0.000483136
0.00047995
0.000554836
0.000593421
0.000554419
0.000647623
0.000630258
0.000507583
0.000525433
0.00051185
0.000526254
0.000755155
0.000758463
0.00117209
0.000666127
0.000482377
0.000509768
0.000618086
0.00107441
0.000753678
0.00112227
0.000523016
0.000512405
0.000499163
0.000672936
0.000476219
0.000485483
0.000468945
0.000667371
0.000466397
