5.54657
5.27559
4.97223
4.98112
5.08151
5.20111
5.01239
5.22707
5.2238
5.16828
5.07775
5.15429
5.2035
5.62479
5.58113
5.29065
5.53531
5.34024
5.51394
5.20004
5.12897
5.04534
5.24512
5.28875
5.16006
4.95296
5.03683
5.318
5.08984
5.34869
5.00803
5.09002
5.07562
5.5603
5.35164
5.14427
5.11358
7.05938
5.24333
5.18088
4.96139
5.07111
5.22533
5.2627
5.08362
4.99059
5.0161
4.95717
5.00614
5.09766
5.25962
5.16494
5.29953
5.16918
5.63378
5.10742
8.08961
5.36078
8.79162
7.77151
5.3036
5.3063
5.10703
5.22834
5.07408
5.07928
5.18444
5.05821
5.17264
5.01422
5.43798
5.17246
5.64831
5.3481
5.10358
5.18761
5.19905
5.18381
5.03218
4.98507
5.54025
5.11583
5.07449
5.08081
5.24644
5.09975
4.98297
5.0916
5.14787
5.06344
5.22043
8.56945
5.35414
5.31904
5.17392
5.17011
5.18262
5.29021
5.472
5.20261
