1.32836
1.30251
1.08194
1.13974
1.0627
1.49266
1.12711
1.08041
1.21782
1.02342
1.10021
1.11463
1.09536
1.07485
1.12269
1.19925
1.14437
1.11409
1.05302
1.24113
1.14326
1.11854
1.08046
1.34338
1.08902
1.07489
1.09738
1.09692
1.10539
1.08986
1.13899
1.07113
1.14894
1.08505
1.0536
1.09449
1.05429
1.09592
1.19766
1.17916
1.08157
1.26211
1.12788
1.08859
1.05471
1.04867
1.21323
1.24155
1.10829
1.30602
1.14256
1.12764
1.05898
1.2839
1.0619
1.11565
1.44124
1.20102
1.06221
1.08893
1.092
1.10946
1.10004
1.16466
1.0929
1.07082
1.05105
1.08771
1.06062
1.05111
1.10566
1.06797
1.18877
1.12597
1.14159
1.14738
1.11029
1.08017
1.21742
1.26167
1.07759
1.10102
1.12392
1.07582
1.30384
1.06399
1.2227
1.05474
1.12635
1.1823
1.08779
1.02967
1.04873
1.10529
1.07601
1.09014
1.11243
1.07626
1.08398
1.07954
3.5361
3.67117
2.99073
3.21534
2.91792
2.91732
3.29952
3.16263
3.09898
2.8823
2.97333
2.87627
3.02031
2.99113
3.21532
3.09349
3.02131
3.07712
2.91439
2.97616
3.03366
3.23304
2.95855
2.98302
3.02516
3.16904
3.26329
3.70093
3.22761
3.0412
3.06935
2.88245
3.0547
3.04703
3.03444
2.99354
3.43797
2.91787
3.09035
3.4541
2.92152
2.90797
2.89367
2.9713
3.00378
2.89023
2.95357
3.12601
2.92044
3.14707
2.86748
2.8899
2.90528
2.84363
3.52351
3.79319
3.09891
3.20842
3.08141
3.20547
3.16093
2.84735
3.22304
3.33014
3.15105
2.93197
2.82363
3.1861
2.94656
2.86353
2.92081
3.25022
3.13546
2.92599
2.89303
3.04691
3.0968
2.99749
3.13065
2.91513
3.32449
3.01758
3.03944
3.75456
3.0091
3.25523
3.097
3.04716
3.40928
3.23107
2.96663
2.87822
3.02151
3.23688
2.92104
2.90627
2.92374
2.96625
3.01543
2.88832
