0.874529
0.915897
0.868169
0.876458
0.888912
0.946672
0.936448
1.0642
0.839651
0.897411
0.953172
0.875904
0.905186
0.882072
0.861562
0.922354
0.911734
0.873392
0.897629
0.882633
0.950378
0.96362
0.879309
0.914521
0.883813
0.910448
1.18633
0.883147
0.942053
0.873692
0.918605
0.889606
0.997419
0.946136
0.848138
0.886517
0.893368
0.891692
0.913586
0.918171
0.923529
0.894016
1.02096
1.23135
0.903076
0.880592
0.920049
0.900041
0.993899
0.914538
0.998986
0.993106
0.92631
0.906869
0.960412
0.903948
1.40966
0.936245
0.911962
0.876176
0.878804
0.928996
0.929536
1.36949
0.903145
0.86578
0.972961
0.907049
0.887109
0.891718
0.876443
0.916022
0.937391
1.02238
0.937652
0.86945
0.865031
0.919104
0.950996
0.932613
0.886863
0.916829
0.89031
0.906019
0.87051
0.951131
0.970239
0.872788
0.874314
0.882805
0.882924
1.04734
0.910511
0.934541
0.884742
0.984122
0.889459
1.08448
0.942807
0.947176
2.69609
2.89642
2.39032
2.30685
2.35837
2.4176
2.34373
2.42248
2.73583
2.34332
2.42734
2.40668
2.42376
2.40302
2.58384
2.45741
2.41768
2.65653
2.54869
2.58492
2.33273
2.52951
2.4666
2.58149
2.49469
2.54896
2.6787
2.48429
2.62899
2.51078
2.37815
2.44969
2.35021
2.62645
2.53276
2.37316
2.57683
2.59936
2.58374
2.46224
2.36807
2.5794
2.40027
2.60845
2.39744
2.82476
2.51097
2.42043
2.74842
2.59063
2.447
2.62424
2.38374
2.47195
2.42533
2.68902
2.75734
2.49458
2.40132
2.36368
2.45474
2.85899
2.50035
2.44387
2.43055
2.45728
2.63331
2.38465
2.39619
2.31771
2.48847
2.58116
2.37697
2.54783
2.68748
2.55526
2.60283
2.52271
2.46831
2.39576
2.44018
2.46076
2.39572
2.37129
2.56607
2.72844
2.80123
2.42539
3.05237
2.8744
2.45538
2.52881
2.545
2.65368
2.61233
2.47808
2.68402
2.66808
2.59767
2.39922
4.16348
4.14272
4.11354
4.06574
4.1344
4.14513
4.56276
5.9487
4.17552
4.29047
3.96177
4.13681
4.40292
4.18956
4.17966
4.04348
4.11163
4.0774
4.19528
3.90727
4.00318
4.23099
4.02388
4.19983
4.03281
3.91642
4.52664
4.31417
4.2144
3.94645
4.54091
4.53759
4.02089
4.7886
4.23217
4.08909
4.42304
4.01792
4.17678
4.30603
4.23686
4.25772
7.16426
4.25667
4.39385
4.32065
4.25683
4.0881
3.98599
4.44231
4.02846
4.13141
4.39865
4.06638
4.13142
4.40276
4.12922
4.18445
4.33601
4.73539
4.07718
5.33049
4.67837
4.42964
3.974
4.56698
6.50436
4.33605
3.93149
4.28297
4.28484
6.93172
7.73568
4.23252
7.07713
4.11197
4.55841
4.12821
4.30531
4.1173
4.02844
4.16876
4.16855
3.99227
4.02535
3.97843
6.77053
5.15288
4.78629
4.17145
4.08139
4.06065
4.22757
7.14687
4.19695
5.5499
3.93823
4.79225
4.13178
4.38749
