1.43955
1.46884
1.43797
1.46266
1.45127
1.74592
1.51097
1.46413
1.44538
1.46842
1.52424
1.53256
1.48508
1.57026
1.4159
1.47292
1.59404
1.4508
1.65541
1.40251
1.52134
1.70844
1.43528
1.73106
2.13809
2.32015
1.47869
2.21673
1.4674
1.48409
1.48127
1.43867
1.48118
1.48937
1.54386
1.42362
1.46049
1.43735
1.63716
1.46308
1.53923
1.57057
1.63868
1.40453
1.74666
1.41142
1.52687
1.5406
1.92915
1.5318
1.52066
1.4294
1.45208
2.21341
1.45378
1.50284
1.62149
1.42243
1.47181
1.49378
1.43374
1.48476
1.42098
1.38768
2.02153
1.62762
1.6086
1.43339
1.45646
1.43731
1.62719
1.45804
1.41216
1.50136
1.63541
1.40854
1.40958
1.44042
1.7301
1.62422
2.41864
2.17904
1.42701
1.396
1.43468
1.83137
1.6545
1.62734
1.41595
1.42258
1.51418
1.4641
1.56135
2.38551
2.13917
1.45611
1.49644
1.47571
1.41247
1.46007
