426.805
438.831
454.901
438.79
436.061
440.094
429.3
433.403
436.689
429.841
453.638
434.852
432.313
436.571
435.247
435.794
482.853
437.734
434.386
440.614
439.605
497.135
478.079
450.698
452.097
462.571
525.686
482.956
512.246
516.015
512.915
502.236
507.559
483.15
425.484
422.852
422.631
428.154
433.858
494.524
434.615
438.695
427.024
500.25
443.954
462.212
465.528
470.465
422.716
427.449
479.191
507.485
437.924
470.976
434.971
456.573
479.055
439.088
431.722
434.524
435.265
441.932
444.601
434.544
435.434
438.702
432.644
441.445
448.176
442.351
447.579
440.672
444.026
438.656
440.575
439.932
437.669
460.71
435.849
434.255
486.041
513.029
461.88
445.988
442.774
490.402
439.161
513.859
440.123
485.805
494.883
501.768
478.133
464.118
511.473
516.201
518.904
526.125
512.255
506.977
