1.447
1.4813
1.45044
1.42024
1.39354
2.28991
1.47169
1.43664
1.76927
1.42574
2.16907
1.47197
1.5486
1.42498
1.53203
1.49272
1.43488
1.42828
1.79316
1.54255
1.45839
1.46783
1.40813
2.07873
2.27259
2.21877
1.46716
2.12648
1.48311
1.39636
1.43967
1.4237
1.41525
1.43055
1.48234
1.41541
1.42462
1.42026
1.4614
1.46821
1.55463
1.54946
1.59145
1.42769
1.55306
1.44165
1.42766
1.43976
1.48863
1.38329
1.47642
1.44528
1.41245
2.18171
1.47952
1.43759
1.4417
1.44772
1.45478
1.41232
1.40428
1.61864
1.44858
1.51862
1.41752
1.59184
1.43014
1.4472
1.46257
1.44659
1.46656
1.48081
1.57478
1.53964
1.47681
1.46817
1.56019
1.51025
1.48943
1.57537
3.38187
2.03268
1.46922
1.49425
1.49701
1.38383
1.42115
1.39691
1.43381
1.43215
1.4749
1.4887
1.45858
2.16327
1.89067
1.74172
1.49042
1.78226
1.55096
1.57107
