1749.66
1717.67
1730.87
1741.34
1725.71
1704.94
1714.74
1707.86
1718.3
1703.86
1691.66
1712.99
1689.18
1726.93
1712.98
1706.84
1952.12
1712.71
1725.32
1738.79
2175.09
1844
1825.13
1858.75
1834.38
1842.61
1856.61
1816.27
1884.27
2025.81
2010.11
1970.43
1852.73
1662
1675.17
1737.72
1697.31
1686.81
1711.18
1903.43
1714.13
1857.48
1702.6
1803.98
1884.11
1761.81
1883.2
1826.03
1714.85
1907.13
1692.47
1858.76
1737.74
1771.01
1791.87
1846.15
1989.53
1833.13
1814.88
1697.92
1706.86
1748.15
1786.59
1728.74
1708.6
1718.14
1721.08
1744.59
1749.14
1779.17
1729.11
1757.78
1752.59
1816.12
1718.6
1701.63
1733.79
1732.57
1715.07
1702.89
1991.33
2364.22
1792.74
1808.68
1765.86
1736.51
1815.18
1997.13
1697.45
1827.39
1802.55
1842.88
1808.59
1934.6
1997.01
1991.33
1996.15
2009.22
1958.12
2008.43
