497.665
510.75
510.811
508.706
510.041
506.4
517.131
582.435
498.786
519.473
502.295
610.385
602.589
607.076
558.166
958.926
615.009
536.952
600.023
578.437
606.771
607.01
588.521
605.38
615.844
510.164
594.492
596.759
598.851
584.763
596.8
580.749
603.676
599.541
600.258
584.341
605.187
602.138
603.651
595.432
563.54
607.466
581.333
510.708
517.591
531.865
517.299
576.849
528.741
502.188
527.264
534.019
538.769
521.225
546.848
601.44
507.111
508.457
503.456
502.017
508.392
524.489
522.354
502.474
505.698
510.925
505.085
518.454
514.564
523.157
505.96
499.181
502.562
497.354
512.477
503.186
507.658
503.093
510.839
517.635
510.931
507.2
514.725
512.335
519.253
508.093
515.896
531.356
511.659
511.541
507.121
510.133
503.419
514.71
507.543
511.103
507.781
507.255
509.916
509.829
