0.0230996
0.0232754
0.0263508
0.0234956
0.0229652
0.0230786
0.0225691
0.0226683
0.0233904
0.0248216
0.0270406
0.0232005
0.023523
0.0224786
0.0230982
0.0230956
0.0225353
0.0229504
0.0225311
0.0230348
0.02421
0.023498
0.0221412
0.0246767
0.0270333
0.0260947
0.0226822
0.0225491
0.021914
0.0217346
0.02191
0.0221731
0.021758
0.0225441
0.0221102
0.0219801
0.0220395
0.0215816
0.0218409
0.0238068
0.022055
0.0216794
0.0217967
0.0266387
0.0284338
0.0228408
0.0247003
0.0231917
0.0230878
0.0216616
0.0234584
0.0230546
0.0223709
0.0234144
0.028305
0.0255834
0.025462
0.0268248
0.0231172
0.0262072
0.0284306
0.0230807
0.0237616
0.0257063
0.0232417
0.0249289
0.0258908
0.0241266
0.0232331
0.0226545
0.0213736
0.0216524
0.0232104
0.0221616
0.0213879
0.0225661
0.0221998
0.021695
0.0223814
0.0219446
0.0215378
0.0224201
0.0244832
0.0216958
0.0230659
0.0215647
0.0215376
0.0235995
0.023495
0.0220871
0.0228563
0.0233399
0.0219678
0.0232502
0.0233429
0.0230705
0.0228662
0.0234515
0.0240098
0.0230019
0.0225872
0.0229987
0.0224588
0.0224503
0.0216461
0.0220133
0.0224028
0.0224958
0.0225233
0.0215375
0.0227497
0.0245514
0.0218219
0.0219965
0.02184
0.0226393
0.0219541
0.0224433
0.0225628
0.0220195
0.021683
0.0215533
0.0228284
0.0215274
0.0224244
0.0228856
0.021497
0.0216182
0.025812
0.0227559
0.0224783
0.0223041
0.02216
0.021423
0.0226114
0.0219612
0.0218598
0.0220419
0.0220924
0.0234693
0.0238813
0.0244816
0.0223476
0.0243689
0.0270125
0.026696
0.0254015
0.0239211
0.0229504
0.0219692
0.0219338
0.0230719
0.0234858
0.0227717
0.022483
0.0248823
0.0221224
0.0247092
0.0239269
0.0242151
0.0269117
0.0280412
0.0248654
0.0231266
0.0228302
0.0246192
0.0221664
0.0224678
0.0223725
0.0219754
0.0221409
0.0219536
0.022254
0.0212572
0.0220333
0.0217327
0.022045
0.0222723
0.0222354
0.0211332
0.0225651
0.0217489
0.0218315
0.0221107
0.0223195
0.0219701
0.0220995
0.0216752
0.0222508
0.0246553
0.0230073
0.021987
0.0242319
0.0223283
0.023942
0.0219888
0.0248883
0.0227316
0.0239546
0.0226525
0.0226043
0.0221093
0.0223293
0.0238373
0.0283036
0.024364
0.0238727
0.02214
0.0217402
0.0232996
0.0232475
0.0220421
0.0240405
0.0291616
0.0239197
0.0280511
0.0280355
0.0231724
0.0221486
0.0218611
0.0222305
0.0230601
0.0215266
0.0243869
0.024873
0.0218493
0.0215667
0.0224262
0.0215366
0.0216246
0.021714
0.0214727
0.0220729
0.0220951
0.0215409
0.0220095
0.0220089
0.0228072
0.0234301
0.0223877
0.0216546
0.022183
0.021824
0.0214888
0.0219709
0.0219152
0.0216573
0.0230415
0.0215561
0.0217569
0.0222887
0.0218584
0.0218929
0.0222537
0.0222474
0.0214185
0.0231459
0.0217485
0.0218877
0.0213011
0.0218599
0.0227242
0.0249608
0.0226278
0.022116
0.0218569
0.0215666
0.0217197
0.0218213
0.0218467
0.0222249
0.0222884
0.0220167
0.0212522
0.0222143
0.0216839
0.0236566
0.0225783
0.021969
0.0218269
0.0224016
0.021582
0.0219305
0.0218454
0.023675
0.0221759
0.022021
0.0218301
0.0216441
0.0223263
0.0217016
0.02237
0.0226343
0.0216578
0.0223271
0.0225364
0.0226547
0.0228834
0.0226129
0.0214916
0.0219577
0.0221838
0.0213495
0.0224286
0.0223178
0.0215368
0.0226857
0.0222319
0.0222765
0.0215156
0.0221831
0.0220794
0.0221251
0.0220659
0.0211459
0.0219738
0.0221913
0.0214976
0.0226206
0.0218089
0.0218954
0.0220359
0.0219032
0.0218162
0.0224588
0.0220574
0.0215914
0.0221142
0.022156
0.0223812
0.0220824
0.0220342
0.0223789
0.0214606
0.0219069
0.0220174
0.0220764
0.0222016
0.0220634
0.0220586
0.0222443
0.022156
0.021536
0.0227308
0.0254267
0.0223376
0.0221832
0.0217001
0.0219593
0.0217406
0.0213835
0.0221359
0.0218656
0.0215004
0.0227152
0.0219896
0.0222277
0.0216288
0.0222111
0.021842
0.0218421
0.0234464
0.0216382
0.0230351
0.0218429
0.0245523
0.0226309
0.0223067
0.0216794
0.0218521
0.0219754
0.0217081
0.0225504
0.0218895
0.0213116
0.0221593
0.0225723
0.0214572
0.0220822
0.0218092
0.0222586
0.0224007
0.0215718
0.0216005
0.0221322
0.0220874
0.021463
0.0226394
0.0219597
0.0223196
0.0220597
0.0213568
0.0221165
0.0218651
0.0216509
0.0229586
0.0227133
0.0220852
0.0220724
0.0215475
0.021543
0.0220507
0.021903
0.0214141
0.0223751
0.0244655
0.023691
0.0239828
0.0237259
0.0258844
0.0246382
0.0241049
0.0244904
0.0227349
0.0220494
0.0223126
0.0219239
0.0220082
0.0220535
0.0351654
0.0217706
0.0213308
0.0223048
0.0247649
0.0215262
0.0218813
0.0229606
0.0216355
0.0223879
0.0216771
0.0221182
0.0222414
0.0216138
0.0225033
0.0220277
0.0218751
0.0216843
0.0218792
0.0214244
0.0220961
0.0216536
0.0219057
0.0216522
0.0222052
0.0213813
0.0230895
0.0217263
0.0221793
0.0223482
0.0219607
0.0219442
0.0223635
0.0222465
0.0223217
0.0220418
0.0257824
0.02182
0.023135
0.0227572
0.0236112
0.022058
0.0228118
0.0224119
0.0220228
0.0228266
0.0223487
0.0216203
0.0224661
0.0220322
0.0221743
0.0220052
0.022003
0.0220345
0.0223135
0.0224978
0.0214397
0.021934
0.0224841
0.0223296
0.021688
0.0223974
0.0215941
0.0219997
0.0221314
0.0213116
0.022365
0.0219447
0.0213328
0.0235817
0.0223156
0.0214632
0.0223457
0.0222739
0.0213525
0.0225211
0.0220923
0.0215896
0.0235624
0.0226053
0.0220636
0.0225718
0.0218539
0.022063
0.0224719
0.022022
0.0218996
0.0229411
0.0222823
0.0220094
0.0220103
0.0224091
0.0220835
0.0228156
0.0220387
0.0223554
0.0223496
0.0227423
0.0231901
0.0218033
0.0215569
0.0219009
0.0219361
0.0220135
0.0221313
0.0218872
0.0216895
0.0218404
0.0225637
0.0216385
0.0216169
0.0220367
0.0218279
0.0218543
0.0219942
0.0217109
0.0227079
0.0250798
0.0218147
0.0218671
0.0227438
0.0218596
0.0222887
0.0234746
0.0224002
0.0215301
0.0230213
0.0226644
0.0212514
0.0220287
0.02218
0.0214601
0.0219361
0.02245
0.0216169
0.0224953
0.0218571
0.023254
0.0221509
0.0221948
0.0215589
0.0238566
0.0244683
0.023357
0.0220451
0.0226957
0.0218155
0.0223353
0.0223928
0.0215981
0.0218919
0.0226124
0.0216003
0.0220383
0.0228127
0.021758
0.0219538
0.0228016
0.0211803
0.0223102
0.0222318
0.0213077
0.0220883
0.0218757
0.0214874
0.0219837
0.0223642
0.0225744
0.0218417
0.0216577
0.0213622
0.0223267
0.0214827
0.0216075
0.0222259
0.022297
0.0211319
0.0219316
0.0221626
0.0221109
0.0217363
0.0223924
0.0213911
0.0217159
0.0228134
0.0216512
0.0225949
0.0221141
0.0220569
0.0219438
0.0220977
0.0227015
0.0221179
0.0219395
0.0223963
0.021745
0.0222916
0.0251031
0.0222288
0.022082
0.0219974
0.0221782
0.0217076
0.0217179
0.0218031
0.0212717
0.0225898
0.0217487
0.0213953
0.022077
0.0215998
0.0214755
0.0222324
0.0404362
0.0421702
0.0401322
0.026667
0.0241459
0.0226811
0.0229845
0.0224009
0.0297796
0.0252369
0.0262494
0.0244962
0.0238341
0.0254232
0.0235678
0.0235063
0.0231859
0.0233256
0.0223329
0.0231375
0.024688
0.0230342
0.0219838
0.0230781
0.0236712
0.0228659
0.02266
0.0252475
0.0227659
0.0224729
0.0262875
0.0254898
0.0228325
0.0230194
0.0260442
0.0257521
0.0249621
0.0252014
0.0217781
0.0218866
0.0239088
0.022534
0.025778
0.0248641
0.0225726
0.0266779
0.02479
0.0240196
0.0223615
0.0251375
0.0249245
0.0267336
0.0224458
0.024121
0.024249
0.0268434
0.0238837
0.0243787
0.0249684
0.0261958
0.0236816
0.0230205
0.0238124
0.0260015
0.0237823
0.0252744
0.0233495
0.0267245
0.0227492
0.0248821
0.0240541
0.0231511
0.0228625
0.0239056
0.0226783
0.0217398
0.0229901
0.023579
0.0263663
0.0297985
0.0232329
0.0261058
0.0231399
0.0239905
0.0229269
0.0233313
0.023106
0.0225757
0.0240536
0.0238348
0.0238573
0.0232059
0.024457
0.0254185
0.0228508
0.0229985
0.0231758
0.0226204
0.022511
0.0230098
0.0230877
0.0224454
0.0223231
0.0228823
0.0223131
0.0222228
0.0224478
0.0214193
0.021797
0.0221565
0.0212673
0.0221887
0.0217102
0.0218332
0.0223753
0.0234396
0.0231182
0.0231642
0.0230888
0.0224753
0.0215232
0.023289
0.0243309
0.0240069
0.023683
0.0232609
0.0232257
0.0232771
0.0238761
0.0233778
0.0226
0.0252872
0.0239645
0.0257551
0.0243439
0.023262
0.0263097
0.0236558
0.0233925
0.0257135
0.023249
0.0219735
0.0230886
0.0235459
0.0225195
0.0229778
0.0228301
0.0226371
0.0233823
0.0229978
0.029964
0.0623256
0.0841509
0.0247329
0.0255997
0.0243474
0.0228296
0.0234748
0.0251326
0.0235842
0.0226868
0.0235267
0.0226775
0.0244055
0.0225466
0.0235892
0.0251166
0.0226777
0.0235107
0.0233529
0.0223583
0.0241417
0.0229522
0.0227283
0.0225797
0.0231535
0.0239795
0.0242026
0.0231174
0.0235497
0.0241465
0.0226012
0.02314
0.0226106
0.0230381
0.0230765
0.0226167
0.0227165
0.0221088
0.0230345
0.0224605
0.0226649
0.0226687
0.0245103
0.0223401
0.0229778
0.0225552
0.0226925
0.022752
0.0227917
0.0224841
0.0232175
0.0239715
0.0256293
0.0244387
0.0227115
0.0274126
0.0245394
0.0226027
0.0239143
0.0228745
0.0236716
0.0226141
0.0236054
0.0227802
0.0224257
0.0224961
0.0236918
0.0234918
0.0224312
0.023402
0.0233622
0.0234738
0.0230547
0.0229209
0.0221707
0.0228188
0.0266727
0.0231475
0.0220235
0.0223996
0.0237052
0.0231315
0.0232365
0.023913
0.0276383
0.0280022
0.0250187
0.0289831
0.0273554
0.0266264
0.025028
0.0253844
0.0241271
0.0231377
0.0232789
0.022835
0.0240166
0.0228703
0.0224314
0.0225701
0.02378
0.0232331
0.0236895
0.0243968
0.0221987
0.0227145
0.0225687
0.0221115
0.0236096
0.022628
0.0222544
0.0231897
0.0231472
0.023888
0.0234312
0.0227947
0.0228258
0.0227359
0.0233835
0.0227621
0.0238801
0.0224045
0.0224243
0.0236142
0.0223941
0.0230293
0.0238587
0.0232103
0.0227611
0.0227765
0.0238188
0.023539
0.022154
0.0227055
0.0228836
0.0230766
0.0260346
0.0237986
0.0241628
0.0233789
0.0231908
0.0229523
0.0241426
0.0220699
0.0233957
0.0237325
0.0227223
0.0232691
0.0225281
0.0225954
0.0229733
0.0234699
0.0229927
0.0223662
0.0242521
0.0230976
0.022761
0.0248172
0.0261808
0.0226311
0.0221177
0.0237035
0.0230827
0.0224761
0.0230221
0.0230369
0.0222916
0.023033
0.0242268
0.02368
0.0221798
0.0231812
0.0256278
0.0243735
0.0222871
0.0229154
0.0245753
0.0227488
0.0242595
0.0226465
0.0227718
0.0235416
0.0284496
0.0238855
0.0230444
0.0225606
0.0234766
0.0232579
0.0241387
0.0227449
0.0234201
0.0225102
0.0229568
0.0220623
0.0215851
0.0215307
0.0216788
0.0220765
0.02268
0.0216209
0.0218212
0.0223192
0.0228606
0.0217758
0.021349
0.0223448
0.0219225
0.0217698
0.0224616
0.0214961
0.0214237
0.0218981
0.0220711
0.0213415
0.0219131
0.0221886
0.0215493
0.0224486
0.0218662
0.021683
0.0226256
0.0232689
0.0219569
0.0222274
0.0219927
0.0215661
0.0224231
0.0227776
0.0220598
0.0220629
0.0219746
0.0219953
0.0231407
0.022961
0.0219157
0.0219457
0.0221981
0.0216284
0.0217669
0.0225405
0.0215522
0.0283053
0.0286812
0.0356248
0.0339756
0.0222874
0.0220741
0.0215129
0.0220693
0.022183
0.0213344
0.0252443
0.022022
0.022161
0.0220717
0.0228988
0.0217044
0.0219669
0.0226255
0.0216096
0.0217831
0.0223724
0.0214669
0.0224307
0.0241611
0.0221368
0.0222873
0.0219665
0.0219869
0.0219572
0.0220541
0.021444
0.0217616
0.0222641
0.0214802
0.0222289
0.02243
0.0220719
0.0218131
0.0221505
0.0212945
0.022164
0.0218122
0.0219355
0.0227304
0.0222571
0.0219968
0.0219559
0.0213751
0.0223965
0.0220658
0.0217317
0.0219242
0.0218485
0.0215004
0.0223904
0.0218365
0.0216548
0.022723
0.0237324
0.0217146
0.0220881
0.0223376
0.0214671
0.0225888
0.0220405
0.021745
0.0226608
0.023078
0.0221803
0.022823
0.022491
0.0223639
0.0220755
0.0241432
0.0223951
0.0220682
0.0225037
0.0224409
0.0217384
0.0225673
0.0228717
0.0215787
0.0218358
0.0222735
0.022195
0.0245
0.0248179
0.0244118
0.0228397
0.0250623
0.0244589
0.0234153
0.0229056
0.0230932
0.0218236
0.0218552
0.0225576
0.0219718
0.0217814
0.0229042
0.0216818
0.0214561
0.0227775
0.0217608
0.0217155
0.0234249
0.0216027
0.0218141
0.0229837
0.0217047
0.0244371
0.0247253
0.0228033
0.0223525
0.0220782
0.0233066
0.0222871
0.0222957
0.0228578
0.0226132
0.0226906
0.0245004
0.0222813
0.0214253
0.0225566
0.0220941
0.0223835
0.0218982
0.0221111
0.0218583
0.0223426
0.0217025
0.0217211
0.0225411
0.0217517
0.0218108
0.0222871
0.0223074
0.0224127
0.0217141
0.0229765
0.0214383
0.022014
0.0222918
0.0222387
0.0213336
0.0226002
0.0223586
0.0215544
0.0224268
0.0222086
0.0212103
0.0222485
0.0224295
0.0219792
0.0230488
0.0219839
0.0228565
0.0218161
0.0218389
0.0219971
0.0235695
0.0224437
0.0220362
0.02175
0.0236301
0.0232538
0.0214571
0.0229931
0.0222834
0.021912
0.0223215
0.0222313
0.0215202
0.0231556
0.0232907
0.0252967
0.022248
0.0226655
0.021934
0.0213975
0.0225349
0.0216477
0.0215029
0.0227566
0.0215119
0.0225429
0.0235447
0.0221203
0.022309
0.0225143
0.0238145
0.0217404
0.0235914
0.0256136
0.0216073
0.0224276
0.0222046
0.0227108
0.0220841
0.0225444
0.0225465
0.0224084
0.0220931
0.0221139
0.0224428
0.0224373
0.0213422
0.0220783
0.0239302
0.022656
0.0216132
0.022177
0.0220619
0.0223369
0.0222626
0.0229868
0.0218151
0.0234102
0.022894
0.022677
0.0217298
0.0227615
0.0220755
0.0220862
0.0228241
0.0218314
0.0217644
0.022759
0.0223845
0.0221561
0.0222009
0.022479
0.0228388
0.0221309
0.0220434
0.0225962
0.0217416
0.0230966
0.0219683
0.0217472
0.0225298
0.0229301
0.0221409
0.0225179
0.02702
0.0269157
0.0226031
0.0223065
0.0222481
0.0209712
0.0226028
0.0219874
0.0222069
0.0223258
0.0226427
0.0214847
0.022352
0.0230727
0.0214794
0.0221292
0.0219814
0.0215973
0.0256618
0.0236506
0.021715
0.0217608
0.0222307
0.0222968
0.0219678
0.0219913
0.0218262
0.0212143
0.0221439
0.0215991
0.0216026
0.0239068
0.0220033
0.0224027
0.0225051
0.0215524
0.0213092
0.0226736
0.0216094
0.0218392
0.0223684
0.0220057
0.0222512
0.0225206
0.0218938
0.0215842
0.0225055
0.0218404
0.0218517
0.0218388
0.0216929
0.0224031
0.0227127
0.0224959
0.021309
0.0220557
0.0226945
0.0221834
0.0216407
0.0257519
0.0225426
0.0212428
0.0225333
0.0239631
0.0217836
0.0222482
0.023388
0.022176
0.0214576
0.0220764
0.0217977
0.0244317
0.0247432
0.0231631
0.0235963
0.0223446
0.0224999
0.0230523
0.0238092
0.0245211
0.0236005
0.0216659
0.0215813
0.022331
0.0218351
0.0227647
0.0234439
0.0234362
0.022645
0.0265909
0.0235859
0.0216531
0.0229853
0.0220722
0.0217026
0.0227697
0.022811
0.0215289
0.0220212
0.0235813
0.0218692
0.0216228
0.0231843
0.0216978
0.021677
0.0225258
0.0224409
0.0216244
0.0224725
0.021964
0.0215907
0.022249
0.0220777
0.0215889
0.0223438
0.0238079
0.023708
0.0245358
0.0231628
0.0222787
0.0241127
0.0273365
0.0254113
0.0234694
0.0234657
0.0244569
0.0255712
0.026514
0.029878
0.0237819
0.0236891
0.0234547
0.023519
0.0244487
0.0241299
0.0227581
0.0238853
0.0227257
0.0221929
0.0217442
0.0218312
0.0220834
0.0220272
0.0221068
0.0217531
0.0216473
0.0242702
0.0256144
0.0227742
0.0227084
0.0237068
0.0246904
0.0234381
0.0226934
0.0232862
0.0229789
0.0222452
0.0240132
0.0217724
0.0219992
0.0228006
0.0230424
0.0237759
0.0228413
0.0219693
0.0216751
0.0215879
0.0235617
0.026857
0.0231513
0.0230394
0.0257987
0.0254915
0.0235787
0.024677
0.028146
0.0249587
0.0229452
0.0222092
0.0244793
0.0236253
0.0224484
0.0241353
0.024157
0.0234851
0.0226312
0.0234572
0.0223128
0.024451
0.0224462
0.0240383
0.0229219
0.0234091
0.023582
0.0224306
0.0224524
0.0227752
0.021731
0.0216342
0.0227847
0.0219425
0.021791
0.0221839
0.0213803
0.0216015
0.0222175
0.0215151
0.0213797
0.0223399
0.0214998
0.0218972
0.0223059
0.0217944
0.0219926
0.0228909
0.022589
0.0213845
0.0233633
0.0225787
0.0213509
0.0217423
0.0223238
0.021498
0.0236717
0.0224785
0.0216399
0.0215166
0.0218769
0.0221914
0.0218068
0.0221313
0.0216758
0.0211131
0.0228551
0.0222149
0.0213843
0.021742
0.0222268
0.0220738
0.0221823
0.0222364
0.0260059
0.0252111
0.0242154
0.0257441
0.023601
0.0221716
0.0220304
0.0227079
0.0213984
0.0223184
0.0214785
0.0215054
0.0218545
0.0217944
0.0220716
0.0222485
0.0218123
0.0217116
0.0231812
0.0219459
0.0221155
0.0225081
0.0221452
0.0225148
0.0227732
0.0220899
0.0218936
0.0225241
0.0219142
0.0215063
0.02294
0.0221824
0.0219765
0.0225425
0.0232218
0.0221561
0.0225405
0.0222907
0.0222391
0.0229702
0.0218926
0.0215477
0.022365
0.0223042
0.0220701
0.0220314
0.0218954
0.021348
0.0230257
0.0225576
0.0226303
0.0220256
0.0221422
0.0217608
0.0223501
0.0220072
0.0222586
0.0228861
0.0228085
0.0224977
0.0220209
0.0222861
0.0225085
0.0220668
0.0252945
0.0231446
0.0228767
0.0218529
0.023885
0.0219505
0.0239129
0.0226464
0.0232722
0.0221293
0.0227752
0.0224889
0.0230797
0.0231012
0.0237423
0.0244535
0.02315
0.0231968
0.0249936
0.0233439
0.022045
0.0223913
0.0220178
0.0214537
0.0217839
0.0227211
0.022169
0.023418
0.0227743
0.0221936
0.0219903
0.0220264
0.0220174
0.0216199
0.0221861
0.0209882
0.0231176
0.0227341
0.0225809
0.0232919
0.0252543
0.025237
0.0231577
0.0242023
0.0236578
0.0246519
0.0223249
0.0242586
0.0241725
0.0227452
0.022956
0.0237054
0.0219709
0.0219024
0.0225865
0.0218973
0.0215645
0.0222328
0.0216806
0.0220437
0.0226745
0.0219055
0.0218054
0.0222585
0.0220573
0.0218436
0.0226513
0.0213699
0.0216126
0.0222163
0.0213589
0.0252318
0.0218427
0.0230945
0.0213098
0.02187
0.0225621
0.0237394
0.02272
0.0229198
0.0229792
0.021763
0.0233402
0.0232147
0.0227782
0.0239083
0.0236671
0.0226176
0.0227683
0.0231354
0.0221134
0.0220035
0.0229277
0.0213241
0.021743
0.0216359
0.0221876
0.0221677
0.0221395
0.0224143
0.0221757
0.0222019
0.0224944
0.0216225
0.0227944
0.0223305
0.0240461
0.0244413
0.0234818
0.0241758
0.0222957
0.0218165
0.022775
0.0211363
0.0217546
0.0227258
0.0221213
0.0215118
0.0224831
0.0220258
0.0230475
0.0236262
0.0218538
0.0215846
0.0223978
0.0284565
0.0231918
0.02364
0.0227405
0.0242194
0.0221308
0.0225696
0.0219701
0.0212016
0.0225479
0.0223011
0.0218132
0.0227091
0.0218326
0.0217948
0.0228388
0.0215455
0.0218031
0.0225177
0.0218903
0.0213364
0.0223147
0.0221595
0.02123
0.0224727
0.0233035
0.0222411
0.0230421
0.0223645
0.0230513
0.0220421
0.0225433
0.0222866
0.0217604
0.0225729
0.0231177
0.022377
0.023136
0.0218159
0.0216202
0.0218344
0.0229715
0.021773
0.0227516
0.0239751
0.0229075
0.0216081
0.0228128
0.0230828
0.0216324
0.0222369
0.0227144
0.0221521
0.0221878
0.0227566
0.0228185
0.0220969
0.0225265
0.021835
0.0228039
0.022411
0.023287
0.0233741
0.0238924
0.0229371
0.0218469
0.0223369
0.0224124
0.0220936
0.0219998
0.0230695
0.0216405
0.0222611
0.0225361
0.0223076
0.0215942
0.0224297
0.0212772
0.0217371
0.0227354
0.0216372
0.0222328
0.022802
0.0213945
0.0219816
0.0224185
0.0216333
0.0229208
0.0237716
0.0219163
0.0225022
0.0225591
0.0241305
0.0226232
0.0230133
0.0231964
0.0223798
0.0229852
0.0230867
0.022459
0.0216832
0.0229618
0.0217366
0.0221675
0.0218621
0.0216408
0.0220515
0.0222862
0.0212598
0.0224173
0.0225204
0.0224715
0.021738
0.0226731
0.0224374
0.0235017
0.0237163
0.0271547
0.024522
0.0229655
0.0234019
0.0225515
0.0219559
0.0214903
0.0225102
0.0231376
0.021617
0.0225211
0.0222738
0.0219379
0.0224663
0.0250419
0.0229404
0.0229352
0.0225457
0.0218681
0.0224491
0.022412
0.0225377
0.0221256
0.0226061
0.0225966
0.0217438
0.0223308
0.022935
0.0222026
0.0219122
0.0226653
0.0218114
0.0218566
0.0227633
0.0213672
0.0219251
0.0220308
0.0214155
0.0220184
0.0221767
0.0217977
0.0219079
0.0235517
0.0226818
0.0226452
0.0242053
0.0221765
0.0220448
0.0224311
0.0224697
0.0218066
0.0226286
0.025207
0.0212721
0.0231782
0.0220486
0.0218494
0.0228257
0.0231215
0.0212887
0.055933
0.0434545
0.0358889
0.0232095
0.0236243
0.0240582
0.0230414
0.024321
0.0229001
0.021942
0.0221453
0.022741
0.0227094
0.0223152
0.023369
0.0232369
0.0221284
0.0225506
0.0226301
0.0228726
0.0220918
0.0228057
0.022166
0.0222136
0.0223956
0.0234084
0.0236741
0.0247847
0.0315251
0.0478006
0.0490551
0.0671969
0.034456
0.0353976
0.0362009
0.0322699
0.0280041
0.0283094
0.0271625
0.0271777
0.0266124
0.0280123
0.0551659
0.0305706
0.0299138
0.0301877
0.040641
0.0322458
0.0321122
0.0232376
0.0225088
0.0231419
0.0229554
0.0231021
0.023654
0.0242486
0.0242417
0.0233133
0.0329598
0.0377526
0.0313645
0.0355626
0.0250331
0.0240725
0.0237346
0.022925
0.0230212
0.0236051
0.0231099
0.0229741
0.0237867
0.0281513
0.0264499
0.0271341
0.0246184
0.0285742
0.02497
0.0233235
0.0227973
0.0236313
0.0222323
0.0220928
0.0233054
0.0245254
0.0228444
0.0221114
0.0228629
0.0223659
0.0225669
0.0224037
0.0225589
0.0219257
0.0222213
0.0223776
0.0217499
0.0234554
0.0236633
0.0218083
0.021795
0.0224452
0.0230975
0.0216155
0.0226566
0.0221355
0.0217463
0.0221082
0.0224763
0.0222014
0.0235298
0.0234394
0.0220647
0.0231663
0.0227702
0.0224479
0.0222518
0.0232851
0.022542
0.0220698
0.0230664
0.0224907
0.0224847
0.0219651
0.0223491
0.0211001
0.0226247
0.0240711
0.0250683
0.0250253
0.0289137
0.0252614
0.0300868
0.0216964
0.0318944
0.024262
0.0329098
0.0250938
0.023868
0.0225475
0.0262009
0.0254959
0.0270588
0.0243172
0.0258759
0.0240607
0.0223684
0.0231607
0.0310972
0.0323358
0.0250111
0.0342175
0.0374018
0.0322089
0.029716
0.0279931
0.0315632
0.0276931
0.0270442
0.0339965
0.0332463
0.0223206
0.0236556
0.0260046
0.0244521
0.0236252
0.0249935
0.0235161
0.0263634
0.0240752
0.0272087
0.0245346
0.0264292
0.0235695
0.0265183
0.0233302
0.0241663
0.024236
0.0281517
0.023246
0.0274356
0.0235196
0.0256203
0.0228258
0.0264931
0.0249675
0.0256354
0.0242758
0.029333
0.0230463
0.0228529
0.0223335
0.0251284
0.023607
0.0221064
0.0222572
0.0244983
0.0217825
0.0237085
0.0227559
0.0227667
0.0234707
0.0230189
0.0236493
0.0217348
0.0245671
0.0248984
0.0245795
0.0242948
0.025385
0.0247856
0.0257907
0.02782
0.0253891
0.0265252
0.0248215
0.0245827
0.0242109
0.0249853
0.026044
0.0274332
0.0238037
0.0258142
0.0251506
0.0259816
0.0239053
0.0252024
0.0277928
0.0263674
0.0247299
0.0272374
0.0253301
0.0269584
0.0269528
0.0291947
0.0243249
0.0235553
0.0304129
0.0235123
0.0302691
0.0247499
0.0280549
0.0236117
0.0296904
0.0239608
0.02806
0.0250997
0.0266079
0.0235422
0.0236244
0.0246783
0.0234735
0.0228938
0.0245758
0.0226238
0.0262118
0.0237606
0.0240432
0.0217225
0.0251409
0.0238747
0.0235969
0.0222686
0.0245626
0.0242252
0.0264387
0.0223194
0.0300209
0.0250211
0.0258568
0.0256665
0.0241478
0.0243778
0.0242851
0.0234301
0.0275626
0.0276532
0.0270216
0.0259226
0.0234077
0.0325666
0.0244629
0.0262281
0.0216196
0.0268781
0.023636
0.024954
0.0220881
0.0251652
0.0327782
0.0298977
0.0247466
0.0251764
0.0253854
0.0252992
0.0265387
0.0230167
0.0239918
0.0250701
0.0271369
0.0231491
0.0248168
0.0226141
0.0247104
0.0260965
0.0256414
0.0252214
0.0284246
0.0231458
0.0271359
0.0250751
0.028849
0.0233957
0.0293128
0.0246353
0.0306158
0.0268348
0.0253526
0.0284238
0.0239413
0.0303253
0.0261145
0.0319372
0.0238484
0.0244947
0.0242148
0.0246013
0.0274236
0.0251789
0.0237976
0.0260323
0.0234188
0.0235935
0.0231804
0.0234224
0.0228455
0.0269095
0.0227439
0.0223395
0.023882
0.0256358
0.0229287
0.0231069
0.0234326
0.0256954
0.0213262
0.0236701
0.024805
0.0250153
0.0237687
0.0250316
0.0237245
0.0261106
0.022927
0.0289444
0.0224494
0.0255927
0.0226785
0.0240966
0.0217812
0.0249365
0.0227865
0.0290016
0.0229571
0.0262343
0.023596
0.0276712
0.0242289
0.0291021
0.0224262
0.0236458
0.0233036
0.0248725
0.0225334
0.0245568
0.0218644
0.0249273
0.0220366
0.0226363
0.0227967
0.0241718
0.023349
0.0229228
0.0239143
0.0217247
0.0238086
0.0235879
0.0234525
0.0224325
0.0255235
0.0236118
0.0239569
0.0224358
0.0257768
0.0217963
0.0243199
0.0223849
0.0254762
0.0224036
0.0235454
0.023314
0.0235731
0.0226201
0.0220517
0.0229576
0.0231489
0.0227244
0.0210558
0.0261983
0.0229529
0.024775
0.02184
0.0240107
0.0231342
0.0256706
0.0219417
0.0236033
0.0222326
0.0237656
0.0228919
0.0230759
0.0230517
0.0220174
0.0243752
0.0231676
0.0231252
0.022475
0.0239552
0.0231357
0.0239912
0.0226354
0.0247986
0.0217844
0.02415
0.0223718
0.0304041
0.0235762
0.0275997
0.0226635
0.02728
0.0239086
0.0259161
0.023831
0.0249436
0.0224123
0.0258214
0.0223048
0.0247271
0.0220178
0.0252745
0.0222648
0.024974
0.0219899
0.0232373
0.0231602
0.0249698
0.0229637
0.0229257
0.0224016
0.0218219
0.0241439
0.0221777
0.023687
0.0222097
0.0251186
0.021648
0.0233591
0.0225902
0.0236341
0.0220494
0.0227865
0.0233283
0.0234768
0.0228722
0.0225443
0.0234519
0.0223687
0.0224602
0.0226466
0.0228728
0.0226914
0.0237465
0.0221014
0.0226297
0.0230187
0.0229745
0.0224198
0.0225307
0.0238744
0.0238664
0.0232149
0.0224667
0.0228301
0.0218133
0.0233991
0.0231197
0.0242663
0.022225
0.0234026
0.0212699
0.0224085
0.0232263
0.0231839
0.0225621
0.0236818
0.0224202
0.0214934
0.0233823
0.0214193
0.0234111
0.022029
0.0220092
0.0220431
0.02282
0.0230253
0.0247503
0.0222306
0.0234021
0.0232792
0.0246475
0.0255758
0.0230783
0.0269934
0.0237578
0.0246023
0.0228697
0.0224925
0.0214038
0.0238421
0.0222581
0.0254798
0.0236141
0.0256101
0.0232824
0.0251265
0.0235705
0.0246618
0.0221899
0.0231277
0.0273088
0.0231534
0.023389
0.024364
0.0252377
0.0246961
0.0231116
0.023472
0.0236415
0.0238179
0.0239581
0.0245614
0.024236
0.0230657
0.0249238
0.0233088
0.0231901
0.0220643
0.0227596
0.0222765
0.0233096
0.0216685
0.024396
0.0225534
0.0245369
0.021932
0.0233041
0.0224204
0.0223988
0.0222953
0.0219887
0.0241028
0.022408
0.0220361
0.0235222
0.0227884
0.0229233
0.0255283
0.0228359
0.0242692
0.0234838
0.0243295
0.0231259
0.0246611
0.0222858
0.0254254
0.0264303
0.0259964
0.0257307
0.0251841
0.0225726
0.0258178
0.0241038
0.0230317
0.0225139
0.0249366
0.0232193
0.0237693
0.0241696
0.0224686
0.023639
0.0232007
0.0244494
0.0228302
0.0254265
0.0263822
0.0257679
0.0228119
0.0235446
0.0236672
0.0240255
0.0216297
0.0238634
0.0224519
0.023906
0.0217692
0.0246777
0.0224271
0.024973
0.0228094
0.0338975
0.0262105
0.0238866
0.022893
0.0231335
0.0222915
0.023506
0.0222511
0.0235994
0.0219823
0.0234456
0.0228568
0.0229232
0.022774
0.0237011
0.0255771
0.0263043
0.0247848
0.0237931
0.0233707
0.0240641
0.0239053
0.0235717
0.02313
0.0223318
0.0227136
0.0223227
0.0276597
0.0242238
0.023941
0.0236293
0.023414
0.0215045
0.0231069
0.0229683
0.0218676
0.0223945
0.0223917
0.0232056
0.0221357
0.0227043
0.024312
0.0223666
0.022251
0.0214942
0.0231267
0.0231041
0.0222915
0.022355
0.0223187
0.0222499
0.0228385
0.0222058
0.0220352
0.0218717
0.0242691
0.0224988
0.0231277
0.0262584
0.0258999
0.0220642
0.0267653
0.0232006
0.0238032
0.0211127
0.0263945
0.0233568
0.024007
0.0231757
0.0280729
0.0230511
0.0251905
0.0231067
0.0249559
0.022794
0.0235659
0.0228639
0.0242265
0.0266837
0.0250987
0.0240149
0.0246947
0.0237077
0.0255279
0.0236377
0.0248793
0.0234755
0.027498
0.02439
0.0238741
0.0230412
0.0248728
0.0231921
0.0243677
0.0235485
0.02383
0.023051
0.0227559
0.0230798
0.0227467
0.0235414
0.0231703
0.0234639
0.0227094
0.0260522
0.0251497
0.0235431
0.0234619
0.0283547
0.0248243
0.0246364
0.0221674
0.025833
0.0249265
0.0239855
0.0223262
0.026387
0.0228556
0.0240524
0.0240568
0.0287226
0.0245908
0.0258939
0.0226198
0.0248541
0.0237529
0.0258466
0.0235953
0.0243369
0.0228429
0.0266199
0.0237619
0.0242786
0.0230327
0.0244542
0.0238652
0.0251639
0.0231568
0.0244931
0.0229641
0.0255188
0.0242779
0.0260827
0.0223087
0.0261452
0.0222202
0.0290714
0.0232297
0.0232302
0.0229131
0.0278266
0.0221473
0.0256846
0.0240756
0.0246709
0.0218639
0.0256909
0.0223143
0.0240548
0.0232576
0.0238698
0.0221159
0.0231504
0.0235883
0.0229566
0.0230098
0.0266491
0.0241025
0.0242755
0.0271739
0.0250522
0.0252681
0.0259049
0.0223077
0.0262492
0.0231532
0.0280359
0.0229859
0.02472
0.0258063
0.0254631
0.021556
0.0243482
0.0243216
0.0236167
0.0244369
0.030572
0.0275773
0.0300836
0.0246658
0.0240697
0.0227447
0.0249728
0.0222887
0.0232042
0.0226768
0.0249039
0.0214489
0.02562
0.02319
0.0261243
0.0226303
0.0269631
0.0264619
0.0277843
0.0233898
0.0258759
0.022203
0.0257223
0.0236588
0.0266859
0.0237323
0.0244461
0.0225983
0.0235814
0.0230344
0.0260876
0.0229106
0.0227132
0.0231483
0.0229966
0.0225884
0.0230467
0.0231571
0.0231461
0.0233322
0.0231376
0.0241246
0.0227567
0.0235628
0.0233961
0.0301244
0.0232998
0.0259705
0.0245942
0.0274872
0.0264519
0.0223969
0.024571
0.0236654
0.0238994
0.0221794
0.0236991
0.0257339
0.023318
0.0228467
0.0225481
0.0215423
0.0221529
0.0225466
0.0219892
0.0220946
0.0221524
0.0227672
0.0223103
0.0228107
0.0233448
0.0227176
0.0234591
0.0258011
0.0233869
0.0233934
0.02313
0.0227051
0.0225161
0.0238964
0.0230681
0.0239407
0.0242204
0.0253865
0.0242956
0.0244033
0.0251882
0.0230587
0.0223482
0.0229172
0.0240145
0.0233696
0.0227542
0.0226782
0.0233112
0.0227872
0.0225267
0.0228566
0.0228789
0.0226744
0.0226043
0.0237263
0.0230718
0.0227157
0.0226864
0.0222311
0.0218938
0.0233565
0.0230378
0.0223557
0.0217719
0.0220544
0.0224284
0.0233858
0.0232888
0.0228496
0.0217859
0.0227331
0.0221313
0.0222108
0.022364
0.0222814
0.0225788
0.0227924
0.0226293
0.0232524
0.0219533
0.0227041
0.0221122
0.024296
0.0246857
0.0253791
0.022773
0.0228028
0.0227742
0.0233562
0.021678
0.0223865
0.0226795
0.0223053
0.024934
0.022889
0.0224421
0.0219245
0.0226516
0.0218552
0.0222859
0.0216473
0.0224424
0.0226491
0.0220038
0.0217294
0.0221048
0.022458
0.0212211
0.022289
0.0218345
0.021374
0.0225364
0.0221809
0.0218398
0.022651
0.0220535
0.0216278
0.0219602
0.0220157
0.02144
0.0225169
0.0223817
0.0217215
0.0220834
0.0228844
0.0224733
0.0217131
0.0219519
0.021714
0.0217498
0.0224911
0.0222593
0.0217535
0.0225296
0.0219613
0.0220124
0.0219612
0.0218835
0.0218433
0.0225248
0.0218727
0.0221968
0.0230669
0.0215717
0.0224438
0.0220233
0.0217213
0.0225161
0.0224706
0.0227378
0.0220806
0.0219507
0.0220717
0.0223941
0.0218881
0.0217591
0.022488
0.0223321
0.0221703
0.0226381
0.0226757
0.0224526
0.0222504
0.0226225
0.0217915
0.0232724
0.0223631
0.0218953
0.0227172
0.0227705
0.0226761
0.022622
0.0236221
0.0212497
0.0218463
0.0225827
0.021646
0.0222748
0.0220826
0.0218752
0.0225499
0.0215489
0.0218431
0.0220986
0.0219519
0.0214954
0.0222841
0.022133
0.0223846
0.0245968
0.0234044
0.0232145
0.0226175
0.0224121
0.0224023
0.0220668
0.0224264
0.0220448
0.0224205
0.0223673
0.0212634
0.0222687
0.0219445
0.0213451
0.023055
0.0253724
0.0256997
0.0273826
0.0245171
0.0361339
0.0263607
0.0313824
0.0319738
0.0240453
0.0255047
0.02196
0.0235441
0.023491
0.0221274
0.0227255
0.0218855
0.0225329
0.02267
0.0225045
0.0222403
0.0228004
0.022703
0.0227167
0.0224543
0.0224308
0.0223148
0.0223896
0.0222521
0.0223168
0.0219794
0.0221064
0.0222696
0.022495
0.0219482
0.0219943
0.0219462
0.0215625
0.021612
0.0218385
0.0218302
0.0216149
0.0219167
0.0219222
0.0217525
0.0306887
0.0589824
0.0502808
0.0239777
0.028151
0.025088
0.0250993
0.0246273
0.0258208
0.0259366
0.0232034
0.0220454
0.0227691
0.0222531
0.025216
0.022306
0.0229442
0.0216257
0.0228123
0.0214665
0.0221312
0.0218519
0.0219825
0.0216768
0.0225809
0.0221543
0.0215554
0.0236035
0.0219325
0.0219297
0.0226472
0.0225976
0.021789
0.0224923
0.0219168
0.0220758
0.0223724
0.0220596
0.0214593
0.022243
0.022127
0.0220349
0.0237204
0.0221374
0.0219288
0.0224198
0.0227414
0.0235862
0.0236995
0.0228124
0.0212135
0.0228601
0.0219767
0.0213662
0.0236304
0.0227641
0.0228456
0.0223527
0.0252088
0.0228578
0.02219
0.0214613
0.0219988
0.022199
0.0222337
0.0220564
0.022705
0.0224749
0.0226093
0.0233855
0.0224948
0.0223776
0.0219984
0.0229214
0.0219005
0.0222897
0.0226094
0.0228053
0.022076
0.0222723
0.0218569
0.0218227
0.0217842
0.0215859
0.0214868
0.0232459
0.0227878
0.0220713
0.0222659
0.0226908
0.0227701
0.0233095
0.024366
0.0224727
0.0216826
0.0247021
0.0221309
0.0224804
0.0221039
0.0219317
0.0221745
0.0221759
0.0219523
0.0215487
0.0220999
0.0219484
0.0214134
0.0220219
0.0214318
0.0217033
0.0221445
0.0217021
0.0219983
0.0222652
0.0227111
0.0224653
0.0221268
0.0217193
0.0222931
0.022036
0.0218577
0.0221425
0.0215363
0.0214942
0.022036
0.0222093
0.0218283
0.0222814
0.0222824
0.0214203
0.0223658
0.0214709
0.0215689
0.022315
0.021508
0.0236333
0.0236943
0.0216959
0.0218657
0.0227725
0.0218771
0.022627
0.0219442
0.0218268
0.0220032
0.0223461
0.022605
0.0225754
0.02193
0.0230981
0.0219931
0.0221116
0.0216367
0.0215096
0.021984
0.0219395
0.0217839
0.02227
0.0226293
0.0235783
0.0246872
0.0234523
0.0238942
0.0223327
0.0215679
0.0212978
0.0220039
0.0221004
0.0213163
0.0221071
0.0224077
0.0217132
0.0219769
0.0219686
0.0215416
0.0224992
0.0217383
0.0214695
0.0217683
0.0225888
0.0220541
0.0244856
0.0225779
0.0218774
0.0217177
0.022335
0.0215726
0.021801
0.0215637
0.0220644
0.022278
0.0216746
0.0221139
0.0222346
0.0215158
0.0217109
0.022281
0.021393
0.0220166
0.0224691
0.0218322
0.0234567
0.0226713
0.0230874
0.0221383
0.02209
0.021686
0.0217603
0.0227531
0.0218134
0.0226055
0.0219927
0.021586
0.0226816
0.0242573
0.0222877
0.0226691
0.0234794
0.0215064
0.0229079
0.0222986
0.0223152
0.0245473
0.0232216
0.0219226
0.0225714
0.024204
0.0219077
0.0230276
0.0223038
0.0216879
0.0221232
0.0244276
0.0224469
0.0290778
0.0221538
0.022773
0.0216552
0.0221061
0.0221623
0.021977
0.0228884
0.0261894
0.0242366
0.0244633
0.0231242
0.0222478
0.0225617
0.0218341
0.0225315
0.0214231
0.0214663
0.0223287
0.0219136
0.0217094
0.0221483
0.0223621
0.0216914
0.0227617
0.0217936
0.0219613
0.0228188
0.0229184
0.0218544
0.0223797
0.0219942
0.0219493
0.0225732
0.0218652
0.0237181
0.0224993
0.0227176
0.0218491
0.0234912
0.0225526
0.0224115
0.0224595
0.0226395
0.0224466
0.0229178
0.0219361
0.0213761
0.0223717
0.0217311
0.0215215
0.0230664
0.0225854
0.0216083
0.0224032
0.021716
0.0217281
0.0228107
0.0223527
0.0228827
0.0222001
0.0221125
0.0216769
0.022352
0.0219829
0.0215652
0.0224746
0.0221909
0.0214985
0.0222936
0.022271
0.0240135
0.0223828
0.0219985
0.0214464
0.022154
0.0218065
0.0227265
0.0217996
0.0219631
0.0226999
0.0219325
0.0239341
0.0226918
0.0222363
0.0215125
0.0223113
0.0220414
0.0224557
0.0222174
0.0222177
0.021769
0.0219012
0.0218741
0.0217311
0.0224806
0.0220913
0.0215604
0.0221664
0.0223059
0.0219611
0.0229872
0.0227395
0.0229848
0.0220004
0.0226099
0.0218085
0.0227642
0.0215241
0.0215899
0.0218908
0.0217168
0.0217583
0.0225531
0.021467
0.0219584
0.0229138
0.021471
0.0221562
0.0221823
0.0219167
0.0221234
0.0230695
0.0227951
0.0219405
0.0225829
0.0224337
0.0226932
0.0223557
0.0223423
0.0245292
0.0268583
0.0243324
0.0236702
0.0249021
0.0236253
0.0265522
0.0262896
0.0226045
0.0225272
0.0216886
0.0218279
0.022779
0.0223869
0.022727
0.0224288
0.0224361
0.0227193
0.024171
0.0234072
0.023206
0.0231227
0.0226421
0.0226203
0.0217125
0.0249528
0.0255847
0.0253546
0.0254512
0.027013
0.0268453
0.0235696
0.0232963
0.0242457
0.0227252
0.0230691
0.0217417
0.0231806
0.0221019
0.0223611
0.0218498
0.0219847
0.0225386
0.0224797
0.0225998
0.0223474
0.022737
0.0220429
0.0221415
0.0226997
0.0219967
0.0223104
0.0230161
0.0233305
0.0231012
0.0232056
0.024222
0.0244658
0.025179
0.0250279
0.0251908
0.0289342
0.0308351
0.0309272
0.027566
0.0268648
0.0260962
0.0251687
0.0221724
0.0232428
0.0226675
0.0228514
0.023128
0.0221206
0.0220974
0.0225927
0.0236448
0.022224
0.0233266
0.0224332
0.0241261
0.0226869
0.0222581
0.0236289
0.0224788
0.021837
0.0221686
0.0220282
0.0217864
0.0220481
0.0222385
0.0222456
0.0218493
0.02238
0.0219712
0.021925
0.0227446
0.0225818
0.021831
0.0216967
0.0216178
0.0220597
0.0219108
0.0225715
0.0216639
0.0218319
0.0220013
0.0218512
0.0239527
0.0222758
0.0218864
0.0234073
0.0234306
0.0217501
0.0224698
0.0231369
0.0216187
0.0218091
0.0238366
0.022
0.0218739
0.0230773
0.0231707
0.0226129
0.0227995
0.0223776
0.0220562
0.0233086
0.0225078
0.0216663
0.021912
0.0228608
0.0216638
0.0220954
0.0226516
0.0217122
0.0216955
0.0220383
0.0223765
0.0224466
0.0218324
0.0218718
0.0218342
0.0218136
0.0218012
0.0220813
0.0220339
0.0226156
0.0219007
0.0219262
0.0220999
0.0220109
0.0220356
0.0222357
0.0220246
0.0222016
0.0218153
0.0220944
0.0220646
0.0222578
0.0223111
0.0217791
0.0225743
0.0215584
0.0214444
0.0218373
0.0225568
0.0230853
0.0219649
0.0220221
0.022341
0.0238951
0.0224429
0.0225778
0.0221342
0.0220669
0.0222103
0.0226263
0.0256047
0.0222516
0.0223954
0.0219308
0.0225562
0.0223442
0.0237241
0.0224517
0.0230586
0.0219608
0.02253
0.0217057
0.022483
0.0228726
0.0220575
0.0222069
0.0220159
0.0230799
0.0226228
0.0227583
0.021998
0.0231636
0.0220129
0.0239723
0.0219305
0.0229138
0.0218941
0.021868
0.0240687
0.021734
0.021913
0.0226255
0.0238788
0.0219864
0.0233412
0.0220432
0.0217995
0.0224097
0.0218114
0.0218806
0.0222556
0.022053
0.021831
0.0253302
0.0247729
0.0238952
0.0230719
0.024982
0.0228509
0.0230057
0.023661
0.0237607
0.0218221
0.0231272
0.022402
0.0247432
0.0225721
0.0222322
0.0227882
0.021671
0.0243448
0.0222662
0.0222017
0.0225911
0.0231525
0.0212557
0.0227261
0.0224724
0.0217318
0.0229055
0.0223944
0.0240808
0.0219402
0.0224632
0.0217312
0.0221832
0.0222051
0.0228067
0.0235256
0.0225424
0.0239085
0.0232592
0.0246719
0.0229459
0.0233131
0.0234797
0.0243186
0.0219969
0.0232584
0.0224501
0.0232038
0.0242755
0.0304134
0.033662
0.0234695
0.0220454
0.0223
0.0222013
0.0227793
0.0223986
0.0230035
0.0218309
0.0237214
0.0220313
0.0219001
0.02258
0.0225467
0.0216001
0.0218753
0.0233475
0.0222124
0.0219252
0.0228973
0.0240465
0.0218376
0.0223449
0.0221647
0.021971
0.0245954
0.0231876
0.023596
0.0223929
0.0241078
0.0216465
0.0222868
0.0226185
0.023285
0.0215879
0.0227491
0.0221933
0.0218669
0.0229585
0.0236291
0.0245056
0.0228883
0.0231167
0.0220771
0.0231772
0.0228594
0.0223569
0.0223513
0.0241849
0.0221717
0.0234213
0.0256699
0.0228114
0.0222145
0.02206
0.0230872
0.0219659
0.022112
0.0220393
0.0223973
0.0220071
0.0227635
0.021856
0.0231166
0.0220103
0.0214782
0.0221729
0.0219943
0.0223355
0.022426
0.0222837
0.0258395
0.0220909
0.0221908
0.022219
0.0227116
0.0228447
0.0220512
0.0218124
0.0237744
0.0220472
0.0219677
0.0228323
0.0219076
0.0218903
0.0224026
0.0225633
0.0216227
0.0224934
0.022178
0.0219301
0.0224201
0.0220046
0.0244161
0.0218479
0.0221218
0.0247237
0.0223129
0.0238596
0.0224119
0.024591
0.0223967
0.0224508
0.0232413
0.0235401
0.0227119
0.0229867
0.0238932
0.0231983
0.0234239
0.0248295
0.0235519
0.0221815
0.0266583
0.0231895
0.0236755
0.0224617
0.0245365
0.0238809
0.0246066
0.0218929
0.0245699
0.0240319
0.0223402
0.0224141
0.0242249
0.0257852
0.0233526
0.0249309
0.0241778
0.0224336
0.0230844
0.0241291
0.0233043
0.022465
0.0226693
0.0255355
0.0225319
0.0236163
0.0234621
0.0238375
0.0218656
0.0244744
0.0225373
0.0234691
0.0227037
0.0244018
0.0221538
0.0234403
0.0246697
0.025282
0.0227704
0.0230637
0.0235851
0.0215879
0.0231422
0.0240644
0.0226459
0.0226488
0.0229735
0.0230406
0.0233408
0.0224531
0.0235003
0.0215226
0.0226527
0.0243541
0.0218644
0.0225793
0.0220443
0.0222034
0.0228726
0.0235155
0.0216583
0.0257683
0.0216594
0.0246336
0.0229706
0.0231009
0.0233504
0.0226043
0.0220646
0.0222147
0.0231604
0.0220879
0.0229631
0.0226887
0.0221856
0.0217965
0.0234849
0.0222355
0.0234512
0.0229867
0.0233562
0.0223853
0.0227509
0.0228584
0.0249248
0.0225975
0.0227257
0.0250664
0.0252313
0.0252968
0.022683
0.0228394
0.0218769
0.0224299
0.0241323
0.0226455
0.0214013
0.0231922
0.0224236
0.0218781
0.023641
0.0223279
0.0225998
0.0236582
0.0237397
0.0219086
0.0227347
0.0228163
0.0225951
0.0222564
0.0263794
0.0243906
0.0256724
0.0240083
0.0276224
0.0245721
0.0242726
0.0242792
0.0265721
0.0233315
0.0252611
0.0219344
0.023687
0.0215887
0.0238118
0.0236973
0.0234022
0.0222065
0.023812
0.0238991
0.0235912
0.0259437
0.0265238
0.0244854
0.024192
0.0230651
0.0226213
0.0245987
0.0232749
0.0235627
0.0247668
0.0224535
0.0227674
0.0237988
0.0239714
0.0228682
0.0223732
0.0246149
0.0221589
0.0294618
0.0244211
0.0278569
0.0230283
0.0255078
0.0220467
0.0267402
0.0228719
0.0233825
0.0220519
0.0270167
0.0232444
0.0282898
0.0219446
0.0241832
0.0244657
0.0258342
0.0235821
0.0259395
0.0243214
0.0253164
0.0220991
0.0252325
0.0221573
0.0260692
0.0219991
0.026367
0.0232184
0.0243812
0.0216679
0.0250791
0.022363
0.0230361
0.0231738
0.0242429
0.0235845
0.0236704
0.0276007
0.0269898
0.0222752
0.0241073
0.0262244
0.027994
0.0223275
0.0246083
0.0245569
0.0290162
0.0233188
0.0260077
0.0237459
0.0240222
0.023812
0.02353
0.0227422
0.0237694
0.0224051
0.0231239
0.0245716
0.023575
0.023051
0.0227405
0.0230927
0.0224712
0.0226194
0.0229516
0.0232698
0.0225607
0.0233886
0.0224724
0.0231702
0.0217221
0.0221169
0.0227584
0.0228002
0.0240377
0.0227488
0.0225901
0.0225742
0.0228979
0.0227371
0.0254125
0.0218308
0.0239162
0.0220392
0.0243676
0.0219092
0.0225564
0.0227741
0.022971
0.0224947
0.0228987
0.0229691
0.0220442
0.0239433
0.0224316
0.0227793
0.0220419
0.0228091
0.0225282
0.0220509
0.0221697
0.0250964
0.0245128
0.0254837
0.0244248
0.025411
0.0234088
0.0246661
0.0231726
0.025657
0.0243728
0.0248345
0.0241958
0.0240916
0.0223634
0.0226056
0.0228776
0.0237462
0.0254239
0.0254862
0.0253724
0.022674
0.0232966
0.0231576
0.0219537
0.0219905
0.0245543
0.0221104
0.0241883
0.0228558
0.0240622
0.0215772
0.0223435
0.0234061
0.023011
0.0224497
0.0226379
0.0242847
0.0223781
0.0286527
0.0235794
0.0228549
0.0218861
0.0238728
0.0339194
0.0257062
0.0716129
0.0440604
0.0226011
0.0254781
0.0228297
0.0217582
0.0227962
0.0230948
0.0233715
0.0224648
0.025389
0.0215315
0.0251487
0.0226822
0.024519
0.0215941
0.0228027
0.0231694
0.022456
0.0235764
0.0228505
0.0233391
0.0225932
0.023398
0.0221726
0.0234906
0.0221795
0.0220578
0.0216989
0.0223813
0.0228882
0.0217889
0.0236409
0.0218948
0.0224548
0.0226421
0.0273282
0.0283143
0.026852
0.0230582
0.0235017
0.0261471
0.025687
0.0232409
0.0226074
0.0233759
0.0232581
0.0220523
0.0227069
0.0226911
0.0234627
0.0215821
0.0232159
0.0221013
0.0256909
0.0224209
0.0225481
0.0215889
0.0229295
0.022739
0.0217814
0.0221294
0.0231447
0.0232017
0.0218066
0.0227315
0.0225655
0.021776
0.0234737
0.022587
0.0217477
0.0238542
0.0254209
0.0230387
0.0223229
0.0220301
0.0238096
0.0214198
0.0237497
0.0220629
0.0223635
0.0239917
0.0228198
0.0220526
0.0226904
0.022367
0.021389
0.0227267
0.0224152
0.0216438
0.021762
0.0228109
0.0221579
0.0230082
0.0232732
0.0215794
0.0235901
0.0224573
0.0218471
0.0220408
0.0237959
0.0219206
0.0225275
0.0226172
0.0215481
0.0220127
0.0234399
0.0227333
0.0216494
0.0228269
0.0221588
0.0224183
0.0224127
0.0263333
0.0250581
0.0321686
0.0253926
0.0240153
0.0228987
0.0225248
0.022091
0.0223943
0.0229794
0.0235653
0.0220517
0.0230139
0.0229478
0.0234191
0.0232322
0.022016
0.0214188
0.0237479
0.0233397
0.0222795
0.0238957
0.0225029
0.0240756
0.0218777
0.0238946
0.0223323
0.0219949
0.0221936
0.0231757
0.0219475
0.0232611
0.0233428
0.02324
0.0225096
0.0226511
0.0242462
0.0215699
0.0231359
0.0221856
0.0238768
0.0220062
0.0227196
0.0234199
0.0261437
0.0242413
0.0227399
0.0223667
0.0223409
0.0228856
0.0219795
0.0232973
0.0251287
0.024141
0.0218929
0.0247219
0.0224048
0.0225616
0.022485
0.0257385
0.0217731
0.0233103
0.0228904
0.0223002
0.0220902
0.0229135
0.023181
0.023015
0.0262792
0.0275028
0.0236337
0.0229785
0.0241936
0.0230704
0.0227605
0.0228523
0.0232875
0.0231962
0.0227549
0.0227493
0.0239643
0.0226845
0.0224787
0.0238683
0.0241424
0.0223806
0.0237068
0.0242248
0.0222598
0.021749
0.0234423
0.0233278
0.0215608
0.0230178
0.0226367
0.0244533
0.0226628
0.0231437
0.0222259
0.0226199
0.0229418
0.0231353
0.0215322
0.0237776
0.0234365
0.0221419
0.0246367
0.0240282
0.025637
0.0230692
0.022731
0.0226768
0.0233818
0.0214797
0.0249949
0.0226702
0.02347
0.0225361
0.0223575
0.0222309
0.0236834
0.0244548
0.0233702
0.0228477
0.0250604
0.0236854
0.0225324
0.0235419
0.0233401
0.0290612
0.025793
0.0261439
0.0242257
0.0219331
0.0220873
0.0240189
0.0244639
0.0290522
0.0235437
0.0256588
0.0244601
0.0226305
0.0217873
0.0228903
0.0222671
0.0220427
0.0227156
0.0226133
0.0215498
0.0231906
0.0226985
0.0216405
0.0222187
0.0225124
0.0228498
0.0216389
0.0245565
0.0248911
0.0243358
0.0297713
0.0277867
0.0245533
0.0239568
0.0248569
0.0243044
0.0235257
0.0241477
0.0236668
0.0256346
0.0240105
0.0277449
0.0236505
0.0229535
0.0249811
0.0256423
0.0237885
0.0239832
0.0243638
0.0236322
0.024673
0.0239267
0.0238866
0.0252767
0.0234378
0.0241171
0.0224723
0.0241009
0.0211711
0.0250498
0.0224804
0.0237389
0.0218352
0.0237706
0.0220729
0.0230523
0.0229845
0.0226487
0.022526
0.0227539
0.0225982
0.0218148
0.0239277
0.0229748
0.0230713
0.0217441
0.0236016
0.021735
0.0215297
0.155425
0.0315516
0.0229891
0.0220697
0.0234675
0.0229553
0.0238295
0.0233216
0.0241024
0.0227294
0.0246661
0.0250017
0.0252555
0.02354
0.0235885
0.0241001
0.0255404
0.0237065
0.0226664
0.0245188
0.0254515
0.0236464
0.0244738
0.0245462
0.0255611
0.0240739
0.0249153
0.0240552
0.0249023
0.0224551
0.0237858
0.0234634
0.0233993
0.0229163
0.0226921
0.0239807
0.0218447
0.0236812
0.0219783
0.0247369
0.0226907
0.0233452
0.0229005
0.0221479
0.0229141
0.0242724
0.0229948
0.0230953
0.0228757
0.0236812
0.022931
0.022619
0.0235354
0.0224521
0.0228742
0.0228356
0.0222066
0.0220979
0.0226585
0.0230394
0.022452
0.0230707
0.0244736
0.0219581
0.0270768
0.0240269
0.0254078
0.0240553
0.0246514
0.0238769
0.0240975
0.0233563
0.0239821
0.0249162
0.0232031
0.023046
0.0229676
0.0225267
0.0219012
0.0241323
0.0223432
0.0230833
0.0235895
0.0230362
0.0220504
0.0224833
0.0235505
0.0221779
0.022501
0.0223472
0.024526
0.0220838
0.0258923
0.0224532
0.0254335
0.022222
0.0257319
0.0221319
0.0248138
0.0225987
0.0247316
0.0216417
0.0242353
0.0232667
0.0235362
0.0225321
0.0241244
0.0250194
0.0237109
0.0232202
0.0230584
0.0245001
0.0250425
0.0229936
0.0232032
0.0261617
0.0223399
0.0232722
0.0222577
0.0228907
0.0223865
0.0241467
0.0224956
0.022605
0.0230546
0.0243682
0.0227803
0.0230609
0.0232996
0.0241257
0.0227448
0.022034
0.0237381
0.022573
0.0246585
0.0229455
0.0229227
0.0219385
0.023783
0.022161
0.0255773
0.0218534
0.023522
0.022437
0.0218933
0.0228279
0.0223779
0.022136
0.0228176
0.0235636
0.0230078
0.0226823
0.0227691
0.0228422
0.021983
0.0236746
0.0229636
0.0224344
0.0243814
0.0233317
0.0217534
0.0219813
0.0229771
0.0227018
0.0664891
0.0523442
0.051196
0.0280428
0.0278891
0.0283451
0.0240984
0.0227293
0.0241606
0.0240337
0.0235279
0.0223894
0.0254135
0.0231295
0.0250579
0.0223938
0.0261525
0.0225559
0.0252787
0.0211852
0.0285099
0.0223054
0.0253673
0.0224564
0.0266012
0.0224666
0.0267727
0.0222818
0.0253146
0.0222729
0.0265607
0.0224537
0.0249649
0.0226938
0.0259364
0.0219702
0.0245521
0.0220307
0.0227244
0.0238459
0.0231142
0.0228208
0.0224174
0.0257358
0.0263842
0.0227436
0.0217354
0.024118
0.023676
0.022731
0.0232009
0.0225867
0.0217733
0.0239037
0.0227891
0.0234335
0.0223765
0.0246366
0.02208
0.0217581
0.02302
0.0244318
0.0227821
0.0235677
0.0228581
0.0221993
0.0228024
0.0224056
0.0217949
0.0231474
0.0223706
0.021743
0.0224811
0.0231155
0.0218931
0.0223538
0.022706
0.0227246
0.021893
0.0222643
0.0221706
0.0225711
0.0249812
0.0223364
0.0215916
0.0230529
0.023376
0.0216977
0.0231664
0.0228202
0.0222694
0.0219224
0.0220886
0.0226022
0.0221792
0.022599
0.0227704
0.0221332
0.022758
0.0223004
0.0219217
0.0217706
0.0222842
0.0220143
0.0216735
0.0226558
0.0220674
0.0225791
0.0222753
0.0218383
0.0216422
0.021854
0.0219074
0.0225874
0.0229339
0.0219267
0.0216371
0.0224875
0.0255701
0.0226444
0.0226651
0.0253809
0.0222492
0.0232416
0.0223831
0.023747
0.0218214
0.0227118
0.0227091
0.0220231
0.0221204
0.0224419
0.0217324
0.0219201
0.0227567
0.0248565
0.0256148
0.0227025
0.0236355
0.0223454
0.0242395
0.0223213
0.0229519
0.0225057
0.0256668
0.0217987
0.022641
0.0225256
0.0225978
0.0217051
0.0234871
0.0227515
0.0219219
0.0247448
0.022964
0.0215307
0.0228184
0.023043
0.0226651
0.0239779
0.0263308
0.0234608
0.0234943
0.024646
0.0250604
0.0240575
0.0230298
0.0255455
0.0243064
0.0234335
0.0216701
0.0222289
0.0228607
0.0223739
0.0217223
0.0226493
0.0216584
0.0225692
0.0227962
0.0226208
0.0219675
0.0223579
0.0223821
0.02189
0.0226956
0.0226275
0.0219596
0.0227629
0.0221522
0.0219288
0.0222064
0.0227366
0.022331
0.0222604
0.0260493
0.023095
0.0217257
0.0220927
0.0225628
0.0219951
0.0220184
0.0224644
0.0222075
0.0223948
0.0228348
0.0218362
0.021852
0.0240773
0.0234549
0.0222396
0.0224262
0.0247448
0.0217613
0.0219776
0.0221366
0.0218741
0.0230134
0.022923
0.0218546
0.0219941
0.0238917
0.0247802
0.0222382
0.022393
0.0309641
0.0328107
0.0272903
0.0217745
0.0228047
0.0235315
0.0217139
0.0224637
0.0219755
0.0214849
0.0231502
0.0220268
0.0212976
0.0225307
0.0228654
0.021452
0.0230347
0.0223649
0.0228197
0.0251606
0.0245623
0.0251305
0.0228722
0.0244687
0.0246102
0.0254918
0.0231036
0.0222358
0.0226244
0.0230746
0.023004
0.0223645
0.0221796
0.022815
0.0223077
0.0220846
0.0214852
0.0221889
0.0229971
0.0226292
0.0230108
0.0221335
0.0229279
0.0221443
0.023111
0.0226045
0.0218098
0.0223098
0.023497
0.0220563
0.0218388
0.0227778
0.0218608
0.0228101
0.0222863
0.0218978
0.0219288
0.0233908
0.0218885
0.0216266
0.0224569
0.0225925
0.0217517
0.0227657
0.0226785
0.0216006
0.022622
0.0219849
0.0215648
0.0221099
0.0223628
0.021575
0.0221276
0.0222433
0.0213919
0.0224409
0.0216708
0.0220284
0.0223022
0.0223816
0.0215471
0.0222372
0.0212806
0.021799
0.0238097
0.0220479
0.0226928
0.0235568
0.0221389
0.0218008
0.0231792
0.0222438
0.0215265
0.0226817
0.0224225
0.0215097
0.0224333
0.0224057
0.022455
0.0216356
0.0234572
0.0221056
0.0223357
0.0223693
0.0220901
0.0221613
0.0221852
0.0220669
0.0218139
0.0224281
0.0220518
0.0219586
0.0220052
0.0225117
0.0217489
0.0224784
0.0217404
0.0215565
0.0225948
0.0216922
0.0217615
0.0221407
0.0222066
0.021329
0.0224713
0.0233981
0.0241467
0.0228718
0.0226649
0.0227983
0.0223343
0.0225038
0.0225246
0.0223942
0.0215669
0.0222767
0.022485
0.0219542
0.0224909
0.0215113
0.0220682
0.022501
0.0215338
0.0215018
0.0235143
0.02205
0.0220167
0.0222667
0.0219259
0.0219108
0.0237118
0.0220529
0.0215324
0.0219674
0.0225632
0.021711
0.0221879
0.0216617
0.0214752
0.0220589
0.0224348
0.0213086
0.022901
0.0221029
0.021359
0.0231542
0.0220175
0.0223224
0.0233585
0.0222265
0.0214455
0.0231538
0.0222319
0.0218765
0.0249737
0.0224628
0.023942
0.024631
0.0225227
0.0237307
0.0227074
0.0233514
0.0226428
0.0225834
0.0219648
0.0228064
0.0220648
0.022062
0.0221761
0.0226051
0.0223775
0.0229658
0.0227152
0.0229937
0.0215298
0.0222613
0.022999
0.0233534
0.0223044
0.021802
0.0218556
0.0226818
0.0227791
0.0222062
0.0232022
0.022901
0.0221522
0.0227746
0.022315
0.0217296
0.0225858
0.0226159
0.0219145
0.0222786
0.0224226
0.0226443
0.022834
0.0229603
0.0221423
0.0232384
0.024513
0.0227968
0.0218533
0.0220284
0.0230297
0.0226958
0.0219665
0.0223854
0.0220941
0.0214828
0.022398
0.021828
0.021766
0.0228809
0.022691
0.0218756
0.0227866
0.0231232
0.0222727
0.0220284
0.0223492
0.0217258
0.0232972
0.0222888
0.0214374
0.0223221
0.0224047
0.0215365
0.0227225
0.022785
0.022893
0.02129
0.023546
0.0239079
0.0245018
0.0241536
0.0233631
0.021902
0.0222265
0.0228014
0.0218348
0.0224501
0.0229231
0.022127
0.0219912
0.022119
0.0223693
0.022028
0.0223968
0.0220024
0.0216815
0.0223346
0.0231685
