4177.06
4135.31
4497.32
3997.81
3924.71
3990.56
4003.86
4002.54
3937.26
3952.16
3947.34
3979.41
3959.3
3983.21
3972.05
3975.34
3955.92
3915.45
3887.26
3948.42
3959.44
3929.6
3889.57
3938.81
3948.19
3901.68
3928.08
3977.14
4476.56
4007.91
4500.72
4219.16
4595.35
4546.55
5040.41
4430.57
4234.98
4100.15
4074.59
4095.9
4228.68
4290.31
4173.5
4138.9
4191.25
4698.74
5096.1
4471.13
4055.49
4346.89
4018.22
4079.05
4061.02
4209.37
4105.31
4265.07
4726.92
4536.33
4523.92
4299.63
4771.69
4235.1
4680.74
4299.23
4337.87
4019.42
4069.94
4077.95
4441.07
4106.88
4191.09
3995.43
3964.15
4201.93
4410.1
4472.59
4603.73
4630.41
4650.07
4480.68
4360.85
3958.05
4435.98
3969.12
4092.01
4071.44
4127.91
4087.13
4064.84
3981.78
4510.51
4134.82
3993.9
4034.99
4014.63
3951.09
3931.49
3958.24
3986.86
3942.95
