0.0137069
0.0134982
0.0140308
0.0137284
0.013722
0.0136324
0.0139923
0.0149809
0.0143259
0.0149407
0.0142919
0.0138455
0.015189
0.0147702
0.0138841
0.0143259
0.0160832
0.014171
0.0151324
0.0141788
0.0142336
0.0159212
0.014833
0.0138734
0.0138059
0.0145725
0.0139312
0.0137439
0.0143941
0.0137036
0.0136829
0.0138322
0.0136263
0.0136856
0.0136743
0.014428
0.0137447
0.0139607
0.0170122
0.0137312
0.0137211
0.0149507
0.0138487
0.0139654
0.0160265
0.0153784
0.0139369
0.0143928
0.0138672
0.0138623
0.0136307
0.0138954
0.013572
0.0137491
0.0136971
0.0149709
0.0137673
0.0137781
0.0137161
0.0143534
0.0138827
0.0137065
0.0135321
0.0137273
0.0135767
0.0138249
0.0136789
0.0135726
0.0137605
0.0140188
0.0135883
0.0136351
0.0137519
0.0136994
0.0135419
0.0137742
0.0138582
0.0138805
0.0139529
0.0138393
0.0137994
0.0137658
0.0138478
0.0148293
0.0143396
0.0144935
0.0143642
0.0139543
0.0155311
0.0146497
0.0140875
0.0139587
0.0148233
0.0142257
0.0149912
0.0174318
0.0145404
0.0145261
0.014258
0.0147829
0.013814
0.0142917
0.0139806
0.0136599
0.0140611
0.0140055
0.013855
0.0137495
0.0138604
0.0139348
0.0136854
0.0136581
0.013754
0.0135718
0.0139827
0.0138554
0.0152894
0.0145791
0.0146854
0.0141433
0.0141446
0.0152038
0.0144677
0.0146073
0.0143269
0.0139125
0.0140102
0.0147962
0.0142087
0.013636
0.0141021
0.0137987
0.0137832
0.0136305
0.0137303
0.0137033
0.0136993
0.01371
0.0136152
0.0140136
0.014144
0.0136287
0.0135412
0.0136016
0.0137302
0.0138118
0.0141617
0.0140648
0.0141017
0.0137721
0.0137516
0.0139433
0.0136593
0.0136993
0.0138481
0.0139197
0.0142512
0.0138133
0.0139056
0.0138304
0.013705
0.0137425
0.0145309
0.0138203
0.0141106
0.0153056
0.0143838
0.0139593
0.0140654
0.013765
0.0146647
0.0156048
0.014962
0.0146039
0.0156805
0.0150565
0.0140987
0.0140572
0.0136858
0.0135144
0.0137245
0.0141563
0.0136846
0.013649
0.0138159
0.0137898
0.0134792
0.0137904
0.0162417
0.0147264
0.0135964
0.0139293
0.0137126
0.0137689
0.0155464
0.0144303
0.0140537
0.0145449
0.014199
0.0135275
0.0136551
0.0137289
0.0137748
0.0135114
0.0135188
0.0135893
0.0136141
0.013642
0.0160709
0.0139411
0.0142316
0.0137961
0.0136449
0.0136744
0.0139847
0.0136665
0.0139943
0.0135315
0.0138204
0.0142158
0.0137383
0.0142546
0.0137569
0.0141105
0.0137643
0.0138272
0.0140399
0.0139405
0.0140002
0.013714
0.0136583
0.0137726
0.0137203
0.0136747
0.0135425
0.0140314
0.013589
0.01432
0.0138406
0.0136752
0.0136598
0.0139671
0.0143203
0.0136682
0.0137515
0.0144624
0.0137498
0.0137447
0.0137476
0.0155349
0.0141524
0.0135441
0.0137597
0.0138177
0.0135808
0.01419
0.0141436
0.0136655
0.0138528
0.0138891
0.0136436
0.0135701
0.0137374
0.0137095
0.0137352
0.0137491
0.0136222
0.0135383
0.0136128
0.0136412
0.0136346
0.0136493
0.0139969
0.013765
0.0137749
0.0136647
0.0134985
0.0137995
0.0139007
0.0137737
0.0140293
0.0138418
0.0135433
0.013746
0.0136117
0.0135753
0.0138161
0.0136226
0.0136373
0.0142092
0.0138428
0.0137194
0.0139135
0.0138717
0.0136897
0.013658
0.0139456
0.0141202
0.0137416
0.0138208
0.0138018
0.0135554
0.014082
0.0139334
0.0136328
0.0141646
0.0140061
0.0136892
0.013898
0.0139382
0.0136933
0.014216
0.0140067
0.0141982
0.0137221
0.0137401
0.013672
0.0137998
0.0141982
0.0142835
0.0138701
0.0140371
0.0138108
0.0141252
0.0138327
0.0138365
0.014673
0.0148046
0.0140377
0.0138638
0.013945
0.0136617
0.0136872
0.0138617
0.0136436
0.0135623
0.0137262
0.013831
0.0138748
0.014236
0.0139781
0.0141051
0.0136417
0.0136472
0.013838
0.0141391
0.0136355
0.0137063
0.0138891
0.013795
0.0139235
0.0146323
0.0137726
0.0169199
0.0138022
0.0143163
0.0138049
0.0137514
0.0136471
0.0135195
0.013752
0.0136808
0.0135832
0.0138796
0.0137172
0.013736
0.013811
0.0137323
0.0138288
0.0139008
0.015292
0.0146542
0.0145385
0.0149375
0.0139299
0.0140097
0.0146106
0.0141669
0.0140007
0.0139213
0.0161762
0.0143527
0.0139319
0.0137497
0.013786
0.0136284
0.0139097
0.0137463
0.0136654
0.0137072
0.0139037
0.0137517
0.0138301
0.0141491
0.0136702
0.0136786
0.0140385
0.0136894
0.0137207
0.014105
0.0136194
0.013778
0.0142441
0.0143315
0.0144824
0.0135285
0.0137592
0.0141084
0.0138192
0.01373
0.0141513
0.0136543
0.0138155
0.0137543
0.0137346
0.013799
0.0137105
0.0140709
0.0137404
0.014283
0.0140909
0.0138249
0.0141049
0.0142883
0.0145456
0.013939
0.0141982
0.0139587
0.0140102
0.0135667
0.0139349
0.0135255
0.013716
0.0136994
0.0136471
0.0137693
0.0136897
0.0136863
0.013604
0.013662
0.0135907
0.0135583
0.0137081
0.0137742
0.0135374
0.01374
0.0135613
0.016274
0.0136607
0.0135378
0.0144551
0.0143691
0.0136473
0.0137487
0.0142327
0.0138566
0.0137136
0.0137604
0.0157982
0.0139772
0.0137208
0.0141076
0.0136891
0.0135637
0.0138772
0.0136287
0.0137778
0.0137899
0.0137904
0.0137717
0.0137604
0.0137137
0.0136998
0.0137402
0.0136493
0.0138453
0.0136931
0.0136494
0.0149431
0.0136955
0.0138413
0.0137988
0.0138935
0.0139221
0.0138789
0.0136834
0.0140165
0.0135931
0.0137018
0.0137041
0.0136902
0.0138697
0.0137916
0.0137232
0.0136266
0.013676
0.0137033
0.0136625
0.0136105
0.0136224
0.0136834
0.0135883
0.0136196
0.0136789
0.0136247
0.0136517
0.0136037
0.013741
0.0139794
0.0139892
0.0136155
0.0135126
0.0139199
0.0139886
0.0136173
0.0142519
0.013791
0.0134881
0.0140557
0.0142754
0.0140164
0.0138386
0.0138418
0.0139976
0.0138574
0.0145497
0.0143792
0.0138448
0.0138438
0.0135835
0.013624
0.0137613
0.0139991
0.0138694
0.0137528
0.0138262
0.013664
0.0135736
0.0135834
0.0138559
0.0138153
0.013711
0.0136916
0.0137461
0.0140438
0.0136645
0.0137068
0.0136121
0.0136716
0.0136766
0.0139521
0.0137802
0.0139803
0.0136774
0.0139205
0.0136908
0.0140843
0.0137488
0.0137688
0.0138499
0.0137239
0.0136293
0.0137363
0.013752
0.0137495
0.0136558
0.0136944
0.0136889
0.0137293
0.0136896
0.0136418
0.0136035
0.0136896
0.013993
0.0136907
0.0136493
0.0139224
0.0138099
0.0135616
0.0136176
0.01379
0.0138135
0.01419
0.0137701
0.0146805
0.0136711
0.0142736
0.0141421
0.0136238
0.0138617
0.0139412
0.0136733
0.0136626
0.0140289
0.0135751
0.0136315
0.0136597
0.013636
0.0139923
0.0138512
0.0138644
0.0135865
0.0136669
0.014518
0.0137846
0.0137214
0.0136431
0.0142913
0.013843
0.0136332
0.0137111
0.0137646
0.013659
0.0137557
0.0142821
0.0137188
0.0135325
0.0149791
0.0142189
0.0140268
0.0140268
0.0141382
0.0139458
0.0140509
0.013948
0.0139057
0.0141005
0.0137457
0.0144218
0.0139319
0.0136603
0.0136318
0.0138964
0.0134596
0.0136642
0.0135761
0.0141471
0.0136254
0.0136271
0.0137327
0.0137621
0.0140656
0.0140463
0.0136445
0.0136383
0.0136874
0.0136574
0.0135704
0.0142228
0.0138035
0.0138524
0.0136278
0.013853
0.0137482
0.0138316
0.0136202
0.0136798
0.0135802
0.0135703
0.0135992
0.0138138
0.0136686
0.0138779
0.0136211
0.0136525
0.0137843
0.0136281
0.0137434
0.0139014
0.0135883
0.0136718
0.0139005
0.0135858
0.0135269
0.0135676
0.013898
0.0138107
0.013756
0.0134793
0.0137782
0.0137323
0.0139507
0.0135692
0.0137
0.013858
0.0137518
0.0135911
0.0137561
0.0136545
0.0136987
0.0145984
0.0138913
0.0141494
0.0137445
0.0136088
0.0136868
0.013716
0.0136938
0.0137033
0.0137762
0.0136445
0.0137684
0.0136347
0.0135713
0.0140887
0.0138405
0.0137226
0.013731
0.0138014
0.0136034
0.0139418
0.0138187
0.0136375
0.0138202
0.0137783
0.0138302
0.0135354
0.0137727
0.0140969
0.0144245
0.0139599
0.0139523
0.0146907
0.0150067
0.0139258
0.0138576
0.0138755
0.0143142
0.0138678
0.0136395
0.0139424
0.0138816
0.0137091
0.0135552
0.0138506
0.0136502
0.0139044
0.0138335
0.0136457
0.0136921
0.0137005
0.0139223
0.0136087
0.0138529
0.0137251
0.0142247
0.0135725
0.0138496
0.0138036
0.013589
0.0137461
0.0136614
0.0135301
0.0135993
0.0137187
0.013656
0.0136588
0.0136859
0.0138224
0.0136276
0.0137799
0.013735
0.0135595
0.0136478
0.0135913
0.0136766
0.0136113
0.0138823
0.0138848
0.0136829
0.0136426
0.0137651
0.0135742
0.0138064
0.0142024
0.0136762
0.013709
0.013533
0.0138715
0.0136065
0.0138201
0.0136309
0.0135982
0.0138093
0.0138646
0.0137409
0.0137664
0.0140523
0.0135354
0.0136379
0.0140342
0.0151302
0.0140625
0.0136519
0.0136693
0.0137872
0.0135881
0.0140634
0.0140217
0.0139317
0.0143863
0.0140137
0.0142456
0.0140274
0.0137987
0.0140432
0.0136498
0.0145227
0.0139099
0.0136697
0.0138791
0.0143475
0.0138313
0.0138151
0.0137682
0.014313
0.0137382
0.0139226
0.0143676
0.0139708
0.013869
0.0139571
0.0145609
0.0145605
0.0146462
0.0141557
0.0139895
0.0140632
0.0137314
0.0138425
0.0137749
0.0142929
0.013951
0.0136695
0.0140122
0.014655
0.0138885
0.0135216
0.0149963
0.014007
0.0137843
0.013952
0.0135516
0.0136088
0.0135894
0.0138495
0.0138812
0.0136593
0.0137111
0.014231
0.0137327
0.0136482
0.0148362
0.0137335
0.0141606
0.0137207
0.013627
0.013767
0.0141598
0.0138511
0.0135521
0.0139955
0.0136719
0.013605
0.0136495
0.0138153
0.0155984
0.0138797
0.0144313
0.0137334
0.0137482
0.0137953
0.0141759
0.0139156
0.013742
0.0139257
0.0146696
0.0136796
0.0152405
0.0140508
0.0136963
0.013862
0.0140431
0.013751
0.0137895
0.0140643
0.0142977
0.0136667
0.0139216
0.0153179
0.0135841
0.0143814
0.0173115
0.013953
0.0135995
0.0170535
0.0141901
0.0135685
0.0160137
0.0153888
0.013687
0.0176827
0.0148681
0.0134613
0.0162386
0.0165098
0.0137695
0.0168578
0.0158544
0.0135831
0.0144122
0.0181998
0.0138178
0.0158724
0.015988
0.0135456
0.0157694
0.0163218
0.0141343
0.0143937
0.0151357
0.0144982
0.0145128
0.0163496
0.0142748
0.0140667
0.0144266
0.0139488
0.0135969
0.0150638
0.0139677
0.0135737
0.0144665
0.0143242
0.0136042
0.0135603
0.0142465
0.0141556
0.0136677
0.0150861
0.0139254
0.0139112
0.0144523
0.013877
0.0138045
0.0135686
0.0138525
0.0138421
0.0136833
0.0151156
0.0137175
0.013987
0.0146064
0.0147665
0.0136284
0.0143083
0.0138516
0.0144652
0.0137096
0.0146795
0.0145199
0.0137075
0.0139182
0.0139905
0.01356
0.0136599
0.0139797
0.013959
0.0137793
0.0139333
0.0140039
0.0138045
0.0136959
0.0136354
0.0135147
0.0136974
0.0138714
0.0139235
0.0135215
0.014368
0.0138961
0.0136507
0.0136995
0.0138454
0.0140066
0.0136196
0.0136765
0.0138177
0.0138618
0.0136595
0.0139592
0.0138951
0.0138126
0.0141671
0.013713
0.0134783
0.0137643
0.0137226
0.0136146
0.0137458
0.0140354
0.013721
0.0138145
0.0138543
0.0138164
0.0139745
0.0139202
0.0138152
0.0135306
0.0135653
0.0142384
0.0140815
0.0138577
0.0135689
0.014234
0.0136433
0.0139302
0.0141441
0.0141699
0.0135924
0.0144268
0.0138234
0.0140781
0.0139846
0.0148164
0.0142566
0.0139763
0.0139165
0.0140659
0.0137078
0.0137806
0.0138642
0.0143289
0.0151629
0.0137418
0.01371
0.0138065
0.0140221
0.0137388
0.0138951
0.0140641
0.0138351
0.0138282
0.0137586
0.0136
0.0135989
0.0137232
0.0138836
0.0137417
0.0136318
0.0136217
0.01368
0.0136074
0.0137522
0.0136247
0.0137121
0.0137348
0.0137136
0.0140041
0.0137489
0.0136818
0.0138327
0.0137853
0.0136295
0.0139327
0.0137949
0.014013
0.0135108
0.0137457
0.0136421
0.0138408
0.0147873
0.0138106
0.0138288
0.0135273
0.0136031
0.0136878
0.0137403
0.0136215
0.0137317
0.0135762
0.0142443
0.0136654
0.0139679
0.0138811
0.0138283
0.0135626
0.0135931
0.0139323
0.013762
0.0138085
0.0135616
0.0136641
0.0135262
0.0136287
0.0137189
0.0136752
0.0136031
0.0136796
0.0136276
0.013723
0.0135621
0.0137998
0.0138754
0.0135645
0.0139965
0.0138923
0.0136552
0.0138641
0.0138619
0.0135496
0.0136562
0.0138221
0.0136575
0.0138504
0.0136583
0.0139193
0.0139776
0.0138467
0.0138924
0.0137727
0.0138626
0.0140487
0.0141159
0.0142553
0.0140944
0.0141431
0.0135703
0.0141823
0.0140215
0.0136604
0.0135633
0.0136993
0.0138854
0.0138273
0.0136607
0.0135964
0.0136967
0.0139101
0.013681
0.0139038
0.0137897
0.013919
0.0136611
0.0136684
0.0135725
0.013721
0.0137517
0.0138145
0.013554
0.013765
0.0138056
0.0142047
0.0137419
0.0136416
0.0136318
0.0137849
0.0136777
0.0138338
0.0135007
0.0135486
0.0137228
0.0136969
0.0136429
0.0135744
0.0136896
0.0134988
0.0141085
0.0135184
0.0136522
0.0137683
0.0135842
0.0135814
0.0136482
0.0136054
0.0138509
0.0138059
0.0137937
0.0136268
0.0136545
0.0135795
0.0136627
0.0137115
0.013886
0.013987
0.0137317
0.0135796
0.0138389
0.0139811
0.0138867
0.0137851
0.014112
0.0136311
0.0137055
0.0136893
0.0136691
0.0136862
0.0137217
0.0137473
0.0138536
0.0137063
0.0137738
0.0137734
0.013482
0.013528
0.013633
0.0135701
0.0137262
0.0141472
0.0135842
0.0142444
0.0135977
0.0136413
0.0135447
0.0143457
0.0140374
0.0135113
0.0139884
0.013891
0.0141035
0.0139784
0.0136118
0.014782
0.0138128
0.0140411
0.0140997
0.0140769
0.0139843
0.0141039
0.0140059
0.013566
0.0138252
0.0136946
0.0138295
0.0136488
0.0136812
0.0136553
0.013608
0.0136369
0.0135963
0.013498
0.0137985
0.0134875
0.0136712
0.0137885
0.0137196
0.0137817
0.01412
0.0137114
0.0136488
0.0139607
0.0136304
0.0139608
0.0138833
0.013619
0.0137874
0.0141731
0.0135855
0.0136612
0.0138059
0.0136907
0.0138207
0.0138527
0.0142011
0.0135729
0.0140415
0.0139674
0.0135214
0.0139187
0.0136517
0.013938
0.0137155
0.0137345
0.0139124
0.0138371
0.0136416
0.013926
0.0137051
0.0141301
0.0137861
0.0135725
0.0135062
0.014228
0.0136176
0.0136092
0.0144214
0.0139638
0.0139716
0.0138735
0.0137759
0.0140798
0.0141212
0.013653
0.0138077
0.0137318
0.0136017
0.0139656
0.0138508
0.0136232
0.0137005
0.0138742
0.013775
0.0136108
0.0138078
0.0139193
0.0136036
0.0137733
0.0137658
0.0135429
0.0147778
0.0137801
0.0137245
0.0137615
0.0141083
0.0139387
0.0137841
0.0136352
0.0138993
0.0139744
0.0143076
0.0141589
0.013931
0.0139729
0.0142005
0.014221
0.0136827
0.0141062
0.0140058
0.0141352
0.0138034
0.0138124
0.0136703
0.0135228
0.0137014
0.0139472
0.0138804
0.0151179
0.0138803
0.0140592
0.0142663
0.0142111
0.0140647
0.0137464
0.0141437
0.0136396
0.0136819
0.0146055
0.0137801
0.0137832
0.0136688
0.01412
0.0137204
0.0138204
0.0142566
0.0135966
0.014179
0.0136617
0.0138896
0.0137323
0.0136226
0.0139068
0.0142005
0.01416
0.0158602
0.0179391
0.0136638
0.0144287
0.0141956
0.013878
0.0148015
0.0144857
0.0135593
0.013715
0.0207748
0.013653
0.0136444
0.015148
0.0138894
0.0141886
0.0195241
0.0151309
0.0139424
0.0199064
0.0139834
0.0136027
0.0159778
0.0144585
0.0136093
0.0173968
0.014152
0.0140613
0.013961
0.0157662
0.0142347
0.0144245
0.0140975
0.0136618
0.0141189
0.0162469
0.0136601
0.0136718
0.0144857
0.0137991
0.013811
0.0141542
0.0138135
0.0138779
0.015067
0.0149473
0.0140737
0.0136306
0.0141356
0.0139927
0.0140353
0.0146936
0.013959
0.0138784
0.0145433
0.0146638
0.0139304
0.0140097
0.014093
0.014753
0.0139344
0.0140727
0.0141944
0.0140662
0.0137956
0.0143191
0.0137976
0.0137026
0.0136478
0.0136212
0.0136857
0.0136272
0.0136984
0.0137353
0.0135386
0.0135803
0.0139334
0.0135548
0.0135786
0.0136536
0.0136991
0.0138214
0.0137903
0.0136461
0.0137787
0.0136579
0.0140123
0.0136157
0.0136685
0.013818
0.0135016
0.0139798
0.0138228
0.0141621
0.0135698
0.0138344
0.0136816
0.014154
0.0147155
0.013753
0.0137475
0.0136054
0.0136706
0.013632
0.0137754
0.0138931
0.013701
0.0141337
0.0135857
0.0138132
0.0136926
0.013727
0.0136507
0.0146121
0.0136123
0.0148563
0.0140681
0.0135992
0.0140609
0.0138285
0.013881
0.0136619
0.0134994
0.0136701
0.0136148
0.0136664
0.0142224
0.0135892
0.0138613
0.014031
0.013764
0.0139053
0.013848
0.0139901
0.0135919
0.0138488
0.0139531
0.0139172
0.0136715
0.0137968
0.0136723
0.0135281
0.0137482
0.0137039
0.0137811
0.0135965
0.0141005
0.0139461
0.0140181
0.0144179
0.016085
0.0142891
0.0136274
0.0139853
0.0140758
0.0136992
0.0143223
0.0138531
0.0139786
0.013944
0.0140793
0.0138987
0.0137299
0.0143652
0.0138639
0.0139467
0.0136162
0.0139999
0.013728
0.0136184
0.0137378
0.0136872
0.0136341
0.0138555
0.0138274
0.0136759
0.0137162
0.0135818
0.0137601
0.0138704
0.0137743
0.013773
0.0137684
0.0137122
0.0136433
0.0137103
0.0138722
0.0137266
0.0137514
0.013607
0.0138625
0.0139012
0.0138175
0.0137124
0.013638
0.0136264
0.0135644
0.0137281
0.0135929
0.013714
0.0137267
0.0137545
0.0136475
0.0135335
0.0139031
0.0137198
0.0136894
0.0135959
0.0138496
0.0135791
0.0136547
0.0135899
0.0136579
0.0137153
0.0138678
0.0137339
0.0136819
0.013841
0.0137512
0.0136259
0.013657
0.0136667
0.0137035
0.0137515
0.0137061
0.0139977
0.0135873
0.013501
0.0137425
0.0136787
0.0136312
0.0143014
0.0138878
0.0136994
0.0135964
0.0138916
0.0139802
0.0135936
0.0138258
0.0138916
0.0135271
0.014363
0.0137061
0.0135119
0.013907
0.0136856
0.0136432
0.01358
0.0136497
0.0137002
0.0139958
0.0145145
0.0136875
0.0136942
0.0141007
0.013853
0.0140823
0.0146925
0.0142392
0.0142234
0.0140103
0.0139253
0.0141642
0.0140959
0.0137008
0.0141944
0.0137326
0.0140129
0.0139726
0.0138663
0.013818
0.0138367
0.0148411
0.0135595
0.0136917
0.0139441
0.0139332
0.0135753
0.0137959
0.0137618
0.0136745
0.013898
0.0137096
0.013953
0.0136828
0.013691
0.0136961
0.0134869
0.0135453
0.0138922
0.0140004
0.0137949
0.013956
0.0139038
0.0138547
0.0137941
0.0137566
0.0138398
0.0136963
0.0138094
0.013829
0.0136439
0.0139917
0.0141192
0.0137677
0.0135681
0.013749
0.013719
0.0136191
0.0148311
0.0138061
0.0137623
0.0139497
0.0136189
0.0135969
0.0136798
0.0141043
0.0139089
0.0137242
0.0136997
0.0136298
0.0137421
0.013566
0.0136884
0.0137616
0.0136007
0.0138963
0.0137804
0.013666
0.0136656
0.0136981
0.0138046
0.0134819
0.013676
0.0138549
0.0139319
0.013895
0.0151252
0.0137589
0.0136435
0.0140431
0.013921
0.0136789
0.0139418
0.0138283
0.0138443
0.0136597
0.0139007
0.0138611
0.0135939
0.0138374
0.0137313
0.0140658
0.0135785
0.0139928
0.0153198
0.0138965
0.0136563
0.014213
0.0137648
0.0146869
0.0139235
0.013925
0.0142835
0.0139782
0.0136848
0.0137397
0.0137166
0.0139835
0.0136139
0.0139107
0.0138094
0.0137963
0.0136822
0.0138996
0.0134465
0.0137019
0.0141523
0.0137811
0.0137116
0.0140984
0.013827
0.0136924
0.0136511
0.013721
0.0136623
0.0138809
0.0141147
0.0139907
0.0135562
0.0141014
0.0138086
0.0139131
0.0138124
0.0136501
0.014406
0.0139295
0.0139445
0.0135905
0.0136738
0.0137319
0.0139221
0.0136997
0.0137541
0.0138973
0.0136346
0.0137314
0.0137912
0.0136753
0.0136115
0.0136081
0.0140071
0.0139368
0.0137619
0.0137443
0.0137316
0.0138738
0.0136637
0.0137343
0.0135642
0.0139316
0.01375
0.0139925
0.0137481
0.0136525
0.0136186
0.0136903
0.0137826
0.013672
0.0136983
0.0135697
0.013607
0.0137275
0.0138604
0.0137511
0.0137887
0.0135997
0.0137527
0.013714
0.0142788
0.0142987
0.0135795
0.0138548
0.0137281
0.0135768
0.013749
0.0138383
0.0136493
0.0137124
0.0141342
0.0137121
0.0140925
0.0148098
0.0154407
0.0142282
0.0182906
0.0138273
0.0142099
0.013986
0.014385
0.0137619
0.0147788
0.0144781
0.0138925
0.0139786
0.013625
0.0136787
0.0138233
0.013876
0.0137356
0.013821
0.013651
0.0137485
0.013648
0.0135823
0.0139204
0.0137186
0.0138125
0.0149501
0.014419
0.0136474
0.0148279
0.0138605
0.013648
0.0136527
0.0139509
0.0137008
0.0136918
0.0137916
0.0154438
0.0138415
0.0141362
0.0144334
0.0141113
0.0139194
0.0158724
0.0143172
0.0141373
0.0140025
0.0139125
0.0135644
0.0140093
0.0142014
0.0135788
0.0137297
0.0138932
0.0160936
0.013898
0.0181311
0.0137929
0.0139546
0.0152522
0.0145134
0.0140547
0.0149454
0.0155836
0.0142619
0.0150373
0.0172134
0.0138178
0.0138731
0.0138177
0.013917
0.0136803
0.0141056
0.0147598
0.0136718
0.0136333
0.0164716
0.0137196
0.0135992
0.013917
0.0139018
0.013536
0.0136378
0.0139908
0.0138911
0.0135953
0.014511
0.0139811
0.0136448
0.0151727
0.0140652
0.0139089
0.0142364
0.0142797
0.0135693
0.0148762
0.013895
0.0136861
0.0137573
0.0137517
0.0143368
0.013891
0.0162097
0.0140265
0.0146328
0.0139314
0.0143128
0.0145825
0.0142866
0.014157
0.0136341
0.0143771
0.0139785
0.0141853
0.013713
0.0138593
0.014035
0.0137085
0.0164775
0.0140952
0.0145767
0.0140058
0.0148767
0.0136839
0.0135672
0.0149135
0.0136301
0.0137951
0.0137224
0.0141735
0.0139892
0.0137635
0.0137636
0.0142294
0.0142044
0.0139063
0.0143005
0.0137511
0.0136978
0.0137153
0.0137062
0.0138393
0.0138385
0.01375
0.0140139
0.013936
0.0136824
0.0136808
0.0135749
0.0137506
0.0138069
0.0138285
0.013658
0.0136852
0.0135862
0.0137746
0.0145956
0.0139847
0.0137301
0.0136571
0.0145072
0.0137185
0.0135916
0.0136476
0.0136337
0.0135249
0.0135656
0.0135379
0.0140454
0.0136809
0.0140182
0.0140083
0.013647
0.0138149
0.0140846
0.0140115
0.0140816
0.0139082
0.0136488
0.014478
0.0137223
0.0139015
0.0137349
0.013991
0.0136985
0.0136732
0.0137742
0.0136466
0.0136406
0.0136538
0.0136173
0.013657
0.0136655
0.0135842
0.0139559
0.0135966
0.0141228
0.0137202
0.0136238
0.0136307
0.0146173
0.0141019
0.0136202
0.0143347
0.0141163
0.0142576
0.0136842
0.0138546
0.0142382
0.0136603
0.0147565
0.0138822
0.0155806
0.013793
0.0140541
0.0136556
0.013952
0.0139558
0.0137738
0.0137682
0.0137157
0.0142874
0.0135882
0.01405
0.0136835
0.0135336
0.0135582
0.0135839
0.0137824
0.0137392
0.0136013
0.0137148
0.0136049
0.0137789
0.0137673
0.0136187
0.0138506
0.0138944
0.0136775
0.0137352
0.0135968
0.0136803
0.0137486
0.0138338
0.0136748
0.0136612
0.0134747
0.013666
0.0137537
0.0137455
0.0136878
0.0136376
0.0136014
0.0138476
0.0138945
0.0136639
0.0136272
0.0135621
0.0137346
0.013788
0.0138675
0.0137645
0.0139206
0.0136229
0.0138525
0.0137987
0.0135636
0.0135526
0.0138372
0.013879
0.013779
0.0136244
0.0136568
0.0135385
0.01365
0.0136449
0.0136866
0.0137301
0.013781
0.0137715
0.0137908
0.0137951
0.0138909
0.0138045
0.0138296
0.013762
0.0138521
0.0137198
0.0137208
0.0136052
0.0136829
0.01362
0.0137708
0.0135724
0.0136655
0.0138824
0.0136503
0.01365
0.0136105
0.013718
0.0140353
0.0138458
0.0139999
0.0141744
0.014061
0.0140967
0.0140023
0.0140712
0.0154395
0.0136316
0.0141967
0.0136289
0.014845
0.0137424
0.0136972
0.0136762
0.0136847
0.0137706
0.0137018
0.0138254
0.0137728
0.0136946
0.0136939
0.0140315
0.0136837
0.013801
0.0135848
0.013566
0.0136778
0.0138832
0.0139849
0.013791
0.0136769
0.0141815
0.0138201
0.0135811
0.0139526
0.0136824
0.0139681
0.0139539
0.0137053
0.0143554
0.0135845
0.0138756
0.0138961
0.0136757
0.0138081
0.0141379
0.0140192
0.0137912
0.0138088
0.0138688
0.013589
0.0138174
0.0136813
0.0138802
0.0136623
0.013831
0.0137893
0.0135994
0.0136922
0.0136009
0.0136121
0.0142528
0.013909
0.0137294
0.0136816
0.0138313
0.0136656
0.0135596
0.0136256
0.0137348
0.0136378
0.0139327
0.0138156
0.0137354
0.0137195
0.0137013
0.0136032
0.0137236
0.0138335
0.0137931
0.0136118
0.0137995
0.0136496
0.0137251
0.0135171
0.0138404
0.0138121
0.0135291
0.0138215
0.0136037
0.0136192
0.0135554
0.0136898
0.0138064
0.0136465
0.0137799
0.0136698
0.0158442
0.0139882
0.0138646
0.0137635
0.013879
0.0139644
0.0144566
0.0138481
0.0140219
0.0138684
0.0138044
0.0140885
0.0138272
0.0145751
0.0136363
0.0139816
0.0138993
0.0138832
0.0136585
0.0136422
0.0138357
0.0137579
0.013906
0.0137675
0.0138342
0.0136774
0.0138435
0.0136768
0.0141546
0.0137919
0.013566
0.0136188
0.0137589
0.0137012
0.0138321
0.0138182
0.0137103
0.0136219
0.0135032
0.0137478
0.013658
0.0137386
0.0138055
0.0137001
0.0136817
0.0137059
0.0137562
0.0144928
0.0135675
0.0141501
0.0137041
0.0135538
0.0137665
0.0137704
0.0137735
0.0135956
0.0138644
0.0137417
0.0136362
0.0135851
0.0137357
0.013774
0.0136939
0.0136242
0.0140362
0.013622
0.0139137
0.0138465
0.013712
0.0139717
0.0140273
0.0139917
0.0140653
0.0136879
0.0137556
0.0139243
0.0137737
0.0138836
0.0135703
0.0140357
0.0135586
0.0137321
0.013688
0.0142362
0.0139487
0.0138432
0.0138485
0.013813
0.0137147
0.0134897
0.0141389
0.0139661
0.013674
0.0137975
0.0138595
0.0137068
0.0136879
0.0137288
0.013662
0.013629
0.0145721
0.0143192
0.013606
0.0137901
0.0138762
0.0138619
0.0142386
0.0136673
0.0145127
0.013657
0.0149124
0.014021
0.0140181
0.0139638
0.013758
0.0137485
0.01387
0.0137573
0.013636
0.0137355
0.0139704
0.0138862
0.0136324
0.0137096
0.0137136
0.0136051
0.0136408
0.014048
0.0137673
0.013932
0.0139594
0.0137275
0.0137708
0.0137431
0.013633
0.0138026
0.0140009
0.0138782
0.0137657
0.0137536
0.0139277
0.0138318
0.0136169
0.0136766
0.013649
0.0137561
0.0137147
0.0135552
0.0138879
0.0136214
0.0136573
0.0139482
0.0140086
0.0136674
0.0136734
0.0137177
0.0137053
0.0136398
0.0137539
0.0137607
0.0139811
0.0137326
0.014388
0.013816
0.0137913
0.0137879
0.0136977
0.0135088
0.0138587
0.0138271
0.0145763
0.0143195
0.0139572
0.0137369
0.0136139
0.0137589
0.0135203
0.0140163
0.0137766
0.0137512
0.0137587
0.0137162
0.0181109
0.0135819
0.0143413
0.0136777
0.0135658
0.013791
0.0136068
0.0139366
0.0137741
0.0138293
0.014119
0.0141228
0.0140594
0.013765
0.0136806
0.0138649
0.0136807
0.0138373
0.0148973
0.0139017
0.014124
0.013965
0.0137022
0.0166267
0.0136682
0.0147198
0.013714
0.0143839
0.0139106
0.0140434
0.013831
0.0138858
0.0138391
0.0136108
0.013623
0.0136535
0.0176443
0.0139166
0.0139516
0.0141387
0.0136895
0.013682
0.0147029
0.014878
0.0137982
0.0140475
0.0141892
0.0144193
0.0136803
0.015884
0.0141599
0.0140254
0.0139074
0.0143728
0.013563
0.0137089
0.0137168
0.0136547
0.0137637
0.0167179
0.0136421
0.0137632
0.0137791
0.0138974
0.0136816
0.0136723
0.0139184
0.0136508
0.0137725
0.013786
0.0137318
0.0137467
0.0162267
0.0142199
0.0138759
0.013642
0.0138023
0.013966
0.0137916
0.0156058
0.013731
0.0136823
0.0136423
0.0136233
0.0135511
0.0137667
0.0144547
0.0136369
0.0136257
0.013612
0.0140869
0.0137377
0.0151793
0.0149788
0.0136972
0.0137696
0.0137631
0.0136957
0.0139454
0.0138784
0.0145899
0.0145892
0.0135977
0.0139827
0.0137588
0.0135632
0.0170017
0.0138078
0.0137244
0.0135624
0.0139401
0.0139971
0.0138167
0.0137676
0.0137197
0.0137479
0.0136766
0.0137884
0.0139556
0.0141411
0.013898
0.0140575
0.0137545
0.0143586
0.0136821
0.0142393
0.013646
0.0140331
0.0138029
0.0141395
0.0140403
0.013605
0.0141022
0.0137259
0.0138422
0.0137287
0.0138515
0.0137831
0.0143426
0.0136897
0.0136291
0.013914
0.0136031
0.0169161
0.0136688
0.013756
0.0137475
0.0137312
0.01354
0.0137054
0.0140347
0.0137081
0.0136503
0.0146862
0.0141419
0.0137862
0.0145716
0.0138298
0.0138067
0.0136883
0.0143999
0.01388
0.0138826
0.0137342
0.0137443
0.0136629
0.014
0.0134976
0.0140205
0.0137198
0.0138922
0.0138612
0.0137418
0.0138463
0.0136771
0.0137301
0.013706
0.0137423
0.0138276
0.0135598
0.0137531
0.0137544
0.0143915
0.0167754
0.0139067
0.0135953
0.0137707
0.0144981
0.0137125
0.0136459
0.0142009
0.0137879
0.0135526
0.0135883
0.0136994
0.0135805
0.0146818
0.014742
0.0136138
0.0138425
0.0144744
0.0137362
0.0137816
0.0141393
0.0137696
0.0136608
0.0136247
0.0137418
0.013969
0.0135197
0.0141345
0.0140872
0.0137242
0.0139281
0.0138439
0.013559
0.0135085
0.0140656
0.0141672
0.0137101
0.0140105
0.0135341
0.0144315
0.0143919
0.0167085
0.0136432
0.0145304
0.0142979
0.0143728
0.0142535
0.0154925
0.0137825
0.0136963
0.013834
0.0136826
0.0137277
0.0135194
0.0143823
0.0137272
0.0138829
0.0137101
0.0136847
0.0135401
0.0140753
0.0137498
0.0137803
0.013661
0.0138806
0.0138298
0.013608
0.0137488
0.0140082
0.013569
0.0137115
0.0135949
0.0137261
0.0136501
0.0139439
0.013614
0.0136355
0.0138035
0.0142567
0.0137436
0.0137058
0.0143475
0.0137112
0.0139996
0.0135297
0.0135783
0.0136166
0.0137029
0.0142489
0.0136788
0.0135091
0.0135439
0.0152622
0.0136146
0.0142148
0.0139138
0.0136304
0.0137823
0.0138418
0.0136217
0.0138349
0.0137172
0.0138141
0.0136897
0.0140126
0.0146717
0.0141003
0.0137879
0.0135823
0.0137225
0.0136163
0.0137599
0.0137086
0.0141142
0.0136579
0.0137633
0.0137208
0.0136078
0.0153253
0.0136679
0.0136731
0.014014
0.0140262
0.01379
0.0137377
0.0144464
0.013791
0.0136139
0.0142465
0.0139767
0.0139233
0.0138008
0.0139943
0.0142465
0.0137438
0.0137967
0.013814
0.0137203
0.0137204
0.0136173
0.0142406
0.0154357
0.0147697
0.0138515
0.014175
0.0143551
0.0140659
0.0136611
0.0142021
0.0139571
0.0135928
0.0137959
0.0136878
0.0137123
0.0141924
0.0159154
0.013941
0.0138535
0.013582
0.0136588
0.0138121
0.0138789
0.0136655
0.0135626
0.0138329
0.0138222
0.0143725
0.0137648
0.0135752
0.0137296
0.0136254
0.0136502
0.0138005
0.0147428
0.0137861
0.0155777
0.0137557
0.0137965
0.0136888
0.0139729
0.0138079
0.0139913
0.0138969
0.013579
0.0135521
0.0135733
0.013554
0.0137213
0.0136681
0.0150642
0.013714
0.013654
0.0136474
0.0154927
0.013688
0.0156295
0.0136895
0.0137118
0.013536
0.0140556
0.0136607
0.0136456
0.0141194
0.0139898
0.0138272
0.0150327
0.0145344
0.0141097
0.013894
0.0139524
0.0140878
0.0137323
0.0150129
0.0136041
0.0137583
0.013603
0.013754
0.0139149
0.0136144
0.0138152
0.0138348
0.0135664
0.0135816
0.0136124
0.013686
0.0146752
0.0150157
0.0142926
0.0138144
0.0144503
0.0141514
0.0135631
0.0145968
0.0143703
0.013935
0.0142012
0.0142936
0.0136887
0.013802
0.0138688
0.0139498
0.0140993
0.0139602
0.0145507
0.013656
0.0141602
0.0138486
0.014275
0.0140056
0.0145617
0.0137201
0.0135788
0.0136655
0.0160894
0.0136956
0.0136513
0.0138088
0.0137511
0.0136018
0.0137282
0.013751
0.0136569
0.0143338
0.013752
0.0137993
0.0137379
0.0153207
0.0141288
0.0135611
0.014878
0.0139052
0.0137902
0.0154767
0.014499
0.0137198
0.0155467
0.0136679
0.0137553
0.0135681
0.0145796
0.0136799
0.0137679
0.0141784
0.0136669
0.0139537
0.0135373
0.0178665
0.0136021
0.0141492
0.0136176
0.0137726
0.0135571
0.0141934
0.0135629
0.0141845
0.0137176
0.0139028
0.013726
0.0137788
0.0165483
0.0137843
0.0138735
0.0135606
0.0138684
0.0135778
0.0149193
0.0166048
0.0138792
0.0144931
0.0154686
0.0137289
0.0137338
0.0137778
0.0136475
0.013598
0.0138011
0.0144025
0.0135539
0.0136588
0.0135598
0.0135215
0.0136376
0.0139191
0.0136289
0.0137277
0.0136774
0.0137648
0.0137394
0.0139624
0.0147865
0.0137269
0.0138554
0.0137742
0.0135078
0.013643
0.0140671
0.0136608
0.0136019
0.013584
0.0170108
0.0139396
0.0141544
0.0138612
0.0143456
0.0135201
0.0145859
0.013807
0.0141368
0.0136624
0.0140314
0.0139361
0.0135575
0.0138935
0.0136694
0.0138601
0.013758
0.013529
0.0137618
0.0136787
0.0167595
0.0137572
0.0138191
0.0136219
0.0139658
0.013638
0.01389
0.0157305
0.0139597
0.013624
0.0142988
0.0141182
0.0136063
0.0164318
0.0146265
0.0135057
0.0138182
0.0136956
0.0137549
0.0137039
0.0137447
0.0136774
0.013647
0.0138562
0.0136717
0.0145064
0.0135908
0.0185342
0.0150173
0.0136036
0.0150203
0.0138055
0.0140538
0.0137046
0.0136926
0.0136977
0.0138575
0.0135661
0.0140389
0.0138045
0.0142652
0.0137141
0.0138378
0.0138173
0.0136231
0.0136127
0.0136918
0.0142987
0.0140896
0.0136362
0.0136809
0.0140554
0.0136409
0.013716
0.01387
0.0135478
0.0137397
0.0182394
0.013908
0.0136328
0.0163922
0.0147092
0.0137069
0.0163421
0.0136021
0.0139964
0.0154404
0.0137792
0.0138513
0.0137198
0.0136735
0.0136443
0.0138076
0.0152727
0.0135805
0.0139553
0.0138333
0.0137115
0.0138183
0.0138121
0.0142897
0.0137871
0.0141043
0.0138941
0.0149155
0.0136058
0.0141363
0.0143601
0.0140694
0.0136927
0.0143735
0.0141694
0.0137254
0.013844
0.0138333
0.0137038
0.015122
0.0161628
0.0139888
0.0141033
0.0143508
0.013596
0.0137066
0.0151624
0.0139161
0.0138106
0.0138117
0.0138377
0.0137809
0.0138673
0.0141559
0.0140784
0.0136931
0.0142401
0.0139425
0.0138081
0.0166246
0.0139578
0.0136337
0.013823
0.0143325
0.0137363
0.0138381
0.0137238
0.0136449
0.0138719
0.0143347
0.0138953
0.0137045
0.0135433
0.0137537
0.0139083
0.0135269
0.0142893
0.0137223
0.0137172
0.0138517
0.0166362
0.0136263
0.0135259
0.0140316
0.0137012
0.0135979
0.0142787
0.0137536
0.0138841
0.0138136
0.0138169
0.0138639
0.0136067
0.0137539
0.0136521
0.0136572
0.014017
0.0137202
0.0137961
0.0138253
0.0184157
0.0135506
0.0140173
0.0149808
0.0136826
0.0137931
0.0162797
0.0137677
0.0137915
0.0147265
0.0136973
0.0142198
0.0135342
0.0140705
0.0135875
0.0138017
0.014386
0.0139662
0.0137836
0.0138654
0.0139971
0.0136478
0.0136366
0.0143824
0.0137304
0.0141877
0.0147853
0.0167512
0.0138438
0.0143784
0.0138737
0.0144852
0.0138966
0.013941
0.0136437
0.0140206
0.0137436
0.0136651
0.013831
0.0167365
0.0141436
0.0137009
0.0135669
0.0141124
0.0137168
0.0138333
0.0142385
0.0137972
0.0135303
0.0134933
0.0136565
0.0146654
0.0135466
0.0141216
0.0139069
0.0135393
0.0138283
0.0176262
0.0138991
0.0152975
0.0138963
0.0137385
0.0152783
0.0154035
0.0136964
0.0138448
0.0140541
0.0137739
0.0136126
0.0165996
0.0141956
0.0137288
0.0142558
0.0154878
0.0141079
0.0157443
0.015182
0.0135956
0.013639
0.0138857
0.0140612
0.0136535
0.0141792
0.0136918
0.0135911
0.0136673
0.0137672
0.013679
0.0136907
0.013866
0.0138349
0.0138286
0.0137651
0.0137007
0.0136322
0.0135637
0.0169688
0.0137668
0.0137356
0.0181185
0.0136204
0.0136942
0.0147413
0.0138438
0.0137275
0.0145082
0.0135256
0.0137439
0.0136206
0.0142179
0.013772
0.013768
0.0140056
0.014086
0.0136137
0.0146271
0.0138273
0.0138399
0.0137243
0.013816
0.0141339
0.0137203
0.0142176
0.0136479
0.0142159
0.0135776
0.0143506
0.0146263
0.0140244
0.0178784
0.0143599
0.0140126
0.013554
0.0142876
0.0136767
0.0140757
0.0140251
0.0135914
0.0142032
0.0137791
0.0139528
0.0137385
0.013805
0.013856
0.0140321
0.0155351
0.0138344
0.0136334
0.0138729
0.0137174
0.0140351
0.0136692
0.0142265
0.0140218
0.014012
0.0135948
0.0137371
0.01367
0.0136771
0.0136791
0.0138162
0.0135899
0.0143809
0.0175136
0.0136451
0.0138562
0.0137534
0.01375
0.0136039
0.01409
0.0136618
0.0138062
0.0137192
0.0136419
0.0136174
0.0137038
0.0139483
0.0137754
0.0136259
0.0138442
0.0151274
0.0136385
0.0168151
0.0147685
0.0136178
0.0138046
0.0143398
0.0137302
0.013776
0.0150186
0.0141153
0.0136424
0.0138104
0.0138347
0.0137024
0.0137176
0.0141675
0.0135426
0.0140884
0.0134705
0.0144983
0.0139108
0.0167957
0.0138382
0.013959
0.0137648
0.0137315
0.0136414
0.0136031
0.0137778
0.0136585
0.0138468
0.0135146
0.0138446
0.013557
0.0138451
0.0183698
0.0138764
0.0137409
0.0142321
0.0142002
0.013678
0.0154367
0.0137638
0.0142427
0.0136588
0.0145907
0.0136487
0.0138046
0.0149936
0.0146163
0.0139367
0.0153847
0.0180174
0.0142199
0.0176121
0.0138476
0.0135609
0.0139964
0.0152943
0.0137943
0.0134621
0.0167234
0.013716
0.0136793
0.0138261
0.0138161
0.0136895
0.014703
0.0136439
0.0140182
0.013971
0.0139452
0.0138483
0.0136209
0.0138468
0.0136703
0.0136901
0.0136764
0.0159156
0.0145596
0.01407
0.0141637
0.0162114
0.0138211
0.0147752
0.0138456
0.0137225
0.0143552
0.013778
0.014512
0.0142903
0.013663
0.0143669
0.0137082
0.0143458
0.0136785
0.0142159
0.0140473
0.0137015
0.0137355
0.0149605
0.0158776
0.0139211
0.0137841
0.0138226
0.0138494
0.0136306
0.0144679
0.0136849
0.0139257
0.0138141
0.0136595
0.0145032
0.0136775
0.0142397
0.0136684
0.0138052
0.0137666
0.0171524
0.0137488
0.0138633
0.0137397
0.0138291
0.0136935
0.014099
0.013551
0.0137794
0.0135344
0.0140915
0.0138034
0.0140568
0.0138008
0.013704
0.0136183
0.0139547
0.013661
0.0138212
0.0170884
0.0145666
0.0135544
0.0148135
0.013637
0.0141392
0.0141205
0.0138582
0.0141466
0.0139249
0.0146942
0.0137936
0.0151535
0.0136829
0.0138613
0.0136451
0.0137333
0.0139037
0.0137342
0.0136665
0.0138443
0.0138626
0.013858
0.0139093
0.0137826
0.0140567
0.0135755
0.0136585
0.0138311
0.0137612
0.0135731
0.0141841
0.0144074
0.0136922
0.0167446
0.013686
0.0136197
0.0138154
0.0137045
0.0137811
0.0142072
0.0136892
0.0138429
0.0136059
0.0138119
0.0136099
0.0137974
0.0139421
0.0137175
0.0137562
0.0137446
0.0138813
0.0165584
0.0135174
0.0145625
0.0138908
0.0136145
0.0138482
0.0139588
0.0136314
0.0148744
0.0136577
0.0137012
0.0138289
0.0139128
0.0141243
0.0136077
0.0135175
0.013798
0.0136127
0.0135232
0.0139436
0.01394
0.0136061
0.0137581
0.0136439
0.0136956
0.0140216
0.0161686
0.013761
0.0142065
0.0136979
0.013851
0.0137647
0.0141251
0.0141953
0.0138406
0.0139038
0.0205324
0.0143013
0.0154217
0.0138833
0.0136762
0.0135048
0.0137426
0.0135937
0.0137515
0.0140271
0.0137475
0.0135637
0.0135674
0.0139063
0.013641
0.0136282
0.0176918
0.0138119
0.0142287
0.013771
0.0143368
0.0135507
0.0145726
0.0136155
0.014327
0.0139915
0.0138566
0.0140175
0.0136507
0.0139203
0.0139552
0.0136643
0.0136332
0.0138787
0.0140358
0.0135911
0.0135771
0.0140613
0.01399
0.0141267
0.0135261
0.0136953
0.013641
0.0164165
0.0138253
0.0140363
0.0136497
0.0136718
0.0144032
0.0144814
0.0139487
0.0138909
0.0135738
0.0138336
0.0136895
0.0136997
0.0141101
0.0137347
0.0137433
0.0137912
0.0137185
0.0136038
0.0136086
0.013702
0.0141972
0.0139801
0.0135938
0.0167891
0.013893
0.0136511
0.0136689
0.0136946
0.0136168
0.0138436
0.0138354
0.0136349
0.013812
0.0138138
0.0137657
0.0137072
0.0137822
0.0136566
0.0136232
0.0136608
0.0139854
0.0143475
0.0156273
0.0148078
0.0136465
0.0137809
0.014599
0.0137776
0.013957
0.0138124
0.0141218
0.0135762
0.0136452
0.0141907
0.0136955
0.0136564
0.013835
0.0138076
0.0140325
0.0139488
0.0136549
0.0138451
0.0134975
0.013947
0.0136671
0.0136818
0.0137239
0.0135652
0.013578
0.0137041
0.0136826
0.0162446
0.0137501
0.0145181
0.0137403
0.0141793
0.0139097
0.0140438
0.0136541
0.0150694
0.0137391
0.0140969
0.014367
0.0138704
0.0141306
0.0135919
0.0143622
0.0137041
0.0139631
0.013661
0.013557
0.0143965
0.014147
0.0137799
0.0136525
0.0138667
0.0139599
0.0139561
0.0137982
0.0140041
0.0136806
0.0136737
0.0139433
0.0171667
0.0137243
0.0136846
0.0138335
0.01359
0.0139766
0.0139383
0.0143848
0.013598
0.0135209
0.0137073
0.0136903
0.0136734
0.0141297
0.0141993
0.0137499
0.0136325
0.0137203
0.0138331
0.0142806
0.0145213
0.0135789
0.0136755
0.0135016
0.0137194
0.0138746
0.013636
0.0171889
0.0137212
0.0137639
0.0139132
0.0136528
0.0140995
0.0139344
0.0139424
0.0137437
0.0135169
0.0138949
0.0138326
0.0135937
0.0136693
0.0137922
0.0137604
0.0136851
0.0142254
0.0136041
0.0137812
0.0140222
0.013607
0.0135578
0.0136611
0.0136034
0.0136512
0.0137294
0.0166754
0.0139855
0.0139406
0.0136492
0.0135218
0.0138986
0.013922
0.0139276
0.0137913
0.013758
0.0137182
0.0144194
0.0136551
0.0146825
0.0138476
0.0139069
0.0139447
0.0143609
0.0136804
0.0147501
0.0148828
0.0143233
0.0136808
0.0140169
0.0138904
0.0143887
0.0138905
0.0137001
0.0140217
0.013675
0.0135762
0.0135883
0.0138384
0.0135145
0.0144838
0.0144098
0.0134916
0.0146153
0.013568
0.0137876
0.0151247
0.0147721
0.0135817
0.0137625
0.0139773
0.0135864
0.014686
0.0136162
0.0137098
0.0136539
0.0135637
0.0140546
0.0135908
0.013482
0.0136977
0.0137761
0.0136739
0.0136405
0.0140512
0.013624
0.0137106
0.0136777
0.0145841
0.0135558
0.0137825
0.0138433
0.0143547
0.0135817
0.0139158
0.0146527
0.0135837
0.0140056
0.0137552
0.013709
0.013823
0.0139523
0.013617
0.013954
0.0138223
0.0141414
0.0136325
0.0138583
0.0138438
0.013587
0.0140203
0.0143362
0.0136229
0.0136605
0.0137036
0.0139415
0.0136573
0.0135854
0.0136693
0.0136767
0.0138549
0.0135943
0.013704
0.0138271
0.0137424
0.0138431
0.0137581
0.0136551
0.0135966
0.0137018
0.0134996
0.0139093
0.0138957
0.0136141
0.013625
0.0137666
0.0136504
0.0135885
0.0137625
0.0136353
0.0139914
0.0136403
0.0144337
0.0136238
0.014188
0.0139408
0.0140354
0.0136206
0.0137491
0.0142592
0.0137675
0.0145389
0.0139817
0.0147875
0.01403
0.0138835
0.0137122
0.0135863
0.0137676
0.0138967
0.0139863
0.0136283
0.0136502
0.0140121
0.0138681
0.0136428
0.0138139
0.0137679
0.0139796
0.0137152
0.0137683
0.0139094
0.013942
0.0137398
0.0139769
0.0139352
0.0138415
0.0139038
0.0138675
0.0138469
0.0136868
0.0136422
0.0139627
0.0136844
0.0138095
0.0135812
0.0139952
0.0135414
0.0139782
0.0137974
0.0136528
0.0139911
0.0136625
0.0136483
0.0148535
0.0135422
0.0139442
0.0137299
0.0135698
0.0139478
0.013783
0.0136138
0.0136931
0.0139481
0.0136275
0.0136441
0.0143411
0.0138787
0.0135003
0.0138725
0.013725
0.0136808
0.0137515
0.0142473
0.0139303
0.0136921
0.013817
0.0136495
0.0136856
0.0137982
0.0138424
0.0136881
0.013684
0.0138313
0.0135716
0.0136342
0.014259
0.013645
0.0138981
0.0136516
0.0138187
0.0139511
0.0141061
0.0140333
0.0135858
0.0135629
0.0136911
0.0135918
0.0137166
0.013708
0.0142719
0.0138735
0.0135196
0.013633
0.0142742
0.0138693
0.0145768
0.0139968
0.0141865
0.0139722
0.0142454
0.0142767
0.0137568
0.0142853
0.0140371
0.0138286
0.0139819
0.0140227
0.014085
0.0137192
0.0158069
0.0141557
0.0138959
0.0141991
0.0140547
0.0137407
0.0139584
0.0137127
0.0137006
0.0135906
0.0138691
0.0137753
0.0140796
0.0136723
0.0139533
0.0137074
0.0136776
0.0137051
0.0135118
0.0136864
0.0137347
0.0138806
0.0137072
0.0143983
0.0139367
0.0136819
0.0136442
0.0139938
0.0138491
0.0141289
0.013533
0.0137143
0.0137585
0.0140082
0.0136931
0.013633
0.0142471
0.0152946
0.0138703
0.0138477
0.0138102
0.013578
0.0136545
0.0137113
0.0138039
0.0135817
0.0138984
0.013834
0.0138035
0.0136762
0.0137049
0.0138147
0.0141328
0.0138175
0.0135612
0.0140422
0.0134588
0.0138163
0.013871
0.0134962
0.0140621
0.0138605
0.0136473
0.0137723
0.0140324
0.0137584
0.0136363
0.0139041
0.0140858
0.0137921
0.0138985
0.0146669
0.0138466
0.0135603
0.0137478
0.0141347
0.0138186
0.0142832
0.0139872
0.0142898
0.0139083
0.0135191
0.0137403
0.0142264
0.0136996
0.0141766
0.0137431
0.0140965
0.0138143
0.0138985
0.0139326
0.0140444
0.0144277
0.0136337
0.0138755
0.0137024
0.0138193
0.0137251
0.0136206
0.0137104
0.0137256
0.0140219
0.0137704
0.0136682
0.0137043
0.0137115
0.0136902
0.0155472
0.0136862
0.013938
0.0139461
0.0137148
0.0141456
0.0136774
0.013879
0.013737
0.0147767
0.0143132
0.0145583
0.0137221
0.0136139
0.0136566
0.0137963
0.0136102
0.0139671
0.0138436
0.0137725
0.0136806
0.0137788
0.0136447
0.0140627
0.0143278
0.0137473
0.0139344
0.0136569
0.0136041
0.0137268
0.0137824
0.0140208
0.0140454
0.0139196
0.0136401
0.013757
0.0137398
0.0137753
0.0138048
0.0137719
0.0140729
0.013647
0.0136566
0.0137895
0.013712
0.0140718
0.0136963
0.0138393
0.0165644
0.0144828
0.0135598
0.0136669
0.0136919
0.013797
0.0135734
0.0138937
0.0138715
0.0138778
0.0139627
0.0137156
0.0136229
0.0136293
0.0138126
0.0137106
0.0137936
0.0136594
0.0136826
0.0135174
0.0140405
0.0138005
0.0140835
0.0137739
0.0137725
0.0143576
0.0141924
0.014498
0.013927
0.0144768
0.0141265
0.0177752
0.013781
0.0140587
0.0141707
0.0141493
0.0140288
0.0144747
0.0137831
0.0136755
0.0140626
0.0138571
0.0138427
0.0143269
0.0136381
0.0143256
0.013697
0.0138254
0.0139441
0.0136252
0.0141639
0.01388
0.0136459
0.0136993
0.013709
0.0149289
0.013672
0.0137766
0.0137581
0.0136626
0.0141052
0.0138887
0.013609
0.0138274
0.0136563
0.0135899
0.0136967
0.0136102
0.0137596
0.0135839
0.0135598
0.0140954
0.0138243
0.0137062
0.0140144
0.0146664
0.0136346
0.0149515
0.0152471
0.0145211
0.0136532
0.0160026
0.0140128
0.0144066
0.0170825
0.0138404
0.0140539
0.0138543
0.0135889
0.0140306
0.0141062
0.0137502
0.013598
0.0138545
0.0136632
0.0139416
0.0136836
0.0140405
0.0136487
0.0135976
0.014382
0.0140803
0.0140323
0.0138709
0.0138754
0.0134917
0.0136616
0.014871
0.0139066
0.0138197
0.01368
0.0144044
0.0138043
0.0136569
0.0143226
0.0136417
0.0136275
0.013621
0.0137648
0.0140943
0.0137593
0.0150123
0.0137518
0.0136134
0.0137698
0.0136312
0.013734
0.0138689
0.0142899
0.0144445
0.0139986
0.0139235
0.0149843
0.0135154
0.014388
0.0137584
0.0140864
0.0140092
0.0136032
0.0137621
0.0137042
0.0141629
0.0136366
0.0136289
0.0136301
0.0138462
0.0137356
0.0136909
0.0137276
0.0136895
0.0135299
0.0138041
0.0137753
0.0137688
0.013636
0.0137254
0.0136252
0.0137603
0.0139446
0.0136263
0.0137344
0.0149173
0.0136749
0.0136362
0.0138678
0.0136682
0.0138136
0.0137512
0.0138941
0.0135916
0.0137781
0.0135572
0.0139591
0.0137457
0.0136093
0.013835
0.0136053
0.0135769
0.0159205
0.0137873
0.0137306
0.0138259
0.0139087
0.0137252
0.0137054
0.0141204
0.013851
0.0137655
0.0136311
0.0151988
0.0139143
0.0136668
0.0158813
0.0142744
0.01363
0.0138348
0.0141737
0.0136275
0.0135641
0.0150729
0.0153418
0.0137611
0.0174992
0.0152683
0.0138732
0.0171984
0.0138281
0.0135561
0.0154876
0.0146036
0.0137564
0.0183701
0.0170343
0.0136377
0.0203436
0.0160843
0.0137748
0.0237114
0.0137973
0.0168179
0.0158258
0.0138748
0.0177863
0.0149766
0.0138854
0.0160305
0.0179449
0.0143994
0.0181755
0.0193726
0.0135823
0.0179486
0.0155737
0.0140708
0.0138583
0.0150582
0.0135277
0.0142448
0.0152494
0.0141259
0.0138025
0.0165007
0.0136446
0.0136592
0.017846
0.0142061
0.0136526
0.0171633
0.0145334
0.013811
0.0196541
0.0173684
0.0140232
0.0223617
0.0136632
0.0150849
0.0186961
0.0138646
0.0135626
0.0144092
0.0141472
0.0136175
0.0224346
0.0140122
0.0142858
0.0178032
0.0137624
0.0136708
0.0172528
0.0146547
0.013785
0.0190166
0.0137849
0.0135525
0.0175709
0.0147625
0.0139105
0.0177263
0.0152928
0.0138677
0.0166918
0.0137596
0.0135614
0.0139496
0.0142998
0.0137982
0.0138043
0.0137977
0.0147369
0.0137737
0.0185381
0.0152976
0.0137322
0.0160886
0.0142011
0.0134707
0.0163873
0.0157446
0.0135914
0.0167311
0.0143598
0.0135317
0.0176368
0.0147184
0.0135635
0.0159536
0.014214
0.0138447
0.0140082
0.0142454
0.0138291
0.0134591
0.0140935
0.0145811
0.0137422
0.0192903
0.01529
0.0136128
0.0141345
0.0136535
0.0136666
0.0148268
0.0149997
0.013652
0.0139646
0.0142049
0.0139588
0.0144299
0.0144165
0.0150018
0.0138522
0.01585
0.0151472
0.0139618
0.0145765
0.0142594
0.0145033
0.0137393
0.0143653
0.014208
0.0139532
0.0140228
0.0148181
0.0138692
0.0135748
0.0141499
0.0136738
0.0136733
0.0144124
0.0145832
0.0137939
0.0163908
0.0146463
0.0140002
0.0149392
0.0140802
0.0137971
0.0136925
0.0156291
0.0139245
0.0137483
0.0147959
0.0155597
0.0140132
0.0170751
0.0139906
0.0134636
0.0137269
0.016724
0.0137759
0.0151575
0.0144166
0.0144708
0.0138285
0.0140754
0.0139925
0.0138578
0.0140683
0.0137786
0.014078
0.0137105
0.0136808
0.0136793
0.0141047
0.0155826
0.0136823
0.0137604
0.0145019
0.0139744
0.0136312
0.0143935
0.0141024
0.0136982
0.0139622
0.0139659
0.0140919
0.0138305
0.0144004
0.0141487
0.0135868
0.014236
0.0139223
0.0139462
0.0139715
0.0182779
0.0137083
0.0138175
0.0151912
0.0158311
0.0137381
0.0156499
0.0148577
0.0139768
0.0144363
0.0169838
0.01374
0.014507
0.0141381
0.0142943
0.0140601
0.0138672
0.0139491
0.0137257
0.0142843
0.0149858
0.0138194
0.0137772
0.0147465
0.0140079
0.0139854
0.0157035
0.0141269
0.0143052
0.0141178
0.0153278
0.0136052
0.0144811
0.0144289
0.0137906
0.0136398
0.0138339
0.0138502
0.0137375
0.0147203
0.0144343
0.0139696
0.0148691
0.0139069
0.0139303
0.0138216
0.0224745
0.0171966
0.0220377
0.0240489
0.0223508
0.0159237
0.0141709
0.0231223
0.0137248
0.0152209
0.0151148
0.0137925
0.0138053
0.0146098
0.0140522
0.0141031
0.0138227
0.0142083
0.0136646
0.0141281
0.0137425
0.0140409
0.0146871
0.013851
0.0145324
0.0139357
0.0147418
0.0149659
0.0140486
0.0141993
0.0138813
0.0137953
0.014114
0.0138159
0.0137198
0.0139515
0.0137355
0.0144857
0.013705
0.0138973
0.0137143
0.0137821
0.0138577
0.0136719
0.0136762
0.0137568
0.0140223
0.0139291
0.0135152
0.0136981
0.0149319
0.013601
0.0137285
0.0138317
0.0140554
0.0137794
0.0138048
0.0138333
0.0135885
0.0140324
0.0136663
0.0142928
0.0137747
0.0135993
0.0140498
0.0136823
0.0137847
0.0135592
0.0136728
0.0138013
0.0140354
0.0137451
0.0135853
0.0136724
0.0138502
0.013985
0.0142746
0.016315
0.013973
0.0146545
0.0144806
0.0144239
0.013914
0.0146733
0.0141892
0.0144256
0.0143105
0.0135959
0.013697
0.0138117
0.0143947
0.0138505
0.0136579
0.0136069
0.0136818
0.0138376
0.0137984
0.0137089
0.013775
0.0137284
0.0142707
0.0136687
0.0135904
0.0137536
0.0138129
0.0138051
0.0139822
0.0138291
0.0141327
0.0135775
0.0152535
0.0135612
0.0136249
0.0137065
0.0139741
0.0136305
0.0136378
0.0135707
0.0138317
0.0139681
0.0137028
0.0139839
0.0137721
0.0136745
0.0137642
0.0136485
0.0136992
0.0138604
0.0137048
0.0137563
0.0135306
0.0136906
0.0137808
0.0135227
0.013768
0.0138265
0.0139909
0.0135606
0.0146191
0.0136376
0.0135472
0.0138265
0.0136976
0.0136074
0.0135964
0.01394
0.0135723
0.0137532
0.0136407
0.0136714
0.0136842
0.0138297
0.0135924
0.0136773
0.0136295
0.0136698
0.0137599
0.013755
0.0138508
0.013589
0.0147039
0.0143879
0.0140713
0.0136174
0.0137654
0.0146681
0.0142686
0.013521
0.0138629
0.0138245
0.0136012
0.0136788
0.0138494
0.0137265
0.0139079
0.0136658
0.0142873
0.0136094
0.0142102
0.0135717
0.0138089
0.0141739
0.0139724
0.0140605
0.0134718
0.0139269
0.0136312
0.0138161
0.0136751
0.013891
0.01386
0.0134999
0.0139728
0.0137823
0.0135311
0.0136722
0.0138463
0.0137903
0.0137944
0.013738
0.0137252
0.0135868
0.013522
0.0136545
0.0135763
0.0137018
0.014026
0.0137561
0.0136085
0.013889
0.0137928
0.0148571
0.0136964
0.0138614
0.0135211
0.0137523
0.0139798
0.0137375
0.0135048
0.013869
0.0137266
0.0136265
0.0135567
0.0139804
0.0138685
0.0138496
0.0139674
0.0136728
0.0137615
0.0136932
0.0138654
0.013677
0.0137713
0.0139163
0.0135818
0.0138193
0.0137952
0.013799
0.0135651
0.0138154
0.0141038
0.0139139
0.013701
0.0137575
0.0136679
0.0136027
0.0139437
0.0137142
0.0137847
0.0136218
0.0139693
0.0137532
0.0137921
0.0140166
0.0136612
0.0137562
0.0135921
0.0136441
0.0137845
0.013523
0.0137273
0.0136446
0.0137324
0.0136625
0.0136042
0.0137959
0.0138459
0.013863
0.0136993
0.013626
0.0140878
0.0135933
0.0136241
0.0137041
0.0152605
0.0137814
0.0145895
0.0138341
0.0141172
0.0137383
0.0138734
0.0159128
0.0139781
0.0146434
0.0140805
0.014277
0.014047
0.0141576
0.0139446
0.0136573
0.0137591
0.0142275
0.0141954
0.0137405
0.0143441
0.0137459
0.0136616
0.0139169
0.0137949
0.0136842
0.0137017
0.0137855
0.014016
0.0137379
0.013945
0.013629
0.0139027
0.0137369
0.013671
0.0137625
0.0141455
0.0140565
0.0138808
0.0135454
0.0138242
0.013608
0.0140938
0.013749
0.0142414
0.0140274
0.01366
0.0137664
0.0137874
0.0135846
0.0135793
0.0137271
0.0135848
0.0138016
0.0140798
0.0138869
0.013768
0.0136548
0.0138401
0.0136226
0.013701
0.0140851
0.0140824
0.0137246
0.0136746
0.0136357
0.0134594
0.013692
0.0142805
0.0136946
0.0139646
0.013661
0.0138946
0.0136505
0.013629
0.0141897
0.0136738
0.0139824
0.0137917
0.0135472
0.0136617
0.0139331
0.0138597
0.0137465
0.0140694
0.0136796
0.0135261
0.0137746
0.0139629
0.0135837
0.014198
0.0138153
0.0139738
0.0135955
0.0139337
0.0137023
0.0140202
0.0137009
0.0199689
0.0142043
0.0139703
0.0141777
0.015528
0.0141799
0.0148668
0.015764
0.0139243
0.0211946
0.0182354
0.0147006
0.0220742
0.0143647
0.0177798
0.0196805
0.0136486
0.0167829
0.0146965
0.013678
0.0154021
0.016207
0.013868
0.0160558
0.0161443
0.0137061
0.0147714
0.0139254
0.0136983
0.0139422
0.0137244
0.013876
0.0136948
0.0137393
0.0136207
0.0139159
0.013943
0.0137729
0.0136853
0.0136066
0.0141905
0.0136821
0.0136809
0.0138563
0.0135822
0.0136809
0.0137717
0.0137293
0.0145825
0.0138095
0.0148507
0.0143411
0.0138402
0.0146371
0.0176557
0.0137631
0.0152247
0.0217304
0.0139582
0.0183792
0.0179361
0.0140604
0.0169112
0.0163702
0.0136661
0.0142448
0.0139288
0.0136244
0.013734
0.0137891
0.0139422
0.0135506
0.0138296
0.0138357
0.0136796
0.0139877
0.0137485
0.0137528
0.0137344
0.0139624
0.0137885
0.0140181
0.013975
0.0139037
0.0138751
0.0146608
0.0136071
0.014102
0.0140539
0.0137255
0.0139949
0.0136504
0.0144225
0.0137451
0.0136609
0.0143065
0.0136685
0.0136903
0.0135745
0.0138148
0.0139647
0.0136116
0.013843
0.0145951
0.0136715
0.0140382
0.0141769
0.0137612
0.0143936
0.0141692
0.0145425
0.0136714
0.0147447
0.0138299
0.0139741
0.0145824
0.0154594
0.0140132
0.0135948
0.0142372
0.0137519
0.0136951
0.0139115
0.0140168
0.0135739
0.0142735
0.0151463
0.0147069
0.0137132
0.014596
0.0138809
0.0135868
0.0141711
0.0142059
0.0136711
0.0158538
0.0135843
0.0138103
0.013765
0.013871
0.0137015
0.0142351
0.0142389
0.0136701
0.0136551
0.0140788
0.0137044
0.0136984
0.0137298
0.0142716
0.0139203
0.0135417
0.0138355
0.0135027
0.0138548
0.0139019
0.0138531
0.0138975
0.013693
0.0151265
0.0140232
0.0136065
0.013954
0.0144096
0.013889
0.0138013
0.0142385
0.0138852
0.0136003
0.0143355
0.0145132
0.0141352
0.0139982
0.0140249
0.0136063
0.0139846
0.0139959
0.0137498
0.0135459
0.0142876
0.0137804
0.0137521
0.0152582
0.0142565
0.0140644
0.0138986
0.0139094
0.0136652
0.0140502
0.0155704
0.014093
0.0138428
0.0140641
0.0167643
0.013666
0.0151685
0.0208046
0.013619
0.0146996
0.0141561
0.0138957
0.0149084
0.0147219
0.0137814
0.0136296
0.0174489
0.015092
0.01462
0.0139143
0.0145881
0.0141836
0.0175
0.0139467
0.0141234
0.0145538
0.0137941
0.013824
0.0137275
0.0143825
0.0140521
0.0136949
0.0152847
0.0150509
0.0137156
0.0146875
0.0157288
0.013869
0.0142211
0.0147089
0.014043
0.0136243
0.013803
0.0145692
0.013828
0.0160465
0.0138004
0.0138307
0.0140519
0.0145852
0.0138297
0.0141633
0.0148791
0.0139036
0.0135601
0.0163273
0.0164111
0.0137111
0.0161693
0.0137369
0.0140396
0.0144388
0.0153272
0.0137781
0.0138966
0.0148795
0.0137601
0.0138443
0.0138424
0.0139782
0.0136813
0.0137778
0.0145967
0.0138632
0.013532
0.0138761
0.0135688
0.013799
0.0145939
0.0151817
0.0137538
0.0135408
0.0143342
0.0136193
0.0140134
0.0151958
0.0139907
0.0136242
0.0158229
0.013569
0.0137649
0.0140315
0.014843
0.0136625
0.0142408
0.0144482
0.0140167
0.0137747
0.0152239
0.013626
0.0137768
0.013554
0.0145515
0.0135703
0.0147216
0.0153777
0.0139501
0.0136141
0.0160194
0.0140292
0.0136421
0.0137028
0.0140539
0.0139156
0.0147476
0.0145813
0.0138141
0.0139984
0.0138176
0.0139843
0.013684
0.0140918
0.0144053
0.0140779
0.0141471
0.0143465
0.0142991
0.0137194
0.0138119
0.0137543
0.0138381
0.0137769
0.014121
0.0135133
0.0139687
0.0137632
0.0137052
0.0136574
0.0140078
0.0153151
0.0136832
0.0139783
0.0137618
0.0136805
0.0136019
0.0137302
0.0139566
0.0140095
0.0138877
0.0137198
0.0135881
0.0143798
0.0136492
0.0135173
0.0141885
0.0138528
0.0138511
0.013703
0.0141624
0.0138724
0.0142532
0.0136851
0.0140938
0.0136104
0.0136199
0.0138907
0.0144725
0.0138073
0.0138044
0.0140283
0.0137414
0.0136368
0.0136312
0.0137401
0.0138276
0.0136904
0.013822
0.0135366
0.0137327
0.0140364
0.0141271
0.0140088
0.0138832
0.013901
0.0137453
0.0141469
0.0138286
0.0136359
0.013714
0.0138503
0.0137123
0.0138079
0.0137299
0.0141041
0.013729
0.0140009
0.0138493
0.0135758
0.0136449
0.0137166
0.0143291
0.0137831
0.0137058
0.0137728
0.013845
0.0135994
0.0136235
0.0138211
0.0138096
0.0137362
0.0141566
0.0135942
0.0137327
0.0140298
0.0139543
0.013632
0.0142548
0.0138411
0.0139879
0.0140571
0.0144412
0.0142228
0.0139555
0.0141917
0.0137323
0.0136597
0.0139288
0.0141196
0.0136654
0.0138393
0.0140053
0.013736
0.0139332
0.0139666
0.0138176
0.0135943
0.0136982
0.0138807
0.0140663
0.0138815
0.0137558
0.0136301
0.0135696
0.013827
0.0137598
0.0135897
0.0135959
0.0137447
0.0137567
0.0137225
0.0142302
0.0141169
0.013766
0.0171758
0.0137443
0.0136164
0.0137579
0.0137385
0.0135225
0.0140056
0.0162926
0.0139527
0.0136993
0.0142062
0.0140763
0.0136911
0.0138679
0.0146994
0.0137298
0.013749
0.0145976
0.0142965
0.0135299
0.0144168
0.0138915
0.0138898
0.0142188
0.0152948
0.0137141
0.0143851
0.0142679
0.0141663
0.013887
0.0149549
0.0152636
0.0136086
0.0218377
0.014035
0.0136747
0.0160341
0.0142835
0.0135425
0.0139536
0.0186822
0.0142463
0.0214422
0.0161465
0.0142053
0.0248938
0.0141198
0.0191075
0.0178476
0.0139453
0.0225127
0.0153629
0.0142665
0.0213476
0.0136326
0.0152414
0.0137559
0.0137759
0.0140859
0.0137376
0.0138691
0.0138931
0.0180903
0.0208133
0.0139896
0.0261224
0.0148776
0.021962
0.0173059
0.0139819
0.0244003
0.0139137
0.0185998
0.01697
0.0136313
0.0173241
0.0165379
0.0136892
0.0205639
0.0170698
0.0136504
0.025402
0.0138444
0.0165872
0.0214539
0.0138358
0.0218492
0.0160302
0.013886
0.0245162
0.0137597
0.0180978
0.0200061
0.0147432
0.0197993
0.0137733
0.0136033
0.0142362
0.0136899
0.0136742
0.013618
0.0136317
0.0136781
0.0136417
0.019389
0.0139614
0.013746
0.0139669
0.0137902
0.0136144
0.0138478
0.0139195
0.0137819
0.0136189
0.0137619
0.0136087
0.013588
0.0180679
0.0141309
0.0142127
0.0140453
0.0142241
0.0136582
0.0148468
0.0139062
0.0137279
0.0135972
0.0138351
0.0138452
0.0136865
0.0135684
0.0145913
0.0136602
0.0135629
0.0136443
0.0141361
0.0136816
0.0136096
0.0137655
0.0137329
0.013606
0.0165167
0.0140031
0.0137772
0.0148604
0.0138804
0.0137076
0.0140856
0.0138222
0.0135179
0.0136441
0.0137012
0.0137834
0.0138111
0.0194254
0.0136973
0.0138087
0.0139217
0.0136852
0.0137376
0.0145782
0.013833
0.0136592
0.013864
0.0139876
0.0138605
0.0138452
0.0187654
0.0137617
0.0137693
0.0145966
0.014977
0.014131
0.0141472
0.0138678
0.0137902
0.013922
0.0137335
0.0138215
0.0137375
0.015927
0.0137752
0.0136032
0.0135912
0.0182297
0.0140231
0.0156506
0.0159845
0.0138296
0.0154109
0.0191916
0.013684
0.0139336
0.0144847
0.0142171
0.0136209
0.0138122
0.0137635
0.0135378
0.0135174
0.0136299
0.0134563
0.014443
0.0139113
0.0144614
0.0139534
0.0148623
0.0145601
0.0138012
0.0202499
0.0149974
0.0137221
0.015127
0.0165456
0.013592
0.0140638
0.0136002
0.013578
0.0138474
0.0135514
0.0148091
0.0135854
0.0177927
0.0139533
0.0138085
0.0139232
0.013847
0.013535
0.0135613
0.0136906
0.0139111
0.0138748
0.018487
0.0137281
0.0137336
0.0138214
0.0139344
0.013541
0.013727
0.0136782
0.0136081
0.0135283
0.0137225
0.0136033
0.0137274
0.018238
0.0141276
0.0138128
0.0137924
0.014391
0.0136114
0.0136982
0.0138617
0.0136722
0.013425
0.0142304
0.0148633
0.0135897
0.0159309
0.014219
0.0142981
0.013599
0.0140476
0.0141297
0.0140499
0.0139804
0.0146862
0.0140813
0.014259
0.0143054
0.013953
0.0141204
0.0148395
0.0140098
0.0143896
0.0136859
0.0141202
0.0137082
0.0138612
0.0136806
0.0136258
0.0135308
0.0137881
0.0139498
0.0138379
0.0144489
0.0137154
0.0136636
0.0137218
0.0136335
0.0138803
0.0139776
0.013936
0.013656
0.0138214
0.013894
0.0139294
0.0142177
0.0142211
0.0152328
0.0139527
0.0137986
0.0154121
0.0140419
0.0141051
0.0139114
0.0139808
0.0137821
0.0139553
0.0141784
0.0137971
0.0139795
0.014952
0.0138739
0.013979
0.0140178
0.0142984
0.0139544
0.0140035
0.0138222
0.0139141
0.0137011
0.0136155
0.0139862
0.0139507
0.013861
0.014019
0.0140004
0.0138481
0.0138518
0.0141195
0.0139101
0.0146445
0.0139881
0.0138138
0.0138415
0.0139051
0.014354
0.0142065
0.0139603
0.0140878
0.0141152
0.0153127
0.0138801
0.0139038
0.0136049
0.013593
0.0136533
0.0136275
0.013709
0.0137606
0.013729
0.0138003
0.0137842
0.0139079
0.0139242
0.0135404
0.0138502
0.0135686
0.0136397
0.0137496
0.0138804
0.0142207
0.014497
0.013936
0.0145112
0.0144734
0.0140669
0.0138684
0.014108
0.0141406
0.0140313
0.0140959
0.0136035
0.0137296
0.0137032
0.0136677
0.0144019
0.013705
0.0135334
0.014094
0.0145885
0.0156245
0.0161182
0.0138311
0.014529
0.0139786
0.0142147
0.0138227
0.0137923
0.0147219
0.013917
0.0146345
0.0141322
0.0148198
0.014187
0.0144624
0.0139038
0.0141768
0.0141123
0.0140104
0.014297
0.0136409
0.0143681
0.0136478
0.0144632
0.0154108
0.014021
0.0143815
0.0144918
0.0144945
0.0139366
0.0158702
0.0148874
0.0141795
0.0136682
0.0144386
0.0136684
0.014016
0.0136666
0.0141549
0.0139926
0.0145143
0.0142124
0.0135797
0.0139414
0.0141714
0.0140185
0.0142214
0.0142081
0.0144587
0.0138355
0.0148567
0.015072
0.013833
0.0148001
0.014703
0.0137983
0.0152584
0.0146765
0.0138363
0.0142181
0.0139533
0.0138848
0.0137474
0.0157167
0.0141938
0.0141043
0.0149344
0.0140892
0.0140743
0.014211
0.0148431
0.013867
0.0138765
0.0145857
0.0140228
0.0139523
0.0136007
0.014069
0.0139289
0.0140041
0.0153377
0.0140589
0.0161401
0.0158076
0.014366
0.0155617
0.0164161
0.0143665
0.0141118
0.0145172
0.0139886
0.013792
0.0144915
0.013982
0.0138402
0.0150197
0.0140584
0.0136839
0.0146749
0.0149302
0.0139645
0.0136886
0.0142462
0.0139605
0.0140868
0.0164814
0.013894
0.0136635
0.0149565
0.0164386
0.0138395
0.0144316
0.0156192
0.0140223
0.0136512
0.014252
0.0140394
0.0138425
0.0172446
0.0148504
0.0137551
0.0172314
0.0140076
0.0136716
0.0168132
0.0145764
0.0139173
0.0162348
0.0141469
0.0138326
0.0151235
0.0161368
0.0138366
0.0140946
0.0244172
0.0137101
0.0164282
0.0200634
0.0136332
0.014592
0.0136588
0.0135158
0.0136577
0.0136355
0.0135452
0.0136206
0.0136232
0.0139574
0.013722
0.0182877
0.0148446
0.0136177
0.0138399
0.0204845
0.0136725
0.0146024
0.0211868
0.0137963
0.0209311
0.0168299
0.0137414
0.0253264
0.0138987
0.0176565
0.0201242
0.0138995
0.0225709
0.0154668
0.013845
0.0237876
0.0138088
0.0172151
0.0138119
0.01376
0.0136748
0.0142047
0.0137072
0.0139797
0.013599
0.0137373
0.0143928
0.0185362
0.0145418
0.0139398
0.0138076
0.01411
0.0137485
0.0139646
0.0146
0.0137967
0.0140113
0.0138059
0.014151
0.0134907
0.0149014
0.013641
0.0138458
0.0136485
0.0180644
0.0145058
0.013737
0.0141216
0.0137676
0.0141255
0.0144779
0.014027
0.0136813
0.0140378
0.0139904
0.014046
0.0138885
0.0197019
0.0137975
0.0136017
0.0139597
0.0136833
0.0147189
0.0141001
0.0140759
0.0141191
0.0136734
0.0137413
0.0147863
0.0137479
0.0237428
0.0136136
0.0139443
0.01363
0.0139495
0.0139424
0.0139704
0.0142726
0.0135128
0.0138671
0.0136068
0.01384
0.0137046
0.0252741
0.0138028
0.0179323
0.0161295
0.0139169
0.0138125
0.0137219
0.013658
0.0137257
0.0141332
0.0137988
0.0135629
0.0136893
0.0137733
0.0137437
0.0148844
0.023046
0.0136438
0.0189749
0.0188459
0.0137401
0.0180608
0.0148418
0.0137475
0.0152508
0.014246
0.0140029
0.0143565
0.0143261
0.0141587
0.0160309
0.0149253
0.0142404
0.0146291
0.0144346
0.0139044
0.0141074
0.0160302
0.015229
0.0141739
0.0145381
0.0144677
0.0138568
0.0143749
0.0149182
0.014284
0.014489
0.0146664
0.0145216
0.0139099
0.0147072
0.0152404
0.0139898
0.0159762
0.0157774
0.0141825
0.014939
0.0144639
0.0139998
0.0138884
0.0137497
0.0136633
0.0136594
0.0139165
0.0138997
0.0137613
0.0139845
0.0137579
0.0137008
0.0135201
0.0138833
0.0140957
0.0136335
0.0139442
0.013916
0.0135262
0.0136152
0.0139522
0.0135417
0.0137335
0.0141415
0.0140465
0.013688
0.0137687
0.0137138
0.0135293
0.0139211
0.0138834
0.0138584
0.0135909
0.0142354
0.0156521
0.0138436
0.01461
0.014247
0.014001
0.013826
0.0148286
0.0143584
0.0139499
0.0140357
0.0139394
0.0138702
0.0172706
0.0142256
0.0138217
0.0142685
0.0140655
0.0137021
0.0137469
0.0142439
0.0140709
0.0137948
0.0140137
0.0138401
0.0141388
0.0147396
0.0139324
0.0137044
0.0139176
0.0144028
0.0148655
0.0139997
0.0142524
0.0138111
0.0135406
0.0142196
0.0140188
0.0135171
0.013545
0.0140675
0.0141717
0.0135044
0.0164409
0.0146189
0.0138786
0.0140286
0.0140325
0.0136178
0.0136728
0.0139889
0.0138125
0.0139608
0.0143034
0.0138611
0.014155
0.0144489
0.0142215
0.0136737
0.0139612
0.0175176
0.0142454
0.0168852
0.0147827
0.0140089
0.0138255
0.0143267
0.0139701
0.0145629
0.01382
0.0143554
0.013918
0.0157117
0.014261
0.0140121
0.0137772
0.0142137
0.0139111
0.0137008
0.01428
0.0140815
0.0141667
0.0141163
0.0135985
0.0136518
0.0137367
0.0136508
0.0138595
0.0139853
0.0140825
0.0138053
0.0136022
0.0150361
0.014383
0.0144599
0.0139008
0.0138381
0.0137779
0.0136357
0.0141582
0.0139345
0.0138987
0.0136035
0.0136889
0.0136972
0.0136823
0.0141215
0.0142667
0.0136224
0.0143502
0.0154707
0.0139247
0.0139822
0.0140508
0.0139588
0.013866
0.0140443
0.0140659
0.0135801
0.0134955
0.0140062
0.0136367
0.0140161
0.0140989
0.0140233
0.0135968
0.0136986
0.0140472
0.0142806
0.0142898
0.0140651
0.0138299
0.0136062
0.0162349
0.0139068
0.0138043
0.0137607
0.0141838
0.0138297
0.0135554
0.0137926
0.0140175
0.0146171
0.0166677
0.0140747
0.0141772
0.0142548
0.013988
0.0140482
0.0147332
0.0142278
0.0139763
0.0135056
0.0136769
0.0136708
0.0136675
0.0146985
0.0144829
0.0146322
0.0147799
0.0146617
0.0137996
0.0138902
0.0139317
0.014091
0.0137755
0.0138802
0.0136911
0.013734
0.014004
0.0139092
0.0135916
0.0155045
0.0156555
0.0138433
0.0145354
0.0138573
0.013884
0.0141146
0.0163567
0.0142353
0.0137698
0.0140811
0.0145536
0.0137436
0.0140185
0.0140833
0.014644
0.0136615
0.0152223
0.0145668
0.0136103
0.0141617
0.0148342
0.0136568
0.0147717
0.0141937
0.0138145
0.0139543
0.0141593
0.0141678
0.0138039
0.0138478
0.0143886
0.0139323
0.0167134
0.0155655
0.0139494
0.0176408
0.0171438
0.0137692
0.0190416
0.0157815
0.0135466
0.0154786
0.0140005
0.0136306
0.013673
0.0139054
0.0138299
0.0135272
0.0137618
0.0139372
0.0135936
0.0139414
0.0140022
0.0135779
0.0138422
0.014598
0.0158205
0.0136542
0.0244944
0.0137884
0.015965
0.0186708
0.0141034
0.0137036
0.0142536
0.0141477
0.0150495
0.013719
0.0138555
0.0137414
0.0135835
0.0146584
0.0139758
0.0139534
0.0136494
0.013674
0.013749
0.0139479
0.0142158
0.0136905
0.0137737
0.0140535
0.013851
0.0139907
0.0185968
0.0147796
0.0163586
0.0185731
0.0149151
0.0181241
0.0150529
0.0140055
0.0147573
0.0138555
0.014256
0.0138211
0.0140638
0.0140829
0.0137182
0.0151523
0.0146807
0.0141066
0.0181466
0.0191931
0.0169653
0.0236776
0.0159402
0.0196867
0.0174221
0.01434
0.0210131
0.0138844
0.0138491
0.0210867
0.0136552
0.013998
0.0142759
0.0144086
0.0142282
0.0156771
0.0140282
0.0141056
0.0139896
0.0141008
0.0138994
0.0148516
0.013594
0.0138463
0.013594
0.0193928
0.0147602
0.0139039
0.0211408
0.0138974
0.0157707
0.0148973
0.0136001
0.0137942
0.0141278
0.0137117
0.0135866
0.0142493
0.0183367
0.0140186
0.0203669
0.0181915
0.0148272
0.0238123
0.0149326
0.0206143
0.0179776
0.0143307
0.0174546
0.0142857
0.0138983
0.0166101
0.01667
0.0138797
0.0197777
0.0158556
0.015567
0.0203181
0.0143944
0.0165769
0.0170367
0.0140792
0.0176808
0.0162242
0.0138724
0.0171412
0.0145498
0.0142291
0.0164677
0.0142454
0.0138932
0.0142297
0.0178238
0.0145932
0.0154078
0.015375
0.0152748
0.014522
0.0170235
0.0143989
0.0148547
0.0189686
0.015256
0.0156056
0.0158711
0.0143085
0.0150758
0.0158366
0.0145716
0.0143504
0.0169803
0.0145919
0.015431
0.0189204
0.0141231
0.0149103
0.0140737
0.0149588
0.0145238
0.0159617
0.0139858
0.0141574
0.0151351
0.0143444
0.0138924
0.0173344
0.0140098
0.0136568
0.0172634
0.0141489
0.0139581
0.0178533
0.0138639
0.0139443
0.0176678
0.0190367
0.0140424
0.0181756
0.0169147
0.013846
0.0210141
0.0159016
0.0137145
0.0231756
0.0137508
0.016452
0.0203682
0.0138266
0.0194701
0.0183195
0.0137859
0.0179737
0.0137125
0.0138301
0.0140407
0.0142581
0.0137323
0.0147251
0.0213775
0.0135902
0.019885
0.0177491
0.0134619
0.0198879
0.0145686
0.0138532
0.0138749
0.0140067
0.0142431
0.0140261
0.0140024
0.0139165
0.0137006
0.0140141
0.0136774
0.0136583
0.015965
0.0136907
0.0137739
0.0136827
0.0152893
0.0138587
0.0137466
0.0143157
0.0142006
0.0137748
0.0153713
0.0141335
0.0141583
0.014083
0.0187482
0.0137953
0.0156015
0.0151609
0.0139107
0.0203622
0.018103
0.0141702
0.024146
0.0188124
0.0204463
0.0158718
0.014086
0.0146729
0.0145999
0.0136404
0.0138905
0.014267
0.0139903
0.0136107
0.0141012
0.0137029
0.0138336
0.0146151
0.0152509
0.0138959
0.0148187
0.0144565
0.0136774
0.0141376
0.0142785
0.0139071
0.0147741
0.0239684
0.013831
0.0188914
0.018956
0.0140356
0.0170377
0.0141846
0.0137929
0.0142531
0.0142649
0.0136358
0.0137513
0.0141234
0.0136561
0.0138236
0.0137903
0.0138261
0.0137283
0.0139482
0.0139968
0.013539
0.0141327
0.0138447
0.0146694
0.01377
0.0148373
0.0150197
0.0139705
0.0154825
0.0145483
0.0140456
0.0139825
0.0141098
0.0141062
0.0136187
0.0138247
0.0147549
0.0140732
0.0152918
0.0164519
0.0140325
0.0167698
0.0139195
0.0137511
0.0142882
0.0192982
0.0141255
0.0150758
0.0172919
0.0138939
0.0171531
0.0194152
0.0140057
0.0204696
0.0171068
0.0138385
0.0209867
0.0149805
0.0140485
0.0140144
0.014257
0.0138279
0.0150526
0.0141019
0.0141147
0.013876
0.0144935
0.0135977
0.0139879
0.0144535
0.0136748
0.0140898
0.019582
0.0141364
0.0140474
0.0160385
0.0167611
0.0141938
0.0154065
0.0143568
0.0140825
0.0148014
0.0155014
0.0139177
0.0141105
0.0137142
0.0137975
0.0138672
0.0138869
0.0139063
0.0136689
0.014052
0.0152865
0.0144205
0.0138492
0.0156047
0.0138489
0.0140405
0.0138018
0.0144916
0.0137923
0.0193193
0.0164001
0.0138094
0.0198142
0.0143726
0.0138408
0.0179135
0.0138301
0.014271
0.0148976
0.0141246
0.0136886
0.0142148
0.0143859
0.0140517
0.0149784
0.0149477
0.013795
0.0153306
0.0203571
0.0137955
0.0154425
0.0152412
0.013974
0.0137007
0.0150384
0.0145459
0.0144734
0.0141602
0.0137598
0.0138118
0.0187221
0.0173182
0.0136666
0.0149873
0.0140359
0.013813
0.0137231
0.0140428
0.0141718
0.0138415
0.0138283
0.0139411
0.0141789
0.0139364
0.0138263
0.0136139
0.014137
0.0142967
0.013663
0.013638
0.0141081
0.0138892
0.0138186
0.0143007
0.0139429
0.0140329
0.0136602
0.0146229
0.0141783
0.013637
0.0143307
0.0139656
0.0143341
0.0147201
0.0147759
0.0138597
0.0136978
0.0137235
0.0136949
0.0139208
0.0157253
0.0139683
0.0139447
0.0172981
0.0139147
0.0139736
0.0145862
0.015658
0.0139794
0.0143573
0.0145924
0.0140053
0.0151203
0.0149523
0.0142889
0.0135971
0.0138257
0.0140631
0.0141118
0.0135021
0.0135664
0.0137991
0.013918
0.0136075
0.0138958
0.0140401
0.013895
0.0137928
0.0135472
0.0137889
0.0138759
0.0139964
0.013833
0.0144662
0.014705
0.0136565
0.0188883
0.0193948
0.0138904
0.0209743
0.0139227
0.014412
0.0203806
0.0138929
0.0136807
0.0148396
0.014163
0.0136788
0.0144045
0.0139426
0.0138819
0.0138412
0.0140769
0.0136285
0.0154063
0.0145078
0.0137722
0.0143529
0.0138686
0.0140592
0.0137996
0.0142208
0.0138419
0.0137592
0.0141153
0.017336
0.0135226
0.0140353
0.014318
0.013926
0.0137067
0.0140237
0.0136455
0.0135378
0.0139358
0.0137711
0.0136912
0.0137127
0.013851
0.0139173
0.013665
0.0136644
0.0137421
0.0136797
0.0136778
0.0141317
0.0140982
0.0138626
0.0136756
0.0162803
0.0137682
0.0168654
0.0138402
0.0138234
0.0138999
0.014149
0.0135837
0.0135083
0.0137412
0.0142112
0.0136383
0.0135881
0.0142275
0.0135617
0.0160335
0.0152262
0.0145142
0.0139067
0.0175822
0.0141321
0.0144495
0.0246908
0.0199241
0.0281363
0.0379498
0.0189648
0.0190629
0.0189929
0.0139841
0.0140765
0.0148866
0.0142704
0.0139689
0.0145213
0.0142842
0.0137809
0.0138357
0.0138081
0.0137677
0.019033
0.0162314
0.0139875
0.0181195
0.0139731
0.0143735
0.0230326
0.0154866
0.0148021
0.0229297
0.013787
0.0140067
0.0136639
0.0141424
0.0144532
0.0151679
0.0141317
0.0143688
0.014587
0.0140516
0.0140846
0.0142819
0.0135623
0.0135546
0.0140441
0.0136531
0.0136244
0.0138063
0.0145076
0.0142773
0.0139934
0.0138718
0.0144056
0.0142548
0.0148483
0.0219586
0.0144994
0.0172054
0.0169933
0.0145134
0.016352
0.0179265
0.0149019
0.0187574
0.0160817
0.0138703
0.0196974
0.0150165
0.0138444
0.0160515
0.0141041
0.0142709
0.0145863
0.014467
0.0140005
0.0139179
0.0146887
0.0137462
0.01418
0.0140739
0.0138822
0.0136512
0.0140131
0.0141286
0.0138785
0.0140797
0.0139652
0.0138193
0.013884
0.0145044
0.013985
0.0140326
0.014395
0.0141321
0.0140238
0.0140002
0.014896
0.0137227
0.0142666
0.0139679
0.0144164
0.0140215
0.0165766
0.0143006
0.0139349
0.0141658
0.0140633
0.0138322
0.0137616
0.013653
0.0137893
0.0136421
0.013744
0.0163233
0.0136825
0.0136456
0.0155723
0.0137793
0.0135874
0.0137351
0.0139333
0.013823
0.0143482
0.0136935
0.013567
0.0136765
0.0137078
0.0136493
0.0136242
0.0136678
0.013805
0.0142276
0.0137883
0.0138385
0.0144661
0.0136277
0.013785
0.0140636
0.0137881
0.0139036
0.0146432
0.0138703
0.014122
0.0140081
0.0136448
0.0135535
0.0139566
0.0138518
0.0136614
0.0149991
0.0142837
0.0141446
0.0155694
0.013658
0.0136503
0.0137253
0.0138985
0.0140689
0.0142032
0.0139722
0.01417
0.0139209
0.0142093
0.0138718
0.0137491
0.0138118
0.0137007
0.0138998
0.0137172
0.0142653
0.0136546
0.0136223
0.0137562
0.0137481
0.0139471
0.0137731
0.0137365
0.014045
0.0140488
0.0153702
0.0138465
0.0137909
0.0137884
0.01373
0.0138169
0.0136659
0.0143
0.0162067
0.0137333
0.0140287
0.0141533
0.0137154
0.0155501
0.0140312
0.0142833
0.0136388
0.0145595
0.0139526
0.0142604
0.0153578
0.0142705
0.0138347
0.0143253
0.0149744
0.0137489
0.013693
0.0138048
0.0138927
0.0135591
0.020698
0.0137927
0.0138122
0.0139812
0.0141118
0.0137049
0.0137177
0.0138321
0.0136663
0.0136244
0.0135641
0.0138055
0.0137483
0.015447
0.0137426
0.0140807
0.0141467
0.0137616
0.0136888
0.0140682
0.0167224
0.013732
0.0138405
0.0185788
0.0209556
0.0190735
0.0277504
0.0253791
0.0184641
0.0188039
0.014655
0.0138814
0.0168827
0.0188238
0.0138506
0.015705
0.014668
0.0140219
0.0141973
0.0144702
0.0144615
0.0137258
0.0195445
0.014697
0.0142125
0.0147719
0.0140895
0.0139824
0.0142164
0.0144381
0.01432
0.014031
0.0138224
0.0136147
0.0136124
0.0140405
0.0139328
0.0140049
0.014446
0.0138823
0.0137701
0.013804
0.0141221
0.0142424
0.0140403
0.0152892
0.0148491
0.0138106
0.0141501
0.0149389
0.0140826
0.0138741
0.0142751
0.0137206
0.0137657
0.0142229
0.0138683
0.0137052
0.0164998
0.0172549
0.0138921
0.0173219
0.0158419
0.0139676
0.0174621
0.015214
0.0140007
0.0145194
0.014336
0.0142454
0.0140543
0.0138643
0.0141112
0.0147796
0.017499
0.0140722
0.0139121
0.0137658
0.0138743
0.0137792
0.0141738
0.0145967
0.0141378
0.015934
0.0145488
0.0140873
0.0148286
0.0141465
0.0141249
0.0139295
0.0139304
0.0142038
0.0139296
0.014078
0.0140646
0.0136396
0.0135728
0.0139411
0.0138457
0.0135562
0.0145425
0.0140218
0.013655
0.0149062
0.013908
0.0138604
0.0136994
0.0140052
0.0144201
0.0138879
0.014853
0.0139099
0.0137397
0.0143611
0.014958
0.0142899
0.0150081
0.0163978
0.0141511
0.014331
0.0138616
0.0141331
0.0142193
0.0158488
0.0143094
0.014008
0.0144269
0.014029
0.0138708
0.0142145
0.0139684
0.0137931
0.0134815
0.0159468
0.0146301
0.0137167
0.014204
0.0138516
0.0139756
0.0139194
0.0137027
0.0138297
0.0137279
0.0147123
0.0143916
0.0137135
0.0172627
0.0147921
0.014284
0.0142926
0.0143716
0.0142725
0.0142105
0.0142703
0.0137632
0.0138743
0.0139132
0.0134707
0.0137822
0.0142695
0.0139954
0.0136916
0.0143274
0.0142562
0.0142567
0.013543
0.0147628
0.013963
0.0139433
0.0202117
0.0159575
0.0140513
0.0161427
0.0146662
0.0144695
0.0143036
0.0141182
0.013717
0.0135812
0.0138552
0.0139286
0.0135487
0.0213895
0.0142829
0.013725
0.0140611
0.01424
0.0140224
0.0138619
0.0147028
0.0143217
0.0144869
0.0142111
0.0137817
0.014908
0.018905
0.0137111
0.0135377
0.0139892
0.0139346
0.0139723
0.0144977
0.0158723
0.0139799
0.0148773
0.0158879
0.0137109
0.0173008
0.0188488
0.0137684
0.0165163
0.0141705
0.0137573
0.0137151
0.0138259
0.0137201
0.0138769
0.01373
0.0138436
0.0137735
0.0138728
0.0138463
0.0138503
0.0137158
0.0138228
0.0139623
0.0138608
0.0139335
0.0146428
0.0137278
0.0175259
0.0153153
0.013734
0.0163123
0.0159223
0.0137129
0.0174358
0.0176279
0.0138764
0.0149222
0.0147736
0.0142029
0.0151232
0.0142021
0.0138883
0.0136907
0.0139311
0.0139345
0.0138579
0.0136787
0.0138359
0.0136993
0.0137077
0.0137688
0.0137879
0.0135817
0.0139454
0.0138505
0.0138523
0.0155712
0.0149911
0.0139988
0.0142808
0.0143176
0.0138531
0.014156
0.0150442
0.0144208
0.0140657
0.0151535
0.0182658
0.0146695
0.0212686
0.0162743
0.014754
0.0180353
0.0142596
0.0138387
0.0138785
0.0140454
0.0139725
0.014254
0.0141926
0.0138681
0.0138274
0.0139387
0.0138142
0.0138193
0.0143566
0.014092
0.0138317
0.0137626
0.0137444
0.0137383
0.0136487
0.0140395
0.0138315
0.013715
0.0172836
0.0160203
0.014121
0.0136094
0.013753
0.0143392
0.0141841
0.0144073
0.0140855
0.0138159
0.0139239
0.0138824
0.0137394
0.0152352
0.0145096
0.0137732
0.0137162
0.0138409
0.0139408
0.0140512
0.0140461
0.0140064
0.0139673
0.0146626
0.0141846
0.0141822
0.0161819
0.0140648
0.0141085
0.0138536
0.0140903
0.0139376
0.0137666
0.0140553
0.0148659
0.0143646
0.0164848
0.0159496
0.0140165
0.0203435
0.0159677
0.0139262
0.0137532
0.0138296
0.0136397
0.0140659
0.0142334
0.0140675
0.0138305
0.0141352
0.0135535
0.0134498
0.0146633
0.0139902
0.0138235
0.013701
0.0144716
0.0139616
0.0141773
0.0137559
0.0144604
0.0139143
0.0139556
0.0138367
0.0138086
0.0138777
0.0136258
0.015005
0.0138394
0.0159094
0.0143404
0.0143342
0.0153943
0.0142928
0.0140111
0.0173997
0.0138392
0.0136129
0.0137523
0.0140446
0.0135408
0.0137105
0.0141694
0.0143928
0.0140555
0.0194499
0.0177361
0.0140697
0.0169994
0.0141094
0.0136917
0.0200554
0.0137458
0.0135968
0.0153604
0.0138059
0.0137784
0.0192422
0.0151101
0.0138346
0.0139484
0.0184262
0.0138972
0.017099
0.0144771
0.0140393
0.0141084
0.0138762
0.0139107
0.0137231
0.0137348
0.0138512
0.0137934
0.0135596
0.0137664
0.0139274
0.0138244
0.0137864
0.0137435
0.0138484
0.013859
0.0142075
0.0134835
0.0144757
0.0136433
0.0136854
0.0136574
0.0141492
0.013746
0.0138499
0.0141719
0.0138582
0.0139829
0.0140474
0.0139604
0.0137017
0.0135927
0.0137425
0.0138412
0.0138104
0.0136548
0.0136777
0.0135017
0.0136905
0.0139051
0.013616
0.0139832
0.0169117
0.0160003
0.0146222
0.0254355
0.014718
0.0184165
0.0184331
0.0137721
0.0152755
0.0148929
0.0142045
0.0148987
0.0141094
0.0140043
0.0151125
0.0142291
0.0144505
0.013897
0.0147182
0.0142479
0.014003
0.0144926
0.0144699
0.0148673
0.0147538
0.0152611
0.0138725
0.0140992
0.0152593
0.0143582
0.0142596
0.0141161
0.0141396
0.0138437
0.0141964
0.0146015
0.0135984
0.0142
0.0140067
0.0139418
0.0137711
0.0138985
0.0141131
0.0137916
0.0141439
0.0143929
0.0138108
0.0142247
0.0142767
0.0144078
0.0138968
0.0144498
0.0137939
0.0136149
0.014442
0.013975
0.013745
0.0144246
0.013606
0.0136699
0.013615
0.0155033
0.0139971
0.0135878
0.0144529
0.0139066
0.0140712
0.0138338
0.0150694
0.0136627
0.013904
0.0141988
0.0140812
0.0137944
0.0151148
0.0150004
0.0135017
0.0142685
0.0148608
0.0139412
0.0144554
0.0153979
0.0145219
0.0135828
0.017412
0.015081
0.0138901
0.0159101
0.0142328
0.0140679
0.0144041
0.0142535
0.0136737
0.0143808
0.0138743
0.0139067
0.0140428
0.0146811
0.0141007
0.0139191
0.0182978
0.014338
0.0137382
0.0142912
0.0141619
0.0142585
0.0170248
0.0147167
0.0139975
0.0141782
0.0140443
0.0139273
0.0138143
0.0183908
0.0142589
0.013978
0.0156426
0.0140106
0.0137545
0.0146102
0.0137065
0.0145009
0.0138459
0.0151482
0.0140105
0.0142324
0.0136712
0.0141484
0.0142229
0.0143291
0.0163419
0.0137976
0.0180794
0.017394
0.0136685
0.0220931
0.0160899
0.013755
0.020471
0.0142885
0.0151404
0.016496
0.014032
0.0144093
0.0201505
0.0139204
0.0149915
0.014506
0.0140004
0.0136095
0.0205217
0.0139346
0.013876
0.0145758
0.0138407
0.0139858
0.0159856
0.0156825
0.0137931
0.0138447
0.0144553
0.013962
0.0147588
0.0165544
0.0139699
0.0145479
0.0232398
0.0148132
0.0191079
0.0163498
0.0138766
0.0173711
0.0147645
0.0139344
0.0149218
0.0141193
0.0140963
0.0137677
0.0141705
0.0139247
0.0136353
0.0141654
0.0144352
0.0139176
0.0149077
0.0160246
0.0138049
0.0147137
0.0143244
0.0138357
0.0144278
0.0145659
0.0141105
0.0136799
0.0145428
0.0145891
0.0137447
0.0156085
0.0142875
0.0139893
0.0174586
0.0157615
0.0141093
0.0145589
0.014105
0.0137211
0.0139697
0.017058
0.0141767
0.0139532
0.0222293
0.0142906
0.0157849
0.0184524
0.013872
0.0174013
0.0154789
0.0137494
0.01488
0.0143805
0.0143296
0.0136534
0.0161667
0.0139853
0.0141359
0.0174791
0.0144899
0.0138654
0.01376
0.0177408
0.0143238
0.0142457
0.0137477
0.0139502
0.0144751
0.0173719
0.0139056
0.0166087
0.0196489
0.0140727
0.0213576
0.0151266
0.01371
0.0180213
0.0157843
0.0137196
0.0195959
0.0143384
0.0137469
0.0215073
0.0137232
0.0140123
0.0139611
0.0139726
0.0146208
0.0143054
0.0137018
0.0137474
0.0139608
0.0137987
0.0137953
0.0140485
0.0235387
0.0136596
0.0143175
0.0198879
0.0139056
0.0151305
0.0176765
0.0136839
0.0149836
0.0204138
0.0139178
0.0203103
0.0164872
0.0138999
0.0238973
0.0140225
0.01454
0.0146316
0.0149005
0.0139083
0.0148056
0.0144506
0.0137536
0.0145472
0.0156005
0.0137148
0.0163969
0.0175912
0.0139391
0.0163
0.0168104
0.0141664
0.0146653
0.0139941
0.0138003
0.0139517
0.015979
0.0141144
0.0135641
0.0164465
0.0142976
0.0136135
0.0143589
0.015191
0.0137046
0.0156281
0.0206281
0.0140924
0.0193182
0.0139999
0.0138109
0.0172851
0.016734
0.014282
0.0175861
0.0138857
0.013923
0.0152224
0.0146462
0.0139545
0.0154506
0.0142785
0.0142065
0.0139129
0.0150415
0.0136607
0.0139557
0.0142489
0.0140958
0.0139485
0.0136346
0.0139704
0.0137522
0.0142424
0.014111
0.0137105
0.0137263
0.0140579
0.0136614
0.013778
0.0141516
0.0139832
0.0139112
0.0138351
0.0146821
0.0145133
0.0136652
0.0143744
0.0140635
0.0136462
0.0138247
0.014006
0.0140363
0.0138038
0.0142434
0.015852
0.0258433
0.0231914
0.0175021
0.0224064
0.0155811
0.0222909
0.0144035
0.0137822
0.021923
0.0139142
0.0144945
0.0222317
0.0136452
0.0181259
0.0185332
0.0136018
0.0219082
0.0149851
0.0136548
0.0239578
0.0137876
0.0154552
0.0212408
0.0136062
0.0190649
0.0178612
0.0137337
0.0227543
0.0143129
0.0136812
0.0233766
0.0137723
0.0174732
0.0196718
0.0137986
0.0211557
0.01576
0.0137819
0.0242053
0.0136274
0.0151612
0.0213345
0.0137638
0.016643
0.0169164
0.0139602
0.0161863
0.0173543
0.0136938
0.0192122
0.0177704
0.0137386
0.0234225
0.0139576
0.0140378
0.0229738
0.0142808
0.0185384
0.0186323
0.014273
0.0219978
0.0137954
0.0142365
0.0172486
0.0141388
0.0140745
0.0191659
0.01467
0.014087
0.0151806
0.0140027
0.01399
0.0144712
0.0138229
0.0137577
0.0138583
0.0141534
0.0143885
0.0136466
0.013895
0.0139081
0.0137335
0.014609
0.014787
0.0139107
0.0145543
0.0149139
0.0138748
0.0141708
0.0143747
0.0139213
0.0136901
0.0144332
0.0141897
0.0138943
0.0150924
0.0136338
0.0139608
0.0136606
0.013714
0.0136016
0.0136136
0.0139513
0.0138169
0.0135523
0.0138105
0.0142032
0.0143394
0.0137561
0.014706
0.0139973
0.0139014
0.0158237
0.0139954
0.0136902
0.0140923
0.0145509
0.0141304
0.0137347
0.016718
0.0143739
0.0138647
0.0150479
0.0139558
0.0135339
0.0138968
0.0136665
0.0136751
0.0139284
0.013761
0.0141725
0.0137858
0.0137957
0.0137639
0.0136094
0.013653
0.0137503
0.0139498
0.0136198
0.0143644
0.0135522
0.0136673
0.0135752
0.0137975
0.0136191
0.0137234
0.0139881
0.0137342
0.0138008
0.0138678
0.0142185
0.0136498
0.0140723
0.0145309
0.0142338
0.0138857
0.0137248
0.0149204
0.0141131
0.0173362
0.0141313
0.0136824
0.0147666
0.0151944
0.0145881
0.01431
0.0143545
0.0140994
0.0138283
0.014258
0.0139404
0.014085
0.0144194
0.0142049
0.0136844
0.0136663
0.0162074
0.014001
0.0137151
0.0142241
0.0141609
0.0141724
0.0142056
0.0140369
0.0139745
0.0140938
0.0144514
0.0138039
0.0137356
0.0142517
0.01425
0.0137198
0.0138848
0.0136734
0.0136343
0.0161052
0.0139392
0.014325
0.0138764
0.0137443
0.0142425
0.013647
0.0144746
0.0140344
0.0137413
0.0135604
0.0137413
0.0136634
0.0135706
0.0184054
0.0138182
0.0136433
0.0137862
0.014316
0.0139746
0.0150079
0.0138409
0.0138262
0.0136958
0.0136716
0.0137315
0.0137856
0.0139244
0.0142955
0.0138814
0.0137794
0.0144577
0.0137677
0.0137054
0.0136802
0.0136481
0.013726
0.0148344
0.0138957
0.0136871
0.0135584
0.0140814
0.0137915
0.0138977
0.0143558
0.0136116
0.0135346
0.0135617
0.0176735
0.014152
0.0140943
0.0137487
0.013629
0.0136545
0.0138493
0.0137806
0.0138999
0.0140657
0.014168
0.0138382
0.0155704
0.015977
0.0141619
0.0143029
0.0141386
0.0138443
0.0138141
0.0146683
0.0139232
0.0145508
0.0138472
0.0151939
0.0137277
0.0147372
0.014406
0.014207
0.013874
0.0143489
0.0141408
0.0140266
0.0138821
0.0140677
0.0138724
0.0139038
0.0164712
0.0135711
0.0137681
0.0165959
0.0141012
0.014267
0.0154223
0.0142895
0.0138286
0.014321
0.0169145
0.0138209
0.0150531
0.013883
0.0138617
0.0141716
0.0153428
0.0138982
0.0137245
0.0143658
0.0141069
0.0137924
0.0179814
0.0143252
0.0141666
0.0148414
0.0141642
0.0140241
0.0144996
0.0141075
0.0138354
0.0140962
0.0206983
0.0139074
0.0149672
0.0214565
0.0137753
0.0185576
0.0175841
0.0139493
0.0220132
0.014329
0.0136248
0.0184139
0.013741
0.0136465
0.0139468
0.0138139
0.0136253
0.014581
0.0140968
0.0137829
0.0135481
0.0139444
0.0137393
0.0137889
0.0147887
0.0135629
0.014429
0.0147066
0.0177095
0.013674
0.0147903
0.0150019
0.0138078
0.0134753
0.0172288
0.0136882
0.0137171
0.0136429
0.0137145
0.0137511
0.0149339
0.013635
0.0136533
0.0135493
0.0147065
0.0141338
0.0135049
0.0166945
0.014202
0.0136622
0.0138099
0.015969
0.0136455
0.0138669
0.0141967
0.0143301
0.0140949
0.021314
0.0135979
0.0138373
0.0143244
0.0140803
0.0139125
0.0160744
0.0163472
0.0136468
0.0167371
0.0168674
0.0138106
0.0226892
0.0137711
0.0137939
0.0236388
0.0135754
0.0166078
0.0197062
0.0137582
0.0194592
0.0170862
0.0136591
0.0227241
0.013646
0.0136636
0.023115
0.0138812
0.0154946
0.0171244
0.0140178
0.0139193
0.0149435
0.0136761
0.0138474
0.0160468
0.0140833
0.0137661
0.0160331
0.0142905
0.0141067
0.0148967
0.017115
0.0137703
0.0141732
0.0177605
0.0136183
0.0136198
0.0137162
0.0136538
0.0135478
0.0148734
0.0143947
0.0140701
0.0142469
0.0136345
0.0137542
0.0155505
0.015813
0.0136571
0.0140783
0.014714
0.0140957
0.013769
0.015826
0.0139684
0.0136416
0.0145502
0.0142287
0.0137575
0.01375
0.0162773
0.0137474
0.0135112
0.0165203
0.0138196
0.013875
0.013721
0.0142228
0.0138459
0.0156291
0.0143193
0.0137659
0.0137267
0.0141663
0.0137273
0.0137261
0.0200618
0.014631
0.0138012
0.0175754
0.0149443
0.0144919
0.0206434
0.0137368
0.0139321
0.0158897
0.0138257
0.0154511
0.0206704
0.014119
0.0138903
0.0162485
0.0140554
0.0142522
0.015164
0.0152629
0.013817
0.0143002
0.0145144
0.0138782
0.0143864
0.0148641
0.0136677
0.0136975
0.015975
0.0142163
0.0135601
0.0149421
0.0144096
0.0137741
0.0158992
0.0139034
0.013922
0.0138296
0.0152773
0.0137847
0.0139681
0.0186613
0.0138223
0.0138326
0.0175963
0.0157705
0.0140517
0.0160679
0.0153021
0.0138337
0.0170322
0.0145548
0.0139192
0.0150951
0.0141011
0.0137389
0.0136266
0.0189792
0.0138401
0.0139416
0.0153818
0.0142296
0.0139183
0.0153209
0.0139351
0.0136152
0.0139532
0.0147492
0.0138149
0.0159116
0.0169054
0.0136405
0.0157935
0.01418
0.0136004
0.0141489
0.0197215
0.0139987
0.0141083
0.0150764
0.0137821
0.0135651
0.0152162
0.0137797
0.0137189
0.0145225
0.0137855
0.013565
0.0159844
0.0210303
0.0140307
0.0194705
0.0151272
0.0138261
0.0195649
0.0158466
0.0140023
0.0153486
0.0150703
0.0140331
0.0163929
0.0151436
0.0144762
0.0150453
0.0143312
0.0141941
0.0153839
0.016761
0.0141972
0.0146474
0.0145036
0.0143293
0.0139635
0.0168827
0.0140543
0.0142691
0.0179325
0.0144274
0.013744
0.0153587
0.0145197
0.0137409
0.0174886
0.0156283
0.0136787
0.0196262
0.0141081
0.0137518
0.0190563
0.0148379
0.0138968
0.0172239
0.0141247
0.0136909
0.0170665
0.0145586
0.0135634
0.0184928
0.0149004
0.0136086
0.0178897
0.0179453
0.0136471
0.0212276
0.0149074
0.0137257
0.0235057
0.013647
0.014255
0.020756
0.0137313
0.016192
0.0191882
0.0139592
0.0191552
0.0167447
0.0138697
0.0158677
0.0141875
0.0141855
0.0138881
0.0141707
0.0140445
0.013469
0.0138509
0.0137842
0.0136999
0.0137185
0.0177611
0.013869
0.0202288
0.0161478
0.0136749
0.0198615
0.0138849
0.013789
0.0138503
0.0143917
0.0136528
0.0144704
0.0136285
0.013735
0.0135699
0.0179722
0.014025
0.0139703
0.0146931
0.0139862
0.0141062
0.0136035
0.0156752
0.013666
0.017091
0.0176835
0.0137759
0.0172783
0.0151241
0.0137868
0.0161956
0.0155076
0.0140996
0.0166394
0.0180662
0.0139148
0.0168968
0.0150744
0.0138832
0.0156173
0.0140356
0.0143579
0.0139319
0.0139583
0.0148273
0.0137956
0.0154926
0.0140419
0.0140859
0.01481
0.0149756
0.0138936
0.0136815
0.018093
0.0138091
0.0144891
0.0146269
0.0147026
0.0139911
0.0165595
0.0137003
0.0136485
0.0136982
0.0137887
0.0139539
0.016475
0.0137794
0.0136932
0.0139651
0.0154611
0.0139156
0.0144312
0.0138691
0.0146238
0.0138068
0.0149616
0.0140199
0.01391
0.0162274
0.0141361
0.0138142
0.0137879
0.0152708
0.0141974
0.013842
0.014693
0.0142859
0.0139015
0.0144424
0.0140119
0.0135903
0.0137939
0.0153971
0.0139143
0.013654
0.0143112
0.0137845
0.0138826
0.0136408
0.0135453
0.0138722
0.0144805
0.0162829
0.013711
0.0140732
0.0144539
0.0143259
0.0139065
0.0154332
0.0137972
0.0137194
0.0137946
0.0140488
0.01355
0.0136882
0.0142176
0.0137429
0.0137288
0.0137001
0.0163457
0.0136753
0.0143668
0.0146139
0.0138576
0.0137729
0.0144952
0.0136824
0.0135591
0.0136406
0.0137771
0.013731
0.0136805
0.0143745
0.0139697
0.013814
0.0136614
0.0137203
0.0140442
0.0148065
0.0141233
0.0142014
0.0135172
0.0179997
0.0139408
0.014551
0.0137565
0.0136096
0.0144309
0.0138932
0.0145154
0.0137446
0.0139346
0.0140461
0.0138009
0.0136479
0.0144056
0.0138092
0.0136625
0.0137709
0.0168967
0.0136805
0.0181315
0.015182
0.0137304
0.0148928
0.0144048
0.0136467
0.0136431
0.0145006
0.0139025
0.0139662
0.0139103
0.0138634
0.0139028
0.0138758
0.0136973
0.01392
0.0141728
0.0140506
0.0138879
0.0140726
0.0144529
0.0142019
0.0138399
0.0139995
0.0139988
0.0140568
0.0143563
0.0141602
0.0143831
0.0137825
0.015937
0.0139292
0.0136976
0.0147932
0.0151886
0.0138993
0.0144047
0.0165207
0.0137836
0.0138286
0.0139139
0.0136242
0.0137261
0.01391
0.0139116
0.0137268
0.0137455
0.0136049
0.0138724
0.0137385
0.018734
0.0136836
0.0137472
0.0137137
0.0143801
0.0136497
0.0140396
0.0139121
0.0136379
0.0136778
0.0135967
0.0135992
0.0137819
0.0176789
0.013986
0.0135856
0.0140617
0.0143088
0.0135388
0.0137284
0.0140533
0.0138896
0.0136314
0.0138064
0.0137324
0.0136474
0.0138384
0.0136934
0.013943
0.0140504
0.0144255
0.0150186
0.0137249
0.0148859
0.0142125
0.0140886
0.0140484
0.0138939
0.0136975
0.0137347
0.0138379
0.0136585
0.0138581
0.0138532
0.013913
0.0136701
0.0139365
0.0137544
0.0139386
0.0136682
0.0138263
0.0138538
0.0138313
0.0155201
0.0199504
0.0135003
0.0212333
0.0156091
0.013835
0.0233897
0.0138101
0.0140097
0.0223876
0.0141393
0.0141495
0.0141324
0.013632
0.0138395
0.0140414
0.0138541
0.013583
0.0136879
0.0138457
0.0135877
0.0137905
0.0137823
0.0135899
0.0138822
0.0136537
0.0135995
0.0137186
0.0164111
0.0147735
0.013643
0.0135345
0.013807
0.0136822
0.0137898
0.0138959
0.0138852
0.0137175
0.0138058
0.0137561
0.0144692
0.0138248
0.0171174
0.0137027
0.0135465
0.013684
0.0136753
0.0136266
0.01375
0.0139575
0.0135806
0.0134942
0.0137364
0.0137271
0.013817
0.0180629
0.0137983
0.0139093
0.0137036
0.013757
0.0135934
0.0141298
0.0139336
0.0139551
0.0135587
0.01415
0.0137275
0.0136239
0.0137642
0.0140447
0.0137631
0.0141487
0.0140717
0.0137279
0.0143367
0.0140274
0.0142505
0.0135956
0.0154064
0.0168192
0.0140579
0.013622
0.0139584
0.0140531
0.0137808
0.01467
0.0136524
0.0137332
0.0136476
0.0136025
0.0135796
0.0135306
0.0187561
0.0138347
0.013907
0.0137466
0.0137217
0.0137602
0.0138513
0.0137212
0.0137986
0.0136432
0.0136371
0.0137217
0.0137858
0.0195391
0.0144543
0.0141345
0.0146651
0.0149255
0.0139994
0.0140331
0.0153787
0.0139515
0.0143377
0.0153773
0.0137482
0.0138307
0.0155745
0.0142752
0.0141089
0.013787
0.0150334
0.0135884
0.0148295
0.0147789
0.0137801
0.0139374
0.0146236
0.013797
0.0138343
0.0142839
0.0139051
0.0137146
0.0146729
0.0147797
0.0137013
0.0156599
0.0145392
0.0142175
0.0137828
0.0143136
0.0141258
0.0140839
0.0138628
0.0144795
0.0138984
0.016185
0.0142696
0.0137685
0.0139814
0.0154705
0.0146663
0.0140318
0.0198722
0.0139351
0.0137767
0.0175436
0.0139714
0.0138674
0.0180553
0.0139638
0.013828
0.0182286
0.014538
0.0139819
0.0151945
0.0157515
0.0137714
0.0172822
0.0148679
0.0144484
0.0152641
0.0155583
0.013775
0.0146813
0.0145749
0.0140688
0.013841
0.0172504
0.0145358
0.0137621
0.0153679
0.0138278
0.0138492
0.0143276
0.0142487
0.0137158
0.0140718
0.0140523
0.0137673
0.0138893
0.0143343
0.0140176
0.0142193
0.0186577
0.0159495
0.0138975
0.0143431
0.0155994
0.0140319
0.0145006
0.0143887
0.0138725
0.0138893
0.014386
0.0139944
0.0138638
0.0139762
0.0136509
0.0136411
0.013803
0.0137881
0.0138829
0.013732
0.0172458
0.0135829
0.0136828
0.0140569
0.0138246
0.0136496
0.0138487
0.0136762
0.0137043
0.013643
0.0137025
0.0137039
0.0135139
0.0182643
0.0139347
0.013532
0.0136914
0.013653
0.0136563
0.0136934
0.0140279
0.0138487
0.0138675
0.0137178
0.0138499
0.0138184
0.0158796
0.0154669
0.0134819
0.0139247
0.0135932
0.0135648
0.0136788
0.0139389
0.0136397
0.0135345
0.0136153
0.0136462
0.0137295
0.0138568
0.0150736
0.013728
0.0136108
0.0137524
0.0141034
0.0141099
0.0134747
0.0136761
0.0137747
0.0141339
0.0188404
0.0136849
0.0136166
0.013822
0.0138336
0.0137658
0.0135254
0.0162595
0.0137587
0.0142109
0.0168768
0.0140024
0.014131
0.0234046
0.0138046
0.0146152
0.0205963
0.0140589
0.0168242
0.0180362
0.0137794
0.0188152
0.0170399
0.0135455
0.0138743
0.0137876
0.0136858
0.0139872
0.0138393
0.0136219
0.0139174
0.0136237
0.0136562
0.0136409
0.0175717
0.0139606
0.0142468
0.0137183
0.0135668
0.0139414
0.0135179
0.0146389
0.0137665
0.0136024
0.0139256
0.0144353
0.0137657
0.0150495
0.0163596
0.0135513
0.0137982
0.0135784
0.0139937
0.0136067
0.013843
0.013752
0.0135317
0.0139431
0.0139058
0.0138307
0.0136626
0.0173751
0.0138656
0.014214
0.0143841
0.0137496
0.0137539
0.014484
0.0139296
0.0140323
0.0138861
0.013696
0.0137171
0.0137391
0.0146367
0.0139075
0.0137168
0.0144274
0.0144271
0.0136241
0.0137305
0.014222
0.0136907
0.0138367
0.0138654
0.0135856
0.0137434
0.0135819
0.0137389
0.0137332
0.0136906
0.0187096
0.0145109
0.0137832
0.0138288
0.0144001
0.0139115
0.0138464
0.0142964
0.0135728
0.0137034
0.0136532
0.0138112
0.0136065
0.0140278
0.0150096
0.0142256
0.01418
0.0161958
0.014202
0.0140373
0.0136751
0.0143881
0.0135976
0.0146613
0.014116
0.0140527
0.0138553
0.014039
0.0138338
0.0136289
0.0174566
0.0139802
0.0139454
0.0138303
0.0141297
0.013952
0.0141602
0.0147838
0.0140795
0.0144613
0.0162281
0.0138302
0.0140409
0.0179039
0.0136929
0.0138494
0.0165997
0.0140006
0.0139895
0.0178236
0.0141613
0.0135405
0.0177964
0.0140422
0.0139576
0.0171119
0.0140911
0.0140937
0.016922
0.0144281
0.0139735
0.0147128
0.0157239
0.0140034
0.0151604
0.0153615
0.0138834
0.0137924
0.0217393
0.0138389
0.0140598
0.0213314
0.0135164
0.0157295
0.017924
0.0136194
0.0153995
0.0194282
0.0138325
0.018286
0.0171368
0.013648
0.0207813
0.0153046
0.0138285
0.0213223
0.0138462
0.0136071
0.0189637
0.0137765
0.0140898
0.0171839
0.0138029
0.0140216
0.0195298
0.0149277
0.0138039
0.0220495
0.0138877
0.0145569
0.017795
0.0138723
0.0139342
0.0145103
0.0143375
0.0136613
0.0143516
0.0137318
0.0136185
0.0138519
0.0135919
0.0137594
0.0136245
0.0179586
0.0140283
0.0136944
0.0147348
0.0137549
0.014538
0.0139071
0.0145049
0.0138652
0.0143251
0.0144065
0.0143927
0.014193
0.0149412
0.0138586
0.0141736
0.013979
0.0137162
0.014037
0.0142086
0.0139789
0.0141452
0.0137242
0.0140065
0.0141629
0.0136939
0.0137615
0.0142286
0.0135339
0.0137502
0.0152565
0.0140173
0.0138239
0.0139529
0.0142738
0.0137542
0.014111
0.0138066
0.0139896
0.0139044
0.0139712
0.013702
0.0135381
0.0139031
0.0139531
0.0137917
0.0146647
0.0157747
0.0138421
0.0140386
0.0184427
0.01375
0.0149346
0.0170096
0.0140104
0.0138285
0.0142782
0.0140853
0.013507
0.01936
0.0138425
0.0139005
0.0140698
0.0138022
0.0135509
0.0138117
0.0138827
0.0136972
0.0136066
0.0139694
0.013597
0.013634
0.0136212
0.0138978
0.0139512
0.0136712
0.0138125
0.0135889
0.0136412
0.0164621
0.0145216
0.0137364
0.0179875
0.0149534
0.013899
0.0139976
0.014116
0.0136627
0.0137844
0.0147437
0.014178
0.0136522
0.017439
0.0139448
0.0135924
0.0152624
0.0274122
0.0211899
0.03842
0.02239
0.0177888
0.0218174
0.0151611
0.0139906
0.022695
0.0141282
0.0157654
0.0208597
0.0146043
0.0200374
0.0158551
0.0141061
0.0230554
0.014043
0.0140823
0.0220223
0.0150403
0.0162257
0.015372
0.0139591
0.0159752
0.017276
0.0138238
0.015525
0.0203233
0.0139523
0.0191718
0.0171838
0.0140129
0.0228732
0.0141193
0.0139216
0.0232881
0.0141806
0.0169631
0.0192631
0.0138203
0.0181831
0.0145947
0.0138911
0.0161205
0.0175208
0.013968
0.0165023
0.0140187
0.0138673
0.0144226
0.0153181
0.0138373
0.0137379
0.0180099
0.0138266
0.0138522
0.0215687
0.0138573
0.016271
0.0187193
0.0139424
0.0183866
0.0177103
0.0137634
0.020089
0.0151386
0.0139211
0.0216829
0.0142746
0.0140285
0.0210598
0.0139681
0.0147332
0.0149575
0.0139429
0.013762
0.0226374
0.014031
0.0150773
0.0170407
0.0138155
0.014421
0.0220872
0.0137901
0.0161271
0.0187086
0.0140588
0.0200813
0.0160816
0.0139907
0.0208081
0.0143853
0.0142672
0.0239827
0.0138005
0.0148212
0.0170378
0.0138899
0.0141648
0.0153937
0.014295
0.0138345
0.013724
0.0140148
0.0138619
0.0145824
0.0143039
0.0141363
0.0137129
0.0141232
0.0142731
0.0139074
0.0141371
0.0139995
0.0141189
0.0144849
0.0136003
0.0135472
0.013792
0.0145028
0.0137968
0.0138781
0.0142868
0.0140177
0.0136501
0.0143999
0.0139129
0.0140743
0.013997
0.0140119
0.0139192
0.0137416
0.013815
0.0139688
0.0138825
0.0135934
0.0140037
0.0138115
0.014037
0.0137619
0.014052
0.0137651
0.0138172
0.0138931
0.0136574
0.0139608
0.0140478
0.0138331
0.0139592
0.0140351
0.0140586
0.0137829
0.0138591
0.013835
0.0137248
0.01391
0.0135407
0.0136665
0.0136568
0.0138654
0.0144693
0.0138066
0.0140237
0.014203
0.0137204
0.0137757
0.0141718
0.0139297
0.0140052
0.0135769
0.0137689
0.0138638
0.0139137
0.0136149
0.0139904
0.0138372
0.0139584
0.0139392
0.0137684
0.0140763
0.0138634
0.0135571
0.0139067
0.0138682
0.0138127
0.0137344
0.0142397
0.0137135
0.0143013
0.0139723
0.0135877
0.0137008
0.0136485
0.0138181
0.0139639
0.0136488
0.0137238
0.013992
0.0139249
0.0137507
0.0139892
0.014002
0.0137991
0.0142166
0.0138226
0.0144302
0.0141141
0.0148377
0.0141892
0.0140648
0.014227
0.0140665
0.0138425
0.0147161
0.0140714
0.0140268
0.0140714
0.013977
0.0139333
0.0138492
0.0136252
0.0139726
0.0138121
0.0140281
0.0138335
0.0138281
0.013884
0.0145142
0.0138408
0.0140751
0.0139895
0.0138252
0.0135632
0.0136009
0.0138003
0.0137313
0.0142815
0.0141301
0.0141123
0.0139159
0.0140789
0.0139359
0.0138343
0.0139957
0.0140049
0.0136892
0.0137372
0.0141288
0.0142441
0.0139696
0.014375
0.013982
0.0138655
0.0138945
0.0139968
0.0141511
0.0137889
0.0143182
0.0135613
0.0136896
0.0140765
0.0139999
0.0140343
0.0140319
0.0142055
0.0143022
0.0138944
0.0143004
0.0140627
0.0138317
0.0144194
0.0141965
0.0146354
0.01382
0.01389
0.0141969
0.0139233
0.0140884
0.0138413
0.013846
0.0139992
0.0140956
0.0137733
0.0140211
0.0135793
0.0135966
0.0135335
0.0137912
0.0137155
0.0138507
0.0138447
0.0138451
0.0139166
0.0136606
0.013908
0.0142276
0.0138978
0.0145341
0.0144335
0.0137322
0.0139558
0.0139386
0.0139835
0.0138106
0.0149605
0.014115
0.0138833
0.014843
0.0137068
0.0143109
0.0140228
0.0141635
0.0139773
0.0146268
0.0140959
0.014438
0.0144136
0.0141654
0.0136844
0.0138694
0.0138319
0.0137312
0.0139505
0.0141463
0.0137959
0.0138582
0.0138118
0.0139482
0.0139271
0.013983
0.0139498
0.0136591
0.0137772
0.0137176
0.0140796
0.0138305
0.0136249
0.0138765
0.0142434
0.0135625
0.0139444
0.0142046
0.013786
0.0138135
0.0220383
0.0137897
0.0137813
0.0223939
0.0136811
0.016301
0.0197145
0.0137495
0.0188591
0.0165277
0.0137016
0.0218384
0.0140501
0.0136258
0.0200765
0.0140133
0.013518
0.0144707
0.0138812
0.0137497
0.0140907
0.0140408
0.0136315
0.0136015
0.0138442
0.0138561
0.0137256
0.0139864
0.0141254
0.0136312
0.0136373
0.014021
0.013613
0.0134802
0.0145272
0.0142044
0.0136618
0.0152443
0.0140216
0.0137655
0.0137325
0.0147687
0.0138831
0.0137983
0.0151282
0.0139487
0.0137958
0.0143026
0.0146194
0.0139209
0.0137905
0.0139052
0.0136742
0.0136684
0.0143289
0.0138138
0.0136221
0.0139175
0.0140591
0.0136445
0.0151809
0.015193
0.0138682
0.0138915
0.0208932
0.0140799
0.0147671
0.0179533
0.0141347
0.0149561
0.016028
0.01427
0.0137218
0.0141773
0.0139688
0.0138123
0.0216861
0.0144915
0.0137544
0.0232472
0.0139829
0.0140027
0.0182908
0.0135803
0.0135185
0.0219031
0.0137598
0.014939
0.0190903
0.0137505
0.0152404
0.0194828
0.0135818
0.016221
0.0182389
0.013671
0.0161622
0.0179027
0.0136497
0.0182028
0.0166488
0.0138096
0.0181723
0.0162241
0.0139706
0.0218216
0.0165897
0.0136572
0.0234275
0.0174555
0.0204698
0.0156109
0.0136099
0.0229865
0.0137307
0.0134953
0.0230243
0.0138714
0.0155885
0.0203114
0.0139824
0.0191211
0.0169673
0.0138612
0.020788
0.0146571
0.0136457
0.0231416
0.0136996
0.0135074
0.0231218
0.0135228
0.0158829
0.0202137
0.0137148
0.018774
0.017155
0.0136231
0.0215708
0.014486
0.0136142
0.0231801
0.0138079
0.0135438
0.022641
0.013816
0.0166173
0.0192123
0.0135969
0.0193669
0.016602
0.013469
0.0180504
0.0140971
0.0137875
0.0138115
0.0149542
0.0136192
0.0138051
0.0147256
0.0137743
0.0137564
0.0137444
0.0168681
0.0135809
0.0231865
0.0137032
0.0138092
0.0236667
0.0142534
0.0164074
0.0198149
0.0138792
0.0192994
0.0166732
0.0138365
0.0229731
0.0136351
0.0137063
0.0234297
0.0136324
0.0147767
0.0213619
0.0136499
0.0175404
0.0180677
0.0137698
0.0208281
0.0152328
0.0138011
0.0232318
0.013676
0.0134706
0.0229598
0.0139463
0.0162597
0.0195591
0.0139914
0.018798
0.0163266
0.0137042
0.0171305
0.0161545
0.0137861
0.02132
0.0148497
0.0135487
0.0217963
0.0134958
0.0136541
0.0231671
0.013658
0.0147202
0.0211044
0.0136684
0.0173427
0.0185638
0.0141388
0.0206217
0.0151518
0.0135511
0.0225611
0.0136764
0.0136028
0.0234003
0.0138773
0.0155067
0.0203268
0.0137399
0.0165456
0.0183865
0.0136527
0.0162415
0.0144823
0.0135567
0.0141964
0.0138421
0.0134889
0.013773
0.0138977
0.013817
0.0136208
0.0141891
0.0159242
0.0134895
0.0137194
0.0180912
0.0135126
0.0148367
0.0183171
0.0141537
0.0147269
0.0191143
0.0137989
0.0157193
0.0188965
0.0138883
0.0172313
0.0187211
0.0139855
0.0204292
0.0157106
0.0137452
0.0237188
0.014008
0.0152743
0.0214952
0.0137058
0.0176821
0.014697
0.013772
0.0174227
0.0188851
0.01366
0.0213166
0.0150578
0.0137002
0.0231994
0.0136489
0.013546
0.0222951
0.0134734
0.0157004
0.0204906
0.0137543
0.0192789
0.0170316
0.0138073
0.021778
0.0136082
0.0139472
0.0233871
0.0136017
0.0141642
0.0185933
0.0135673
0.0140395
0.0155093
0.0142633
0.0135623
0.014364
0.0138278
0.0136347
0.0198917
0.0167724
0.0141496
0.0233773
0.0139611
0.0139897
0.0220635
0.0136059
0.016448
0.0196468
0.0136043
0.0197734
0.0164461
0.0136262
0.0222474
0.0135868
0.0137717
0.023306
0.0138232
0.0147986
0.0212551
0.0135106
0.0175109
0.0183568
0.0135671
0.0197334
0.0158832
0.0137392
0.0229281
0.0139287
0.0137006
0.0232475
0.0137134
0.015537
0.0203035
0.014276
0.0187591
0.0175451
0.0135958
0.0217459
0.014134
0.0135337
0.0230166
