11.2622
9.03097
9.46176
9.22999
9.18611
9.04693
9.81433
9.93101
9.37588
9.4414
9.1266
9.5163
9.99939
9.81004
10.3768
10.0035
9.80361
9.61533
9.27358
9.61292
9.70495
9.55189
9.62366
10.0359
9.76989
9.43182
9.25811
10.4111
9.48593
9.19004
9.80266
9.4571
9.53319
10.0986
9.83405
9.8614
8.98466
9.6171
10.9111
9.68717
8.98308
9.8103
10.1889
9.72273
9.32559
9.68932
9.64367
9.79631
9.12745
9.64995
9.85066
9.73209
9.31722
9.62352
9.87569
9.13129
9.68145
9.33279
9.63237
9.64949
9.40347
9.19317
9.22663
9.71346
9.56059
9.56367
9.24109
9.62397
9.39758
9.41183
10.9376
10.0854
9.14082
9.18566
9.22843
9.48237
9.48199
9.16923
9.41411
9.85648
9.23472
10.4101
9.70395
9.48189
9.4624
9.26272
9.21919
9.33426
10.2003
9.41044
9.41906
9.16234
9.68869
10.2609
9.22993
9.17623
9.22874
9.27787
9.53862
9.28639
57.3159
55.4462
59.3218
56.3018
56.3986
55.1138
54.1697
55.9616
54.2818
57.8444
54.9394
56.2034
54.8749
53.2805
54.7795
56.8939
54.9435
54.8291
54.0848
55.2636
55.7391
55.3997
54.5345
59.6474
55.0196
56.5446
55.704
54.3006
58.5121
56.415
56.5003
56.8714
58.8815
56.8764
54.8576
55.2046
55.1366
56.5554
56.3152
55.838
55.7868
56.415
57.4277
55.8352
56.6595
55.3346
55.6244
59.906
56.4547
55.9944
56.0706
55.5542
53.7331
56.8317
56.903
54.6828
55.3018
55.8184
54.6195
56.0935
54.5123
55.7659
53.759
55.2576
55.8897
55.0424
55.3124
55.2185
54.6768
54.9388
56.2656
56.2553
55.5811
54.5852
55.9483
60.8639
54.2952
59.2412
54.34
56.197
56.5275
54.236
55.7325
55.6054
56.0882
54.8618
53.9085
55.949
54.588
54.2396
55.2409
55.6396
56.9881
56.4918
56.0871
56.4412
56.122
54.7534
55.2811
55.6227
138.831
143.65
142.024
138.87
141.11
142.743
137.39
141.089
143.885
145.173
141.787
139.794
142.015
139.53
144.087
139.557
140.46
138.092
145.534
146.945
138.306
141.335
140.819
139.848
139.302
142.094
143.93
142.642
138.471
139.068
138.336
142.654
143.498
138.711
138.79
138.294
139.545
139.68
141.671
141.064
142.949
138.226
140.209
141.815
138.324
139.412
139.462
138.79
139.649
138.365
144.566
138.653
140.926
139.862
142.019
156.733
160.273
138.127
136.262
162.944
145.096
176.221
144.259
161.547
148.952
155.342
160.178
154.205
141.535
139.81
141.503
194.624
196.709
171.948
180.793
185.799
165.226
142.771
140.142
170.977
144.81
162.369
137.949
141.331
135.522
184.715
239.443
178.146
150.803
174.14
150.593
157.383
150.668
161.181
142.708
148.875
162.781
146.556
145.003
150.588
334.165
273.593
324.267
279.098
292.97
339.297
278.708
295.858
273.281
274.465
274.941
282.202
287.936
280.915
276.767
280.785
274.648
286.825
273.882
279.367
277.25
282.337
273.662
280.274
287.053
285.265
282.253
273.042
272.988
271.674
273.344
279.732
283.682
286.451
295.328
278.355
272.697
274.5
275.301
279.374
284.18
435.115
281.523
279.038
276.323
286.516
283.209
278.6
275.503
275.091
284.904
285.421
272.627
270.716
283.354
276.196
278.703
292.801
279.479
281.163
279.517
279.421
269.05
283.849
282.753
295.461
276.444
284.888
276.319
283.657
273.851
274.229
282.35
277.364
308.231
276.088
282.693
273.88
277.025
304.419
276.572
291.702
274.803
282.999
358.754
286.815
289.311
301.253
279.596
303.118
295.387
326.254
287.2
281.863
301.089
297.973
285.696
300.078
320.471
299.763
