1.8987
1.44655
1.48327
1.5189
1.4028
1.47158
1.49635
1.44164
1.46921
1.35526
1.39189
1.73782
1.47343
1.44381
1.4734
1.64146
1.52674
1.38885
1.43174
1.40757
1.4094
1.65465
1.47023
1.41692
1.37855
1.5052
1.68248
1.38336
1.42468
1.48937
1.44817
1.54304
1.47404
1.39929
1.54926
1.43621
1.43822
1.46331
1.37985
1.39983
1.75416
1.39769
1.58287
1.48375
1.52783
1.51739
1.41282
1.44183
1.37318
1.43888
1.45588
1.45813
1.44718
1.49699
1.62573
1.44226
1.52008
1.38468
1.47513
1.39248
1.49518
1.40499
1.45194
1.45206
1.45489
1.60685
1.53713
1.46121
1.3679
1.45325
1.54304
1.41937
1.41202
1.46282
1.51571
1.38535
1.52159
1.44634
1.49722
1.42921
1.64164
1.43724
1.66436
1.45319
1.74098
1.47985
1.397
1.4425
1.3628
1.54488
1.67042
1.41699
1.70294
1.3964
1.40074
1.38565
1.495
1.40989
1.45689
1.62313
