0.000397769
0.000394597
0.00042582
0.000414817
0.000426323
0.000401281
0.000404538
0.000379552
0.000391101
0.000409186
0.000403005
0.00038659
0.000408468
0.000399816
0.000485047
0.000448393
0.000397956
0.000426447
0.000405922
0.000607934
0.000451812
0.00039084
0.000514924
0.000447748
0.000386131
0.000389182
0.000452526
0.000436745
0.000419324
0.000414477
0.000420586
0.000418588
0.000395517
0.000386342
0.000399477
0.000396492
0.000419701
0.000398787
0.000399055
0.000429855
0.000415376
0.000425043
0.000442037
0.000394944
0.000379404
0.000401299
0.000412856
0.000408726
0.000385332
0.000397563
0.000411739
0.000395985
0.000401226
0.000395355
0.000411465
0.000398958
0.000415443
0.000440893
0.000420761
0.000430699
0.000489667
0.000728716
0.000482116
0.000383409
0.000440946
0.000479476
0.00038601
0.000390147
0.000456512
0.000443563
0.000389834
0.000431052
0.000488122
0.000397951
0.000439071
0.000437003
0.000438811
0.000425356
0.000441602
0.000397516
0.00038931
0.000410611
0.00038345
0.000374028
0.000399516
0.00037627
0.000383172
0.000385175
0.000384439
0.000408424
0.000384069
0.000390248
0.000369275
0.000374384
0.000395652
0.000389337
0.000419926
0.00040733
0.000392088
0.000462807
0.000527726
0.000411868
0.000493263
0.000625011
0.00044684
0.000413505
0.000559018
0.00041767
0.000404484
0.000389944
0.000392284
0.000430195
0.000439988
0.000400053
0.000397118
0.000446963
0.00042888
0.000399359
0.000444369
0.000419625
0.000407758
0.000384786
0.000452665
0.000722446
0.000445529
0.000398204
0.000430256
0.000404142
0.000391147
0.000485816
0.000417009
0.000405015
0.000410423
0.000394116
0.000392156
0.000439336
0.000384303
0.000379785
0.000460021
0.000412759
0.00039703
0.000559756
0.00046378
0.000539212
0.000468249
0.000581508
0.000698772
0.000475736
0.000411836
0.000487049
0.000486178
0.000437573
0.000404598
0.000410699
0.000410216
0.000489163
0.000398471
0.000461219
0.000563919
0.000500032
0.00064183
0.000561736
0.000415486
0.000418757
0.00048455
0.000418483
0.000457097
0.000394142
0.00040669
0.000458679
0.000592693
0.000474263
0.000408317
0.000477304
0.000407054
0.000411271
0.000474613
0.000566824
0.000467846
0.000530422
0.000752925
0.000415902
0.000483373
0.000412814
0.000489927
0.000505963
0.000501156
0.000605707
0.000424262
0.000401324
0.000413972
0.000411882
0.000438404
0.000668959
0.000422787
0.00055019
0.000442472
0.000425994
0.000552326
0.000464482
0.000449528
0.000426362
0.000395841
0.000398644
0.000401005
0.00040114
0.000413431
0.000477668
0.000382425
0.000392131
0.000414372
0.000436472
0.000496049
0.00039198
0.000542647
0.000482747
0.000664972
0.000606487
0.000514715
0.000566508
0.000852587
0.000442034
0.000940083
0.000442947
0.000844912
0.000412642
0.000642192
0.000627225
0.00058799
0.000542316
0.000457277
0.000775414
0.000603793
0.00062044
0.000800855
0.000638829
0.000652263
0.00102875
0.000705996
0.000597542
0.000625858
0.00078359
0.000709531
0.000714994
0.000760519
0.000635426
0.000770372
0.00065847
0.000450421
0.000467597
0.000545552
0.000496579
0.000432279
0.000786791
0.000699
0.000415106
0.000444366
0.00076427
0.000482192
0.000433285
0.000432807
0.000389885
0.000405693
0.000607129
0.000597358
0.00043594
0.000509116
0.000389998
0.000411875
0.000404703
0.000397299
0.000462049
0.000704318
0.000688031
0.000687951
0.000687231
0.000437628
0.000451421
0.000451541
0.000393605
0.000705221
0.000404315
0.000403276
0.000406887
0.000483619
0.000455694
0.000385068
0.000408295
0.000399174
0.000423018
0.000559228
0.000650827
0.000556646
0.000737962
0.000970697
0.000482286
0.000401331
0.000384761
0.000409927
0.000426831
0.000413142
0.000496781
0.000428599
0.000451287
0.000475255
0.000429374
0.000389831
0.000658855
0.000647652
0.000563209
0.000610336
0.000548163
0.00051198
0.000401272
0.000415305
0.00082447
0.000502386
0.000472597
0.000506171
0.000434883
0.000451894
0.000393952
0.000567757
0.000464721
0.000386149
0.000489969
0.000531497
0.000650753
0.000400539
0.000435985
0.000443216
0.000634846
0.000672276
0.000585693
0.00048746
0.000467989
0.000419671
0.000472122
0.000430277
0.000537403
0.000391887
0.000424714
0.000772565
0.000561821
0.000528556
0.000592936
0.000403506
0.000526914
0.000406062
0.00044712
0.000395646
0.000458324
0.000419786
0.000394218
0.000466102
0.000410367
0.000398707
0.000409127
0.000598101
0.000417748
0.00040186
0.000395178
0.000819383
0.000387921
0.000403239
0.000569814
0.000491423
0.000447126
0.000405894
0.000423226
0.000402417
0.000509437
0.000500881
0.000455382
0.000420219
0.000446216
0.000401136
0.000395587
0.000410801
0.000394756
0.000751583
0.000565134
0.000428174
0.000491384
0.000540272
0.00069281
0.000480665
0.000409774
0.00049289
0.000423413
0.000440148
0.000402264
0.000454824
0.000395246
0.000444576
0.00040113
0.000465117
0.00039322
0.00047382
0.000474432
0.00043762
0.000431967
0.000449707
0.000640056
0.000452876
0.000410376
0.000433817
0.000399256
0.000399972
0.0003921
0.000442575
0.000477114
0.000408027
0.000431473
0.000422018
0.000397032
0.000398483
0.000380904
0.00050231
0.000408739
0.000389818
0.000399098
0.000439313
0.000410003
0.000383705
0.000401756
0.000404644
0.000535495
0.000430418
0.000428524
0.000408027
0.000381778
0.000388977
0.000399076
0.000408585
0.000406326
0.000389504
0.000404109
0.000455923
0.000426336
0.000385991
0.000395379
0.000636435
0.000411332
0.000489459
0.000442648
0.000637168
0.000399216
0.000418196
0.000408872
0.000436885
0.000500109
0.000419784
0.000483135
0.000428255
0.000428503
0.000392843
0.000414717
0.000468807
0.000450646
0.000492466
0.000493899
0.000830388
0.000480495
0.00046948
0.000424175
0.000384964
0.000436062
0.000427783
0.000415319
0.00039945
0.000385919
0.000425581
0.000392164
0.000394007
0.000393724
0.000448951
0.00039748
0.000405954
0.000471677
0.000392287
0.000496374
0.00057906
0.000471466
0.000437119
0.000421822
0.000434875
0.000395935
0.000413367
0.000530694
0.000403913
0.000399334
0.000425549
0.00038827
0.000415447
0.00041541
0.000397106
0.000391334
0.000389049
0.000433661
0.000470712
0.000532113
0.000417829
0.000408768
0.00049086
0.000395154
0.000385517
0.000400972
0.000456984
0.000417778
0.00040742
0.000401298
0.000430671
0.000390066
0.000490594
0.000437757
0.000396929
0.000414509
0.000462083
0.000432693
0.000502405
0.000576896
0.000487293
0.000466894
0.0005047
0.00045929
0.00050429
0.000417248
0.00040845
0.00040907
0.000404108
0.000421253
0.000497633
0.000397128
0.000407113
0.000490213
0.000399465
0.000408087
0.000400465
0.000587196
0.000502199
0.0003897
0.000438658
0.000427513
0.000531553
0.000428257
0.000456957
0.000438235
0.000399462
0.000485264
0.000392631
0.000406126
0.000411503
0.000411536
0.000401965
0.000405593
0.000414022
0.000403537
0.000397176
0.000398779
0.000409139
0.000388222
0.000405781
0.00043983
0.000665943
0.000408361
0.000525932
0.000433298
0.000399147
0.000399447
0.000453063
0.000624043
0.000403052
0.000432964
0.000461079
0.000465884
0.000395859
0.00073143
0.000493601
0.000474788
0.00081872
0.000396769
0.000399537
0.000555843
0.000404077
0.000384949
0.000389402
0.000498288
0.00043171
0.000507635
0.000387206
0.00036302
0.000400026
0.000423921
0.000383815
0.000386901
0.000392916
0.000583208
0.000405114
0.000406277
0.000460444
0.000410185
0.000444453
0.000375263
0.000453852
0.000399652
0.000431661
0.000402381
0.000415886
0.000426097
0.000408646
0.000411896
0.000430227
0.000412387
0.000385732
0.000397294
0.000437202
0.000492194
0.000408093
0.000507242
0.00038014
0.000482585
0.000460925
0.000412022
0.000435509
0.00049615
0.000428551
0.000413896
0.000391274
0.00038193
0.000400541
0.000385478
0.000413524
0.00038055
0.000384595
0.000379331
0.000398028
0.00040208
0.000530699
0.000508805
0.00041125
0.000427349
0.000525727
0.000730647
0.000422969
0.000473406
0.000428729
0.000429184
0.00040655
0.000540358
0.000404053
0.000443557
0.000386508
0.00039218
0.000409244
0.000442755
0.00060833
0.000412979
0.000413347
0.000466989
0.000407956
0.00042415
0.000428951
0.000596924
0.000570467
0.000596083
0.000571637
0.000567007
0.000566545
0.000548761
0.000493162
0.000380078
0.00039227
0.000458008
0.000546971
0.000424154
0.000511657
0.000593229
0.000472356
0.000392969
0.000494124
0.000445715
0.000429986
0.00043774
0.000760876
0.000487624
0.000385199
0.000601771
0.000683555
0.000528946
0.000435098
0.000378932
0.000411342
0.000401196
0.000387107
0.000408139
0.000585648
0.000425315
0.000452017
0.000390084
0.000416147
0.000499762
0.000390328
0.000382163
0.000536739
0.000511654
0.000434875
0.000525674
0.000406663
0.00050825
0.000402879
0.000428248
0.000463893
0.000499953
0.000464398
0.000535293
0.000394477
0.000460735
0.000405202
0.000451045
0.000447914
0.000482171
0.000596015
0.000628614
0.000580395
0.000651511
0.00051387
0.000385232
0.000395554
0.00062344
0.000688058
0.000601748
0.000683554
0.000654257
0.000584563
0.000807002
0.000425049
0.000433783
0.000541388
0.000576637
0.000630632
0.000462912
0.000478721
0.000652726
0.000593705
0.000809938
0.000579906
0.000498197
0.00062749
0.000484031
0.00042135
0.000525172
0.000440299
0.000575382
0.000497428
0.00048746
0.000695267
0.000393568
0.000409523
0.000385229
0.000487956
0.000593475
0.000451926
0.000392472
0.000414679
0.000557827
0.000501371
0.000505548
0.000398928
0.000418685
0.000414147
0.000763856
0.000422282
0.000416908
0.000432925
0.000395933
0.000417376
0.000565727
0.000445469
0.000394291
0.000414851
0.000446559
0.000606209
0.0005435
0.00042194
0.000408496
0.000410953
0.000391195
0.000418577
0.000540178
0.000423285
0.000473326
0.000419136
0.000406892
0.000405312
0.000485999
0.000480909
0.00052333
0.000396755
0.000432917
0.000421849
0.00038199
0.00038427
0.000393537
0.000434813
0.000507671
0.000390238
0.000400132
0.000388004
0.000409333
0.000400674
0.000402476
0.000447885
0.000393996
0.000398499
0.000405456
0.000479682
0.000411153
0.000445825
0.000493587
0.000407347
0.00040636
0.000448198
0.000475315
0.000405605
0.000404527
0.000391476
0.000378429
0.000448684
0.000499395
0.000399376
0.000402312
0.000423545
0.000462339
0.000391946
0.000406807
0.000415624
0.000431182
0.000553318
0.000411142
0.000485497
0.000379541
0.000381561
0.000385889
0.000465108
0.000651626
0.000428672
0.000454953
0.000408536
0.000434589
0.000408138
0.00039976
0.000391061
0.000395396
0.000397862
0.000386936
0.00042917
0.000478018
0.000419433
0.000423085
0.000393362
0.000398128
0.000562781
0.00043232
0.000386697
0.000413212
0.000400613
0.000510822
0.000401652
0.000482049
0.000483278
0.000423935
0.000408042
0.00041021
0.000465516
0.00042127
0.000452224
0.000409299
0.000412226
0.00040131
0.000607498
0.000432401
0.000406665
0.000397791
0.000410223
0.000399188
0.000576719
0.000502085
0.000438848
0.000418284
0.000402626
0.000408094
0.000402787
0.000443953
0.00038705
0.000389574
0.00040469
0.000430676
0.0003988
0.000416414
0.000398944
0.00044611
0.000611684
0.000439838
0.000551316
0.000422206
0.000419384
0.000396392
0.00039988
0.000440497
0.000576932
0.000406395
0.000400631
0.000406151
0.000447348
0.000399093
0.00041129
0.000421628
0.000406397
0.000404375
0.000494743
0.000676385
0.000410619
0.000404523
0.000395768
0.000454607
0.000454653
0.000452379
0.000419014
0.000525642
0.000373905
0.000397768
0.00040809
0.000495049
0.000449606
0.000417141
0.000371754
0.000408405
0.00049952
0.000436081
0.00038747
0.000433824
0.000390787
0.000462174
0.00040548
0.000583601
0.000410137
0.000388046
0.000395635
0.000393882
0.000402711
0.000488817
0.00043079
0.000460853
0.000555898
0.000389988
0.000424731
0.000417802
0.000382264
0.000436439
0.000413924
0.000440582
0.000418142
0.000414673
0.00040577
0.000394039
0.000430638
0.00040279
0.000451452
0.000411841
0.000437265
0.000409177
0.00041074
0.000409289
0.000401094
0.000425423
0.000381622
0.000390677
0.000394971
0.00044815
0.000395977
0.000410434
0.000432729
0.00043414
0.000484829
0.000415637
0.000472991
0.000398536
0.000404836
0.000402867
0.000459884
0.000411667
0.000385545
0.000417535
0.000398592
0.000399301
0.000390144
0.000400361
0.000546184
0.000711406
0.000522672
0.000437365
0.000586737
0.000395188
0.000411514
0.000395165
0.000407021
0.00040591
0.000494628
0.000482963
0.000416287
0.00039637
0.000439074
0.000474443
0.000384447
0.000419513
0.00038956
0.000405106
0.000406752
0.000399943
0.000398983
0.000482916
0.000443088
0.000422466
0.000408692
0.000401306
0.000412043
0.000400837
0.000534944
0.000396996
0.000382929
0.000482025
0.000652613
0.000442494
0.00059359
0.000427701
0.000402532
0.000403956
0.000445367
0.000492411
0.000399906
0.000413028
0.00041316
0.000570718
0.000418
0.000425811
0.000388939
0.000463482
0.000512715
0.000480935
0.00041112
0.00039826
0.00041396
0.000505305
0.000403403
0.000400923
0.000471225
0.00041164
0.000564546
0.000598077
0.00045916
0.000537734
0.000480525
0.000539552
0.000667384
0.000399812
0.000404579
0.000407074
0.000413563
0.000485825
0.000425219
0.000415248
0.000483587
0.000412732
0.000401818
0.000442815
0.000414644
0.0006098
0.000561688
0.000474392
0.00048222
0.000413753
0.000419493
0.000407558
0.000457351
0.000406752
0.000496636
0.0003928
0.00064695
0.000544455
0.000487122
0.000592464
0.00041579
0.000502043
0.000399596
0.000513747
0.000557291
0.00039829
0.000396943
0.000498347
0.000523832
0.000402943
0.000460927
0.000406896
0.000402127
0.000451507
0.0004198
0.000473822
0.000428064
0.000504751
0.000471108
0.000408214
0.000442519
0.000456966
0.000610133
0.000400075
0.00039829
0.000397958
0.000595356
0.00042205
0.00039717
0.000419415
0.000402522
0.000597388
0.000407756
0.000424785
0.000416827
0.000401362
0.000516701
0.000434244
0.000542961
0.000450439
0.000399232
0.000419911
0.000551575
0.000466528
0.00055323
0.000459634
0.000453637
0.000417746
0.000460614
0.000396772
0.0004046
0.000403552
0.000383519
0.00040668
0.000485525
0.000403038
0.000413511
0.0004428
0.000475119
0.000534936
0.000397235
0.000608326
0.000531746
0.000401682
0.00043317
0.000441092
0.000414369
0.000410593
0.000382239
0.000417301
0.000402967
0.000392272
0.000387747
0.000380752
0.000388974
0.000388526
0.000452125
0.000400029
0.00041599
0.000441948
0.000395209
0.000450206
0.000394031
0.00042409
0.000464209
0.000473839
0.000400271
0.000660565
0.00043726
0.000428033
0.000416927
0.000409015
0.00039408
0.00040431
0.000401616
0.000468842
0.000392862
0.000462705
0.000405441
0.000400957
0.000402342
0.000425251
0.000436068
0.000423698
0.000429932
0.000513467
0.000432336
0.000403144
0.000414916
0.000431929
0.000514501
0.000449714
0.000442022
0.000474788
0.000410342
0.000419598
0.000399386
0.000430514
0.000404561
0.000425707
0.000455069
0.000413745
0.000601268
0.00046615
0.000408594
0.000398962
0.000429761
0.000598217
0.000379722
0.000459832
0.000388872
0.000392588
0.000387566
0.00040274
0.000449048
0.000412208
0.000607313
0.000446901
0.000384554
0.000416752
0.00039057
0.000434092
0.000436717
0.00045449
0.000411244
0.000411522
0.000424369
0.000405419
0.000393407
0.000412604
0.000426339
0.000526361
0.000441013
0.000462315
0.000533169
0.000383115
0.000387544
0.000396814
0.000394399
0.000455826
0.000415784
0.000391757
0.000421591
0.000395766
0.000386208
0.000560933
0.000408471
0.000542076
0.000633937
0.000398285
0.000424853
0.000389557
0.000400173
0.000398489
0.000488333
0.000423392
0.000420067
0.000443472
0.000430889
0.000385774
0.000421221
0.000420008
0.000444903
0.000417782
0.000405943
0.000386854
0.000518836
0.000399098
0.000417498
0.000396665
0.000649457
0.0004335
0.000384755
0.000383674
0.000388343
0.000402503
0.000424574
0.000418795
0.000410502
0.000415859
0.000521601
0.000389281
0.000479882
0.000459943
0.00041432
0.000410229
0.00038248
0.000427306
0.000459771
0.000435717
0.000399801
0.000389173
0.000418974
0.000481322
0.000446019
0.000448187
0.000490715
0.000426453
0.000404465
0.000423537
0.000423231
0.000403424
0.000450656
0.000420899
0.000629374
0.000637373
0.000425976
0.000535102
0.00041761
0.000605634
0.000503306
0.00043039
0.000403563
0.000393294
0.000414569
0.000399719
0.000387443
0.000395467
0.000382014
0.000388199
0.000536828
0.000638356
0.000403714
0.00046312
0.000477583
0.000417256
0.000533479
0.000391052
0.000429917
0.000395743
0.000378801
0.000529468
0.000476628
0.000401226
0.000447083
0.000391533
0.000407948
0.000474535
0.000426589
0.000404558
0.000524648
0.000452628
0.000540882
0.000403886
0.000389874
0.000398127
0.000445227
0.000391545
0.000432904
0.000622509
0.000460796
0.00039392
0.000382891
0.000372348
0.000509179
0.000519955
0.000423493
0.000397993
0.000417203
0.000426642
0.000528765
0.000639142
0.000429485
0.000606076
0.000468749
0.000412879
0.000460543
0.000597781
0.000390942
0.000407174
0.000419783
0.000409994
0.000389764
0.000534968
0.000398711
0.000468807
0.000434063
0.000383621
0.000401287
0.000406672
0.000402228
0.000463914
0.000402354
0.000470559
0.000484406
0.000401667
0.000377195
0.000420489
0.000380076
0.00050377
0.000392377
0.000388582
0.000396874
0.000421513
0.000385855
0.000436423
0.0004008
0.000470788
0.000455975
0.000435419
0.000440497
0.000496292
0.000406138
0.000438272
0.000533692
0.000441685
0.000416074
0.000498079
0.000626697
0.000407524
0.000423559
0.00040692
0.000439899
0.000493214
0.000575352
0.00040092
0.000430775
0.00044826
0.000408487
0.000382778
0.000405539
0.000437601
0.000765681
0.000402124
0.000439494
0.000444872
0.000456133
0.000392866
0.00051463
0.000406303
0.000409805
0.000404001
0.000395282
0.000444576
0.000394426
0.000384035
0.000392945
0.000392521
0.00042505
0.000440664
0.000423624
0.000585034
0.000409507
0.000529592
0.000500103
0.000440902
0.00040458
0.000410123
0.000440729
0.000389412
0.000390313
0.000398194
0.000408209
0.000461061
0.00040657
0.000414492
0.000511117
0.000411224
0.000441093
0.000441898
0.000461915
0.000456811
0.00040138
0.000434386
0.000401442
0.000440614
0.000402348
0.00039557
0.000395455
0.000410773
0.00058034
0.000395892
0.000385374
0.000397233
0.000483044
0.000444547
0.000438084
0.000396793
0.000394391
0.000399183
0.000416698
0.000397064
0.000727398
0.000487884
0.000423695
0.000386767
0.00045589
0.000820547
0.000470659
0.000448153
0.000411288
0.000440787
0.000628191
0.000416953
0.000397474
0.000393472
0.00038805
0.000539976
0.000427427
0.000555362
0.00040742
0.000391677
0.000418401
0.000401104
0.000516555
0.000407989
0.000438603
0.00051847
0.000414114
0.000485071
0.000398293
0.000408592
0.000425604
0.000461487
0.000388938
0.000391277
0.000401194
0.000395304
0.000522752
0.000429911
0.000462617
0.000471837
0.000582485
0.000578313
0.000425846
0.000412312
0.00041455
0.000411956
0.000389323
0.000416885
0.000405198
0.000384889
0.000461518
0.000389631
0.000453695
0.000488626
0.000394822
0.000427195
0.00046076
0.000487217
0.00043191
0.000418659
0.000396782
0.00041138
0.000436481
0.000419129
0.000598287
0.000419771
0.000406918
0.000389887
0.000427381
0.000425213
0.000402337
0.000511923
0.000402697
0.000396025
0.00049604
0.000431409
0.000461636
0.0005257
0.000524545
0.000422691
0.000464853
0.000460713
0.000409141
0.000448762
0.000400325
0.00045144
0.000472924
0.000391081
0.000501587
0.000388652
0.000438371
0.000619387
0.000489921
0.000457136
0.000388348
0.00040975
0.000392316
0.000417082
0.000389093
0.000462236
0.000413193
0.000395549
0.00037037
0.000425248
0.000461461
0.000538354
0.000393533
0.000396667
0.000378419
0.000403793
0.000446434
0.000452316
0.000405103
0.000410545
0.000405509
0.000416631
0.000527492
0.000522887
0.000445965
0.000436841
0.0004625
0.000414567
0.000394368
0.000413521
0.000392735
0.000392315
0.000406601
0.000378884
0.000399675
0.000412001
0.000416029
0.000424198
0.000379209
0.000402132
0.000385352
0.000382846
0.000425815
0.000450779
0.000435022
0.000408161
0.000431054
0.000477876
0.000401251
0.000420352
0.000416201
0.000469655
0.000407202
0.000409527
0.000385767
0.000396887
0.000393747
0.000395523
0.000380646
0.000382654
0.000401386
0.000395172
0.000400521
0.000401465
0.000402455
0.000396299
0.000619225
0.000456875
0.000400177
0.000402336
0.000402347
0.000561238
0.00043713
0.000479329
0.000426955
0.000437595
0.000411377
0.000439586
0.000399247
0.000388302
0.000391896
0.000470259
0.000391728
0.000453014
0.000415767
0.000455217
0.000463234
0.000402552
0.000419875
0.000508519
0.000425496
0.000388641
0.000397972
0.000668354
0.00039491
0.000392852
0.000407976
0.000408704
0.000402952
0.000499669
0.000421888
0.000397346
0.000382317
0.000414017
0.00040936
0.00044296
0.000544379
0.000493157
0.000447409
0.000419927
0.000703324
0.000539907
0.000439835
0.000407605
0.000409828
0.000403789
0.000519691
0.00045608
0.000410942
0.000495649
0.000421358
0.000452967
0.000397388
0.000715569
0.000445235
0.000397947
0.00041035
0.000525763
0.000626823
0.000574474
0.000485298
0.0006218
0.000483496
0.000406513
0.000496267
0.000416686
0.000423505
0.000395658
0.000403968
0.000394348
0.000384397
0.000431836
0.000408531
0.000413215
0.000396608
0.000571716
0.00051906
0.000411086
0.000426882
0.000533551
0.000624404
0.00063033
0.00041071
0.000523586
0.000438032
0.000410401
0.000386921
0.000456692
0.000414501
0.000428586
0.000526935
0.000395579
0.0005065
0.000538049
0.000397185
0.000576092
0.000480684
0.000415366
0.000399511
0.000395823
0.000407843
0.000415136
0.000417616
0.000425305
0.00043407
0.000429218
0.000395319
0.000418229
0.000391202
0.000419017
0.000391716
0.000394275
0.000384023
0.000517184
0.000454943
0.000392563
0.000391456
0.000463811
0.000550827
0.000600375
0.000420827
0.000506456
0.000633169
0.000439355
0.000419747
0.00040951
0.000441579
0.000399137
0.000467057
0.00043332
0.000500315
0.000787033
0.000394276
0.000385483
0.000539416
0.000436357
0.000385752
0.000386748
0.000412629
0.000475527
0.000451749
0.00040351
0.000445406
0.000399521
0.000407628
0.000416039
0.000417564
0.000409015
0.00039555
0.000403859
0.000536292
0.000399879
0.000481787
0.00056603
0.000384542
0.0003967
0.000627653
0.000490204
0.000475685
0.000441873
0.000428086
0.000609761
0.000444819
0.000444954
0.000429246
0.000421255
0.000401066
0.000395299
0.000440694
0.000401878
0.00058008
0.000440722
0.000415925
0.000394355
0.000478716
0.000396294
0.000430011
0.000509407
0.000542161
0.000422768
0.000458745
0.000400133
0.000401203
0.000412126
0.000396651
0.000422329
0.000409849
0.000440627
0.000386902
0.000446212
0.000479867
0.000563437
0.000547346
0.000432104
0.000414309
0.000479895
0.000782273
0.000433101
0.000408952
0.000443888
0.000439762
0.000505588
0.000399977
0.000398193
0.000530614
0.000451207
0.000411893
0.000492703
0.00042663
0.000455328
0.000427931
0.000466187
0.000513012
0.000421179
0.000397779
0.000383838
0.000542331
0.000483946
0.000450036
0.000402172
0.000409064
0.000392189
0.000402731
0.000409047
0.000429916
0.000399251
0.000400845
0.00038456
0.000446926
0.000493312
0.000433126
0.000462389
0.000429923
0.000391674
0.0003974
0.000503611
0.000453766
0.000467591
0.00039021
0.000514719
0.000448516
0.000410013
0.000382248
0.000405116
0.000405589
0.000436767
0.000523603
0.00044663
0.00061971
0.000515939
0.00043867
0.000557403
0.000485315
0.000594857
0.000800005
0.000662485
0.000671162
0.000621426
0.000465507
0.000597215
0.000465591
0.000469629
0.000419424
0.000604774
0.000696608
0.000524528
0.000654815
0.000441857
0.000440239
0.000609199
0.000543181
0.000522925
0.000847013
0.000923158
0.000425629
0.00040467
0.000423913
0.000432969
0.000435345
0.000546223
0.000434887
0.000423581
0.000695068
0.000413123
0.000411205
0.00049842
0.000532223
0.000562533
0.000391133
0.000395513
0.000449383
0.000420998
0.00041543
0.000416114
0.000399019
0.000543185
0.000413121
0.000572158
0.000400738
0.000400749
0.000396902
0.000403296
0.000430002
0.000447648
0.000619936
0.000600297
0.000461846
0.00053697
0.000633228
0.000419739
0.00055237
0.000460887
0.000405144
0.000409948
0.000457653
0.000644416
0.00040213
0.000710021
0.000543124
0.000655445
0.000618841
0.000458099
0.000418057
0.000411508
0.000419088
0.000392315
0.000388655
0.000395588
0.000429277
0.000406062
0.000401693
0.000417705
0.000419948
0.000531617
0.000413694
0.000405221
0.000396859
0.000384873
0.00039552
0.000585781
0.000486511
0.000677343
0.000430993
0.000406777
0.000519064
0.000573431
0.000425728
0.000386459
0.000414401
0.000501719
0.000534012
0.00048472
0.000438318
0.000455159
0.000780751
0.000542165
0.000407369
0.000448382
0.000384023
0.00041706
0.000651386
0.000407381
0.000419288
0.000417439
0.000431713
0.000401883
0.000412985
0.000394202
0.00039557
0.000408408
0.00053884
0.000501509
0.000404637
0.000404943
0.000408468
0.00040871
0.000407584
0.000399283
0.000434177
0.000436101
0.000569079
0.000455778
0.000402626
0.00055414
0.000403338
0.000422354
0.000399964
0.000412091
0.000396331
0.000458279
0.000831997
0.000543624
0.000389021
0.000419913
0.000405482
0.000558576
0.000638396
0.000404027
0.000432622
0.000453971
0.000402261
0.000398287
0.000413682
0.000449093
0.000410646
0.00041029
0.000408828
0.000404933
0.000387633
0.000595466
0.000552263
0.000405491
0.000395397
0.000521884
0.000490949
0.000648474
0.000450458
0.000623309
0.000577983
0.000686049
0.000425425
0.0005211
0.000595523
0.000430266
0.000401969
0.000598187
0.000384845
0.000418267
0.000415141
0.000428541
0.000409142
0.000449068
0.000630963
0.000448515
0.000412407
0.000415023
0.000436977
0.000466801
0.000367545
0.000462856
0.00054805
0.000401256
0.000419945
0.000514531
0.000469629
0.000512663
0.000449601
0.000405494
0.00044145
0.000529666
0.000386126
0.000390704
0.000405812
0.000408523
0.000403118
0.000403484
0.000564909
0.00060895
0.000471444
0.000415683
0.000578463
0.000641418
0.000513091
0.000600632
0.000438155
0.000445166
0.000601071
0.000510777
0.000472786
0.000759666
0.000439645
0.000627991
0.000571023
0.000419215
0.000397036
0.000486365
0.00056526
0.000485245
0.000576297
0.000594719
0.000553786
0.000728025
0.000393671
0.000468171
0.000448969
0.000414872
0.000396074
0.000420349
0.000454717
0.000401604
0.000438485
0.000492433
0.000512402
0.00041552
0.000465937
0.000499227
0.000525447
0.000419094
0.000392656
0.000432889
0.000539969
0.000431855
0.000580265
0.000604973
0.000686463
0.000501914
0.000433206
0.000385446
0.000414244
0.000385404
0.000512851
0.000407437
0.000416315
0.000402189
0.00050662
0.000422036
0.000547784
0.00048811
0.000403044
0.000435423
0.000431404
0.000416981
0.00052153
0.000561023
0.0004171
0.000527047
0.000436856
0.000615245
0.000687735
0.000675058
0.000592379
0.000429975
0.000838515
0.000540165
0.000466487
0.00051789
0.000451791
0.000403346
0.000409665
0.000411483
0.000473277
0.00039491
0.000417124
0.000418729
0.000510441
0.000451035
0.000426819
0.000470287
0.000435882
0.000425564
0.000472998
0.000620136
0.000474075
0.000410134
0.000395365
0.000408261
0.000409111
0.000405779
0.000473683
0.000414225
0.000429873
0.000416265
0.000434552
0.000435963
0.000411388
0.000484019
0.000446945
0.000455367
0.00040804
0.000407598
0.000523742
0.000788902
0.000746011
0.000401134
0.000596144
0.000629738
0.000673574
0.00042535
0.000579419
0.000408676
0.00045329
0.000390533
0.000476017
0.000401474
0.000484947
0.00040309
0.000424476
0.000428177
0.000467734
0.000409356
0.000393693
0.000386341
0.000402141
0.000424063
0.000406721
0.000408496
0.000411157
0.000390106
0.000399284
0.000398976
0.000410447
0.000409396
0.000421647
0.00047223
0.000607399
0.000502605
0.000436741
0.000595085
0.000474425
0.000549511
0.000414445
0.000405284
0.000415953
0.000459882
0.000395987
0.000449917
0.000395801
0.000421271
0.00041934
0.0005385
0.000397239
0.000393707
0.000402577
0.000402313
0.000390879
0.000398912
0.00043896
0.000421375
0.000383447
0.000420942
0.000406746
0.000382592
0.000408955
0.00040509
0.000396337
0.000390269
0.000410701
0.000432753
0.000426161
0.000383046
0.000464351
0.000437405
0.000394042
0.000393755
0.000408816
0.000408575
0.000411021
0.000407857
0.000479922
0.000485564
0.000559534
0.000522922
0.000486136
0.000404344
0.000407809
0.000455887
0.000470993
0.000467221
0.00040552
0.000402815
0.000403895
0.000394395
0.000385876
0.000387439
0.000382616
0.000411915
0.00043117
0.000401304
0.000408141
0.000402441
0.00040433
0.000406153
0.000400415
0.000474046
0.000392193
0.000396155
0.000408752
0.000429323
0.000415887
0.000450046
0.000400554
0.000416305
0.000380616
0.000396515
0.000390609
0.000402863
0.000392884
0.000411741
0.000421012
0.000430085
0.000477956
0.000533603
0.000536502
0.000520933
0.000529655
0.000412946
0.000414962
0.000416182
0.000395717
0.00038085
0.000388487
0.000587843
0.00039819
0.000647723
0.000536416
0.00046046
0.000446387
0.000397027
0.000380549
0.000386896
0.000553689
0.000442738
0.000383452
0.00042399
0.000562408
0.000408962
0.00039416
0.000414014
0.000403415
0.000489153
0.000401668
0.000390541
0.000374104
0.000382085
0.000433638
0.000386098
0.00038781
0.000425284
0.00040284
0.000622486
0.00072106
0.000724928
0.000475102
0.000395742
0.0004959
0.000389334
0.000435693
0.000412113
0.000479678
0.000406571
0.00038941
0.000429978
0.000388593
0.000399053
0.000490046
0.000490253
0.000419116
0.00038991
0.000402807
0.000391091
0.000406944
0.000423573
0.000409655
0.0003973
0.000404149
0.000423312
0.000393764
0.000400735
0.000402437
0.000408167
0.000402122
0.000416325
0.000388141
0.000432133
0.000388459
0.000390073
0.000377955
0.000389815
0.000398304
0.000381329
0.000528959
0.000471976
0.00041831
0.000394627
0.000509033
0.000407268
0.00041717
0.000404458
0.000427748
0.000484924
0.000556049
0.00051747
0.000411368
0.000404037
0.000387154
0.000392108
0.00039933
0.000484108
0.000424919
0.000401677
0.000404572
0.000385494
0.000603924
0.000410117
0.000396815
0.000401228
0.000400061
0.000410178
0.000409342
0.000402265
0.00039715
0.000403057
0.000422161
0.000487014
0.000449313
0.000503139
0.000472298
0.000450144
0.000431324
0.000408097
0.000596424
0.000502849
0.000574894
0.000509103
0.000575007
0.000425201
0.000468898
0.000399275
0.000402089
0.000435743
0.000451071
0.000378432
0.000528812
0.0004615
0.000396231
0.000416727
0.000408815
0.000428948
0.000591149
0.000409584
0.000387506
0.000463299
0.000619684
0.000460678
0.000432983
0.000426703
0.000406521
0.00039866
0.000381343
0.000429596
0.000380706
0.000393429
0.000393687
0.00039502
0.000461505
0.000428502
0.000517183
0.000394696
0.000402011
0.000393651
0.000575694
0.000725758
0.000632431
0.000412427
0.000454352
0.000403094
0.000463254
0.000410324
0.000729721
0.000447163
0.000403109
0.000414027
0.000371289
0.000586325
0.000413581
0.000525599
0.000437131
0.000443992
0.000384682
0.000503545
0.000461565
0.000571694
0.000465523
0.000396263
0.000387442
0.000566511
0.000415748
0.000398196
0.00048586
0.000408682
0.000435246
0.000614483
0.000464423
0.000398878
0.000416837
0.000398616
0.000411361
0.000512077
0.000425041
0.000466783
0.000419019
0.000456104
0.000471563
0.000426397
0.000453663
0.000398934
0.000388337
0.000427663
0.00048818
0.000395815
0.000427397
0.000406545
0.000403247
0.000456797
0.000411365
0.000405721
0.000398632
0.000511357
0.000422692
0.000404652
0.000457225
0.000401718
0.000405756
0.000460086
0.000425538
0.000423777
0.000473635
0.000485246
0.000398967
0.000381759
0.000391898
0.000405646
0.00038756
0.000511613
0.000419618
0.00040268
0.000407363
0.000402697
0.000395163
0.000389149
0.000593105
0.000474967
0.000622496
0.000598938
0.000591469
0.000669329
0.000451075
0.00044492
0.000444145
0.000539441
0.000459816
0.000380494
0.000466614
0.000437252
0.00041163
0.000395563
0.000473399
0.000430201
0.000579126
0.000473866
0.000416574
0.000539105
0.00050161
0.000450731
0.000489082
0.00040148
0.000474903
0.000385101
0.000397847
0.000540755
0.000408668
0.00043232
0.000508108
0.000462518
0.000404999
0.000457508
0.000399733
0.00047111
0.000410569
0.000607484
0.000613933
0.000423333
0.000446172
0.000421332
0.000428118
0.000394526
0.000517166
0.00039983
0.000389771
0.000414378
0.000395845
0.00053934
0.000394045
0.000402744
0.000409099
0.000400097
0.000405883
0.000496433
0.00046476
0.000406165
0.000412808
0.000528784
0.000524231
0.000398453
0.00042289
0.000393246
0.000390021
0.000402251
0.000393536
0.00054581
0.000394991
0.000379968
0.000405581
0.000401457
0.000371999
0.000385109
0.000407178
0.000385689
0.000462619
0.000451157
0.000454346
0.000411533
0.000457725
0.000440714
0.000585034
0.000430888
0.000473431
0.000418794
0.000430098
0.000397129
0.000394779
0.00039555
0.000416581
0.000410058
0.000371601
0.000403275
0.000396906
0.000396169
0.000407735
0.000488454
0.00047284
0.000388101
0.000531257
0.00039004
0.000618139
0.000415495
0.000433342
0.000423241
0.000426835
0.000431281
0.000403544
0.000426834
0.000406849
0.000412706
0.000438892
0.000406103
0.000388306
0.000415677
0.000580086
0.000400875
0.000529295
0.000400187
0.000578481
0.000400235
0.000442753
0.00054796
0.000577262
0.000498463
0.000402964
0.000452269
0.00043079
0.000395905
0.000401345
0.000383277
0.000393067
0.000409214
0.000389791
0.000383732
0.000395308
0.00041955
0.000404255
0.000446791
0.000402756
0.000485744
0.000402139
0.000427942
0.00040176
0.000396788
0.000382674
0.00043408
0.000413046
0.000387732
0.000494372
0.000394233
0.000422739
0.00040426
0.000506517
0.000531027
0.000570744
0.000624816
0.000505601
0.000455045
0.000477993
0.000421472
0.00053675
0.000625676
0.00058769
0.000406184
0.000455982
0.000416246
0.000389487
0.000394596
0.000399797
0.000448199
0.000390637
0.000411898
0.000407687
0.000448181
0.000399256
0.000492053
0.000544889
0.000572961
0.000473791
0.000609582
0.00040232
0.000419349
0.000505912
0.000422535
0.000398418
0.00044059
0.000391985
0.00040859
0.000401876
0.000398416
0.000397671
0.000446307
0.000400092
0.000415766
0.000387399
0.000387491
0.000443232
0.000442123
0.000415362
0.000394075
0.000434135
0.000406471
0.000582433
0.000421852
0.000414764
0.0005373
0.000406221
0.000390941
0.000406572
0.000399761
0.000419507
0.000398831
0.000391823
0.000391176
0.000397843
0.000548661
0.000502863
0.000442061
0.000454461
0.00049542
0.00050585
0.000376477
0.000382252
0.000381235
0.000412937
0.000513648
0.000435741
0.000411122
0.000427839
0.000383436
0.000415332
0.000406341
0.000413211
0.000431676
0.000393826
0.000387682
0.000380282
0.000442517
0.0003897
0.0004057
0.00042669
0.000402407
0.000483116
0.000409282
0.000503643
0.000415831
0.000399573
0.000386718
0.00040534
0.000386648
0.000393665
0.000464658
0.000406773
0.000424334
0.000410421
0.000500115
0.000464858
0.000425091
0.000422797
0.000508042
0.000441202
0.000436183
0.000399567
0.000390805
0.00038919
0.000399975
0.000395787
0.000478912
0.000384288
0.000505342
0.000404737
0.000395745
0.000388277
0.00040429
0.000410182
0.000440622
0.000423905
0.000404526
0.000409083
0.000509035
0.00047399
0.00041308
0.000403396
0.000709817
0.000504713
0.000667426
0.000427331
0.000418307
0.000412595
0.000398643
0.000405847
0.00039893
0.000408301
0.000391122
0.000410604
0.000604484
0.000521014
0.000479463
0.000589197
0.000598877
0.000414967
0.000386156
0.000402629
0.000397894
0.000556692
0.000557364
0.000520528
0.000607376
0.000407188
0.000408591
0.000383576
0.00049216
0.000479195
0.00043464
0.000458508
0.000487305
0.000432081
0.000453867
0.000404316
0.000643093
0.000552615
0.000605598
0.000523699
0.000509338
0.000396929
0.000399743
0.000546256
0.000382862
0.000413463
0.000413876
0.000408982
0.000397127
0.000521932
0.000444367
0.000761293
0.000414208
0.000480542
0.000404065
0.000393128
0.000450745
0.000409423
0.000453331
0.000410438
0.000410651
0.000531913
0.000384888
0.000484294
0.00042932
0.000419941
0.000592321
0.00048111
0.000424947
0.000439604
0.000396904
0.000452008
0.00047487
0.000417468
0.000446166
0.000407763
0.000441832
0.000423319
0.000419782
0.000395897
0.000400386
0.000398826
0.000420931
0.000440746
0.000388334
0.000396467
0.000523046
0.000660799
0.000603797
0.000576541
0.000478869
0.00044422
0.000486118
0.000399783
0.000401817
0.000388249
0.000460469
0.000401948
0.000458288
0.000405094
0.000406624
0.000420097
0.000411674
0.000415213
0.00047546
0.000464297
0.000409493
0.00038866
0.000731426
0.000404528
0.00038378
0.00038921
0.000572442
0.00064669
0.000450279
0.000497757
0.000601774
0.000593417
0.00040144
0.000429198
0.000407625
0.0006062
0.000454599
0.000427273
0.000406376
0.000534943
0.000470165
0.000507373
0.00043277
0.000484717
0.000417965
0.000421763
0.000415126
0.000604144
0.000465374
0.000490395
0.000426444
0.000433323
0.000405491
0.00041276
0.000397071
0.000476387
0.000462552
0.00042307
0.000438531
0.000679413
0.000393163
0.000470715
0.000426771
0.000454258
0.000399513
0.000510844
0.000431858
0.000516285
0.000428424
0.000494379
0.000454639
0.000422527
0.000411851
0.000423554
0.00042287
0.000560659
0.000580261
0.000520914
0.000691381
0.000643993
0.00049991
0.000484846
0.000414026
0.000394085
0.000408321
0.000493647
0.000387132
0.000395969
0.000424848
0.000401882
0.00050708
0.000439591
0.000393333
0.000661549
0.000473206
0.000486298
0.000498857
0.000483625
0.000427241
0.000409098
0.000541653
0.000782601
0.000647349
0.000408863
0.000407744
0.000417078
0.000794918
0.000419304
0.000426612
0.000419815
0.000596887
0.000703671
0.000523929
0.000605469
0.000402137
0.000443171
0.000403341
0.000417951
0.000427219
0.000511302
0.000508018
0.000422328
0.000461053
0.000534504
0.000411999
0.000600282
0.000450932
0.00046133
0.000480214
0.000463518
0.000395448
0.000650366
0.000408419
0.000402513
0.000463296
0.0004734
0.000417123
0.000409239
0.000555981
0.000552136
0.00041392
0.000438627
0.000391894
0.000445301
0.000404223
0.000415879
0.000404487
0.000533025
0.000612241
0.000453847
0.000752224
0.000435831
0.000416065
0.000411881
0.000407519
0.000394055
0.000394376
0.000469381
0.000422919
0.000448896
0.000409456
0.000434212
0.000387998
0.000414915
0.000426811
0.00043424
0.000457332
0.00040376
0.000569585
0.000522851
0.000392476
0.000387482
0.000428514
0.000456776
0.000412925
0.000394289
0.00041349
0.000535737
0.000512707
0.000415704
0.000403885
0.000416144
0.000399004
0.000391976
0.000401434
0.000398697
0.000487235
0.000408231
0.000401912
0.000419066
0.00043438
0.000391643
0.000440108
0.000395356
0.000388705
0.000389613
0.0003973
0.000397055
0.00048413
0.000431125
0.000426888
0.00038903
0.00040748
0.000422395
0.000390888
0.000432916
0.00052824
0.00040489
0.000420246
0.000436426
0.000539852
0.000397446
0.00041576
0.000392245
0.00059565
0.000394464
0.000376233
0.000410111
0.000412592
0.00040246
0.000410714
0.000400564
0.000420786
0.00039557
0.00044732
0.000373328
0.000388114
0.000462649
0.000553066
0.000396903
0.00039728
0.000556382
0.000440628
0.000435746
0.000394431
0.000419925
0.000429395
0.000387311
0.000400704
0.000478246
0.000405862
0.000401547
0.000408402
0.000416945
0.000620818
0.000764249
0.00100334
0.00218201
0.000860743
0.000528943
0.000848176
0.000580888
0.000600816
0.00211939
0.000656183
0.000612739
0.00065854
0.00142379
0.00296496
0.000711028
0.00332391
0.000723929
0.000631723
0.000616993
0.000759454
0.000680288
0.000481127
0.000728147
0.00520738
0.000532939
0.000681396
0.000636778
0.00105369
0.00131706
0.000913161
0.000496744
0.000751567
0.00222148
0.000790354
0.0034237
0.00130223
0.000662573
0.000695977
0.00064135
0.000543392
0.000803552
0.000526329
0.000496687
0.00040322
0.000771836
0.00050065
0.000698852
0.000640735
0.000677493
0.000496757
0.000385597
0.000429669
0.000433794
0.000660008
0.000535824
0.000470957
0.000543294
0.000530979
0.000507658
0.000649492
0.000648904
0.000514901
0.000500335
0.000520562
0.000418595
0.00056877
0.000794285
0.000404803
0.000386534
0.000381488
0.000396846
0.000413231
0.000418928
0.00040962
0.000445435
0.000499993
0.000426108
0.00041853
0.00047849
0.000384241
0.000625222
0.000654461
0.000509817
0.000688029
0.000586485
0.000525714
0.000407402
0.000462143
0.000403762
0.00040584
0.0004074
0.00056621
0.000828093
0.00081736
0.000550445
0.000530102
0.000418699
0.000403267
0.000406464
0.000405491
0.000402292
0.000664396
0.000416821
0.000486191
0.000719007
0.000424916
0.000475932
0.000507864
0.00043898
0.00047213
0.000469662
0.000445308
0.000409675
0.000402739
0.00039383
0.000412174
0.00049125
0.000608082
0.000576484
0.000405885
0.000407807
0.000468733
0.000450669
0.000379788
0.000397813
0.000399582
0.000387569
0.00045434
0.000651586
0.000499968
0.000408835
0.000883592
0.000487398
0.000443454
0.000402656
0.000416814
0.000500047
0.000552869
0.0004312
0.000632873
0.000507421
0.000452408
0.000462025
0.000480859
0.000423898
0.000470449
0.000447697
0.000609813
0.000413334
0.000480695
0.000475232
0.000463322
0.000514196
0.000383479
0.000459227
0.000584253
0.000390091
0.000395356
0.000451938
0.000468869
0.000459895
0.000397599
0.000399953
0.000394107
0.000407873
0.000569522
0.000462504
0.000417016
0.000437836
0.000501079
0.000404174
0.000406246
0.000398495
0.000373837
0.00037088
0.000435443
0.000761403
0.000372068
0.000418781
0.000422006
0.000397473
0.000396311
0.000404197
0.000412595
0.000419332
0.000389276
0.000407761
0.000395235
0.000478
0.000421784
0.000560272
0.000432254
0.000557895
0.000420091
0.000427154
0.000513407
0.000406044
0.000410712
0.000392396
0.000401324
0.000402691
0.00049194
0.000409342
0.00042117
0.000384672
0.000383751
0.000405011
0.000415171
0.000594496
0.000559851
0.000549107
0.000416743
0.000404679
0.000406686
0.000393564
0.00039908
0.000460764
0.000397712
0.0005139
0.000441475
0.000405255
0.000403658
0.000396676
0.000411281
0.000391869
0.000410118
0.000525725
0.000448909
0.000469973
0.000515571
0.000403426
0.000388829
0.000398286
0.000512287
0.000422313
0.000420083
0.000439653
0.00040376
0.000405729
0.000415268
0.000416905
0.000389722
0.000409049
0.00038031
0.000393492
0.000407108
0.000450742
0.000390352
0.000387233
0.000424877
0.000504554
0.000446016
0.000413935
0.000401442
0.000448139
0.000391657
0.000430786
0.000496261
0.00042265
0.00044055
0.000401868
0.000398483
0.000393543
0.000395578
0.000448064
0.000407338
0.000452336
0.000497101
0.000412577
0.000389309
0.000440861
0.000405832
0.000442811
0.000396856
0.000381493
0.000385856
0.000488661
0.000492852
0.000490863
0.000515516
0.000542177
0.000432032
0.000403485
0.0003831
0.000437723
0.000391599
0.000389808
0.000406648
0.000418484
0.00040073
0.00042826
0.000436772
0.000423805
0.000394212
0.000394213
0.000442355
0.000397323
0.000439323
0.000466329
0.000407572
0.000410419
0.000403996
0.000457736
0.000401198
0.000407036
0.000429526
0.000410943
0.000451616
0.000443766
0.000402038
0.000520953
0.000432867
0.000446904
0.000461097
0.000434188
0.000394151
0.00061665
0.000637442
0.000523888
0.000415361
0.000376519
0.000375858
0.000415197
0.000411478
0.00041387
0.000481764
0.00056711
0.000490879
0.000400411
0.00043364
0.000507693
0.000488764
0.000442191
0.000398026
0.000404251
0.000447048
0.000444367
0.000510774
0.000399304
0.000425714
0.000435321
0.00039025
0.000412005
0.000404085
0.00039618
0.000402629
0.00040107
0.000399444
0.000413655
0.000460209
0.000393714
0.000407848
0.000393471
0.000547777
0.000414127
0.000465066
0.000519351
0.000563181
0.00042982
0.000402425
0.000398385
0.000492461
0.000440136
0.000422781
0.000543895
0.000400355
0.000536585
0.000511696
0.000415668
0.000474731
0.000745782
0.000595372
0.000395918
0.000418646
0.000418357
0.000393665
0.000617433
0.000412574
0.000432958
0.000583617
0.000385222
0.000412929
0.000447144
0.000429739
0.000452357
0.000470904
0.000401902
0.000408789
0.000414794
0.000465653
0.000393269
0.000387893
0.000543849
0.000503056
0.000434225
0.000470287
0.000523551
0.000395685
0.000409592
0.000397068
0.00039753
0.000417855
0.000406112
0.000403704
0.000476706
0.000681244
0.000576869
0.000455683
0.000541887
0.000409356
0.000396274
0.000406079
0.000400962
0.00040848
0.000420974
0.000471171
0.000503191
0.000390051
0.000493002
0.000406662
0.00042066
0.000388852
0.000416069
0.000435327
0.000509585
0.000514744
0.000399905
0.000425436
0.0004097
0.000401475
0.00041814
0.000511223
0.000408734
0.000399255
0.000402113
0.000509436
0.000452576
0.000431897
0.000381942
0.000405561
0.000389037
0.000383028
0.000402611
0.000400765
0.000433371
0.000630626
0.000559974
0.000401005
0.000466708
0.000438368
0.000402115
0.000419263
0.000413766
0.000501401
0.000389644
0.000383573
0.000501606
0.000439649
0.000467255
0.000412798
0.000399223
0.000396913
0.000415504
0.000416973
0.000400408
0.000390864
0.000409861
0.000428411
0.000402587
0.000416659
0.000405549
0.000492916
0.000470103
0.000401131
0.000376829
0.000384274
0.000387671
0.000395218
0.000410493
0.000392331
0.000393927
0.000397526
0.000389417
0.000528207
0.00049089
0.000396794
0.000380295
0.000526417
0.000582151
0.000475705
0.000433801
0.000397564
0.0004112
0.000418755
0.000506482
0.000392237
0.00042362
0.000615186
0.000448422
0.000427784
0.000403047
0.000406589
0.000400811
0.000452493
0.000392552
0.000405666
0.000511658
0.000492249
0.000483054
0.00052356
0.000384782
0.000409269
0.000539712
0.000552696
0.000602458
0.000804172
0.000448001
0.000716555
0.000652243
0.000439924
0.000414132
0.000475831
0.000409722
0.000462464
0.000434212
0.000393945
0.000413361
0.000419615
0.000400703
0.000393806
0.000402514
0.000514168
0.000545723
0.000392587
0.000386124
0.000420856
0.000477823
0.000429448
0.000508981
0.00047501
0.000482793
0.000425062
0.000473396
0.000398276
0.000392692
0.000415373
0.000431171
0.000487522
0.000391651
0.000415244
0.000414722
0.00039746
0.000407283
0.000419237
0.000385172
0.00055389
0.000508038
0.000399038
0.000445314
0.00039278
0.000399419
0.000435377
0.000387853
0.000473749
0.000410282
0.000390932
0.000533897
0.000546118
0.00040226
0.000400423
0.000391929
0.00049684
0.000461752
0.000484223
0.000388643
0.000425224
0.000434364
0.000381189
0.000391322
0.000375764
0.000413002
0.000410872
0.000385198
0.000466137
0.000468903
0.000429042
0.000464491
0.000397163
0.000387839
0.000396055
0.000446835
0.000398679
0.000392152
0.000399339
0.00045256
0.000412457
0.000408606
0.000413374
0.00039414
0.000475488
0.000417808
0.00042422
0.000428421
0.000407071
0.000433421
0.000419064
0.000398109
0.000463131
0.000481245
0.00048075
0.00040222
0.000381776
0.000409507
0.000402699
0.000421476
0.000498655
0.000391661
0.000424321
0.000456543
0.000392987
0.00040256
0.00042331
0.000431091
0.000385717
0.000410764
0.000381261
0.000410462
0.000412814
0.000503862
0.000404985
0.000390535
0.00039742
0.000397753
0.000398384
0.000401126
0.000404302
0.000546204
0.000426031
0.000417272
0.000456958
0.000428357
0.000392804
0.00055821
0.000416343
0.000408643
0.000446734
0.000418774
0.00039644
0.000407118
0.000396431
0.000384336
0.000571678
0.0003822
0.000406409
0.000406475
0.00039387
0.000411155
0.000407441
0.000396248
0.000420152
0.000391658
0.000408829
0.000449398
0.00053886
0.000436749
0.000659076
0.000400365
0.000389165
0.000395031
0.000544863
0.000396344
0.000527238
0.000443808
0.000402107
0.000453696
0.000407541
0.000402388
0.000395413
0.000394637
0.000389665
0.000396337
0.000397294
0.000461657
0.000462675
0.000413721
0.000408137
0.000402312
0.000439199
0.000467739
0.000455984
0.000616816
0.000464066
0.000465954
0.000381706
0.000388911
0.000387
0.0004036
0.000502933
0.000427351
0.000410701
0.000411524
0.000420369
0.000406128
0.000384595
0.000462201
0.000391334
0.000423063
0.000398234
0.000459481
0.000381591
0.000444318
0.00042057
0.00039096
0.000386626
0.000587967
0.000407652
0.00041985
0.000395143
0.000413016
0.000400509
0.000405258
0.000414256
0.000373338
0.000447962
0.000419777
0.000725021
0.00100099
0.000523307
0.000564267
0.000394662
0.000490163
0.000410642
0.000403615
0.00039388
0.000429038
0.00122259
0.000389341
0.000599782
0.00116575
0.00143415
0.000417411
0.000807545
0.000653201
0.00066389
0.000720564
0.000390583
0.000718042
0.000435831
0.00075025
0.000644322
0.000417635
0.00103231
0.000419153
0.0013759
0.000730146
0.000497471
0.0004078
0.0017106
0.000430119
0.000443444
0.000469349
0.00044119
0.000372346
0.000396346
0.000480099
0.000392993
0.000750478
0.00666727
0.000741407
0.000653085
0.000708772
0.00158569
0.0029051
0.000659075
0.00062504
0.000790834
0.000474023
0.000624736
0.0004244
0.000665026
0.000434973
0.000450992
0.000412387
0.00043545
0.000649862
0.000598644
0.000444459
0.00054071
0.000392459
0.000533785
0.000456681
0.000813294
0.000450014
0.000405362
0.00052561
0.000415378
0.000398105
0.00042904
0.000391265
0.000411339
0.000408783
0.00040506
0.000517371
0.000643256
0.000477514
0.000411461
0.000401735
0.000467508
0.00038543
0.000406309
0.000407096
0.000589316
0.000483766
0.000402125
0.000407412
0.000385545
0.000696687
0.00046866
0.000409367
0.000411257
0.000397969
0.000424278
0.000419626
0.000448263
0.000468433
0.000442806
0.000388016
0.000822383
0.000412774
0.000470046
0.000402541
0.000393714
0.000384171
0.000379039
0.000393213
0.000440793
0.000383586
0.000466509
0.000426307
0.000397491
0.000405512
0.000408797
0.000435122
0.000390679
0.000401796
0.000405876
0.000433547
0.000427802
0.000380112
0.000401908
0.000401254
0.000719328
0.000418682
0.000382917
0.000385947
0.000392688
0.000407206
0.00039765
0.000388941
0.000403176
0.000400182
0.000444537
0.000382513
0.000399727
0.000420853
0.000492879
0.000524708
0.000541751
0.000567691
0.000441351
0.000430151
0.000406286
0.000384506
0.00037823
0.00043239
0.000395
0.000409522
0.000443284
0.000410958
0.000400253
0.000397623
0.000427834
0.000394477
0.000422389
0.000423633
0.000457321
0.000399719
0.000544853
0.00041541
0.00039092
0.00040337
0.00044464
0.000470336
0.00056942
0.000399478
0.000411906
0.000421215
0.0003725
0.000391954
0.000383437
0.000407768
0.000403966
0.000399619
0.000391805
0.000502074
0.000472727
0.000389157
0.000455441
0.000392059
0.000399256
0.000621277
0.000392893
0.000392545
0.000390966
0.000398013
0.000527901
0.000395264
0.000495709
0.000404972
0.000425298
0.000392823
0.000392873
0.000423252
0.000420509
0.000442581
0.000434117
0.00039608
0.000395157
0.000415365
0.000475678
0.000421418
0.00042624
0.000418124
0.000480152
0.00045086
0.000539364
0.000546387
0.000401261
0.000411117
0.000426455
0.000394792
0.000415875
0.00039378
0.00040745
0.000490627
0.000408485
0.000486696
0.000401435
0.00052627
0.000414828
0.000428304
0.000385703
0.000380054
0.00039654
0.000403825
0.000397159
0.000514192
0.000406908
0.000419118
0.000419043
0.00039275
0.000391543
0.00039481
0.000414901
0.000403173
0.000395141
0.000427939
0.000392899
0.000391902
0.000449832
0.000413203
0.00038898
0.000477436
0.000442525
0.000457597
0.000396744
0.000394425
0.000612405
0.000430921
0.000386243
0.000407148
0.00038083
0.000398312
0.000383777
0.000403173
0.000388647
0.000405795
0.00039665
0.000451573
0.000439894
0.000430181
0.000416602
0.000505568
0.000398276
0.000386453
0.000416438
0.00038834
0.000416426
0.000486747
0.000542711
0.000451637
0.000458717
0.000396353
0.000393908
0.000395752
0.000454508
0.000408309
0.000424732
0.000442592
0.000392003
0.00039669
0.000396698
0.000402261
0.000390049
0.000397921
0.000400637
0.000396766
0.000484773
0.000417455
0.000385664
0.000396159
0.000513979
0.000431741
0.000419496
0.000389641
0.000383646
0.000424436
0.000386049
0.000415418
0.000412853
0.000409733
0.000400757
0.000509616
0.000419113
0.000495512
0.000405834
0.000416647
0.000401078
0.000415209
0.000386009
0.000533656
0.000414549
0.000394493
0.000417117
0.000403066
0.000406141
0.000404759
0.000475542
0.000533935
0.000546492
0.000442825
0.000407432
0.000416934
0.000446248
0.000456236
0.000483502
0.000387691
0.000403391
0.000397025
0.000395935
0.000375886
0.000401432
0.000424755
0.000475053
0.000477282
0.000484605
0.000409435
0.000392687
0.000390387
0.000375681
0.000414338
0.000528782
0.000461279
0.000398706
0.00057713
0.000448458
0.000393074
0.000396346
0.000383192
0.000395029
0.000408791
0.000410414
0.000490187
0.000451977
0.000433338
0.000416914
0.000404601
0.000426615
0.000443565
0.000405907
0.000403581
0.000419941
0.000403831
0.000398085
0.000396335
0.000507957
0.000401145
0.000499913
0.000746839
0.000383211
0.000407425
0.000453865
0.000444884
0.000411621
0.000530846
0.000472337
0.000398522
0.000388832
0.000396022
0.000403632
0.000425202
0.000402268
0.000438329
0.000423768
0.000422773
0.000438296
0.000430792
0.000394178
0.000418618
0.000425388
0.000419582
0.000388102
0.000523389
0.00041852
0.000473696
0.000421408
0.000396027
0.000420953
0.000394718
0.000429173
0.000406411
0.000578782
0.000411243
0.000403565
0.000401252
0.000389704
0.000391547
0.000412891
0.000409024
0.000501556
0.000396531
0.000388673
0.00041852
0.000447991
0.000416501
0.000528231
0.000418003
0.000415301
0.000403033
0.000374584
0.00039896
0.000433282
0.000386227
0.000397792
0.000434318
0.000486097
0.000502002
0.000619334
0.000455762
0.000393971
0.000415999
0.000411664
0.00039981
0.000424909
0.000420276
0.000519523
0.000472464
0.000387844
0.000391539
0.000458255
0.000472312
0.000439939
0.00041429
0.000488251
0.00042487
0.000407861
0.000548504
0.00040246
0.000398661
0.000406812
0.000500336
0.000405651
0.000424436
0.000498446
0.000438075
0.000500901
0.000428513
0.000417034
0.000431282
0.00039848
0.000401062
0.000488335
0.00049552
0.000404929
0.000479
0.000539695
0.000518535
0.000492361
0.00042713
0.0004313
0.000449126
0.000427665
0.00039553
0.000482553
0.000419998
0.000392468
0.00039645
0.000486256
0.000414488
0.000468786
0.000470461
0.000467709
0.00042975
0.000401711
0.000525091
0.000455229
0.000406772
0.000491013
0.000682616
0.000471148
0.00038987
0.000403128
0.000394462
0.000393752
0.000484102
0.000415486
0.000408666
0.000465895
0.000453722
0.000406035
0.000386717
0.000397792
0.000487404
0.000573031
0.0004462
0.000440379
0.000423877
0.000410802
0.000407123
0.000397667
0.000425208
0.000617999
0.000505103
0.000407035
0.000477792
0.00039651
0.000408145
0.000422775
0.000459949
0.000522419
0.000442122
0.000401365
0.000424256
0.000431622
0.00048032
0.000446043
0.000396964
0.000405514
0.000447035
0.000458891
0.00044094
0.000401318
0.000406898
0.000395424
0.000388631
0.000577318
0.000480829
0.000459088
0.000430622
0.000391101
0.000387434
0.000405627
0.000399927
0.000436261
0.000425254
0.000449796
0.000422074
0.000405003
0.000422638
0.000417327
0.000388018
0.000552299
0.000386156
0.00050023
0.000631317
0.000441376
0.000453534
0.000431915
0.000476662
0.000575499
0.000571295
0.000467695
0.000481252
0.000750531
0.000418299
0.000390107
0.000410217
0.00043469
0.000387377
0.000388069
0.000386708
0.000383441
0.000410046
0.000425153
0.0005437
0.000442143
0.000577107
0.000461768
0.000440137
0.00040783
0.000463992
0.000467304
0.000433859
0.000473607
0.000427835
0.000404229
0.000402988
0.000388621
0.000486574
0.000449355
0.000385151
0.000489516
0.000423484
0.000405331
0.000434032
0.000420362
0.000403658
0.000426555
0.000424912
0.000448776
0.000531287
0.000395765
0.000513474
0.000522696
0.000413354
0.000432132
0.000462411
0.000400722
0.000391742
0.000400339
0.000413785
0.000376929
0.000375598
0.000411055
0.000416146
0.000422144
0.000394349
0.000556052
0.000465927
0.000447776
0.00054928
0.000486902
0.000500881
0.000647588
0.000659845
0.000446587
0.000479385
0.000400964
0.000438902
0.000649212
0.000407969
0.000493213
0.000492367
0.000465654
0.000406235
0.00047368
0.000422639
0.000394515
0.000404618
0.000465289
0.000410168
0.000467315
0.0003996
0.000487684
0.000397405
0.000495193
0.000395066
0.000508951
0.000416539
0.000410583
0.000404192
0.000401605
0.000397012
0.000691847
0.00042809
0.000392668
0.000445775
0.000482924
0.0005082
0.000478734
0.000454105
0.000618351
0.000431335
0.000433409
0.00049802
0.00042524
0.000401725
0.000402877
0.000430548
0.000404594
0.000517743
0.000414611
0.000398805
0.000402265
0.000418746
0.000577346
0.00045021
0.000624977
0.00045218
0.000422795
0.00053064
0.000398004
0.00040075
0.000462945
0.000407996
0.00040597
0.000402151
0.000403644
0.000403106
0.000406698
0.000397813
0.000463586
0.000395443
0.000409549
0.000386738
0.000396895
0.000479999
0.000414576
0.000700694
0.000492522
0.000466354
0.000471526
0.000459271
0.000473641
0.000410032
0.000393464
0.000399391
0.000407339
0.000406165
0.000482796
0.000490046
0.000438355
0.000445575
0.000562992
0.000399113
0.000376088
0.000389498
0.00041231
0.000398232
0.000530028
0.000468901
0.000383974
0.000386224
0.0004065
0.000825315
0.000392354
0.000390404
0.000385386
0.000402491
0.000488876
0.000427955
0.000469456
0.000419891
0.000420227
0.000467546
0.000467445
0.000661642
0.000537538
0.000514851
0.000803821
0.000501798
0.000462259
0.000415994
0.000400107
0.000404133
0.000536783
0.000405251
0.000426752
0.000559661
0.000418287
0.00046242
0.00043596
0.0004261
0.000394584
0.000374294
0.00042994
0.000452836
0.000405533
0.000470074
0.000414109
0.000407598
0.000403755
0.000536286
0.000509477
0.000392856
0.000385873
0.00039805
0.000589023
0.000397226
0.000400117
0.000419132
0.000421747
0.000406166
0.000413791
0.000406881
0.000621132
0.000431629
0.00051166
0.000539754
0.000776704
0.00045542
0.000395458
0.000419264
0.000521462
0.000450222
0.000400576
0.000444375
0.0004116
0.000473581
0.000479888
0.000456303
0.000406758
0.000416715
0.000634278
0.000425331
0.00050069
0.000436372
0.000403796
0.000484139
0.000437949
0.000440603
0.000456956
0.000414195
0.000533546
0.000379468
0.000413628
0.000426333
0.00047943
0.000396376
0.000434755
0.000390303
0.000394188
0.000488346
0.000443377
0.000442058
0.000392148
0.000405147
0.000547665
0.000432432
0.000429733
0.000480333
0.000414363
0.00042938
0.000427094
0.000389016
0.000426514
0.000383614
0.000393496
0.000586754
0.000467168
0.000462125
0.000384183
0.000408056
0.000422282
0.000474379
0.000432961
0.000399694
0.000375554
0.00047493
0.000408666
0.000389022
0.000456626
0.000419164
0.000405742
0.0003915
0.00045919
0.00040264
0.000406911
0.000415038
0.000500765
0.000425793
0.000434733
0.000436772
0.000493857
0.000411479
0.000771759
0.000473878
0.000472217
0.000626379
0.000479923
0.000408721
0.000471999
0.000415561
0.000391595
0.000434811
0.000395434
0.000414701
0.0004288
0.000428097
0.000492835
0.000407167
0.000385991
0.000403703
0.000396447
0.000412944
0.000412529
0.000451316
0.00046035
0.00042912
0.000416336
0.000427034
0.000440076
0.00043511
0.000393012
0.000408477
0.000422384
0.000424353
0.000425853
0.000399658
0.000398696
0.000453452
0.000388768
0.000439907
0.000408476
0.000379472
0.00047128
0.000859202
0.000621415
0.00148314
0.00046644
0.000508025
0.000417277
0.00049774
0.000715186
0.000583805
0.000430872
0.000559381
0.000560171
0.000491224
0.000753777
0.000510377
0.000568945
0.000414805
0.000434757
0.000673608
0.000552872
0.000546808
0.000416952
0.000434941
0.000501572
0.000422464
0.000532693
0.000438342
0.000389929
0.000413622
0.000421988
0.000407699
0.000533886
0.000432077
0.000662865
0.000519298
0.00055062
0.000401302
0.000418189
0.000511939
0.000415066
0.000439745
0.000408324
0.000401951
0.00039422
0.000498189
0.000404087
0.000461861
0.000381332
0.000384563
0.000406809
0.000435094
0.000459675
0.00041109
0.000432984
0.000533295
0.000596158
0.000395007
0.000507382
0.000561352
0.000394732
0.000394978
0.000389658
0.000430693
0.000396807
0.000431228
0.000399731
0.000391754
0.000410386
0.00038564
0.000507226
0.000398977
0.000426437
0.000552909
0.000469375
0.000404734
0.000520777
0.000465038
0.000562743
0.00044975
0.000649397
0.000540999
0.000450168
0.000418797
0.000393783
0.000402564
0.000418374
0.000535558
0.000382669
0.000465638
0.000425514
0.000384155
0.000401638
0.000401227
0.000384809
0.000579539
0.000400064
0.000397345
0.000407167
0.00038763
0.000419968
0.000407467
0.000394566
0.000386925
0.000403646
0.000397655
0.000393881
0.00057247
0.000388857
0.000381269
0.000379591
0.000460797
0.000396176
0.000429205
0.000414622
0.000477746
0.000403958
0.00051032
0.000426307
0.000428921
0.000461107
0.000419139
0.000426203
0.000381422
0.000427109
0.000388701
0.000489784
0.000403328
0.000390759
0.000405203
0.0004082
0.000435164
0.000455477
0.000409011
0.000396883
0.000402637
0.00046287
0.000393292
0.000473143
0.000487899
0.000464943
0.000452136
0.000499473
0.000405598
0.000405867
0.000403004
0.000389497
0.000398199
0.00038693
0.000436108
0.000421858
0.000400546
0.000410159
0.000513159
0.000436514
0.000510464
0.000508823
0.000456259
0.000398399
0.000532925
0.0005257
0.000540535
0.000415325
0.000423763
0.00039724
0.00038798
0.00042004
0.000397914
0.000421447
