0.000795047
0.000699137
0.000728832
0.000889487
0.000718549
0.0006927
0.000762753
0.000720739
0.000799535
0.000699262
0.000695412
0.000799267
0.000712079
0.000697938
0.000707964
0.000901554
0.000953198
0.000836418
0.000739332
0.000912107
0.000744209
0.000699779
0.000689721
0.00076261
0.000770729
0.0013186
0.000789602
0.000703764
0.00077603
0.000844719
0.000864457
0.000686658
0.000783579
0.000690547
0.000725243
0.000684186
0.000718157
0.000683343
0.000722866
0.000684286
0.000721784
0.000769446
0.000732745
0.00072344
0.000775461
0.000778198
0.000736791
0.000776169
0.000736312
0.000774401
0.000788635
0.000745729
0.000730078
0.000705568
0.000822323
0.000782882
0.000810927
0.000712792
0.000689868
0.000685875
0.000751691
0.000888131
0.00070676
0.000740664
0.000685648
0.000675723
0.000710865
0.000804608
0.0007579
0.000736528
0.000761317
0.000691185
0.000752111
0.000743018
0.000699465
0.000759709
0.000700607
0.000667937
0.000760976
0.000707907
0.000718297
0.000659823
0.000689192
0.000714589
0.000697378
0.00070319
0.000676045
0.00068851
0.000748682
0.000777371
0.000667621
0.000713433
0.000790846
0.000815869
0.0008761
0.000796837
0.000706573
0.000875133
0.00099739
0.000733198
0.000725027
0.000673194
0.000837143
0.000727248
0.00080182
0.000750151
0.000713836
0.000684658
0.000697487
0.000730073
0.000740975
0.00081645
0.000743666
0.000726036
0.000724749
0.000840032
0.000889224
0.0010784
0.000819071
0.000738339
0.000859385
0.000767885
0.000756579
0.000710791
0.000751368
0.00113034
0.000769991
0.000844567
0.000706893
0.000712756
0.000733494
0.000736629
0.000660878
0.000691954
0.000724367
0.000729767
0.00076659
0.000753334
0.000909341
0.000688407
0.000884213
0.000941451
0.000862655
0.000892488
0.00074127
0.000841312
0.000934395
0.000875856
0.00114066
0.000700944
0.000725427
0.00073271
0.000671271
0.000699684
0.000690818
0.000736651
0.000677452
0.000677524
0.000716491
0.000676268
0.000685833
0.000841059
0.000694294
0.000715417
0.000725599
0.000728577
0.000891912
0.000670058
0.000666165
0.000700568
0.000669004
0.0010212
0.000908934
0.000834448
0.000884496
0.00094569
0.000895685
0.000743682
0.000768629
0.000716548
0.000741526
0.00069793
0.000722485
0.00081613
0.000680453
0.000849035
0.000910701
0.000756037
0.000709545
0.000783625
0.000900474
0.000781415
0.00074315
0.000734865
0.00105749
0.000926949
0.000762952
0.000763242
0.000728987
0.000781922
0.00072139
0.000730901
0.000724365
0.000685724
0.000715148
0.000758597
0.000803735
0.000706584
0.000836215
0.000755897
0.000724686
0.000704487
0.000785067
0.000806046
0.000804357
0.000699315
0.00070091
0.000729578
0.000700545
0.000791885
0.000755828
0.000729965
0.000756355
0.000700186
0.000682542
0.000688619
0.00070388
0.000676192
0.000809365
0.000787821
0.000713065
0.000747484
0.00091244
0.00109738
0.000892374
0.00117642
0.00112903
0.000769463
0.000691706
0.000705054
0.000738983
0.000774724
0.000802886
0.000676976
0.000737084
0.000684923
0.000695626
0.000694541
0.00074474
0.00067013
0.000870298
0.000687046
0.000671666
0.000759902
0.000751656
0.000869183
0.000861111
0.000781319
0.000704057
0.000716068
0.000791861
0.000777177
0.000702746
0.00073806
0.000915939
0.000993225
0.00069778
0.000703391
0.000681611
0.000717814
0.000717805
0.000705221
0.000704558
0.000674315
0.000895133
0.000710511
0.000698125
0.000799238
0.000690581
0.000773811
0.000804002
0.000830558
0.000758408
0.000823557
0.000702316
0.000746946
0.000718779
0.000723135
0.000786204
0.00107102
0.000728958
0.000793283
0.000712101
0.000715131
0.000742233
0.000757973
0.00091154
0.00106055
0.00106998
0.000768666
0.000707382
0.000869878
0.000864778
0.000973928
0.000694353
0.000832955
0.000686886
0.000671225
0.000723439
0.000904819
0.000840657
0.000834782
0.000677359
0.000734817
0.000704428
0.000906956
0.000820255
0.000705829
0.000915654
0.000683671
0.000906428
0.000828359
0.000788617
0.000805221
0.000923134
0.000862331
0.000687565
0.000675466
0.00113495
0.000821299
0.000827983
0.00111772
0.00106019
0.000838625
0.000978962
0.00102188
0.000831074
0.000698538
0.000769366
0.000727718
0.000729719
0.000855929
0.000767692
0.00101233
0.000711617
0.000848734
0.000701548
0.00079563
0.000824121
0.000820817
0.000682629
0.000700566
0.000786502
0.000740209
0.00078241
0.000730113
0.000698938
0.000711283
0.000719424
0.000678195
0.000835301
0.000982624
0.000993765
0.00120098
0.00100509
0.00104093
0.000952322
0.00125466
0.000854885
0.000838632
0.000799723
0.000720489
0.000723972
0.000909389
0.000754987
0.000963813
0.000857332
0.000705458
0.000692403
0.000688043
0.000803971
0.000696798
0.000682646
0.000698414
0.000707547
0.00069099
0.000723063
0.000710458
0.000711533
0.0007962
0.0007822
0.000871479
0.00115044
0.00108525
0.00112137
0.00118944
0.0011624
0.00105195
0.00101734
0.000696502
0.000687846
0.000721506
0.00074084
0.000731422
0.000709605
0.000819134
0.00081551
0.000669487
0.000878213
0.000708087
0.000849732
0.000713614
0.000731299
0.000837821
0.000667003
0.000725549
0.000738978
0.000728196
0.000699925
0.000697582
0.000765395
0.000708997
0.000711423
0.000948508
0.00102287
0.00109637
0.00110957
0.00101421
0.00107305
0.00106059
0.00108337
0.000920637
0.00070875
0.00135272
0.000733868
0.000801419
0.000896674
0.000921146
0.000892235
0.000789618
0.000724244
0.00109823
0.000745513
0.000742925
0.000682892
0.000657232
0.000746019
0.000967875
0.000723889
0.000775773
0.000857535
0.00103141
0.00106354
0.00113591
0.00127125
0.00115338
0.00105289
0.0013022
0.000773314
0.000690972
0.000911948
0.000731838
0.00070288
0.000790466
0.00069944
0.000705006
0.000729649
0.000789737
0.000817323
0.000729574
0.00078546
0.000899177
0.00071239
0.000764598
0.000687329
0.000736746
0.000765705
0.000717519
0.000735237
0.000739274
0.000739367
0.000741557
0.0011153
0.0012636
0.000976363
0.00101495
0.00115343
0.00102479
0.00100935
0.000743377
0.000867884
0.00101034
0.00124978
0.000751291
0.000884242
0.000697438
0.000968402
0.000765697
0.000767435
0.00072022
0.000716975
0.000706652
0.00091801
0.000711981
0.000820132
0.000703531
0.000880526
0.000720823
0.000814231
0.000983132
0.000704943
0.0006931
0.000889052
0.00104869
0.00120896
0.00103355
0.00112369
0.00101475
0.00107403
0.00108931
0.000713198
0.000718129
0.000831625
0.000673212
0.000691684
0.000718861
0.000715917
0.000757312
0.00074324
0.000817792
0.000692262
0.00069696
0.00114793
0.000878954
0.000824591
0.000784587
0.000802072
0.000767727
0.000678355
0.00111892
0.00074687
0.000820517
0.000939715
0.00107118
0.0012056
0.00115628
0.00102306
0.00104507
0.00105989
0.000961594
0.00073564
0.000778793
0.000783281
0.000695563
0.000826371
0.000737312
0.000865133
0.000741797
0.000806371
0.000813364
0.000702656
0.000727051
0.00077262
0.000854179
0.000730071
0.000718845
0.000721494
0.000673462
0.000844694
0.000883852
0.00076744
0.000747709
0.000788588
0.00104025
0.00100979
0.00108037
0.00114159
0.00122598
0.00112236
0.000936393
0.000955916
0.000824327
0.000911831
0.00068773
0.000738867
0.000738557
0.000890012
0.000815102
0.000707144
0.000688336
0.000717566
0.000688134
0.000708047
0.000721059
0.000767107
0.000848784
0.000725623
0.000805295
0.00113927
0.000740811
0.000921878
0.000699052
0.000846065
0.000716892
0.00103974
0.00121157
0.00111006
0.00107096
0.0010774
0.000974626
0.0010273
0.000761151
0.000732706
0.00108509
0.000889522
0.001433
0.000965949
0.00109169
0.000727475
0.00281214
0.000743878
0.0010124
0.00103883
0.00127733
0.00154813
0.011438
0.000694742
0.000869236
0.000779971
0.000745532
0.00069116
0.00072793
0.000734101
0.00104485
0.00107818
0.000902901
0.00199722
0.00741248
0.000871779
0.00209656
0.000776621
0.00281207
0.00079753
0.00070211
0.00218269
0.000709677
0.000767545
0.00103256
0.0012062
0.00144386
0.000917387
0.000791504
0.000746179
0.00101845
0.000677952
0.000730027
0.000980771
0.00106322
0.000987054
0.000839579
0.00084011
0.00100067
0.00103783
0.00122662
0.00111517
0.00106612
0.000833812
0.000715564
0.000771196
0.000719248
0.000701521
0.000747953
0.000925912
0.000846638
0.000943399
0.000755515
0.000817588
0.000950386
0.000765509
0.000772769
0.000875056
0.000803738
0.000895317
0.00070535
0.000749674
0.00100313
0.00115782
0.000900488
0.00111265
0.000875045
0.00104472
0.00133305
0.00111507
0.000959467
0.00104342
0.00219371
0.000907573
0.000922237
0.00104151
0.000941233
0.000922104
0.00104071
0.00127351
0.00108263
0.000888751
0.000814918
0.000785781
0.000792303
0.00077631
0.000806632
0.000865894
0.000751084
0.00145498
0.00105889
0.00101111
0.0010698
0.00110591
0.00107946
0.000962912
0.00102216
0.000818581
0.000704855
0.000775638
0.000709034
0.000762496
0.000710199
0.00078997
0.000737159
0.000749912
0.000837505
0.000759725
0.000711416
0.000781716
0.000697106
0.000705632
0.000725441
0.000735205
0.00096029
0.000933997
0.000696872
0.000828502
0.000679048
0.000687082
0.000706578
0.000799662
0.00107501
0.000886197
0.00109393
0.00114444
0.000996321
0.00102258
0.000842702
0.00101785
0.000727905
0.000709744
0.000879602
0.000807587
0.000787111
0.000830088
0.000766011
0.00071099
0.000707022
0.00085235
0.000690965
0.000689711
0.000695574
0.000699759
0.000693217
0.000714866
0.000711757
0.000721864
0.000697801
0.000685365
0.00085605
0.000832822
0.000722779
0.00104371
0.00112226
0.00114661
0.000997029
0.00110435
0.000825733
0.000792446
0.00073993
0.000695144
0.000649221
0.000664462
0.000697729
0.000690194
0.000952936
0.000779703
0.000798622
0.000703223
0.000735896
0.000744381
0.000836748
0.000746376
0.000796817
0.000684971
0.000757717
0.000750802
0.000937994
0.000772927
0.000735702
0.000698808
0.000762078
0.000713496
0.000686524
0.00100894
0.00116004
0.00108829
0.00107595
0.00101781
0.00103622
0.000718717
0.0010162
0.000762388
0.000796432
0.000704703
0.000716797
0.000915839
0.000773448
0.00104841
0.000836404
0.000973056
0.000658121
0.00070894
0.000858677
0.00090766
0.000758672
0.000700429
0.000710452
0.000785152
0.000760907
0.000788818
0.00074384
0.000915494
0.000883746
0.00122966
0.000985673
0.00128517
0.00112346
0.00122672
0.00110931
0.0010412
0.000806191
0.000776592
0.000711971
0.000764299
0.000701748
0.000688463
0.000839005
0.000690973
0.000890097
0.000687323
0.000800415
0.000838916
0.000898988
0.000701044
0.000755573
0.000682997
0.00074407
0.000754041
0.000800165
0.000767687
0.000722574
0.00081462
0.000731301
0.000699881
0.00085642
0.000802304
0.000991894
0.000830531
0.00120539
0.000992118
0.00100727
0.0010737
0.000863481
0.000722968
0.000745434
0.000710475
0.0006689
0.00125209
0.000774505
0.000853107
0.000748163
0.00072095
0.000713748
0.000800855
0.000814198
0.000944011
0.000778184
0.000687993
0.00074475
0.000665158
0.000745114
0.00066164
0.000862676
0.000797887
0.000724007
0.00103003
0.0010831
0.0011069
0.00113356
0.000980399
0.0010731
0.00107546
0.00098149
0.000706665
0.000824903
0.000733097
0.000743687
0.000686188
0.000831092
0.000803071
0.000853888
0.000734842
0.000806637
0.000817544
0.000751847
0.000692255
0.000684444
0.000743301
0.000836585
0.000761047
0.000786171
0.000704636
0.000701199
0.000881706
0.000687875
0.000675383
0.000935775
0.000937813
0.0010948
0.0010429
0.000987746
0.00105243
0.000996827
0.00101779
0.000874083
0.000706381
0.000682923
0.000697713
0.000791689
0.000876176
0.000719176
0.000727155
0.000999815
0.000807961
0.000888895
0.000686121
0.000814597
0.000755994
0.000746529
0.000762842
0.000809865
0.000712173
0.000737723
0.000846125
0.000785713
0.000816013
0.000746339
0.00103316
0.00108284
0.00102721
0.00101456
0.00101347
0.00114184
0.00107241
0.000985279
0.000698906
0.000667879
0.00102276
0.000683827
0.000852737
0.000847494
0.000696443
0.000840818
0.00105115
0.000734251
0.000749671
0.000738856
0.000768134
0.000722017
0.000738575
0.000694614
0.000721607
0.000686595
0.000675202
0.000740032
0.000685603
0.000703708
0.000721398
0.000990094
0.0010589
0.000998943
0.00102977
0.00103769
0.0010027
0.00109283
0.00113248
0.000793688
0.000700769
0.000726496
0.000712296
0.000706828
0.000882695
0.000714175
0.00068299
0.000781459
0.000780687
0.000735391
0.00073045
0.000710888
0.000735208
0.000850494
0.000686148
0.000713727
0.000759077
0.000679306
0.000965521
0.00069849
0.000807556
0.000711293
0.000907702
0.00105198
0.00102954
0.00106084
0.00101348
0.000940385
0.00115236
0.000951084
0.000734385
0.00077565
0.000687679
0.000686103
0.000698216
0.000757279
0.000893745
0.000686587
0.000902219
0.000811596
0.000809056
0.000820236
0.000699937
0.00071199
0.000671246
0.000694388
0.000719371
0.000733457
0.000724931
0.000835272
0.000724859
0.000698284
0.000872589
0.000708989
0.00115752
0.00108345
0.00103885
0.000822303
0.00106273
0.00108475
0.0010034
0.00106587
0.000746422
0.000688251
0.000749236
0.000792663
0.000717037
0.000876058
0.000866063
0.000867367
0.000866522
0.000763113
0.000789884
0.000783468
0.000739306
0.000714904
0.000699663
0.000704414
0.00070291
0.000758348
0.00118973
0.000684272
0.000811938
0.000691585
0.00104061
0.00102526
0.000997537
0.00115857
0.0010415
0.00104534
0.000995012
0.00105046
0.000798278
0.000994014
0.000730651
0.000742251
0.000892614
0.000778055
0.000713985
0.000700677
0.000722825
0.00073408
0.000743479
0.000769312
0.000699893
0.000661645
0.000677015
0.000685362
0.000700057
0.000717093
0.000653925
0.000722167
0.00076467
0.000713069
0.000826929
0.00103477
0.00112287
0.00108462
0.00104117
0.00112005
0.00105654
0.000969996
0.000914849
0.000700594
0.000697143
0.000705061
0.00078626
0.000827285
0.000889812
0.000758229
0.00070016
0.000771764
0.000777471
0.000686254
0.00081639
0.000685872
0.000742781
0.000794346
0.000709225
0.000747776
0.000796433
0.000720068
0.000734805
0.000788476
0.000704824
0.000761422
0.000755787
0.00120524
0.00084312
0.000725432
0.000733674
0.000726914
0.000706796
0.000695579
0.000690026
0.000729679
0.000721333
0.000906862
0.000758003
0.000726727
0.000712865
0.000688229
0.000728379
0.000683079
0.000699738
0.00077904
0.000739329
0.000702798
0.000688922
0.000703167
0.000701002
0.000768231
0.000795299
0.000727169
0.000680152
0.000730967
0.000695296
0.000684349
0.00079401
0.000701642
0.000677856
0.000690533
0.000682398
0.000693668
0.000967416
0.000885528
0.000696726
0.000747023
0.000743015
0.000921862
0.00075096
0.000731211
0.000762173
0.000823994
0.000992828
0.000736685
0.000698063
0.000710315
0.000664648
0.000698336
0.000790768
0.000838582
0.000693392
0.000678487
0.000748582
0.000937363
0.000698545
0.000741297
0.0009329
0.000849114
0.000729127
0.000711101
0.000742598
0.000715097
0.000714295
0.00070955
0.000690621
0.000689066
0.000796097
0.000822983
0.00070803
0.000717309
0.000722651
0.000773699
0.000746498
0.000817749
0.00065613
0.000674414
0.000784816
0.000684093
0.000722519
0.000662793
0.000718625
0.000805429
0.000692552
0.000722824
0.000683654
0.000721162
0.000796248
0.000706059
0.000861036
0.000700704
0.000762769
0.000737295
0.00067993
0.00070077
0.000713584
0.000660279
0.000722708
0.000714891
0.000772383
0.000728997
0.000689707
0.000746805
0.000721488
0.000741427
0.000808006
0.000688687
0.000911051
0.000744274
0.000761884
0.000723124
0.00102921
0.000993367
0.000835182
0.000762558
0.00100499
0.000839834
0.000690857
0.000770195
0.00113827
0.000895708
0.000709593
0.000686733
0.000712773
0.000736957
0.000708835
0.000683612
0.000743337
0.000755981
0.000986791
0.00075399
0.000683433
0.000829383
0.00099412
0.00116613
0.000806987
0.000671927
0.000912542
0.00118913
0.000702668
0.000699243
0.00100461
0.000971679
0.000967838
0.00106456
0.000739904
0.000873195
0.000688852
0.000759707
0.000779786
0.00074976
0.000779689
0.000932313
0.000727679
0.000798184
0.000727153
0.000763752
0.00085152
0.000747007
0.000869791
0.000732271
0.000770722
0.000740151
0.000727352
0.000777105
0.000837579
0.00083311
0.00070176
0.000759689
0.000777069
0.000717566
0.000721294
0.000714307
0.000705225
0.000915605
0.000829092
0.000769419
0.000736597
0.000768189
0.000716334
0.000776447
0.000794034
0.000942913
0.000737536
0.000699987
0.000776227
0.000740391
0.000695816
0.000962865
0.000698278
0.00074498
0.000703186
0.000696168
0.000674579
0.000779936
0.000703763
0.000900088
0.000852534
0.00103275
0.000910131
0.00091854
0.000750364
0.00069774
0.00078068
0.00113295
0.000715551
0.000819338
0.00111029
0.000777204
0.00105411
0.000772392
0.000822893
0.000711101
0.000806167
0.000730666
0.000716687
0.000784129
0.000924226
0.000862137
0.000706204
0.00084009
0.000861007
0.000800103
0.000682957
0.00079835
0.00072844
0.000853643
0.000705513
0.000727536
0.000779318
0.00076581
0.000901809
0.000945925
0.000716691
0.000736848
0.000764789
0.00073329
0.000898947
0.000680823
0.000911994
0.00101862
0.000899488
0.000937369
0.000755547
0.000763267
0.000727873
0.000789933
0.000775235
0.000718475
0.000732776
0.000791284
0.000683384
0.000772876
0.000819835
0.000834726
0.000763121
0.000690603
0.000680252
0.000688709
0.000740348
0.000728374
0.000689326
0.000753843
0.000748235
0.00081784
0.000784753
0.000812532
0.000708291
0.00068929
0.000917312
0.000759297
0.000859932
0.000743384
0.000723593
0.000714166
0.000735561
0.00076916
0.000774721
0.000781031
0.000718036
0.000714813
0.000777374
0.000783816
0.000847119
0.000740535
0.000751504
0.00070322
0.000783148
0.000920339
0.000846068
0.00100473
0.000750889
0.000819315
0.000679733
0.000687219
0.000855552
0.000761079
0.000753039
0.000692879
0.000848485
0.000791478
0.000970502
0.000815984
0.00070955
0.000755841
0.000739626
0.000804293
0.000728191
0.000692368
0.000691756
0.000711806
0.000837126
0.00075068
0.000949889
0.000779825
0.000893388
0.000773552
0.00100579
0.000767888
0.000700254
0.000989753
0.000856479
0.000786657
0.00103671
0.000712483
0.000763774
0.000732502
0.000739673
0.000675983
0.000661868
0.000849787
0.000964041
0.000724196
0.000735113
0.000983454
0.000903562
0.000872671
0.000722118
0.000716373
0.000711264
0.000991141
0.000703822
0.000705836
0.000724804
0.000780633
0.000834192
0.000799846
0.000709993
0.00069729
0.000714787
0.000808808
0.000765134
0.000686264
0.000741639
0.000759153
0.000665249
0.00082765
0.000879948
0.00106436
0.000806343
0.00103133
0.000736311
0.00176785
0.000823701
0.000851336
0.000697406
0.000968608
0.000936548
0.000716865
0.00068026
0.000790744
0.000680455
0.000758103
0.000749997
0.000818114
0.000727076
0.000834957
0.000715373
0.000778597
0.000859009
0.00108566
0.000807583
0.000770476
0.000839227
0.000782539
0.000706806
0.000688023
0.000792253
0.000780578
0.000857482
0.000739166
0.00090117
0.000753144
0.000860245
0.00102652
0.00076472
0.000958763
0.000733799
0.000769087
0.00103084
0.00112405
0.000787704
0.00127267
0.00111913
0.00108375
0.00123126
0.00101361
0.000920759
0.000831937
0.000881621
0.000767096
0.000829505
0.000810904
0.000706511
0.000782051
0.000803941
0.000712159
0.000703853
0.000848224
0.000834254
0.000731092
0.000831162
0.000875861
0.000810438
0.000982375
0.00070645
0.000698104
0.000722818
0.000850552
0.000898725
0.000811679
0.000992975
0.000703974
0.000733301
0.000709417
0.000741945
0.00073495
0.000945957
0.000704412
0.000725946
0.000752267
0.000789393
0.000885031
0.000817016
0.000796303
0.000913362
0.000819016
0.00071672
0.000757211
0.000821965
0.000863313
0.000841423
0.000725591
0.000693909
0.000704668
0.000714634
0.00071332
0.000820101
0.00069201
0.000701735
0.000779175
0.000744515
0.000698234
0.000684134
0.000735545
0.000729653
0.000904166
0.000700789
0.000709583
0.000883126
0.000713282
0.000690535
0.000684211
0.000799861
0.000706743
0.000840609
0.000736849
0.000672056
0.000904673
0.000683279
0.000745587
0.000691751
0.000695722
0.000651173
0.000687766
0.000704548
0.000687596
0.000720599
0.000708991
0.000788541
0.000745595
0.00072539
0.000827025
0.000705317
0.000690292
0.000832948
0.000716051
0.000689864
0.000725666
0.000740447
0.000743244
0.000775512
0.000678206
0.000784718
0.000684965
0.000776945
0.000707075
0.000777174
0.000701252
0.000714607
0.000730873
0.000673003
0.000696553
0.000778895
0.000766708
0.000722748
0.000760399
0.000875905
0.000945125
0.000771877
0.00101575
0.00085941
0.000674688
0.000711589
0.000773055
0.000850072
0.000882436
0.000707203
0.000706919
0.000730153
0.000682416
0.00073962
0.000726797
0.00070905
0.000759417
0.000735944
0.000855552
0.00080322
0.00072644
0.000746081
0.000812607
0.00098931
0.00101292
0.000964707
0.000956614
0.000913167
0.00105013
0.000831372
0.000731248
0.000759078
0.000676022
0.000683544
0.0007424
0.000728055
0.000747791
0.000680385
0.000664351
0.000701028
0.000872014
0.000698094
0.000701056
0.00071135
0.00072779
0.000820671
0.000853629
0.000738239
0.000934195
0.000707691
0.000687279
0.000692324
0.000710305
0.000709537
0.00094958
0.00069103
0.000686287
0.000686692
0.000685914
0.000666242
0.000758373
0.000828545
0.000711127
0.000683514
0.000752822
0.000708515
0.000773072
0.00077343
0.000717917
0.000982646
0.000779178
0.000695873
0.000698018
0.000714836
0.000713858
0.000923591
0.000947955
0.000695183
0.000797495
0.000667962
0.000687418
0.000749396
0.000673509
0.00068323
0.000732228
0.000769876
0.000681095
0.000667413
0.000675772
0.000781324
0.000879269
0.000683943
0.000715388
0.000682489
0.000784331
0.000759349
0.000765486
0.000867868
0.000722214
0.000738457
0.000958656
0.00068663
0.000820993
0.000762155
0.000698843
0.000705968
0.000721495
0.000751687
0.000753497
0.000712588
0.000691101
0.000729738
0.000849575
0.000888243
0.000800762
0.000694366
0.000903606
0.00111797
0.00107255
0.000786492
0.000944561
0.000832186
0.000846745
0.00073283
0.000736409
0.00105211
0.000808551
0.000707101
0.000702882
0.000712158
0.000725732
0.000774242
0.00069248
0.000680402
0.000754771
0.000781748
0.00083115
0.000729003
0.000703262
0.000786665
0.000717873
0.000704003
0.000723318
0.000722959
0.000681031
0.000814025
0.000834739
0.000713312
0.000936651
0.000744778
0.00111318
0.000751382
0.000821069
0.000711932
0.000688609
0.000773973
0.000799929
0.000684175
0.000661228
0.00108428
0.000699427
0.000696446
0.000713786
0.00070488
0.000706713
0.00110026
0.000787791
0.000750963
0.000799302
0.000722558
0.000813332
0.000687969
0.000760398
0.000688637
0.000696052
0.000697366
0.000806809
0.000722243
0.000683983
0.000715833
0.000817447
0.000715662
0.000751091
0.000757747
0.000680614
0.000715747
0.000778296
0.000742034
0.000800265
0.000689347
0.000749978
0.000710353
0.00069204
0.000789691
0.000702616
0.000811991
0.000709766
0.00067341
0.00069732
0.000687063
0.000673866
0.000684799
0.000712521
0.000715927
0.000694381
0.000735928
0.000694352
0.000769331
0.000802845
0.000721194
0.000685712
0.000757475
0.00071658
0.000728105
0.000714721
0.0007091
0.000690427
0.000677634
0.000758558
0.000847662
0.000819361
0.000800482
0.000873502
0.000979377
0.000718525
0.00070894
0.000719545
0.000684667
0.000764145
0.000754255
0.000805104
0.00078372
0.000695195
0.000841279
0.000772847
0.000695154
0.000801906
0.000740649
0.000883487
0.000697019
0.000678834
0.000730058
0.000924762
0.000941188
0.000746263
0.000698895
0.000684885
0.000719527
0.000856241
0.000706873
0.000683285
0.000684642
0.000779125
0.000676194
0.000796344
0.000728526
0.000741721
0.000709868
0.000731537
0.00077541
0.000762722
0.000701425
0.000696544
0.000745501
0.000768083
0.000700425
0.000696933
0.00086804
0.000709656
0.000717965
0.000739747
0.000788378
0.000719034
0.000825863
0.00073442
0.000682439
0.000699549
0.000691846
0.000748924
0.000766956
0.0006745
0.000813305
0.000726422
0.000679701
0.000839844
0.000834946
0.000737157
0.000711342
0.00084413
0.000727842
0.000746479
0.000741305
0.000705578
0.000766986
0.000719337
0.000704832
0.000698137
0.000668113
0.000688862
0.000664612
0.000688398
0.000827131
0.000730017
0.000836731
0.000741958
0.000686472
0.00065686
0.000698473
0.000763981
0.000727633
0.000765844
0.000669037
0.00092357
0.000742371
0.000685825
0.000717413
0.000836167
0.000725638
0.000725447
0.000713567
0.000699774
0.000729418
0.000806184
0.000720809
0.000735856
0.000721534
0.000791457
0.000694701
0.00075494
0.000725414
0.000770671
0.000700139
0.00070426
0.000806458
0.000696504
0.000762677
0.000713376
0.00070931
0.000705611
0.000717584
0.000988542
0.00080875
0.00072298
0.000744498
0.000702273
0.00069294
0.000700124
0.00077644
0.000689699
0.000715099
0.000708435
0.000931413
0.000818917
0.000747123
0.000695956
0.000784568
0.00070843
0.0006826
0.000683092
0.000757593
0.000787057
0.000743355
0.000838408
0.000770392
0.000675525
0.000665591
0.000766241
0.000757798
0.00066246
0.000693011
0.000689828
0.000782082
0.000718487
0.000654975
0.000666687
0.000719717
0.000702448
0.000819626
0.000854219
0.000792257
0.000823346
0.000727807
0.000773405
0.000806738
0.000802281
0.000726043
0.000740855
0.000729447
0.000789178
0.00082631
0.000753208
0.000898897
0.00069619
0.000812299
0.000689364
0.000725904
0.000711964
0.000695205
0.000708007
0.00073693
0.000873692
0.000787683
0.00073453
0.000675993
0.000687998
0.000697798
0.000676274
0.000677817
0.000726933
0.000749006
0.000774277
0.000685409
0.000897119
0.000737868
0.000687149
0.00075826
0.000696115
0.000747927
0.000776557
0.000769874
0.000868764
0.000737439
0.000713124
0.000741117
0.000764103
0.000753749
0.000838415
0.000712358
0.000799587
0.000818961
0.000689412
0.000685238
0.000700485
0.000699219
0.000729722
0.000781403
0.00089734
0.000780551
0.000758041
0.000802055
0.000737247
0.000712053
0.000677611
0.000790808
0.000761725
0.000735766
0.000677061
0.000657825
0.00069222
0.000855747
0.000686154
0.000758108
0.000683108
0.000685584
0.000717403
0.000746106
0.00069611
0.000681606
0.000790408
0.000814836
0.000984263
0.00089387
0.000721715
0.000869082
0.000731555
0.000693925
0.000689892
0.000744071
0.000696541
0.000702096
0.000660987
0.000677505
0.000681668
0.000734265
0.000699631
0.000762223
0.000729851
0.000806657
0.000724636
0.000730563
0.000697174
0.00069022
0.000685491
0.000694665
0.00071282
0.000802503
0.000793811
0.00077947
0.00099086
0.000708532
0.000664091
0.000708505
0.00075415
0.000748975
0.000855148
0.000703115
0.000695079
0.000653152
0.000796241
0.000679085
0.000761401
0.000695224
0.000687289
0.000752545
0.000741411
0.000681919
0.000679922
0.00068134
0.000690223
0.000812018
0.000892262
0.000854703
0.000766242
0.00086175
0.000757804
0.00069399
0.000748884
0.000708019
0.000763753
0.000711228
0.000705884
0.000686181
0.000695528
0.000691137
0.000742367
0.000726485
0.000696676
0.000795767
0.000672496
0.000798137
0.000881426
0.000822541
0.000873787
0.000714334
0.000787448
0.000798079
0.000743534
0.00116881
0.000888088
0.000727961
0.000711784
0.000840686
0.00071678
0.000837955
0.00070885
0.000710596
0.000736984
0.000721093
0.000816525
0.000717178
0.000685123
0.000680809
0.000691045
0.000699268
0.00068239
0.000692098
0.000681118
0.000689671
0.000687441
0.000774102
0.000739001
0.000734138
0.000887321
0.00077555
0.000681414
0.000785516
0.000691991
0.000779501
0.000736618
0.000725432
0.000750816
0.000755252
0.000722464
0.000748109
0.000738891
0.000720145
0.000698801
0.000740948
0.000746907
0.000688501
0.000688579
0.000679945
0.000685085
0.000710542
0.000769545
0.00076445
0.000723294
0.000990215
0.000703504
0.000761065
0.000699808
0.000757867
0.000776293
0.000726233
0.000696398
0.000788093
0.000702552
0.000700928
0.000706336
0.000683463
0.000742856
0.000701167
0.000700413
0.000877188
0.00070365
0.00071437
0.000670078
0.000782721
0.000782466
0.000786373
0.000828665
0.000768178
0.000756399
0.000739654
0.000686397
0.0010864
0.000872183
0.000777138
0.000727959
0.000721835
0.000702272
0.000770071
0.000711147
0.000820503
0.000754079
0.000729408
0.000697245
0.000734233
0.000743676
0.000702973
0.000681594
0.00067848
0.00112788
0.0010462
0.000837462
0.000779723
0.000680839
0.000698551
0.000739946
0.000822569
0.000760587
0.000704077
0.000849986
0.000710153
0.000789404
0.000700593
0.000745767
0.000965453
0.000716605
0.000730655
0.000757786
0.000737431
0.000723762
0.000709742
0.000715726
0.00073816
0.000859107
0.00071997
0.000745752
0.000782496
0.000701346
0.000945722
0.000722419
0.000892254
0.000780913
0.000736529
0.000812287
0.00078648
0.000772865
0.000712248
0.000805706
0.000686313
0.000683809
0.000753902
0.000735125
0.000711661
0.000701419
0.00100443
0.000753795
0.000724397
0.000839698
0.000766113
0.000926347
0.000734366
0.000725613
0.000750524
0.000718479
0.000716097
0.00075021
0.000802863
0.00070267
0.000917154
0.000821181
0.000704157
0.000681358
0.000794831
0.00073957
0.000761546
0.000711786
0.000678296
0.000693576
0.00070409
0.000685012
0.000721989
0.00110126
0.000818818
0.000686737
0.000909062
0.00072407
0.000837982
0.000662591
0.000714123
0.000826761
0.000714088
0.000723345
0.000778053
0.000749824
0.000766205
0.000690249
0.000700582
0.000766397
0.0006598
0.000857377
0.000838779
0.000730774
0.000677085
0.000753809
0.000888617
0.00100541
0.000728282
0.000937995
0.00076159
0.000731787
0.000835501
0.00072674
0.000788388
0.000875706
0.00087166
0.000998272
0.000743907
0.00104751
0.000771413
0.000687149
0.000808619
0.000927737
0.0010245
0.000711481
0.000783194
0.000769132
0.000739238
0.000752151
0.000854111
0.000762028
0.000693584
0.000702825
0.000716793
0.000737985
0.000671147
0.000684055
0.000733997
0.000701315
0.000773911
0.000766028
0.000752137
0.000684454
0.000766342
0.000804883
0.000744604
0.00070759
0.000779024
0.000776876
0.000847296
0.000825317
0.000689798
0.00100474
0.000817741
0.000688902
0.000789381
0.000697186
0.000712238
0.000768039
0.000662683
0.000880124
0.000827249
0.000682717
0.000920347
0.000768044
0.000688917
0.000823676
0.000806278
0.000826239
0.000740061
0.000693364
0.000888176
0.000733975
0.000748464
0.000695622
0.000738642
0.000720532
0.000826059
0.000683307
0.000703363
0.000699722
0.000832816
0.000815655
0.000820855
0.000783418
0.000859196
0.000733957
0.000768329
0.000731263
0.000796948
0.00103594
0.000711625
0.000691538
0.000688416
0.000694305
0.000690332
0.000679531
0.000802124
0.000707852
0.000695774
0.000712645
0.000774927
0.000693539
0.000677981
0.000675451
0.00073659
0.000895771
0.000683616
0.000721555
0.00087108
0.000695502
0.000893286
0.000716332
0.00075109
0.000715501
0.000900191
0.000711516
0.000720238
0.00074517
0.000724801
0.000787737
0.000855419
0.000697329
0.000675687
0.000691774
0.00071462
0.000690554
0.00068254
0.000713355
0.000839294
0.000721137
0.000778115
0.000698475
0.000812493
0.000711764
0.000837716
0.000862923
0.000682516
0.000872808
0.000703159
0.000746451
0.000702637
0.000672579
0.000673957
0.000735577
0.000730047
0.00070271
0.000843553
0.000686
0.000682003
0.000782373
0.000688064
0.000718843
0.000824001
0.000761652
0.000727252
0.000780339
0.000703575
0.000737183
0.000691316
0.000708776
0.00075135
0.000742698
0.000712603
0.000749243
0.00070457
0.000708999
0.000690257
0.000707485
0.000729513
0.000795283
0.000741376
0.000700623
0.000687232
0.000722595
0.000715526
0.000780965
0.000759826
0.000733556
0.000709703
0.000667668
0.000710191
0.000714953
0.000763845
0.000700875
0.000884962
0.000782726
0.000711621
0.000717069
0.000718346
0.000758465
0.000670926
0.000748708
0.000824456
0.000724397
0.000719502
0.000766243
0.000722826
0.00075595
0.000693578
0.00072737
0.000747889
0.000830408
0.000698088
0.000728544
0.000690227
0.00075916
0.0007183
0.000716599
0.000741826
0.000687245
0.000706753
0.000709441
0.000742891
0.000713529
0.000708925
0.000704119
0.00075921
0.000767897
0.000742662
0.000825046
0.000769457
0.000708737
0.000724592
0.00068571
0.000684881
0.000718131
0.000786909
0.000734072
0.000705234
0.000696456
0.000724988
0.000687395
0.000841283
0.000750063
0.000842133
0.000697874
0.000808632
0.000778142
0.000766341
0.000662003
0.000745006
0.000749305
0.000829959
0.000743555
0.000783677
0.000741704
0.000711284
0.000744235
0.000870369
0.000702062
0.000754814
0.000772942
0.000708932
0.000709007
0.000729747
0.000681281
0.000698735
0.000747013
0.000668236
0.000715198
0.000664316
0.000691082
0.000801513
0.000802304
0.000746443
0.000690023
0.000685592
0.000702724
0.000709822
0.000691561
0.000824077
0.000723646
0.000744346
0.000686329
0.000731413
0.000728239
0.000893511
0.000756054
0.000916049
0.000759078
0.000691099
0.000708155
0.000715377
0.000679858
0.000713628
0.000690419
0.000799351
0.000732806
0.000749259
0.000674028
0.000679113
0.000677825
0.000712179
0.000788146
0.00077763
0.000695927
0.00071542
0.000701517
0.000684351
0.000821899
0.000676786
0.000740093
0.000714966
0.000713224
0.00069956
0.000687497
0.000690642
0.000740957
0.000701686
0.000947286
0.000810053
0.00084114
0.000948436
0.000683375
0.000706261
0.000758688
0.000745491
0.000716927
0.000686245
0.000681383
0.000657701
0.000686839
0.000705408
0.000690087
0.000677505
0.000680297
0.000691696
0.000799336
0.000691183
0.000686252
0.000709599
0.000766103
0.000709509
0.000760828
0.000713446
0.000763009
0.000822241
0.000778263
0.000692564
0.000761327
0.000688546
0.000723158
0.000708993
0.000748412
0.000705185
0.000683878
0.0007379
0.000681874
0.000694532
0.000730662
0.000751422
0.000701843
0.000737229
0.000769174
0.000708592
0.000682634
0.00083341
0.000700775
0.000851311
0.000711111
0.000688759
0.000821324
0.000731469
0.000703483
0.000688992
0.000696373
0.000745472
0.00074524
0.000797995
0.000806147
0.00083537
0.000701589
0.000694489
0.000702939
0.00072117
0.000686164
0.000810632
0.000894247
0.000704462
0.000691494
0.000675126
0.000730383
0.000698515
0.000746756
0.000738351
0.000797303
0.000770475
0.000762944
0.000724641
0.000719796
0.000830033
0.000693471
0.000916796
0.000735665
0.000667904
0.000823571
0.000726289
0.000737129
0.000675589
0.000676313
0.000695975
0.000749282
0.000784307
0.000722
0.000679162
0.00095014
0.000683331
0.000719797
0.000691713
0.000781157
0.000937825
0.000706261
0.000721611
0.00070712
0.000743165
0.000761043
0.000851213
0.000769645
0.000748171
0.000820449
0.000764229
0.00081071
0.000958004
0.00086318
0.000886381
0.000717992
0.000777071
0.000700392
0.000833313
0.000713994
0.000692314
0.000807346
0.000754709
0.000761149
0.000715375
0.000678501
0.000712238
0.000737573
0.000832643
0.000871439
0.000760323
0.00074384
0.000714273
0.000684709
0.000696656
0.000727589
0.000756789
0.000706496
0.000717363
0.000858068
0.00079058
0.000700001
0.000717255
0.000759185
0.000721416
0.000782533
0.000769356
0.000776006
0.000693432
0.000727294
0.000874582
0.000682709
0.000745321
0.000741495
0.000726712
0.00069504
0.000715412
0.000703563
0.000715388
0.000703292
0.000948448
0.000733655
0.000750148
0.000778898
0.000728685
0.000669429
0.000705077
0.000883422
0.000738864
0.000683757
0.000794068
0.0007143
0.000684243
0.000728157
0.000722304
0.000710311
0.000715411
0.000709058
0.000804914
0.000705451
0.000716279
0.000693721
0.000692778
0.000718799
0.000752405
0.000741916
0.000762637
0.000706149
0.000741152
0.000690383
0.000689849
0.000713055
0.000788351
0.000715588
0.000915166
0.000833699
0.000720253
0.000679975
0.000707389
0.000805584
0.000872269
0.000804672
0.000700261
0.00073499
0.00070821
0.000794627
0.000706963
0.000705581
0.000826444
0.000812638
0.000697285
0.000760177
0.000706392
0.000800699
0.000823818
0.000721334
0.000845309
0.000720261
0.000736496
0.00073808
0.000798454
0.000686629
0.00068175
0.000883111
0.000811083
0.00070623
0.000848307
0.000898415
0.000709424
0.000719732
0.000721011
0.000694783
0.000783383
0.000753633
0.000739305
0.000663816
0.000708866
0.000787773
0.000802465
0.00072998
0.00077824
0.00074035
0.000707193
0.000742651
0.000757484
0.000719948
0.000687136
0.000720364
0.00102937
0.000712868
0.00073628
0.00083709
0.000692966
0.000800564
0.000701175
0.000688386
0.000694611
0.00069806
0.000691122
0.000824763
0.000662813
0.000690185
0.000796411
0.000723513
0.000857459
0.000854462
0.000679575
0.00107167
0.000810869
0.000677871
0.000725267
0.00072402
0.000826015
0.000768306
0.000771483
0.000802538
0.000663455
0.000694137
0.000690666
0.000720756
0.000728758
0.000795057
0.000757107
0.000689444
0.000684946
0.000722986
0.000780814
0.000730878
0.00078819
0.000762992
0.000969149
0.000972148
0.000989898
0.000999444
0.000828733
0.000696026
0.000816939
0.00122221
0.000967758
0.000921538
0.000872331
0.000730601
0.000734476
0.000793332
0.000847633
0.000697145
0.00103432
0.000787002
0.000724835
0.000832523
0.000676866
0.00080832
0.000794726
0.000696619
0.000731292
0.000694755
0.000767905
0.000786231
0.000752495
0.000725036
0.000874078
0.000690829
0.000674592
0.000771175
0.000721651
0.000692591
0.000707004
0.000730715
0.000692079
0.000913955
0.00091138
0.000825758
0.00074184
0.000809417
0.000876157
0.000809372
0.000728845
0.000709329
0.00074285
0.00076625
0.000881612
0.000698707
0.000702693
0.000698151
0.000679598
0.000720247
0.000689626
0.000778805
0.000705894
0.000808766
0.000736468
0.000922388
0.000772285
0.00104379
0.00112051
0.000853133
0.000728462
0.00109645
0.000707471
0.000960368
0.000745083
0.000778138
0.0011513
0.00103317
0.00110154
0.000915784
0.000996362
0.000727346
0.000848773
0.000722558
0.000722766
0.00094181
0.000899625
0.000856294
0.000725498
0.00093506
0.000707923
0.000784585
0.000724986
0.000694037
0.000686359
0.000710318
0.000796644
0.000783289
0.000825547
0.000696748
0.000724106
0.00092398
0.000736618
0.000966678
0.000999717
0.000785987
0.000671428
0.00103463
0.000869042
0.000958175
0.000896799
0.000752929
0.000832519
0.00090507
0.000710813
0.00073262
0.000733302
0.0008947
0.000889475
0.000707149
0.000888627
0.000688114
0.000705197
0.000763625
0.000681995
0.000845273
0.000977187
0.000712475
0.000766642
0.00100338
0.00114679
0.000908462
0.0008058
0.000821914
0.00101248
0.00076269
0.000814806
0.0007401
0.000716169
0.000780334
0.000765295
0.000700388
0.000725608
0.000705648
0.000698995
0.000673042
0.000719603
0.000695743
0.000676254
0.000670929
0.000682651
0.000742445
0.000820632
0.000708182
0.000760714
0.000712808
0.000736843
0.000786999
0.000749393
0.000683188
0.000713486
0.000675354
0.000736756
0.00089148
0.000706532
0.000863967
0.00071179
0.000710095
0.000708255
0.000761882
0.000672895
0.00084405
0.00072029
0.000720147
0.000716401
0.000865784
0.000694814
0.00112971
0.000700964
0.000866437
0.000765378
0.000703274
0.00076584
0.000792794
0.000737059
0.000753173
0.000808494
0.000735377
0.000819242
0.000776085
0.00071578
0.000720612
0.000667406
0.000695389
0.000762535
0.000750799
0.000762058
0.000717063
0.000931711
0.000898821
0.000750771
0.000796602
0.000763146
0.000744279
0.000784318
0.000799602
0.000791027
0.000699721
0.000690777
0.000677804
0.000681492
0.000735544
0.00074746
0.000731744
0.000713415
0.000756047
0.000701332
0.000679501
0.000689246
0.0007502
0.000696513
0.000765871
0.000771449
0.000825508
0.000827512
0.000710091
0.00069891
0.000802248
0.000821224
0.000886275
0.000842075
0.000762215
0.000738191
0.000687325
0.000720755
0.000839954
0.00093443
0.000732598
0.000764929
0.000762125
0.000866007
0.000843371
0.000773694
0.000700648
0.000683591
0.000714328
0.000834704
0.000701891
0.000742182
0.00070995
0.00113875
0.00098721
0.000766936
0.000967045
0.000843591
0.000701066
0.000842317
0.000839418
0.000727325
0.000692658
0.000705682
0.000911636
0.000675221
0.00070859
0.000726511
0.000856554
0.000676321
0.000684481
0.000693857
0.000736688
0.000742602
0.000837078
0.000797896
0.000751825
0.000841846
0.000851431
0.000736705
0.000831992
0.000690321
0.000706251
0.000755763
0.000897761
0.000734729
0.000744593
0.000747138
0.000771391
0.00070558
0.000690835
0.00078858
0.000679314
0.000699112
0.000687397
0.000793621
0.000811284
0.000690166
0.000746697
0.000720225
0.000945383
0.000795943
0.00084718
0.000809293
0.0008112
0.000680367
0.000722584
0.000699094
0.000824943
0.000768534
0.000732592
0.000692908
0.000689418
0.000699481
0.000727602
0.000766038
0.000709841
0.00073214
0.000709904
0.000691082
0.000727676
0.000714351
0.000714783
0.000699401
0.000836768
0.000695591
0.000751598
0.000759385
0.000748495
0.000802149
0.000663277
0.000704456
0.000767533
0.000782509
0.000765849
0.000761075
0.00072615
0.00075112
0.000703143
0.000711572
0.00114468
0.000719056
0.000683779
0.000696312
0.00114518
0.00114539
0.000880068
0.000768144
0.000945983
0.000967701
0.00103823
0.000890974
0.000695653
0.000839252
0.000848523
0.00107413
0.0010847
0.000935751
0.000778164
0.000767229
0.000886501
0.000728229
0.000947867
0.000721563
0.000985165
0.000787552
0.000698091
0.000781643
0.000688085
0.000760087
0.000812786
0.000763706
0.000767526
0.000706173
0.000747221
0.000725271
0.000881295
0.000775211
0.000737946
0.000789974
0.00071949
0.000701582
0.000766356
0.000731296
0.000683887
0.000720361
0.000800583
0.000697552
0.000700637
0.000761939
0.000707344
0.000866715
0.000668245
0.000684752
0.000737018
0.000777623
0.000675595
0.000740945
0.000658902
0.000696263
0.000681621
0.00107717
0.000756144
0.000728238
0.000696384
0.000740341
0.000728311
0.00071257
0.000772142
0.000744351
0.000688966
0.000870425
0.000708051
0.000920032
0.000721764
0.000706807
0.000695576
0.000723025
0.000741305
0.000876489
0.000794354
0.000727219
0.000743118
0.00078304
0.000676362
0.000740601
0.000716156
0.000719885
0.000776902
0.000684967
0.0007827
0.000729879
0.000689344
0.000697149
0.000690573
0.000759944
0.000697494
0.000826076
0.000695884
0.000706456
0.00069486
0.000713337
0.00074974
0.000673674
0.000865118
0.000711272
0.000889619
0.000717777
0.000771358
0.000709817
0.000839885
0.000716975
0.000710778
0.00072773
0.000686439
0.000715638
0.000740251
0.000696707
0.000695368
0.000697663
0.000697122
0.000749572
0.000818869
0.000690643
0.000718882
0.000689602
0.000777965
0.00072503
0.000757183
0.000803565
0.000706175
0.00098973
0.000962765
0.000833343
0.000700494
0.000695324
0.000742824
0.0006985
0.0006809
0.00102631
0.000676902
0.000693159
0.000804609
0.000805885
0.000736887
0.000753119
0.000892303
0.000695886
0.000710067
0.000763736
0.000788404
0.000717365
0.00075006
0.000923904
0.000805793
0.000880169
0.000942643
0.000733098
0.000823422
0.000689563
0.000786372
0.000715121
0.000731667
0.000732656
0.000729801
0.000710985
0.000698155
0.000692644
0.000766873
0.000857342
0.000760928
0.000816619
0.000819313
0.000702617
0.000731206
0.000717352
0.000711304
0.000790541
0.000672898
0.000840901
0.0006588
0.000662615
0.000890857
0.000718481
0.000807803
0.000979601
0.000708094
0.000770511
0.000951797
0.00073301
0.000786885
0.000759528
0.000712161
0.000917106
0.000700542
0.000747726
0.000704445
0.000695862
0.00072733
0.000702568
0.000952658
0.000889682
0.000809654
0.000966858
0.000731011
0.000726239
0.000732755
0.000788489
0.000715609
0.000712966
0.000762093
0.000707313
0.000689403
0.00068667
0.0007109
0.000887669
0.000827726
0.000935187
0.000700686
0.000761823
0.000740019
0.000712383
0.000731757
0.000691665
0.00102223
0.000893387
0.000965296
0.000924684
0.000849507
0.00075217
0.000714967
0.00113233
0.000768504
0.000691552
0.00072257
0.000674986
0.000733009
0.000866714
0.000806442
0.000806748
0.000694452
0.000690073
0.000897729
0.000717139
0.000831092
0.000701487
0.000704001
0.000703624
0.00075307
0.000734456
0.000801097
0.0011124
0.000887675
0.000696893
0.000721724
0.000948105
0.000746597
0.000979516
0.000741772
0.000751942
0.000730336
0.000708464
0.000685748
0.00099423
0.000727335
0.00100136
0.000725503
0.000693356
0.000705386
0.000703286
0.000694614
0.00074214
0.000782984
0.000887314
0.00085667
0.00116628
0.000816871
0.000697158
0.000698334
0.00083732
0.000885363
0.000773639
0.000697593
0.000751259
0.000806118
0.000706903
0.00072073
0.000723057
0.000714493
0.000748808
0.000801062
0.000767934
0.000695387
0.000758438
0.000731513
0.000837787
0.000873616
0.000736802
0.000936094
0.000869226
0.000681405
0.000685765
0.000750161
0.000713532
0.000901701
0.000673611
0.000714261
0.000690576
0.000690869
0.000765554
0.000823311
0.00078313
0.000791734
0.000767782
0.00068493
0.000716217
0.000708375
0.000817073
0.000719833
0.000747484
0.000884458
0.000834552
0.00095747
0.000777752
0.000708002
0.000696928
0.000712915
0.000724736
0.000841126
0.000834875
0.000719545
0.000717127
0.000878192
0.000978234
0.00104033
0.000949012
0.000757654
0.000716802
0.000684378
0.00071911
0.00068518
0.000691775
0.000749808
0.000900154
0.00080255
0.000775915
0.000714021
0.000787424
0.000681103
0.000811699
0.000871138
0.000694261
0.000771874
0.000708381
0.000748277
0.000733482
0.000680943
0.000733642
0.000724448
0.000708589
0.0007822
0.000720717
0.00069116
0.000704375
0.000902906
0.00069556
0.000801788
0.000741453
0.000779763
0.000860843
0.00107332
0.000780605
0.000690191
0.000765793
0.000748364
0.000693632
0.000728701
0.000700295
0.00075858
0.00077011
0.000752672
0.000681223
0.000720778
0.000708144
0.000730235
0.000757054
0.000748717
0.00073524
0.000697259
0.000774675
0.000682545
0.000683921
0.000824178
0.000946705
0.000843666
0.000824267
0.000689742
0.000719516
0.000794002
0.000693564
0.000741501
0.000795965
0.0007128
0.000742564
0.00072937
0.000681135
0.000693518
0.000812701
0.00070901
0.000826449
0.000771764
0.000722572
0.000830406
0.00068468
0.000724638
0.000774725
0.000721083
0.000775318
0.000693798
0.000692837
0.000788362
0.000684157
0.000697103
0.000766087
0.00078174
0.000688703
0.000795848
0.000737965
0.000721582
0.00073711
0.000708127
0.000683664
0.00080472
0.000778458
0.000747946
0.000735287
0.000809388
0.000767935
0.00069481
0.000711946
0.000807631
0.000772147
0.000923504
0.000773672
0.000689393
0.000700815
0.000695239
0.000670462
0.000719832
0.000713328
0.000669273
0.000701321
0.000810787
0.00072545
0.000898388
0.000702732
0.000685297
0.00074382
0.000972665
0.000728082
0.000688188
0.000689478
0.000808129
0.000693212
0.000731303
0.00072633
0.000915673
0.000713734
0.000675523
0.000720307
0.000695338
0.000706143
0.000770776
0.000725671
0.000822287
0.000865504
0.000744834
0.000748738
0.000849647
0.000767707
0.000717311
0.00079805
0.000708843
0.000707733
0.000755979
0.000755193
0.000717355
0.000912071
0.000753959
0.000893538
0.000870136
0.000740692
0.000675095
0.000714243
0.000781505
0.000732472
0.000795347
0.000707125
0.000803953
0.000802081
0.000737782
0.000932473
0.00089513
0.000848827
0.000736563
0.00109622
0.000739343
0.000670402
0.000788398
0.000805301
0.000789005
0.000739197
0.00069618
0.000695314
0.000789634
0.000706768
0.000688952
0.000676175
0.000692342
0.000768645
0.000847658
0.000663305
0.000731346
0.000692397
0.000684203
0.000852398
0.000744785
0.000726845
0.000831597
0.000730337
0.000693473
0.000693829
0.000701458
0.000765814
0.000759633
0.000720088
0.000689042
0.000749173
0.000711504
0.000688641
0.000746619
0.000721811
0.00068892
0.000798445
0.000848908
0.000664393
0.000704192
0.000717716
0.000679849
0.000744032
0.000904684
0.000777135
0.000830994
0.000754802
0.000770993
0.00071622
0.00072263
0.000676548
0.000693895
0.000810771
0.00068582
0.000792425
0.000731405
0.000710073
0.000819194
0.000934312
0.000696782
0.000748783
0.000706423
0.000677141
0.000824215
0.000711935
0.000697197
0.000691595
0.000737458
0.000773197
0.000850244
0.000780666
0.000694333
0.000697015
0.000716544
0.000741214
0.000723578
0.000740397
0.000728205
0.000780247
0.00069463
0.000705805
0.000707138
0.000727749
0.000786589
0.000716395
0.000891224
0.000691565
0.000763087
0.00067621
0.000702884
0.000740282
0.000737881
0.000782877
0.000695417
0.000774353
0.000753819
0.000747287
0.000674961
0.000716984
0.000747396
0.000699384
0.000752455
0.000673779
0.000695612
0.000752756
0.000731529
0.000727391
0.000934679
0.000763815
0.000776572
0.000873661
0.000675804
0.000699468
0.000707853
0.000785305
0.000750425
0.000825641
0.000773376
0.000859626
0.000722857
0.00069372
0.000738768
0.000834528
0.000791044
0.000744812
0.00070835
0.000675836
0.000719142
0.000709611
0.000784931
0.000725676
0.000676438
0.000783086
0.000766492
0.000833027
0.000711069
0.000743568
0.000740583
0.000694401
0.00077467
0.000957431
0.000713692
0.000689489
0.000720122
0.000730036
0.000695904
0.000694246
0.000690898
0.000709356
0.000732334
0.000686082
0.000777014
0.000676411
0.00070414
0.000688918
0.000774654
0.000746843
0.000950521
0.000722774
0.000687952
0.000696535
0.00070082
0.000703786
0.000700379
0.000762311
0.000759029
0.000708135
0.000762569
0.000828649
0.00074802
0.000706615
0.000708462
0.000685558
0.000714191
0.000756865
0.000708437
0.000723236
0.000749713
0.000681158
0.000668021
0.000659174
0.000751415
0.000684937
0.000726665
0.000673551
0.000688552
0.000672739
0.000743663
0.000700052
0.000700991
0.000879682
0.000745023
0.000688356
0.000797124
0.000735787
0.000732375
0.000688
0.000682426
0.000761806
0.000750865
0.00071145
0.000785416
0.000688299
0.000666768
0.000696581
0.000700201
0.000726557
0.000993957
0.000796616
0.000751051
0.000709936
0.000687313
0.000702303
0.000708298
0.000810414
0.000853369
0.000822612
0.000780012
0.000838344
0.000774658
0.000685394
0.000715597
0.000786141
0.00095079
0.000796705
0.000711917
0.000793452
0.000679858
0.000695075
0.000699528
0.000768699
0.000838598
0.000792689
0.000683381
0.000708121
0.000699883
0.000684846
0.000714804
0.000685324
0.000796758
0.000753334
0.000686707
0.000877071
0.000755629
0.000705201
0.000712986
0.000683279
0.000863923
0.000701979
0.000685072
0.000768034
0.000720418
0.000713968
0.000677525
0.000690108
0.000730355
0.00072808
0.000825714
0.00068879
0.000761483
0.000720908
0.000680917
0.000773688
0.000783448
0.000771398
0.000737971
0.000694316
0.000758344
0.000776596
0.00070792
0.000712664
0.000714085
0.00080039
0.00071647
0.000689262
0.000693217
0.00070675
0.000769117
0.000688984
0.000689595
0.000696779
0.000702459
0.000784736
0.00079527
0.000675826
0.000688245
0.000690792
0.000714849
0.000732546
0.000801815
0.000727343
0.000734174
0.000767381
0.000769909
0.000694148
0.000682704
0.000868043
0.000691186
0.000800108
0.000740916
0.000694111
0.000741876
0.00070143
0.000740256
0.000765996
0.000698398
0.000689636
0.000737152
0.000797365
0.000667636
0.000680862
0.000783579
0.000791719
0.000798882
0.000931978
0.000787819
0.000676821
0.000819522
0.000795366
0.000699653
0.000658005
0.000676884
0.00077738
0.000793132
0.000724578
0.000823373
0.000732489
0.000684408
0.000678733
0.000688151
0.000714587
0.000704145
0.00085816
0.000759483
0.000712328
0.00072466
0.000707368
0.000719416
0.000750556
0.000705684
0.000718945
0.000801275
0.00101888
0.000878875
0.000702317
0.000940147
0.000971863
0.000788237
0.000934938
0.00075736
0.000789439
0.000727056
0.00070736
0.000710972
0.000909157
0.000733157
0.000863365
0.000723879
0.000706293
0.000801205
0.000861292
0.000697406
0.000752341
0.000729228
0.000770416
0.000823055
0.000823391
0.000739251
0.000941993
0.000783061
0.000726594
0.000951849
0.000793482
0.000727318
0.000759281
0.000738261
0.000737133
0.000728846
0.000787922
0.000741621
0.000793452
0.000788084
0.000779196
0.000681319
0.000832033
0.000819822
0.000691526
0.000948256
0.000802771
0.000769207
0.000698967
0.000699567
0.000701467
0.000692739
0.00080244
0.000738411
0.000721111
0.000829148
0.000726544
0.000695605
0.000718695
0.000845871
0.000675782
0.000782916
0.000743742
0.000750024
0.000748499
0.000703174
0.000709855
0.00071276
0.000699689
0.000866083
0.000723564
0.000802737
0.000686579
0.000703703
0.000691909
0.000810988
0.000717533
0.000671511
0.000700027
0.000700243
0.000755925
0.000680308
0.000699146
0.000707198
0.000799501
0.000713782
0.000730095
0.000692742
0.000837882
0.000782669
0.000790512
0.0010234
0.000755207
0.000767072
0.000731088
0.000706616
0.000687491
0.000801729
0.000698186
0.000741846
0.000696199
0.000658451
0.000697864
0.000715766
0.000704017
0.000792713
0.00132187
0.000763906
0.00109243
0.00101398
0.00073634
0.0008734
0.000744534
0.000733665
0.000802045
0.000698905
0.000777879
0.000697352
0.000710064
0.000675962
0.00085926
0.000837837
0.000807949
0.000819193
0.000702719
0.000688275
0.000741709
0.000703024
0.000772514
0.000692208
0.000773351
0.000724719
0.000706132
0.000684842
0.000718461
0.000702622
0.000985867
0.000779863
0.000800552
0.000662258
0.000792296
0.000681691
0.00067249
0.00071299
0.000694283
0.000811859
0.000728533
0.00100459
0.000677547
0.000805707
0.000745507
0.000829669
0.000684675
0.000705868
0.000815214
0.000851648
0.00071104
0.000678421
0.000700883
0.000856012
0.00082551
0.000788153
0.000764032
0.000691253
0.000728993
0.000760797
0.00081456
0.000721772
0.000681425
0.000785798
0.000858873
0.000726072
0.000766831
0.000729494
0.000756008
0.000815452
0.00070708
0.00068487
0.000691286
0.000685873
0.000743856
0.000732404
0.000839363
0.000695408
0.000801448
0.000759804
0.000751239
0.000775739
0.000708976
0.000689338
0.000701397
0.000785618
0.00072134
0.00073345
0.000703089
0.00077876
0.000711774
0.00100385
0.000836198
0.000695206
0.000677822
0.000668583
0.00069614
0.000665601
0.000738778
0.0007228
0.0006905
0.000675051
0.000733518
0.00075896
0.000893539
0.000841347
0.000724577
0.000854687
0.000814322
0.000799588
0.000712714
0.000720148
0.000701404
0.000681897
0.000696051
0.000796405
0.000774474
0.000742522
0.000688854
0.000740284
0.000732653
0.000724492
0.000704477
0.00176234
0.000770221
0.000716337
0.000802942
0.000916526
0.000705256
0.000691955
0.000750821
0.000705644
0.000711896
0.000737641
0.000774323
0.000739774
0.000682293
0.000665884
0.000739134
0.00077672
0.000731541
0.000690366
0.000683827
0.000691109
0.000660894
0.000758932
0.000957452
0.000728672
0.000741175
0.000694356
0.00095742
0.000957107
0.00094551
0.000730983
0.000764983
0.000694539
0.000773013
0.000683691
0.000717227
0.000663564
0.000705477
0.000785026
0.000694174
0.000724137
0.000847571
0.000747648
0.000708546
0.00084544
0.00106611
0.00098944
0.000706316
0.000705384
0.000700727
0.000797534
0.000745492
0.000894729
0.000928606
0.000892619
0.000804775
0.000717138
0.00104495
0.00089985
0.000747328
0.000684781
0.000778358
0.000792997
0.000894346
0.000763046
0.000697127
0.000741468
0.000688294
0.000707655
0.000751184
0.000689131
0.000688387
0.000714877
0.000685398
0.000766193
0.000762218
0.000689291
0.00084135
0.000697613
0.000747411
0.000864218
0.000742162
0.000689681
0.000684974
0.000723872
0.00073352
0.000786238
0.000820159
0.000695857
0.000837337
0.000705053
0.000677862
0.000682199
0.00070542
0.000704633
0.000775274
0.000689778
0.000741165
0.000766523
0.000821567
0.000750254
0.000763856
0.000688984
0.000763883
0.000797155
0.000829747
0.000698634
0.000718455
0.000729242
0.000709206
0.000835149
0.000719624
0.000772385
0.000699036
0.00078324
0.000698961
0.000688045
0.000841943
0.000853359
0.000691131
0.000742608
0.000700126
0.000786476
0.000715234
0.000839134
0.000781817
0.000797616
0.000706968
0.000713804
0.000770205
0.000702651
0.000665698
0.000890608
0.000908275
0.000817076
0.00098914
0.000703167
0.000717461
0.000764894
0.00102916
0.000804397
0.000852566
0.000728161
0.00069791
0.000857519
0.000878699
0.00108294
0.000786758
0.00111168
0.000751602
0.000865912
0.001026
0.000701326
0.000736247
0.000888468
0.000863728
0.00090996
0.000730197
0.000727019
0.000693583
0.000687954
0.000851332
0.000840417
0.000867719
0.000739997
0.000807413
0.000924724
0.000774777
0.00071687
0.000687384
0.000764754
0.000861308
0.000726727
0.000740406
0.000842783
0.00069075
0.00069473
0.000799885
0.000696091
0.000934119
0.000687597
0.000695948
0.000661198
0.000691287
0.000715935
0.0008176
0.000715745
0.000728206
0.000703851
0.000692976
0.000729572
0.000903531
0.000854086
0.00101274
0.00080299
0.000853033
0.000692064
0.000726654
0.000853426
0.000730928
0.000687449
0.000711929
0.000754886
0.000802804
0.000710497
0.000700277
0.000761947
0.000686074
0.000889059
0.000773669
0.000679908
0.000666338
0.000770372
0.000745362
0.000739597
0.000694968
0.000932825
0.000700861
0.00092925
0.000726945
0.000715308
0.000707753
0.000732784
0.000805854
0.000717865
0.000692018
0.000750095
0.000695464
0.000709618
0.000707895
0.000668143
0.000682873
0.000694844
0.000689107
0.00070985
0.000677266
0.00067182
0.000669201
0.000807618
0.000728803
0.000887842
0.000805846
0.000707377
0.00071857
0.000821207
0.000739468
0.000717644
0.000717615
0.000707386
0.000678057
0.000664781
0.000903592
0.000819462
0.000718279
0.000704049
0.0007414
0.000690168
0.000664611
0.000848743
0.000744111
0.000696739
0.000694642
0.000693734
0.000700635
0.000714795
0.000737121
0.000778512
0.000760707
0.000751713
0.000771766
0.000764114
0.00101559
0.000763353
0.000763205
0.000718167
0.000783617
0.000680592
0.000678849
0.000679198
0.000706947
0.000692109
0.000706858
0.000770775
0.000713128
0.000722891
0.000669932
0.000706127
0.000929297
0.000821377
0.000776096
0.000683648
0.000683593
0.000784564
0.000716139
0.000728478
0.000710869
0.000731127
0.000698525
0.000702888
0.000676127
0.000938895
0.000866368
0.000737488
0.000801655
0.000699427
0.000705156
0.000676033
0.000704174
0.000703205
0.000683544
0.000722441
0.000700571
0.000696639
0.000704541
0.00086809
0.00080185
0.000793367
0.000699875
0.000791519
0.000732531
0.000691149
0.000734015
0.000728102
0.000695539
0.000761586
0.000793396
0.000766587
0.000728573
0.000695784
0.000687588
0.000750963
0.00068112
0.000746158
0.000721465
0.000715356
0.000702517
0.000691739
0.000686675
0.000803072
0.000696974
0.00071476
0.000685894
0.000741605
0.00123657
0.00101241
0.000847904
0.000881344
0.000695222
0.000751009
0.00122036
0.000990723
0.000727905
0.000822866
0.000700841
0.000687107
0.000792637
0.000846425
0.000918343
0.000792251
0.000758759
0.000682483
0.000790129
0.000711341
0.000707851
0.000830338
0.0010665
0.000728756
0.000765449
0.000719712
0.000771082
0.00104357
0.001029
0.000952844
0.000699265
0.000670955
0.000956904
0.000776099
0.000758648
0.000678236
0.00115848
0.000702607
0.000813215
0.00068625
0.00068183
0.000734924
0.000699427
0.000755627
0.0008407
0.000789279
0.000739958
0.000835599
0.000883162
0.000711173
0.000802054
0.000933092
0.000739845
0.000668484
0.00077433
0.00071154
0.00068328
0.00070266
0.000695262
0.000693941
0.000808377
0.000762071
0.000726047
0.000778454
0.0010627
0.000688601
0.000768879
0.000951166
0.000850958
0.000688882
0.000828797
0.000787873
0.000711993
0.000726007
0.000980257
0.000735314
0.000810114
0.000695523
0.000704353
0.000705561
0.000685924
0.000703349
0.000811996
0.000754846
0.000844903
0.000794042
0.000698876
0.000721058
0.000690252
0.000726842
0.000762863
0.00211975
0.000758392
0.000962931
0.000771067
0.000713949
0.000678572
0.000857153
0.000687327
0.000729274
0.000748886
0.000691254
0.000674326
0.000728837
0.000712037
0.000739274
0.000764678
0.000709976
0.000760047
0.000681287
0.000741461
0.000763819
0.000746523
0.000819808
0.00115201
0.000852806
0.000769549
0.000762439
0.00081057
0.000715806
0.000816298
0.000802988
0.000742029
0.000848531
0.000701061
0.000717954
0.000693252
0.000770168
0.000648774
0.00080403
0.000818798
0.000954543
0.000692037
0.000716629
0.00067744
0.000728813
0.000740518
0.000708711
0.00103243
0.00072758
0.000716292
0.000720415
0.000820609
0.000732845
0.000761589
0.000757213
0.000793313
0.000719394
0.000714426
0.000713544
0.000700257
0.000668535
0.000691439
0.000720199
0.000779885
0.000792486
0.00079789
0.000709447
0.000712237
0.000739847
0.000679587
0.000753536
0.00100845
0.000713397
0.00111088
0.00128481
0.000865398
0.000840079
0.000767156
0.000977758
0.000733192
0.000743581
0.000738699
0.000780262
0.00088973
0.000750895
0.000905556
0.000876042
0.000699164
0.000794431
0.000727734
0.00081304
0.000788961
0.000759623
0.00111516
0.000708171
0.00107717
0.000749393
0.00070643
0.000728864
0.00120195
0.000807438
0.000778216
0.000719387
0.000684305
0.000677327
0.000679462
0.00074479
0.00072904
0.00077862
0.000837158
0.000762937
0.000811785
0.00070267
0.000702427
0.000723058
0.000743133
0.000801483
0.000962743
0.000861287
0.00104629
0.000689901
0.000721898
0.000692453
0.00118733
0.000703904
0.000770375
0.000687266
0.000672328
0.000707373
0.000714483
0.00083522
0.000672952
0.00107339
0.000730478
0.000805767
0.000682944
0.000722845
0.000688267
0.000742294
0.000707819
0.0008187
0.000855028
0.000727883
0.000765469
0.000737255
0.000832651
0.000756979
0.000968177
0.000767545
0.000683658
0.000702664
0.000707983
0.000725298
0.000840287
0.000728785
0.000787579
0.00083605
0.000731309
0.000684281
0.000674724
0.000698487
