132.913
135.503
130.591
131.666
133.146
131.446
138.46
149.965
130.084
131.337
131.015
155.659
155.822
151.872
153.594
231.683
163.635
146.47
157.409
141.899
144.469
142.811
148.128
157.76
139.256
132.356
129.72
152.058
151.613
152.831
153.463
152.807
155.584
147.706
155.913
147.966
160.339
153.603
144.563
154.016
151.963
146.309
156.707
135.99
134.497
157.79
134.361
128.487
134.876
129.796
134.212
133.524
132.891
133.609
154.649
133.353
132.069
130.184
131.535
132.024
129.039
137.515
131.697
131.041
130.141
131.864
133.597
133.126
131.984
128.219
131.128
131.507
131.622
130.3
129.243
132.1
130.508
129.044
132.556
134.216
131.221
133.802
132.155
132.643
129.892
132.78
132.44
138.104
131.932
132.616
130.622
130.78
132.727
132.558
137.256
133.552
132.816
136.794
134.962
129.496
