0.013628
0.013658
0.0146233
0.0142008
0.0139948
0.0138709
0.0146729
0.0149702
0.0192866
0.0174718
0.0154397
0.016024
0.0158213
0.0167112
0.0144782
0.0140322
0.0142214
0.014327
0.015207
0.0134702
0.0138707
0.0155678
0.0145627
0.0143009
0.0139639
0.0146413
0.0141121
0.0139549
0.0152749
0.0143986
0.0142731
0.014106
0.0146114
0.0146859
0.0152967
0.0140961
0.0149822
0.0141924
0.0143158
0.0138894
0.0146173
0.014143
0.0142239
0.014448
0.0136833
0.0139725
0.0132542
0.0138288
0.0135621
0.0144975
0.0138457
0.0142843
0.0146521
0.0135055
0.0135487
0.0136352
0.0140695
0.0140787
0.0138264
0.0139875
0.0131656
0.0142655
0.0138217
0.0141752
0.0135659
0.014407
0.0163801
0.0132942
0.0141762
0.013369
0.0143501
0.0143069
0.0147157
0.0204526
0.0158227
0.0160279
0.0149305
0.0160831
0.0135336
0.0138519
0.0130346
0.0139849
0.0142993
0.0140269
0.0137181
0.0137897
0.0148545
0.0136818
0.0139936
0.0141951
0.0135117
0.0145489
0.0133263
0.0144458
0.0137975
0.0145907
0.0139786
0.0137259
0.0151892
0.013311
0.0144777
0.0144929
0.0138489
0.0139808
0.0136571
0.013847
0.013254
0.0145255
0.0135317
0.0137271
0.0143873
0.0132662
0.0141456
0.0135396
0.0149018
0.0142742
0.0149199
0.0145657
0.0139111
0.0137551
0.0140685
0.0140221
0.0140925
0.0144465
0.0133305
0.0152349
0.0142273
0.0138049
0.0143943
0.0138074
0.0143155
0.0140603
0.0142883
0.0134726
0.017658
0.0137178
0.0138505
0.0138622
0.0138818
0.013841
0.0136096
0.0140157
0.0136114
0.0137774
0.0140908
0.0139439
0.0135855
0.0139493
0.0136999
0.0135963
0.01419
0.0135082
0.0134628
0.0136971
0.0136767
0.0133943
0.0133989
0.0137899
0.0141545
0.0141176
0.0141417
0.0133827
0.0142331
0.0132118
0.0137889
0.0139232
0.0144308
0.0138409
0.0137157
0.0140422
0.0141322
0.0143849
0.0139653
0.01475
0.0140528
0.0136724
0.0139232
0.013205
0.0140556
0.0140565
0.015373
0.0152467
0.0144509
0.0153537
0.014027
0.0155443
0.0136838
0.0146189
0.0138869
0.0134986
0.0140476
0.013169
0.0139244
0.0134496
0.0150585
0.0138177
0.0135905
0.0139555
0.013031
0.0139433
0.0132812
0.0137167
0.0141506
0.0135415
0.0144755
0.0131773
0.0137863
0.0137554
0.0135974
0.0142394
0.0132817
0.0156186
0.0137081
0.0146625
0.0142356
0.0135732
0.0144589
0.0131127
0.0148219
0.0138442
0.0141437
0.0137048
0.0132531
0.014548
0.0136171
0.0142718
0.0134896
0.0137503
0.0143185
0.0132396
0.0142569
0.0132554
0.0143559
0.0140105
0.0138847
0.0148205
0.0133636
0.0144046
0.0137143
0.0142242
0.0136844
0.0138144
0.0134599
0.0143285
0.0138922
0.0137666
0.0139856
0.0133637
0.0137145
0.0160168
0.0145836
0.0144425
0.0142129
0.0152056
0.0140374
0.0139245
0.0146993
0.0136241
0.0139344
0.0143346
0.0135065
0.0140924
0.0138882
0.013831
0.013846
0.0135083
0.0148081
0.013682
0.0139282
0.0134276
0.0140089
0.0140899
0.0134009
0.0145682
0.0137457
0.0135783
0.0139628
0.0143894
0.0150737
0.0150511
0.0149332
0.0144187
0.0147343
0.0152973
0.0165195
0.0136694
0.0158741
0.0153065
0.0148414
0.0146332
0.0140254
0.0140988
0.0139778
0.0148117
0.0142285
0.0140968
0.0143916
0.0152433
0.0139413
0.013978
0.0145815
0.0133609
0.0157656
0.0137704
0.01505
0.0141826
0.0146934
0.0166272
0.0143963
0.0140892
0.013627
0.0146938
0.0136581
0.0147041
0.0142607
0.0143035
0.0153179
0.0176097
0.0143017
0.0136439
0.0151483
0.0138229
0.0135937
0.0144349
0.0140737
0.013893
0.0149476
0.017079
0.0136372
0.0142579
0.013671
0.0151127
0.0133203
0.0139576
0.014039
0.0131242
0.0149139
0.013656
0.014331
0.0140894
0.014194
0.0158025
0.0129928
0.0145973
0.0138369
0.0140056
0.0138291
0.0139618
0.0144102
0.0137272
0.0147129
0.0136918
0.0144889
0.0133602
0.0135987
0.014607
0.0134768
0.0144468
0.0139909
0.0147155
0.0139521
0.0149262
0.0137309
0.0138787
0.013827
0.0148154
0.0146285
0.013649
0.0138264
0.0132396
0.0141772
0.0150459
0.0141779
0.0142636
0.0138445
0.0153087
0.0136569
0.0137928
0.0136951
0.0138
0.0140763
0.014922
0.0144948
0.0137928
0.0137381
0.0144415
0.0147286
0.0142114
0.0144139
0.0134106
0.0137735
0.0137619
0.0133648
0.0137909
0.013673
0.0139533
0.013795
0.0137255
0.0138914
0.0146751
0.0142657
0.0132682
0.0138802
0.0138149
0.0140138
0.0133214
0.0141856
0.0138314
0.0138537
0.0140817
0.0134999
0.0139923
0.01411
0.0141016
0.0184534
0.0144013
0.0140073
0.0133222
0.0137554
0.0135009
0.0142091
0.0148204
0.0147992
0.0138163
0.0131851
0.0142271
0.0133779
0.014415
0.0142198
0.0137654
0.0138837
0.0135375
0.0142779
0.0140927
0.014842
0.014321
0.0137208
0.0150547
0.0131815
0.015765
0.0147221
0.0143578
0.0142652
0.0139978
0.0140115
0.013668
0.0149532
0.0138225
0.0139561
0.0144141
0.0147851
0.0140434
0.013291
0.0150164
0.0132879
0.0146314
0.0137111
0.0144077
0.0138442
0.013394
0.0148369
0.0133184
0.0144936
0.0134595
0.0141389
0.0150735
0.0133968
0.0146447
0.0134992
0.0148004
0.0140247
0.0139325
0.0143484
0.0136408
0.0147833
0.0135779
0.0142646
0.0141071
0.0137311
0.014614
0.0132945
0.0144554
0.013307
0.0136847
0.0144272
0.0135855
0.0141688
0.0134307
0.0143961
0.0134189
0.0136661
0.0138196
0.0132557
0.0142008
0.0134645
0.0147648
0.0137816
0.0137502
0.0137799
0.0135936
0.0136783
0.0134783
0.013964
0.0133247
0.0140111
0.0133108
0.0136686
0.0144025
0.0137171
0.0146524
0.0136467
0.0135382
0.0141828
0.0140533
0.0138454
0.0136822
0.0137841
0.0141675
0.013541
0.0139858
0.0142804
0.013843
0.0137543
0.0136527
0.014005
0.0137145
0.0142689
0.0137285
0.0137682
0.0137496
0.0136401
0.0148214
0.0137786
0.0136192
0.0143365
0.0135264
0.0136302
0.0135923
0.0135488
0.0139748
0.0134337
0.01403
0.0136409
0.0137592
0.0136636
0.0141415
0.0141394
0.0135012
0.0137548
0.0139839
0.0142173
0.0136642
0.0141727
0.0140531
0.0131848
0.0143701
0.013621
0.0134329
0.0134651
0.0134879
0.0138124
0.0139525
0.016332
0.0144081
0.0149025
0.0156933
0.0159526
0.0146183
0.0145805
0.0160486
0.0142245
0.0152397
0.0150326
0.0154433
0.014019
0.0146138
0.013427
0.0138461
0.0139704
0.0140432
0.0139433
0.0134276
0.0147831
0.013924
0.0137362
0.0141465
0.0143411
0.0141839
0.0132599
0.0149286
0.0142288
0.0140044
0.0140225
0.0135538
0.0144347
0.013402
0.0143412
0.0144386
0.0137633
0.0138666
0.0131617
0.013899
0.0133654
0.0154562
0.0135459
0.013158
0.0150416
0.0132057
0.0144569
0.0135728
0.0143972
0.0139503
0.0135984
0.0147671
0.0132468
0.0142348
0.013847
0.0139657
0.0141257
0.0135544
0.0148864
0.0139188
0.0144047
0.0139611
0.0142525
0.0140248
0.0133741
0.0138824
0.0139674
0.0143326
0.0135618
0.0148962
0.0141746
0.0139378
0.0140625
0.0135914
0.0140051
0.01376
0.0143691
0.0136367
0.0134806
0.0141154
0.013586
0.0145804
0.0135825
0.0139235
0.0134579
0.0140023
0.0167752
0.0142216
0.0142848
0.0139804
0.0137981
0.0136995
0.0136551
0.013785
0.0136156
0.0139464
0.0135268
0.0153013
0.013919
0.0136955
0.0143815
0.0142937
0.013796
0.0152864
0.014613
0.0136939
0.0135709
0.0139537
0.0138517
0.0136201
0.0152882
0.0137209
0.0139399
0.0138594
0.0148675
0.013788
0.0152026
0.0149292
0.0136245
0.0146565
0.0138435
0.0138982
0.0139717
0.0139217
0.0136476
0.0136476
0.0137529
0.0132539
0.0145706
0.0142716
0.0133975
0.0135283
0.0138381
0.0134908
0.0136261
0.0144635
0.0135687
0.013474
0.0139051
0.0134853
0.0140532
0.0137332
0.0140829
0.0136459
0.0142996
0.0139116
0.0143848
0.013773
0.0137544
0.014073
0.0134658
0.0135263
0.0161148
0.0143245
0.0141738
0.0140711
0.0149485
0.0142956
0.013967
0.0184688
0.0142813
0.013563
0.0137309
0.0142869
0.0135187
0.0140874
0.014461
0.014052
0.0137757
0.0135072
0.0145756
0.0141704
0.0169359
0.0148994
0.01431
0.0140964
0.0145484
0.0140174
0.0136243
0.0173846
0.0146946
0.0137534
0.0139033
0.0149476
0.0148994
0.0138184
0.0144721
0.0131687
0.0143062
0.0135006
0.0136014
0.0141107
0.0130877
0.0143907
0.0134039
0.0139282
0.0138796
0.0136483
0.014178
0.0130035
0.0144397
0.013386
0.0141121
0.013914
0.0137467
0.0137827
0.0134577
0.0146633
0.0136891
0.0138145
0.0137576
0.0135925
0.0150707
0.0141336
0.014989
0.0138993
0.0141899
0.0146747
0.0131379
0.0148904
0.0136407
0.014758
0.0138279
0.0149477
0.0153298
0.0140347
0.0142663
0.0139527
0.015471
0.0138747
0.0144056
0.0140262
0.0140968
0.0140085
0.0137121
0.0136914
0.0136649
0.0141027
0.0135963
0.0134257
0.0132089
0.0134036
0.0141076
0.0134778
0.0139797
0.0142204
0.0136371
0.0137569
0.0139926
0.0142914
0.0135166
0.0141395
0.0133059
0.0147143
0.0136908
0.0138833
0.0138517
0.0140389
0.0136556
0.0139824
0.0136636
0.0134256
0.0140764
0.0139635
0.0139947
0.0135561
0.0142361
0.0136847
0.014092
0.0133788
0.013934
0.013647
0.0137445
0.0134331
0.0134985
0.0145548
0.0135421
0.0134652
0.0140896
0.0133526
0.0135455
0.0136296
0.0135028
0.0151027
0.0135746
0.0133595
0.0145592
0.0139217
0.0136577
0.0135868
0.0141177
0.0133892
0.0138887
0.0136722
0.0140632
0.014225
0.0136903
0.0139369
0.0135768
0.0145421
0.0138714
0.0140827
0.0139303
0.0143283
0.0144727
0.0135467
0.0144097
0.0138956
0.0141973
0.0140005
0.0133032
0.014304
0.0136594
0.0140096
0.0136592
0.0139076
0.0141558
0.0136697
0.0138875
0.0144259
0.0136124
0.0136182
0.0134111
0.0141615
0.0135112
0.0138693
0.0137882
0.0134305
0.0137791
0.0133839
0.0134925
0.0139409
0.0142377
0.0137814
0.0137461
0.0139176
0.0135132
0.0139246
0.0141099
0.0137145
0.0142444
0.0135123
0.0140101
0.0133657
0.0141711
0.0139093
0.0135954
0.0145215
0.0131981
0.0138113
0.0133618
0.0133033
0.0143983
0.0136804
0.0143119
0.0134715
0.0142972
0.0138302
0.0136796
0.0142452
0.0131861
0.0143952
0.0137225
0.0138512
0.0138146
0.0135758
0.0144541
0.0133821
0.0144838
0.0134376
0.0139437
0.0140834
0.0133953
0.0145797
0.0133714
0.013812
0.0138898
0.0137651
0.0144927
0.0144552
0.0140277
0.0137908
0.0149846
0.0149128
0.0158433
0.0147405
0.0141218
0.014089
0.014656
0.0148831
0.0145346
0.0154768
0.0157531
0.0150875
0.0154006
0.0142316
0.0142268
0.013592
0.0138514
0.0144073
0.014296
0.0141372
0.0151046
0.0138985
0.013672
0.0149694
0.0138065
0.0143305
0.0139307
0.0136315
0.014498
0.0133589
0.0143679
0.0137268
0.0135238
0.0143213
0.0138028
0.0138777
0.013563
0.0146578
0.0136131
0.01341
0.0139421
0.0140098
0.0136849
0.0141469
0.0144595
0.0132458
0.0136049
0.0141766
0.0138289
0.0143054
0.0142559
0.0145237
0.0143189
0.0137447
0.0140171
0.01371
0.0137891
0.0135713
0.0141697
0.0137352
0.0135298
0.0141119
0.0134795
0.0136564
0.0136971
0.0141911
0.0138014
0.0139242
0.0144137
0.0134966
0.0141602
0.014477
0.0138319
0.0136625
0.0138677
0.0136581
0.0138171
0.0139538
0.0140604
0.0138476
0.0147623
0.0135218
0.0147089
0.0139946
0.0139213
0.0144968
0.0137717
0.0138717
0.0135649
0.0147113
0.0135574
0.0137467
0.0143528
0.0132073
0.0143737
0.0134433
0.0150381
0.0142184
0.0132594
0.0147626
0.0132488
0.0144912
0.0131715
0.0148166
0.0137614
0.0134875
0.0161052
0.0162194
0.0148667
0.0137991
0.016413
0.0133056
0.015143
0.0150301
0.0146106
0.0141903
0.013124
0.0149044
0.0140627
0.0141655
0.0137129
0.0152516
0.0158245
0.0136847
0.0136737
0.014075
0.0141415
0.0146437
0.0141865
0.0139512
0.0145666
0.0140541
0.0137003
0.0141354
0.0138801
0.0137095
0.013525
0.0138492
0.0140468
0.0148091
0.0138621
0.0138907
0.0138516
0.014079
0.0133917
0.0142551
0.0136561
0.0135517
0.0143057
0.0138251
0.0134605
0.0137541
0.0138707
0.0134676
0.013813
0.014248
0.0136085
0.0143234
0.0138637
0.0140257
0.014043
0.0138907
0.0144231
0.0140578
0.0144743
0.013895
0.0145577
0.0150078
0.018506
0.0141951
0.0153435
0.0146531
0.0140713
0.0143071
0.0137492
0.0155231
0.0140498
0.0148788
0.0135922
0.013711
0.0145878
0.0134103
0.0140275
0.0136961
0.0137269
0.0136967
0.0136374
0.014055
0.0137089
0.013961
0.0145846
0.0150992
0.0149874
0.0137554
0.01427
0.0139043
0.0148282
0.0139112
0.0136706
0.0148081
0.0144356
0.0139578
0.013268
0.0139934
0.013547
0.0138871
0.0137605
0.0136301
0.0140824
0.0136144
0.0142775
0.0137667
0.0144609
0.0138353
0.0138229
0.0140414
0.0136906
0.0145567
0.0139039
0.0134403
0.0139398
0.0135341
0.0136189
0.0134788
0.0140061
0.0137006
0.0135943
0.0141015
0.013852
0.0135568
0.0139499
0.014052
0.0140442
0.0133927
0.0147441
0.0139432
0.0143762
0.0136304
0.0139902
0.0142825
0.0129862
0.0143769
0.013135
0.0138316
0.0139551
0.0132682
0.0144082
0.0132142
0.0144117
0.0134168
0.0137989
0.0166536
0.0138322
0.0154087
0.01411
0.0140194
0.014548
0.0145845
0.0142601
0.0145192
0.014948
0.014333
0.0146674
0.0140182
0.0143296
0.0140942
0.0143473
0.0143483
0.0139999
0.0138375
0.0148319
0.0157622
0.0159462
0.0163729
0.0151997
0.0142016
0.0142615
0.0139397
0.0145732
0.0138326
0.0136495
0.0138242
0.014209
0.0143316
0.0137581
0.013809
0.0136478
0.0134696
0.013477
0.0133072
0.0140183
0.013117
0.0139588
0.0141124
0.0140503
0.0139933
0.0135268
0.0134631
0.0133089
0.0138053
0.0136614
0.0152319
0.0171492
0.0149983
0.0140743
0.0138176
0.0143589
0.0137247
0.014808
0.0158217
0.0147428
0.0142553
0.0140524
0.0145437
0.0135681
0.0142906
0.0154362
0.0141883
0.0141216
0.0145708
0.0144129
0.0139331
0.0148988
0.0138636
0.0152887
0.0171958
0.0142355
0.0136466
0.0145085
0.0146278
0.0138134
0.0139863
0.0159818
0.0159159
0.0145668
0.0176644
0.0153985
0.0143159
0.0155851
0.0136865
0.0147123
0.0134138
0.0136102
0.0143693
0.0139258
0.01468
0.0142644
0.0165048
0.0139726
0.016548
0.0138464
0.0164949
0.0207392
0.0222634
0.0169932
0.0186935
0.0157823
0.0159772
0.0163008
0.0147799
0.0148466
0.0164573
0.0142716
0.0162924
0.014025
0.0178439
0.0142822
0.0168116
0.0146376
0.015175
0.0143072
0.0140001
0.0143002
0.0141072
0.013649
0.0141221
0.0157105
0.0135151
0.0138056
0.0145262
0.013842
0.0137511
0.0160433
0.0148687
0.0137198
0.0139966
0.0141467
0.0152857
0.0149754
0.0140725
0.0142492
0.013781
0.0156852
0.0250835
0.0140974
0.014285
0.0151376
0.0135342
0.0138086
0.0138972
0.0144815
0.0135774
0.0133403
0.0146463
0.013623
0.0135168
0.0141709
0.0135467
0.0156478
0.0169837
0.0149301
0.0137546
0.0139408
0.0136241
0.0139095
0.0137641
0.01381
0.0144924
0.0135051
0.0141655
0.0135402
0.0144722
0.0135735
0.0137211
0.015727
0.0147738
0.0166689
0.0152937
0.0163339
0.0152144
0.0165632
0.0145919
0.0156113
0.015872
0.0177667
0.0155647
0.0155144
0.0155732
0.0152724
0.0152399
0.0139971
0.015323
0.0151185
0.0146592
0.0137939
0.0151953
0.0145027
0.0142259
0.0144378
0.0151087
0.0176887
0.0141672
0.016437
0.0165292
0.0145125
0.0136803
0.0144965
0.0139524
0.0136525
0.0135217
0.0133836
0.0136393
0.0138988
0.0132921
0.0143495
0.0136697
0.0139137
0.0140514
0.0141328
0.0144452
0.0138575
0.0148204
0.0131049
0.0138705
0.0135247
0.0148822
0.0156712
0.0135475
0.0138827
0.0131034
0.0145076
0.0136158
0.0139019
0.0139903
0.0134983
0.0145636
0.0133962
0.0138571
0.0133852
0.0138948
0.0136446
0.0137499
0.0146035
0.0135037
0.0132857
0.0138148
0.0137769
0.0135027
0.0139226
0.0139717
0.0132445
0.0139331
0.0135347
0.0137706
0.0138546
0.0136846
0.0133457
0.0137359
0.01353
0.0133764
0.0137271
0.0137836
0.0133972
0.0136157
0.0136737
0.0134635
0.0139779
0.0137345
0.0195641
0.0146255
0.0145273
0.0134417
0.0136184
0.013734
0.0133589
0.0139126
0.0139806
0.0144
0.0159271
0.0144594
0.0143193
0.0143733
0.0149532
0.0135356
0.014153
0.0145396
0.0144512
0.0141078
0.0146565
0.016032
0.0138353
0.0140863
0.0140434
0.014217
0.013613
0.0139753
0.0142463
0.0134969
0.014881
0.0151718
0.0144026
0.0135805
0.0147769
0.0159914
0.0132392
0.0145042
0.0138753
0.0139672
0.0134194
0.0146359
0.0135582
0.0139297
0.0150068
0.0136457
0.0139749
0.0135072
0.0140131
0.014793
0.0135683
0.0138615
0.0134881
0.0143588
0.014584
0.0140345
0.014103
0.0137281
0.0177773
0.0141023
0.0143361
0.0137868
0.0143224
0.0134943
0.013396
0.0141182
0.0135289
0.0133831
0.0156379
0.0150686
0.0137901
0.013645
0.0142635
0.0134884
0.0144248
0.0145513
0.0148581
0.0140265
0.0142781
0.014038
0.0137105
0.0141659
0.0140248
0.0141833
0.0139732
0.0133041
0.013647
0.0132549
0.0138287
0.0134941
0.0141056
0.0135489
0.014642
0.0142377
0.0137755
0.0138091
0.0137966
0.0141381
0.0134536
0.0134262
0.0145102
0.0136751
0.0137319
0.0140297
0.0140867
0.0139198
0.013415
0.0135428
0.0137625
0.0143129
0.0138554
0.0136735
0.0143497
0.013962
0.0146454
0.0137769
0.0146009
0.0140616
0.0137676
0.0138572
0.0133964
0.014002
0.0135976
0.0136937
0.0138766
0.0131763
0.0142638
0.0141328
0.0140388
0.0140078
0.0141033
0.0143587
0.0138791
0.0146744
0.0134592
0.0142288
0.01375
0.0136964
0.0143972
0.0136556
0.0138431
0.0139096
0.0138831
0.0139617
0.0137994
0.01361
0.0138285
0.0143138
0.0162136
0.0141404
0.0137423
0.0132707
0.0140968
0.0142465
0.0141508
0.0140655
0.0136741
0.0139778
0.013552
0.0140922
0.0134239
0.0139448
0.0139214
0.0132646
0.0142443
0.0133529
0.0136834
0.0140139
0.0132124
0.0144358
0.0134223
0.0141807
0.0132801
0.0140346
0.0138984
0.0136781
0.0137957
0.0133869
0.0144373
0.0132782
0.0132083
0.0144352
0.0135955
0.0139857
0.0132195
0.0142429
0.0136981
0.0136987
0.0141321
0.013665
0.0141589
0.0134559
0.0139653
0.0135631
0.0133225
0.0134644
0.0134463
0.0136699
0.0140677
0.013514
0.0138118
0.0137421
0.0140178
0.0139484
0.0140107
0.0142342
0.0137452
0.0137178
0.0138798
0.0136317
0.0135181
0.0133929
0.0141946
0.0134382
0.0142757
0.0136572
0.013388
0.0137394
0.0134145
0.0142006
0.0136053
0.0134719
0.0145855
0.0144956
0.0162762
0.0152603
0.0156994
0.0145074
0.0144289
0.0149344
0.0144577
0.0152157
0.0140278
0.01873
0.0142563
0.0174801
0.0137962
0.0152377
0.0132444
0.0143144
0.0147265
0.0142236
0.0146532
0.0137398
0.0140873
0.0138764
0.0138137
0.013892
0.0138248
0.0135539
0.01394
0.0137942
0.0143087
0.0145218
0.0143682
0.013729
0.0143086
0.0142014
0.0138046
0.0136261
0.0142538
0.0141338
0.0163668
0.0140714
0.0133134
0.0141684
0.013354
0.0136016
0.0135921
0.0132345
0.0146572
0.0145989
0.0145658
0.0137603
0.0138789
0.0139553
0.0138774
0.0149071
0.0135567
0.0147684
0.0134605
0.0139917
0.0138325
0.0136188
0.0141974
0.0135306
0.0141286
0.0138452
0.0142527
0.013878
0.013702
0.0148119
0.0133752
0.0149055
0.0145708
0.016614
0.0141962
0.0142285
0.0144003
0.0136635
0.0140094
0.0132795
0.0151056
0.0135563
0.0136719
0.0152046
0.0137364
0.0141107
0.0134487
0.0145063
0.01391
0.013632
0.0147395
0.0133492
0.014109
0.0136658
0.0141829
0.0136728
0.0136148
0.0140875
0.0133026
0.0138499
0.0135316
0.0137388
0.0142095
0.015121
0.0141277
0.0137189
0.0140492
0.0137832
0.0140096
0.0137508
0.0132768
0.0138177
0.013306
0.0139956
0.0134282
0.0135332
0.0136077
0.0131257
0.0138136
0.0135247
0.0141512
0.0139208
0.0134243
0.0134831
0.0136772
0.0136068
0.0144579
0.013509
0.0140427
0.0139705
0.014459
0.0141959
0.0141455
0.0147699
0.0139766
0.0147994
0.0138707
0.0141016
0.0137901
0.0134785
0.0141434
0.0141268
0.0136708
0.0137834
0.0135148
0.0137442
0.0137292
0.0140126
0.0141438
0.0138142
0.0138892
0.0137695
0.0136907
0.0137727
0.0136109
0.0138767
0.0137194
0.0143207
0.0132592
0.0137976
0.014083
0.0136237
0.0136491
0.0133964
0.0139809
0.0138361
0.0135463
0.0137882
0.0139416
0.013662
0.0136344
0.0144792
0.013744
0.0132666
0.013677
0.0139075
0.0135913
0.0134201
0.014322
0.0134298
0.0138705
0.014354
0.0135144
0.0158216
0.0398039
0.0450918
0.0230255
0.0287886
0.0156342
0.0145956
0.0137593
0.0143903
0.0136194
0.0148766
0.0136506
0.0135966
0.0142472
0.0132867
0.0149018
0.0137953
0.0147631
0.0136362
0.0140466
0.0145131
0.0133723
0.0142253
0.0135346
0.0141812
0.0135504
0.0134702
0.0143234
0.0131873
0.0154889
0.0134221
0.0138025
0.0136796
0.0137578
0.0147424
0.0138225
0.0140223
0.0135155
0.014249
0.0139418
0.0135897
0.0144903
0.0137825
0.013723
0.01368
0.0135942
0.0140009
0.0135167
0.0141174
0.0138448
0.0138232
0.0137133
0.0138933
0.0140313
0.0135775
0.0141831
0.0137648
0.0135361
0.014128
0.0135761
0.0142473
0.0138961
0.0134872
0.0136436
0.0132699
0.013915
0.0137972
0.0138974
0.0136118
0.0132753
0.0143115
0.0136793
0.0142697
0.0139018
0.013985
0.0142221
0.01372
0.0146849
0.0136708
0.0138027
0.0140691
0.0137192
0.014329
0.0131951
0.0138021
0.013937
0.0141243
0.0146723
0.0141174
0.0144657
0.0135871
0.0135327
0.014021
0.0136079
0.0137068
0.0139135
0.0135552
0.0139362
0.0140798
0.0141507
0.0136765
0.014237
0.013389
0.0134344
0.0139663
0.0136213
0.0141299
0.0139534
0.0141475
0.014049
0.0137238
0.0140179
0.0135555
0.0149797
0.0135676
0.01388
0.0132593
0.0138399
0.0139029
0.013701
0.0136171
0.0134742
0.0142274
0.013783
0.0133072
0.014174
0.013571
0.0136572
0.0135482
0.0138526
0.0141303
0.0141485
0.0140849
0.013364
0.0137685
0.0134233
0.0137909
0.0138076
0.0137093
0.0152606
0.0141801
0.0157377
0.0132758
0.0140099
0.0136106
0.0135558
0.0143445
0.0134582
0.0152143
0.0133814
0.0141865
0.0133988
0.0138856
0.0168129
0.0143196
0.0145582
0.0135094
0.0148374
0.0134381
0.0139412
0.0135725
0.0132524
0.0146633
0.0133316
0.0138885
0.0135192
0.0150043
0.0138752
0.0137839
0.014248
0.01349
0.0141579
0.0133416
0.0142006
0.0135937
0.0138918
0.0137017
0.0134678
0.014038
0.0138135
0.0140209
0.0148219
0.0132903
0.0153309
0.0134403
0.0147011
0.0135646
0.0141548
0.0135852
0.0137239
0.0140016
0.013474
0.0139367
0.0137776
0.0137035
0.0142321
0.0134161
0.0138068
0.0144239
0.0147268
0.0145597
0.014533
0.015021
0.0143865
0.0145725
0.0143201
0.0150809
0.0146759
0.0142126
0.0148455
0.0141027
0.0155734
0.0141508
0.0138507
0.0140193
0.0147851
0.0137813
0.0133943
0.0142331
0.0137516
0.0134196
0.0139362
0.0131862
0.01388
0.013473
0.0137677
0.0140007
0.01403
0.0138737
0.0133149
0.0143744
0.0135712
0.0139689
0.0143395
0.0140981
0.0139228
0.0136812
0.013575
0.0139672
0.0139038
0.0145497
0.0138834
0.0133583
0.0142252
0.0136629
0.0139448
0.0141046
0.0139274
0.0139504
0.0143299
0.0141388
0.0142706
0.0144483
0.0135279
0.014044
0.0136972
0.0137159
0.01445
0.0143185
0.0146397
0.0135625
0.0141157
0.0134724
0.0138021
0.013622
0.0135728
0.0142358
0.0134643
0.0144312
0.0135755
0.014106
0.0141133
0.0133848
0.014025
0.0130686
0.0145029
0.013883
0.0138024
0.0140309
0.0132823
0.0143535
0.0135694
0.0142301
0.0136345
0.0136888
0.0143465
0.0133534
0.0148786
0.013432
0.0145501
0.0138049
0.0137118
0.0152243
0.0133329
0.0169377
0.013877
0.0152755
0.0138014
0.0148019
0.0134187
0.0135105
0.0142305
0.0131762
0.0142963
0.0135652
0.0135824
0.0147383
0.0140267
0.014813
0.0165621
0.0155476
0.0138208
0.0140813
0.0137708
0.0138992
0.0138679
0.0136267
0.0142958
0.0135373
0.0145778
0.0137398
0.0133892
0.0142875
0.013808
0.0137649
0.0134833
0.0138197
0.0136207
0.013725
0.0173474
0.0139535
0.0136953
0.0135348
0.0134146
0.0137388
0.0135834
0.0140521
0.0135455
0.0141035
0.0139022
0.0133496
0.0137173
0.0135533
0.0136714
0.0138771
0.0136312
0.0135461
0.0132457
0.0145936
0.0137459
0.0141178
0.0138043
0.0133564
0.0145385
0.0143058
0.0138702
0.0136984
0.0137925
0.0135164
0.0139076
0.0136288
0.0139596
0.0139495
0.0137131
0.0136142
0.0135722
0.0139368
0.0135474
0.0140507
0.0133806
0.0137834
0.0137086
0.0134818
0.0139649
0.0138485
0.0136167
0.0135395
0.0139772
0.0134391
0.0137893
0.0136054
0.0135827
0.013724
0.0132717
0.0134506
0.0134426
0.0137342
0.0135303
0.0135639
0.0143197
0.0136145
0.0142503
0.0135178
0.013386
0.0137385
0.0135494
0.0137462
0.0134292
0.0153521
0.0144158
0.0136139
0.0136365
0.0136518
0.0143697
0.013628
0.0136247
0.013899
0.0138793
0.0139762
0.0132827
0.0141229
0.0131759
0.013382
0.0136591
0.0130653
0.0140774
0.013515
0.0153765
0.0133039
0.0136784
0.0142619
0.0134218
0.0142653
0.0132912
0.0164504
0.0150402
0.0149318
0.0157541
0.0162602
0.015105
0.0154232
0.0153945
0.0136168
0.0152616
0.0135338
0.0152991
0.0144901
0.0175386
0.0136174
0.0144405
0.0146539
0.0131015
0.0143873
0.0135954
0.0143158
0.0133038
0.0138676
0.0145919
0.013521
0.0139881
0.0136196
0.01481
0.0136232
0.0135707
0.0152839
0.0134767
0.0138302
0.0134957
0.0143174
0.0134373
0.0134386
0.0149893
0.0132972
0.0136257
0.0137889
0.0137005
0.0141599
0.0136913
0.0141723
0.0134066
0.0137466
0.0135424
0.0142646
0.0136836
0.0132777
0.0136749
0.0136733
0.0134328
0.0139249
0.0136388
0.0138891
0.0136211
0.0138919
0.013609
0.0134342
0.0145352
0.0136076
0.0136056
0.0139178
0.0139621
0.0147147
0.0134263
0.0149664
0.0146706
0.013995
0.0140163
0.0135008
0.0134597
0.0142499
0.0134805
0.0142131
0.0137162
0.0136224
0.0141341
0.0135062
0.0138324
0.0140307
0.0139224
0.0137858
0.013866
0.0137687
0.0141926
0.0138545
0.0134042
0.0148603
0.0137013
0.0138592
0.0135047
0.0138399
0.0137231
0.0136791
0.0161639
0.0149855
0.014417
0.0138573
0.0142446
0.0132748
0.0137392
0.0141424
0.0136164
0.014316
0.01385
0.0137447
0.0133647
0.01405
0.0139194
0.0134469
0.0144579
0.0139445
0.0135108
0.0141327
0.0136198
0.0147076
0.0135696
0.0142185
0.0137798
0.0141513
0.0135131
0.0138954
0.0144168
0.013433
0.0146356
0.0146686
0.0136534
0.01417
0.0135998
0.0138377
0.0135784
0.0159174
0.0139865
0.0141125
0.0138973
0.0140066
0.0142015
0.0134491
0.0151633
0.0136097
0.0349971
0.0415714
0.0260295
0.0427833
0.0148325
0.0144013
0.0154303
0.0138247
0.0148134
0.0131206
0.0150542
0.0135866
0.014016
0.0141949
0.013262
0.0139234
0.0137769
0.0156473
0.0144127
0.018298
0.0154046
0.0151686
0.0147634
0.0151703
0.0147518
0.0137104
0.0136479
0.0130157
0.0138178
0.013517
0.0147224
0.0140132
0.0135333
0.0148188
0.0134171
0.0136499
0.0137149
0.0137202
0.0139059
0.0137378
0.0153516
0.01456
0.0258173
0.0433118
0.0246898
0.0195955
0.0225202
0.0144634
0.0152213
0.0141412
0.013859
0.0136723
0.0135709
0.014823
0.0137412
0.01471
0.0140541
0.0142271
0.0134402
0.0139683
0.013953
0.0134417
0.013835
0.0150014
0.0139553
0.0134533
0.0157327
0.0140178
0.0132343
0.0147534
0.0138257
0.0156575
0.0136257
0.0147884
0.0133935
0.0135801
0.0146223
0.0151793
0.0151926
0.0134017
0.0151236
0.0132385
0.0136021
0.0138892
0.0133541
0.0142773
0.0136055
0.0143131
0.0143784
0.0134903
0.0139214
0.0134582
0.0145811
0.0140362
0.0152182
0.0142312
0.0140404
0.0145032
0.0135149
0.0142097
0.0136893
0.0141105
0.0134554
0.0137665
0.014102
0.0134844
0.0140452
0.0135406
0.0139593
0.0138583
0.0137292
0.0138532
0.0138441
0.0140396
0.0137922
0.0136018
0.0142353
0.0139279
0.0135587
0.0134957
0.0136791
0.0140972
0.0142559
0.0137454
0.0136695
0.013898
0.0133996
0.0140277
0.0137342
0.0134991
0.0141243
0.0145376
0.0136304
0.0140034
0.013582
0.0139494
0.0151745
0.0142284
0.013771
0.0137789
0.0140964
0.0136396
0.0145098
0.0140306
0.0137625
0.0140281
0.0138681
0.0137268
0.0137453
0.0145989
0.0135894
0.0142264
0.0144145
0.0141465
0.0131935
0.0138189
0.0137302
0.0140445
0.0144316
0.0139982
0.0134073
0.0137042
0.0142031
0.0134788
0.0145975
0.0135002
0.0138155
0.0158036
0.0136716
0.0134385
0.0142264
0.0143411
0.0133343
0.0137121
0.0133218
0.0133496
0.0139373
0.0132687
0.0140507
0.01337
0.0141858
0.0138435
0.0138407
0.0145716
0.0135251
0.0142552
0.0134715
0.0138281
0.0138962
0.0137159
0.0138198
0.0135483
0.0143015
0.0133695
0.013876
0.0137265
0.0135615
0.0142202
0.0133949
0.0141757
0.0133196
0.0143314
0.0134796
0.0136792
0.0141098
0.013236
0.0160457
0.0140324
0.0143124
0.0141469
0.0136525
0.0138687
0.01351
0.0145638
0.013176
0.0141439
0.0153627
0.0139126
0.0142143
0.01315
0.0144889
0.0135849
0.0142412
0.0135426
0.0131903
0.015471
0.0137841
0.0144686
0.01373
0.0137855
0.0140578
0.0139595
0.0142623
0.0132334
0.0138886
0.0137912
0.0139517
0.0137213
0.0133096
0.0140096
0.0131527
0.0136729
0.0137824
0.0136356
0.0145135
0.0136058
0.0137709
0.0132695
0.0135215
0.0137402
0.0134285
0.013954
0.013056
0.0138519
0.0136159
0.0136817
0.0135827
0.013507
0.0140856
0.0160872
0.0146347
0.0152046
0.0146475
0.0135219
0.0139785
0.0141815
0.0133014
0.0136736
0.0136081
0.0137316
0.0138914
0.0134695
0.0136535
0.0136272
0.0134201
0.0143573
0.0152341
0.0136838
0.0134195
0.0144166
0.0142392
0.0137225
0.0144686
0.0142644
0.0138436
0.0139424
0.0146237
0.0138611
0.0148423
0.0132209
0.0138958
0.0145352
0.0139982
0.0140876
0.0134543
0.0137778
0.0131073
0.0143415
0.0139785
0.0139773
0.0151165
0.0159792
0.0138224
0.0133277
0.0150143
0.0134446
0.0140725
0.0133649
0.0141955
0.0135134
0.0133806
0.013862
0.0134562
0.0141113
0.0141715
0.0142183
0.0136279
0.0142505
0.0136162
0.0135863
0.0141412
0.0131892
0.0140811
0.0134186
0.0143314
0.0145284
0.0136074
0.013823
0.0134345
0.0143945
0.0131364
0.0139961
0.0144396
0.0134607
0.0139438
0.0134497
0.0134569
0.0137967
0.0137172
0.0138697
0.013268
0.0143056
0.0134156
0.0135017
0.0141821
0.0135577
0.0152527
0.0137313
0.0142399
0.0137654
0.0142504
0.013671
0.0135085
0.0142653
0.0130365
0.0143254
0.0134908
0.0139724
0.0136522
0.0131694
0.0145899
0.0135003
0.0142401
0.0135073
0.0135729
0.013498
0.0130859
0.015293
0.01388
0.0141906
0.0155102
0.0139557
0.0138898
0.0133271
0.0144596
0.0134472
0.0143006
0.0139923
0.0135525
0.0138143
0.0135349
0.0143753
0.0138977
0.0138498
0.0140467
0.0133684
0.0143063
0.0134069
0.0136392
0.0137551
0.0137659
0.0147723
0.0138209
0.0142118
0.0135743
0.0145131
0.0141036
0.0162033
0.0157478
0.0151758
0.0141848
0.0153929
0.0144612
0.0135539
0.0142945
0.013745
0.0137644
0.0135083
0.0145965
0.0138647
0.0146154
0.0137297
0.013372
0.0137603
0.0137109
0.0147599
0.0146963
0.0140708
0.0155638
0.0133789
0.014443
0.0143024
0.0145677
0.0135491
0.0147865
0.0136464
0.0134674
0.0139897
0.0136696
0.014306
0.0131763
0.0147955
0.0139521
0.0139271
0.0141627
0.0139869
0.0146862
0.0138863
0.0138459
0.0137572
0.0139298
0.0137796
0.0143292
0.0145183
0.013628
0.0145392
0.0142737
0.0139232
0.0136687
0.0141439
0.0139007
0.0134886
0.0141181
0.0131932
0.0148348
0.0137595
0.0143664
0.0152492
0.0136816
0.0141333
0.013521
0.0142354
0.0132191
0.0139145
0.0139815
0.0133397
0.0148564
0.0136195
0.0144909
0.0136273
0.014084
0.0140753
0.0135835
0.0149533
0.0140499
0.0143642
0.0137748
0.014332
0.0137729
0.0132838
0.0144948
0.0135506
0.0146012
0.0137418
0.0145417
0.0143422
0.0134075
0.0149551
0.0132223
0.0144112
0.013777
0.0140933
0.0138408
0.0133858
0.0161289
0.0133101
0.0148905
0.0137622
0.0146781
0.0136725
0.0137542
0.0141523
0.0134686
0.0141115
0.0131896
0.0141226
0.0140718
0.0134381
0.0142643
0.0134701
0.0159721
0.0137776
0.014507
0.0163218
0.014075
0.0151791
0.0156667
0.0142375
0.0138999
0.0135073
0.0130468
0.0138946
0.0139244
0.0137002
0.0136052
0.0131305
0.0146415
0.0132234
0.0139033
0.0137897
0.0140726
0.0143884
0.0139166
0.0149433
0.0132593
0.0143566
0.0144986
0.0138843
0.0144369
0.0139747
0.014022
0.0137503
0.0139379
0.0141188
0.0140274
0.0148827
0.0144037
0.0134766
0.0135548
0.0145937
0.0138253
0.0145509
0.0142956
0.0149462
0.0138952
0.0138027
0.0138473
0.0135198
0.0143679
0.0136312
0.0140413
0.0136129
0.0138261
0.0143791
0.0134257
0.0141257
0.0137587
0.0147116
0.0134732
0.0149073
0.0146958
0.0139977
0.0147274
0.014047
0.0141877
0.0140182
0.0144964
0.0138092
0.0137765
0.0141529
0.0134367
0.0149436
0.0136116
0.0155322
0.0140729
0.0141773
0.0145159
0.0135289
0.0145817
0.0135961
0.0147087
0.0144465
0.0144587
0.0160776
0.0151165
0.0148212
0.0138253
0.0139818
0.0136238
0.0142697
0.0136458
0.0140223
0.0137342
0.0136224
0.0149065
0.0133014
0.0138196
0.0142199
0.0147603
0.0136054
0.0136436
0.015247
0.0131907
0.0161141
0.0159411
0.0148477
0.013589
0.0134843
0.0146454
0.0135743
0.0137151
0.0135729
0.0141168
0.0140198
0.013899
0.0137772
0.0131974
0.0141823
0.0130276
0.0147631
0.0137907
0.0144041
0.0138991
0.0136106
0.0152303
0.0142624
0.0138146
0.0137858
0.0134446
0.0140634
0.0137447
0.0142461
0.0135686
0.0140965
0.0143991
0.0145765
0.0136208
0.0145078
0.013727
0.0130864
0.0144448
0.0136527
0.0140386
0.0138594
0.013722
0.0141864
0.0131695
0.0143626
0.0132096
0.0136035
0.0135069
0.0135077
0.013828
0.0130796
0.013795
0.0134855
0.0141827
0.0133306
0.0136953
0.0142501
0.0145657
0.0142595
0.0137978
0.0146187
0.0138414
0.0136773
0.0144605
0.0139139
0.014397
0.0135409
0.0144778
0.0143488
0.0136602
0.0139112
0.0141348
0.0144279
0.0141355
0.0137901
0.0136103
0.0134
0.0145352
0.013829
0.0139367
0.014196
0.0146104
0.0135246
0.0143722
0.0139166
0.0139845
0.0144038
0.0135358
0.0142762
0.0134206
0.0141702
0.0139747
0.0145578
0.0167801
0.0140234
0.014393
0.0134228
0.0151319
0.0135948
0.0153714
0.0142596
0.0137932
0.0148923
0.0132571
0.0139534
0.0134046
0.0145041
0.01361
0.0136105
0.0145669
0.0136599
0.0139059
0.0139799
0.0144397
0.0133897
0.0138754
0.0150579
0.0135693
0.0148858
0.0133119
0.0139118
0.013374
0.0143321
0.0139026
0.0133476
0.0141047
0.0134319
0.0149478
0.0133944
0.013858
0.0149945
0.013922
0.0143797
0.0132279
0.014421
0.0132299
0.0139316
0.0140317
0.0134574
0.0139711
0.013781
0.0142468
0.014196
0.0141228
0.0142999
0.0131588
0.0152194
0.0152179
0.0156609
0.0141901
0.0157916
0.0174632
0.0182267
0.0162159
0.0155788
0.0134241
0.0146078
0.0155824
0.0139612
0.0146125
0.0142327
0.0141082
0.0143643
0.0142612
0.0134414
0.0135588
0.0149676
0.0154362
0.0152489
0.0142783
0.0139204
0.013409
0.0140965
0.0140268
0.0143449
0.0139951
0.0141313
0.0143677
0.0134647
0.0142105
0.0136311
0.0142914
0.0136363
0.0140837
0.0144525
0.0134991
0.0145597
0.0140171
0.0142346
0.0133665
0.0147029
0.0140645
0.0138045
0.0141227
0.0139275
0.0141471
0.013821
0.0136935
0.013847
0.0134648
0.0134307
0.0133641
0.0141451
0.0134841
0.013792
0.0143079
0.0133528
0.0148187
0.0139923
0.014605
0.0136168
0.013875
0.0134272
0.0138923
0.0140948
0.014077
0.0143416
0.0134424
0.0157238
0.0135837
0.014242
0.0140992
0.0132832
0.0143373
0.0140193
0.01549
0.0143955
0.0140062
0.0140256
0.0135699
0.0139579
0.013436
0.0146264
0.0132613
0.0138766
0.0134746
0.0138557
0.0142563
0.0130953
0.0141744
0.0134114
0.0149438
0.0134576
0.0140807
0.0141112
0.0143794
0.0155409
0.0137554
0.0142889
0.014287
0.0149497
0.0136038
0.0140049
0.0141665
0.0132562
0.0144071
0.0137192
0.0148335
0.0161849
0.0135619
0.0141586
0.0132778
0.0145823
0.0135414
0.0146875
0.0134398
0.0135581
0.0137736
0.0134186
0.0140142
0.0133729
0.0144199
0.0141811
0.0134331
0.0140016
0.0134711
0.0142766
0.0139826
0.0140609
0.0141802
0.0134895
0.0144187
0.013382
0.0149952
0.0132587
0.0144427
0.0135473
0.0137567
0.0142704
0.0136589
0.0142857
0.0140484
0.014199
0.0134876
0.0135809
0.0139234
0.0133113
0.0142431
0.0136404
0.0133433
0.0142596
0.0136853
0.0142681
0.0133318
0.0140196
0.016092
0.0150393
0.0136541
0.0144527
0.0144164
0.0153778
0.0140921
0.0135653
0.0145119
0.0134065
0.0146229
0.0137856
0.0148605
0.0136597
0.0145897
0.0140088
0.0130922
0.0150932
0.0136793
0.014131
0.0137364
0.0146159
0.0139266
0.0138132
0.0146051
0.013688
0.014729
0.0134651
0.0146391
0.0135913
0.0137339
0.0143834
0.0135134
0.0146932
0.0139379
0.0145616
0.013531
0.0144901
0.0135043
0.0134675
0.0146356
0.0136491
0.014723
0.0135824
0.0141205
0.0137156
0.0144198
0.0141289
0.0140464
0.0146582
0.013625
0.0151879
0.0141443
0.0138839
0.0142798
0.0133205
0.0143187
0.0131177
0.0143212
0.0137129
0.0132614
0.0140659
0.0134035
0.015581
0.0132974
0.0141069
0.0140451
0.013791
0.0140936
0.0132893
0.0144728
0.0136887
0.0137649
0.0140976
0.013927
0.0137745
0.0130189
0.0153024
0.0133424
0.0138697
0.0143722
0.0133657
0.0141511
0.0131282
0.0145402
0.0135122
0.0143287
0.0136289
0.0132803
0.0139348
0.0135246
0.0154762
0.0133411
0.0140898
0.0148731
0.0132807
0.0138584
0.0131961
0.0141318
0.0135654
0.0137736
0.0140496
0.0165663
0.0164838
0.0138746
0.0144785
0.0133984
0.0144112
0.0132256
0.0139126
0.0151731
0.0150802
0.0152219
0.0142471
0.0153441
0.0142613
0.0141047
0.0156351
0.0142591
0.0141626
0.0140571
0.0163089
0.0141758
0.0147458
0.0139159
0.014436
0.0135388
0.0136667
0.0139206
0.0134828
0.0142535
0.0140517
0.0153032
0.0137
0.0145954
0.0136123
0.0142355
0.014769
0.0140091
0.0144251
0.0134707
0.0141074
0.013405
0.0144957
0.0135711
0.0139923
0.0137937
0.0138677
0.0154086
0.0135616
0.0142518
0.0133211
0.0140903
0.0138541
0.0142619
0.0145485
0.0135182
0.0140533
0.0133389
0.0146093
0.0137865
0.0138835
0.0140179
0.014153
0.0157964
0.0146156
0.0144564
0.0136533
0.0149654
0.0137368
0.0134629
0.0144102
0.0134679
0.0143053
0.0139592
0.0143592
0.0137563
0.0135277
0.0144098
0.013242
0.0143603
0.0131212
0.0143192
0.0133992
0.0132314
0.0145783
0.0134394
0.015092
0.0134588
0.0145358
0.013968
0.0132572
0.014549
0.0134511
0.013905
0.0137091
0.0137093
0.0142712
0.0136168
0.0146821
0.0130454
0.0146194
0.0136909
0.0142257
0.0152639
0.016296
0.0150521
0.0137345
0.0153628
0.0135552
0.0141741
0.0139277
0.0145404
0.0151761
0.0140995
0.015942
0.0144985
0.0150973
0.0144656
0.015676
0.0144069
0.0146912
0.0146117
0.0135138
0.0139549
0.0135928
0.0143276
0.0136352
0.0137022
0.0140035
0.0135255
0.0142185
0.0135741
0.014203
0.0132105
0.014346
0.0137179
0.0155736
0.01331
0.0137566
0.0140266
0.0130505
0.0149944
0.013763
0.014323
0.0135
0.013923
0.0136791
0.0132886
0.0150971
0.0136269
0.0145533
0.0134782
0.013891
0.0137029
0.0134118
0.0143682
0.0133729
0.0142942
0.0136294
0.0141028
0.0136717
0.0137087
0.0147978
0.0164281
0.0151319
0.0139224
0.0143971
0.0132768
0.0145362
0.0137328
0.0136723
0.0142795
0.0135388
0.0143578
0.0137604
0.0146957
0.014272
0.0135546
0.0140302
0.013395
0.0137304
0.0131547
0.0141004
0.0138282
0.0133761
0.0149046
0.0143802
0.0146385
0.0132424
0.0145961
0.0136322
0.0138553
0.0141585
0.0131162
0.0145646
0.0132612
0.0144525
0.0137758
0.0134371
0.0141144
0.0131138
0.0150038
0.0132787
0.0144983
0.0135297
0.0136542
0.0144618
0.0134014
0.0143597
0.0131584
0.0150025
0.0133719
0.0135406
0.0142866
0.0143382
0.0143806
0.0136551
0.0135155
0.0143004
0.0138967
0.0139853
0.0133757
0.01412
0.0181267
0.0155255
0.0140229
0.0138779
0.0140842
0.0135203
0.0145165
0.0132312
0.0142576
0.0133027
0.013269
0.0142825
0.0131949
0.0147624
0.0134194
0.0142621
0.013699
0.0133284
0.0149041
0.0130904
0.0143054
0.0136025
0.0164149
0.0412064
0.0271992
0.0171882
0.0226001
0.0183894
0.0192474
0.0156363
0.0143494
0.0152701
0.0135186
0.0148825
0.01475
0.0136535
0.0145432
0.0133294
0.0148507
0.0133964
0.0144188
0.0156343
0.0142555
0.0137149
0.0134443
0.0144315
0.0139296
0.015007
0.0135304
0.0139799
0.014107
0.0135009
0.0147938
0.0134217
0.0143524
0.0135697
0.0143033
0.013355
0.0136529
0.0144375
0.0133434
0.0142197
0.0133773
0.0137456
0.0138133
0.013778
0.0143114
0.0137845
0.0145525
0.0133882
0.0141546
0.0138251
0.0136869
0.0146648
0.0138083
0.0142263
0.0133578
0.0153537
0.0136448
0.0135747
0.0143164
0.013284
0.0141088
0.0135234
0.0143463
0.0136276
0.0143328
0.0141793
0.0134312
0.0143346
0.0134901
0.0143013
0.0137299
0.0152942
0.0134943
0.0131558
0.0146319
0.0132599
0.0174228
0.0143608
0.014593
0.0140691
0.0139356
0.0146143
0.0133227
0.014716
0.013546
0.0145526
0.0139166
0.0138888
0.0137274
0.0135515
0.0144104
0.0135921
0.0143547
0.0140643
0.0136129
0.0144993
0.0131773
0.0144856
0.0137092
0.0139503
0.0138729
0.014014
0.0142409
0.0132836
0.0144788
0.0135024
0.0156085
0.015827
0.0150134
0.0159332
0.0136127
0.0143559
0.0138147
0.0144791
0.0134062
0.013564
0.0140845
0.0142994
0.0139899
0.0134254
0.0140571
0.0140539
0.0136685
0.0142263
0.0136232
0.0141334
0.0139201
0.0141449
0.0138466
0.0133827
0.0142221
0.0136063
0.013645
0.0146128
0.0151089
0.0130345
0.0146021
0.0132775
0.0137257
0.0136108
0.0134359
0.0140621
0.0134495
0.0140923
0.0132628
0.0138839
0.0139928
0.0132248
0.0138528
0.0134809
0.0139318
0.0133192
0.0135442
0.0136998
0.0134437
0.014009
0.0137429
0.0139047
0.0133583
0.0136514
0.0136496
0.0133705
0.0143043
0.013583
0.0136891
0.0140975
0.0162115
0.0142382
0.0138622
0.0147316
0.0140237
0.0142328
0.0137641
0.0137324
0.0139701
0.0139671
0.0137413
0.0138574
0.0141758
0.0135481
0.0142735
0.0137054
0.013666
0.0138215
0.0133609
0.0143261
0.0134043
0.0160232
0.0139509
0.0141419
0.014168
0.014161
0.0141263
0.0133937
0.014194
0.0131595
0.0138662
0.0136669
0.0130413
0.0147848
0.0132109
0.0139541
0.0133396
0.0145067
0.0144806
0.0130487
0.0153914
0.0147292
0.0180456
0.0162611
0.0157722
0.0135882
0.0146431
0.0136466
0.0137477
0.0143725
0.0131086
0.0145547
0.013459
0.0144143
0.0140392
0.0138031
0.0147969
0.013547
0.0141406
0.0144638
0.0143916
0.0141021
0.0138509
0.0142865
0.0132857
0.0144493
0.0133255
0.0137278
0.0139114
0.0141197
0.0145749
0.0153584
0.0155397
0.0134441
0.0140205
0.013322
0.0135138
0.0143767
0.0133656
0.0139152
0.0136899
0.0151507
0.0145705
0.0142276
0.0152935
0.0201693
0.0148415
0.0141731
0.0153421
0.015438
0.0161132
0.0152811
0.0162315
0.0152354
0.0147995
0.0139559
0.0149321
0.0130309
0.0146348
0.0136771
0.0143738
0.0143995
0.0139629
0.0141885
0.0133341
0.0141935
0.0140256
0.014338
0.0137141
0.013767
0.0138363
0.0136479
0.0147416
0.0135121
0.0148615
0.0138646
0.0140452
0.0138138
0.0132458
0.0143794
0.0135632
0.0143639
0.0134564
0.0135881
0.0137559
0.0132512
0.0145444
0.0135915
0.0142657
0.0133455
0.0135018
0.0140467
0.0135549
0.0143384
0.013617
0.0142053
0.0132813
0.0135884
0.0137344
0.0132987
0.0142127
0.0134039
0.0137251
0.0134198
0.0138954
0.0136907
0.0133477
0.0143416
0.013561
0.0137269
0.0140233
0.0135778
0.0144626
0.0133975
0.0142578
0.0137514
0.0141613
0.0134732
0.0136444
0.0149906
0.013754
0.0147906
0.0143634
0.0154164
0.0135747
0.0144483
0.0140512
0.0148715
0.0139707
0.0136761
0.0149062
0.0137678
0.0143113
0.0135684
0.013698
0.0146533
0.0131314
0.0143008
0.0135549
0.0139977
0.013873
0.0136961
0.014082
0.0133021
0.0142193
0.0136764
0.0139586
0.0145546
0.0136582
0.0138731
0.0137211
0.0142415
0.0135176
0.0135863
0.0144285
0.0135519
0.0145553
0.0132255
0.0139209
0.014054
0.0134167
0.0142286
0.0145148
0.0143028
0.0133442
0.0137872
0.0142083
0.0135324
0.0139298
0.0137577
0.0134391
0.0136159
0.0175442
0.0179311
0.014176
0.0168947
0.0198721
0.0165121
0.0150706
0.013563
0.0144917
0.0134543
0.0162325
0.0135771
0.0136273
0.0147647
0.0130513
0.0157569
0.0138706
0.0146107
0.0139895
0.0140419
0.0138162
0.0134501
0.0142501
0.013224
0.0144762
0.0134818
0.0140482
0.0152107
0.0142512
0.014276
0.0135358
0.0159251
0.0136314
0.0144558
0.0135276
0.014122
0.0139149
0.0150457
0.0167968
0.0156219
0.0140308
0.0134406
0.0139098
0.0137851
0.013971
0.0142294
0.0136784
0.0144564
0.013713
0.0138322
0.0145289
0.0140685
0.0135482
0.0136562
0.0141976
0.0139171
0.0146315
0.0142462
0.0160955
0.0139286
0.0163632
0.01522
0.0152783
0.0141028
0.0144078
0.0140663
0.0139452
0.015142
0.0137398
0.0139388
0.0134621
0.0167696
0.0141302
0.0139634
0.0152375
0.0134487
0.0143171
0.0137048
0.0153361
0.0133777
0.0145662
0.0136227
0.0137063
0.0138087
0.0150505
0.0161833
0.0137244
0.0170622
0.0139201
0.0153449
0.013665
0.0149767
0.0141111
0.0136648
0.0154862
0.0133532
0.0144345
0.0143813
0.014304
0.0166681
0.013221
0.0150788
0.0135344
0.0145489
0.0136074
0.0142311
0.0140315
0.0138035
0.0147595
0.0131623
0.0143213
0.0136
0.0134928
0.0135937
0.0134098
0.0145557
0.0138833
0.0145001
0.0150058
0.0141099
0.0137155
0.0133671
0.0150808
0.0130072
0.0142047
0.0136383
0.0135316
0.014044
0.0132948
0.0138855
0.0134988
0.0141166
0.0138672
0.0144929
0.0133521
0.0137372
0.0143451
0.0134499
0.0138173
0.0142668
0.014976
0.0139087
0.0143091
0.0156323
0.013607
0.0148609
0.0154976
0.0147197
0.0137762
0.017612
0.01479
0.014772
0.014536
0.0164061
0.0136942
0.0149674
0.0145555
0.0141041
0.0142141
0.014929
0.0150571
0.0139276
0.0149057
0.0137602
0.0137925
0.013582
0.0150476
0.0143707
0.0133207
0.0157077
0.0133339
0.0141949
0.0137198
0.014315
0.0135883
0.0134107
0.0167356
0.0140728
0.014234
0.0133946
0.0145203
0.0133547
0.0143991
0.0141549
0.0131721
0.0140803
0.0143356
0.019179
0.0133991
0.0150882
0.0149073
0.0141928
0.0145899
0.0142869
0.013822
0.0133367
0.0150411
0.0136751
0.0147044
0.0133899
0.0143092
0.0137952
0.0134876
0.0140325
0.0141866
0.0148617
0.0134339
0.0142459
0.0138219
0.0136886
0.0142344
0.0132268
0.0143336
0.0134295
0.0135087
0.014084
0.0131348
0.0147306
0.0137266
0.013586
0.0140517
0.0132384
0.0139028
0.0135784
0.0138388
0.0138244
0.0140963
0.0144011
0.0132017
0.01459
0.013368
0.013985
0.0146975
0.0136243
0.0138393
0.0129741
0.0146452
0.0132396
0.0134176
0.0136081
0.0138289
0.0148937
0.0146337
0.0154443
0.0153717
0.0152607
0.0140935
0.0152802
0.0150029
0.0147032
0.015322
0.0149416
0.0165362
0.0145087
0.0166256
0.0167688
0.0187728
0.0165262
0.018285
0.0210163
0.0186731
0.0164412
0.0144753
0.0156983
0.0144863
0.0177623
0.0132404
0.0155102
0.0135417
0.0144946
0.0142191
0.0143282
0.0143383
0.0139018
0.0142426
0.0138482
0.015026
0.0135917
0.0137783
0.0141672
0.0138023
0.0137611
0.0139724
0.0147203
0.0133907
0.0134626
0.0138015
0.0142713
0.0143612
0.0134094
0.0141837
0.0137718
0.0141772
0.0168681
0.0148271
0.014349
0.0143708
0.0149636
0.0138551
0.0145151
0.0136696
0.0146623
0.0147666
0.0142787
0.0133833
0.0139651
0.0140654
0.0140526
0.0148684
0.01441
0.0144522
0.0138404
0.0157053
0.0145599
0.0140752
0.0168786
0.0175802
0.0167092
0.0145448
0.0143603
0.013115
0.0140986
0.0136022
0.0138265
0.0139131
0.0135315
0.0141865
0.0131685
0.0141757
0.0133287
0.0132993
0.0143719
0.0133152
0.0143222
0.013624
0.0142969
0.0135922
0.0140012
0.0168813
0.0136482
0.0157844
0.0149293
0.0157761
0.0148571
0.015078
0.0143466
0.0152937
0.01435
0.0159851
0.015595
0.0165794
0.0152228
0.0156926
0.0217574
0.0178434
0.0155903
0.0146153
0.0140529
0.0153851
0.0138024
0.0138607
0.0198877
0.0156198
0.0166632
0.0140203
0.0154691
0.0146099
0.0147463
0.0137629
0.0144422
0.0144542
0.0140523
0.014137
0.0138208
0.0138246
0.0141533
0.0146547
0.0136543
0.0143566
0.0137779
0.0143733
0.0148156
0.0140245
0.0148329
0.0137051
0.0146361
0.0145037
0.0145748
0.0148693
0.0163301
0.0142975
0.014509
0.0147283
0.0137816
0.0184718
0.0189074
0.0188585
0.01657
0.0154927
0.0153839
0.014473
0.0144527
0.0146579
0.0142858
0.0144453
0.0133771
0.0156199
0.0138473
0.0150151
0.0138625
0.0140089
0.0140056
0.0136353
0.0147496
0.0135412
0.0144659
0.0144545
0.014141
0.0142306
0.0140252
0.0146965
0.0134702
0.0139526
0.0142572
0.0138682
0.0140343
0.0139057
0.0145032
0.013367
0.0140755
0.0169503
0.0150666
0.0144708
0.0144274
0.0143806
0.0144075
0.0142467
0.0139576
0.0139981
0.0137235
0.0152567
0.0138102
0.0143302
0.0148582
0.0148029
0.0152506
0.0162303
0.0163618
0.0150319
0.015614
0.0178541
0.0151621
0.0160226
0.0176632
0.0160882
0.0161328
0.0190517
0.0191779
0.0218789
0.019375
0.0166919
0.0175584
0.0174081
0.0180881
0.0154968
0.0177951
0.0151344
0.0182313
0.0162014
0.0189475
0.0165215
0.017768
0.0147833
0.0185104
0.0140887
0.0190038
0.0149891
0.0174002
0.0152469
0.0165868
0.0160338
0.0287828
0.149884
0.0501657
0.0375391
0.0213715
0.0249801
0.0190453
0.0196839
0.017703
0.0198822
0.0200706
0.0163064
0.0238689
0.0185972
0.0214442
0.0210918
0.0187758
0.0167743
0.0174167
0.0226612
0.0245347
0.0276391
0.0158177
0.0179531
0.0142884
0.0155501
0.0134664
0.014381
0.0141502
0.0137466
0.0141424
0.0138216
0.0144149
0.0134356
0.0158062
0.0139029
0.0140804
0.013794
0.0140514
0.0139363
0.0131832
0.0147389
0.0135506
0.0152055
0.0139512
0.0151949
0.0146588
0.0137734
0.0170964
0.0137462
0.015778
0.0144208
0.015711
0.0139663
0.0158492
0.0144296
0.0141245
0.0150076
0.0141995
0.0166926
0.0135277
0.015698
0.0142455
0.0141633
0.014605
0.0135757
0.0143171
0.0144809
0.0154351
0.0141157
0.0143526
0.0137344
0.0139226
0.0141876
0.01376
0.0155369
0.0136989
0.0165277
0.0148855
0.0152785
0.0149993
0.0168954
0.0156448
0.0149797
0.0190751
0.0158078
0.0157564
0.0188242
0.0166382
0.0159279
0.0170479
0.0161171
0.0159756
0.0147115
0.0159939
0.0156426
0.0145133
0.0160632
0.015904
0.0205916
0.0155373
0.0159879
0.0153208
0.0169018
0.0139515
0.0156595
0.0131945
0.015032
0.0133389
0.0137748
0.0136626
0.0147896
0.0182751
0.0142331
0.0146767
0.0133297
0.0140455
0.0136128
0.0147256
0.0147829
0.0148972
0.0150471
0.0136634
0.0156639
0.0141646
0.0142278
0.013932
0.0140302
0.0151589
0.0137532
0.0152849
0.0135448
0.0145438
0.0134784
0.0143007
0.0155874
0.0139192
0.0149936
0.0135853
0.0147043
0.0138344
0.0139846
0.0135914
0.0155985
0.0142031
0.0147006
0.0152648
0.0147009
0.0150527
0.0187175
0.0169191
0.0189389
0.0161806
0.018393
0.0183444
0.0153507
0.0159393
0.0199451
0.0161332
0.0179604
0.0172967
0.017592
0.0194626
0.0164062
0.0174234
0.0163858
0.0177694
0.0161364
0.0189339
0.0161385
0.0155977
0.0181539
0.0162071
0.0179206
0.0170417
0.0157131
0.0170073
0.0158112
0.0153917
0.0149377
0.0144771
0.0143461
0.0148607
0.0160112
0.0281975
0.0240445
0.0154036
0.0185198
0.0167445
0.0156852
0.0170152
0.0154697
0.0182186
0.0198901
0.0168303
0.015491
0.015685
0.0160825
0.0177744
0.0179741
0.0169438
0.0135911
0.0141181
0.0140741
0.0135316
0.0147001
0.0132393
0.0139195
0.0134851
0.013434
0.0140398
0.0136661
0.0146354
0.0134253
0.0151399
0.0180312
0.0144797
0.0137412
0.0136229
0.0144552
0.0141917
0.0149268
0.0135045
0.0139118
0.0135066
0.0136598
0.0137185
0.0133883
0.0160988
0.0134156
0.0137188
0.0137305
0.0135548
0.0166617
0.0139174
0.0155727
0.0141639
0.0149098
0.0140045
0.0135693
0.0145944
0.014348
0.014436
0.0134234
0.0146599
0.0139661
0.0144775
0.0141414
0.0147493
0.016677
0.0141864
0.0149492
0.0135338
0.0146232
0.015094
0.0145491
0.0138541
0.0145937
0.0136346
0.014287
0.0143518
0.0145841
0.0140523
0.0142384
0.015431
0.0137789
0.0139915
0.0144979
0.0142399
0.0140341
0.0155749
0.0137967
0.0141588
0.0138955
0.0140174
0.014673
0.0144312
0.0158422
0.0141794
0.0145657
0.0151309
0.0146881
0.0153951
0.0139553
0.0149542
0.0139437
0.0141384
0.0141803
0.0147346
0.0145374
0.0138538
0.0146087
0.0133976
0.0150286
0.0132968
0.0142395
0.0142256
0.0140774
0.0141626
0.0144138
0.0140662
0.014585
0.0145006
0.0139015
0.0137617
0.0139239
0.0142178
0.0141135
0.0148238
0.0139025
0.0139551
0.0141977
0.0142185
0.0139385
0.0141212
0.0151021
0.014451
0.0142878
0.0145466
0.014473
0.0138617
0.0139698
0.0142989
0.0137576
0.0142721
0.0141544
0.0136664
0.0143063
0.0137899
0.0149271
0.0138219
0.0142259
0.0141109
0.0138709
0.0137036
0.0134756
0.0147238
0.0140241
0.0141041
0.0142296
0.0139369
0.0141937
0.0135995
0.0153001
0.0136873
0.0143643
0.0142553
0.0139487
0.0139675
0.0132543
0.013694
0.0132122
0.0136985
0.0138588
0.013244
0.0150601
0.0147459
0.0147308
0.0148293
0.015063
0.0137873
0.0139274
0.0142988
0.0162225
0.0143322
0.0147067
0.0143399
0.013602
0.0147624
0.0141457
0.0148688
0.0147388
0.0140546
0.0194459
0.0146414
0.015482
0.0155036
0.01473
0.0137573
0.016934
0.0147208
0.015652
0.0147546
0.0148585
0.0151863
0.0147052
0.0145481
0.0147992
0.0140656
0.0150636
0.0160396
0.0175665
0.0184761
0.0159309
0.0143251
0.0145796
0.0143642
0.0148598
0.0195809
0.014697
0.0154222
0.0163109
0.0153732
0.0151226
0.0162378
0.0148051
0.0143312
0.015259
0.0168651
0.0143856
0.0146619
0.0160338
0.0146093
0.0144233
0.0154076
0.0140742
0.013823
0.0138992
0.013582
0.0135523
0.013699
0.0134849
0.0139239
0.0134989
0.0149754
0.0145351
0.0137083
0.013726
0.0138962
0.0135024
0.0134329
0.0144171
0.0136807
0.0143457
0.0142517
0.0139674
0.0139068
0.0138423
0.0145507
0.0139622
0.0143326
0.0136164
0.013837
