0.106492
0.106608
0.0910514
0.0901837
0.10617
0.105727
0.106972
0.093482
0.0876788
0.108451
0.116294
0.107667
0.104465
0.106758
0.108582
0.105646
0.103213
0.104594
0.105244
0.103478
0.102725
0.10247
0.0913319
0.0859206
0.104824
0.103314
0.10362
0.106288
0.105226
0.102561
0.105196
0.106388
0.0956542
0.104148
0.102819
0.103305
0.102727
0.0901143
0.0868851
0.0863209
0.10438
0.104554
0.104984
0.104618
0.102948
0.103405
0.103848
0.102892
0.101341
0.104169
0.103082
0.105367
0.105625
0.101145
0.105377
0.103785
0.102761
0.104108
0.106323
0.106383
0.099119
0.0834954
0.0832504
0.0927277
0.107522
0.106404
0.102055
0.102947
0.102648
0.102854
0.102784
0.103318
0.102826
0.105243
0.10699
0.104727
0.102967
0.10442
0.0928772
0.0904672
0.102319
0.103379
0.102723
0.10274
0.102455
0.103471
0.102557
0.103233
0.103762
0.105117
0.10472
0.106812
0.102967
0.103953
0.102493
0.102735
0.104412
0.103135
0.103463
0.10359
0.105111
0.104575
0.105113
0.103373
0.103713
0.104587
0.104201
0.10258
0.103414
0.100398
0.105333
0.105079
0.105008
0.103639
0.0900468
0.105193
0.105
0.103639
0.103844
0.103042
0.10392
0.0894923
0.102162
0.103696
0.102808
0.10351
0.105889
0.105133
0.104295
0.10438
0.103413
0.10365
0.100976
0.0968894
0.102254
0.103631
0.10441
0.1039
0.0923432
0.0839577
0.0838552
0.0945539
0.0866843
0.0849797
0.0882182
0.0867931
0.0885086
0.0865527
0.084616
0.0844002
0.0838428
0.0828881
0.103264
0.103982
0.10445
0.10361
0.10488
0.103834
0.107981
0.106677
0.0967247
0.0833634
0.0934766
0.103341
0.105822
0.1084
0.107594
0.103653
0.103249
0.103284
0.09119
0.0916095
0.104545
0.103927
0.103953
0.104061
0.1043
0.103772
0.106354
0.107593
0.106426
0.0889871
0.0981847
0.107372
0.104928
0.104739
0.0967031
0.0829662
0.0838699
0.0834908
0.100755
0.0989227
0.0828601
0.106322
0.103602
0.103823
0.0996812
0.085253
0.0841792
0.0833507
0.0868016
0.101783
0.0858766
0.101001
0.107646
0.105581
0.102279
0.100735
0.0870284
0.102101
0.104694
0.104599
0.103676
0.104157
0.103263
0.107037
0.106857
0.10734
0.104027
0.0989243
0.0837891
0.0994996
0.106206
0.101995
0.103611
0.10449
0.103573
0.105464
0.103983
0.107529
0.113357
0.103543
0.102912
0.102114
0.104181
0.10413
0.103964
0.104283
0.089537
0.103769
0.106039
0.106739
0.093074
0.0938928
0.108845
0.108448
0.104195
0.104064
0.103443
0.103873
0.104091
0.103605
0.107269
0.107297
0.106464
0.1035
0.104203
0.103845
0.103887
0.104814
0.106645
0.108638
0.106836
0.103874
0.105737
0.10397
0.103792
0.104486
0.0921075
0.0837143
0.0909249
0.105189
0.10455
0.10352
0.105325
0.103024
0.104418
0.105322
0.10869
0.0933514
0.0982449
0.107665
0.106227
0.103663
0.105954
0.104035
0.103888
0.1033
0.10516
0.106668
0.10787
0.103781
0.103671
0.104697
0.104002
0.10422
0.106208
0.106901
0.0914859
0.0832699
0.0878391
0.0846105
0.108692
0.105039
0.106793
0.110585
0.104978
0.107935
0.109201
0.103729
0.10369
0.104338
0.104027
0.105802
0.104742
0.10134
0.106442
0.107835
0.103593
0.104917
0.103965
0.105798
0.104256
0.109341
0.10701
0.106695
0.103444
0.102165
0.0867916
0.0897462
0.106463
0.105496
0.1046
0.103839
0.10445
0.105052
0.104753
0.10744
0.107486
0.104597
0.0918921
0.0847837
0.108517
0.106829
0.104751
0.102928
0.104087
0.103232
0.104007
0.104586
0.106887
0.112656
0.105348
0.104258
0.104985
0.105446
0.104541
0.109165
0.107545
0.104766
0.104869
0.105501
0.105473
0.104416
0.107748
0.0917324
0.0951499
0.10356
0.108677
0.108326
0.105284
0.104933
0.10534
0.104224
0.10405
0.103706
0.106761
0.107943
0.106375
0.104585
0.103785
0.102346
0.0895052
0.0953402
0.103384
0.103223
0.104564
0.104819
0.10376
0.103932
0.105062
0.107505
0.105407
0.104728
0.0942817
0.103922
0.104243
0.10569
0.0995716
0.10158
0.104154
0.105925
0.105045
0.0890664
0.0861792
0.106383
0.10517
0.107301
0.107404
0.104158
0.104157
0.10425
0.101988
0.100533
0.104696
0.103615
0.0926044
0.0950165
0.103854
0.104095
0.104356
0.108189
0.107918
0.105342
0.104052
0.104266
0.103671
0.10232
0.101896
0.103781
0.101352
0.0847865
0.0847885
0.0832259
0.0938353
0.0900462
0.0949958
0.104516
0.10498
0.107207
0.110314
0.10422
0.103769
0.103828
0.102572
0.103531
0.104328
0.100626
0.0944467
0.103581
0.106522
0.106977
0.106393
0.103318
0.103648
0.103647
0.103966
0.10383
0.103218
0.106296
0.0920257
0.096673
0.103991
0.108204
0.107918
0.1046
0.104783
0.102131
0.103401
0.105608
0.10378
0.107973
0.107742
0.105859
0.0946639
0.083617
0.0905156
0.0943494
0.103221
0.103746
0.105873
0.107295
0.106599
0.0968829
0.0881936
0.098931
0.107386
0.106161
0.103765
0.104322
0.100404
0.104602
0.105101
0.100774
0.0869334
0.104184
0.104002
0.103999
0.106004
0.10966
0.106221
0.0998391
0.103831
0.104677
0.105272
0.104643
0.104152
0.107512
0.106931
0.105115
0.104853
0.103586
0.0884559
0.103727
0.103761
0.104599
0.10467
0.104138
0.106522
0.107394
0.106912
0.104278
0.0970405
0.0881935
0.107027
0.1043
0.10455
0.10469
0.0974947
0.094738
0.104348
0.104532
0.104246
0.105184
0.107546
0.106745
0.0903158
0.0849575
0.0836127
0.0838108
0.0825704
0.0839053
0.0861467
0.0882427
0.0845431
0.0894154
0.094313
0.0879016
0.0832956
0.091357
0.104514
0.102645
0.10671
0.106978
0.104683
0.101691
0.103797
0.104771
0.104664
0.103662
0.105364
0.102522
0.107409
0.105398
0.104275
0.103827
0.103734
0.104495
0.100153
0.0968335
0.104194
0.106483
0.106627
0.107243
0.104222
0.100641
0.0855307
0.0838133
0.108235
0.109164
0.104783
0.1038
0.103785
0.103803
0.104078
0.0895381
0.103456
0.104362
0.103826
0.103806
0.106334
0.0887117
0.0943124
0.103603
0.105193
0.10253
0.0995457
0.105942
0.101086
0.104864
0.103438
0.104344
0.104876
0.106019
0.0980699
0.0845245
0.0878391
0.10508
0.10426
0.104139
0.104259
0.104192
0.103483
0.106648
0.11729
0.103342
0.103323
0.103567
0.103646
0.1031
0.104469
0.105051
0.102323
0.110155
0.084658
0.0847853
0.0855057
0.0843259
0.083236
0.0839614
0.103208
0.104397
0.104333
0.100183
0.0838244
0.0840727
0.0831333
0.083233
0.0831589
0.102333
0.104519
0.103886
0.104526
0.104291
0.103727
0.0978149
0.0832488
0.0903123
0.0850463
0.0872655
0.0903412
0.104265
0.10563
0.10358
0.104711
0.10701
0.106262
0.10492
0.103836
0.10452
0.104088
0.0969103
0.082899
0.0838325
0.0836394
0.0849581
0.0834023
0.0842829
0.103266
0.102974
0.0844946
0.0836237
0.0827484
0.0846713
0.0842247
0.0845912
0.0835435
0.0828759
0.0826181
0.0838765
0.0831578
0.0834168
0.0836738
0.082528
0.0828011
0.0827386
0.0837656
0.0849494
0.0948412
0.10611
0.104234
0.103626
0.104527
0.0900678
0.0845538
0.0836333
0.0838232
0.0838472
0.0827028
0.0910213
0.103751
0.107946
0.106495
0.108521
0.0924966
0.0830471
0.0836535
0.0825087
0.0833322
0.0839656
0.0951623
0.103917
0.10357
0.104568
0.103829
0.108186
0.107499
0.105726
0.103934
0.105273
0.0890915
0.0825839
0.0828634
0.0824269
0.0834325
0.0832212
0.0862877
0.105065
0.103174
0.0839622
0.0832888
0.0843039
0.0829678
0.084178
0.0835695
0.0999021
0.109013
0.108998
0.105122
0.105255
0.106176
0.104576
0.104562
0.108481
0.10925
0.105984
0.104658
0.106272
0.0857676
0.0840119
0.0833242
0.0845741
0.0828351
0.0839345
0.0834013
0.0844029
0.0827681
0.0829852
0.0823868
0.082801
0.0836884
0.0839494
0.0829165
0.0832623
0.0840549
0.0839187
0.0829215
0.085198
0.0830237
0.0833795
0.0849697
0.0856464
0.0898561
0.0843635
0.0846246
0.0841774
0.0869736
0.0849281
0.0839549
0.0851917
0.0853192
0.0886398
0.0907934
0.0869529
0.0892494
0.0891278
0.0844241
0.0847316
0.0833564
0.08501
0.0834322
0.0835092
0.0835904
0.0855806
0.085696
0.0845337
0.0867599
0.0850195
0.0834149
0.0839636
0.0834463
0.0837166
0.0839518
0.0854773
0.0865135
0.0854757
0.0827365
0.0823133
0.0843488
0.0837709
0.083831
0.10674
0.105956
0.0966803
0.0833891
0.0832591
0.0830572
0.0840027
0.0829632
0.0833879
0.0832735
0.0826706
0.0828948
0.0825269
0.100143
0.0854095
0.0826169
0.0827158
0.0828867
0.0829822
0.0842453
0.0834745
0.0840633
0.0834884
0.0831715
0.0820976
0.0832922
0.0829783
0.0829359
0.0827961
0.0836668
0.0825414
0.0828299
0.0984335
0.0857439
0.0826491
0.0834106
0.0832217
0.0839301
0.0826975
0.0825155
0.0830395
0.0840099
0.0829004
0.0836831
0.100848
0.11219
0.110042
0.102727
0.0865205
0.0846057
0.088942
0.0916867
0.102107
0.106274
0.0886347
0.0831986
0.0845658
0.0837661
0.0820792
0.0829521
0.0830758
0.0830947
0.0827917
0.0832849
0.0830907
0.0828425
0.0906961
0.085953
0.0826494
0.084254
0.0840229
0.0840258
0.083147
0.0845328
0.0835172
0.0845025
0.0842179
0.0845999
0.0870369
0.0836193
0.0849385
0.0841198
0.0831177
0.0841335
0.0851931
0.0838658
0.0839348
0.083536
0.0865675
0.0892228
0.085225
0.0833484
0.0869113
0.0848114
0.0857353
0.0838681
0.0834638
0.0836589
0.0841712
0.0825564
0.0824111
0.0838043
0.083162
0.0836886
0.0833762
0.0831373
0.0841581
0.0845632
0.0840123
0.0834875
0.0831787
0.0839653
0.0845148
0.0836437
0.0835557
0.0875106
0.0864892
0.0828068
0.086383
0.083345
0.08209
0.0824591
0.0848682
0.083818
0.0833563
0.0841554
0.0846426
0.0825817
0.0833649
0.0841235
0.0933824
0.0868082
0.085834
0.0839393
0.0835689
0.0846248
0.0880084
0.0845448
0.0843829
0.0865196
0.0883519
0.0848466
0.0847229
0.085753
0.0845957
0.083253
0.0845795
0.0892895
0.0839323
0.083075
0.0859784
0.0876017
0.0837638
0.0844773
0.084886
0.0829285
0.0872927
0.0874295
0.0865553
0.0841176
0.0827287
0.0836882
0.0823708
0.126697
0.0869923
0.103343
0.096786
0.092964
0.0941954
0.0923629
0.0970785
0.0908007
0.0822155
0.0829575
0.0827973
0.0826711
0.0832755
0.0829662
0.0889706
0.0825077
0.0830737
0.0824166
0.084483
0.0829466
0.0830615
0.0834388
0.0823503
0.0822577
0.0840428
0.082837
0.0839
0.0833919
0.0835204
0.0852582
0.0850431
0.0848434
0.0836805
0.0835826
0.0835784
0.0831239
0.0836213
0.0824224
0.0838797
0.0831842
0.0840029
0.0842601
0.0825813
0.0851766
0.0824374
0.0841314
0.082964
0.0838374
0.0847607
0.0827441
0.0834137
0.082568
0.0841744
0.083501
0.083035
0.083203
0.0826033
0.0829972
0.0834222
0.0860666
0.0846012
0.0824439
0.0828757
0.0826149
0.0833836
0.0830083
0.0839223
0.0876308
0.0823118
0.0832307
0.0828514
0.0839783
0.0844943
0.0843071
0.0861999
0.0826386
0.0844042
0.0827434
0.0837499
0.0835739
0.0825128
0.0884645
0.0852201
0.0821294
0.0839418
0.0836507
0.083568
0.0822006
0.0855902
0.0895661
0.0873066
0.0833562
0.0825285
0.0841835
0.0831027
0.0826601
0.0837403
0.0823414
0.0879584
0.0832414
0.083993
0.0826106
0.0855804
0.0860046
0.0846938
0.0865562
0.0828296
0.0844377
0.0838562
0.0853603
0.0913416
0.0830629
0.0836163
0.0837188
0.0835115
0.0834936
0.08439
0.0831669
0.0822959
0.0838828
0.082531
0.0828138
0.0964228
0.0828555
0.0829266
0.0829391
0.0822525
0.084864
0.0835727
0.0885407
0.0948184
0.0845992
0.0834783
0.0839621
0.0834178
0.0845035
0.0900482
0.105524
0.0884969
0.0825149
0.0834887
0.0872035
0.0824694
0.0836236
0.141493
0.102762
0.106844
0.092266
0.0827071
0.0825762
0.0828519
0.0821061
0.0835308
0.0832095
0.0967761
0.10534
0.110034
0.086219
0.0824758
0.0827349
0.0830425
0.0831714
0.0828612
0.0825144
0.0830373
0.0823764
0.0883677
0.10944
0.10878
0.0876376
0.0831878
0.0823017
0.0830365
0.0835411
0.0826295
0.0851314
0.0831269
0.0827787
0.0828006
0.0824519
0.0840315
0.0829985
0.0832595
0.0821915
0.0820901
0.0894609
0.091084
0.0830015
0.0829273
0.0847618
0.0836426
0.0837646
0.0908363
0.108293
0.10541
0.106114
0.106738
0.110254
0.111368
0.106005
0.106298
0.106574
0.107888
0.112607
0.109526
0.109119
0.106462
0.106177
0.0985385
0.0828214
0.0830169
0.083341
0.0828701
0.0826671
0.0830537
0.101453
0.10431
0.0833193
0.0857791
0.0831329
0.0831115
0.0839534
0.0836817
0.0927756
0.112401
0.106325
0.106716
0.107622
0.112765
0.0993353
0.0837136
0.0847366
0.0824535
0.0830659
0.0826355
0.0824864
0.0830472
0.0824548
0.0829795
0.0821497
0.0835569
0.0837724
0.08238
0.0830011
0.0838077
0.0921737
0.111091
0.106346
0.106693
0.106152
0.110247
0.107764
0.113952
0.135921
0.085262
0.0834376
0.0832349
0.08306
0.0841101
0.0836673
0.0825152
0.0830847
0.0832213
0.0998989
0.109575
0.0854233
0.0859201
0.0828814
0.0844241
0.0830666
0.0825957
0.083711
0.107189
0.106103
0.0948625
0.0837159
0.0843607
0.0828148
0.0829345
0.0823592
0.0834786
0.100919
0.109796
0.0870925
0.0826142
0.0833764
0.0834515
0.0839395
0.0824059
0.0853102
0.114918
0.112762
0.0831224
0.0839463
0.0841904
0.0826961
0.084052
0.083132
0.0833318
0.0827877
0.0834241
0.0827062
0.0826724
0.0825177
0.0831194
0.0826204
0.0838354
0.0825636
0.084205
0.0828399
0.085378
0.0850572
0.083272
0.0851604
0.0838981
0.0833614
0.0844447
0.0842638
0.0840992
0.0841619
0.0871663
0.0844708
0.0829839
0.0832202
0.0840921
0.0829717
0.0837362
0.0972326
0.107148
0.107377
0.109809
0.111102
0.107115
0.105839
0.0971215
0.0827137
0.0827539
0.0841986
0.082814
0.0836469
0.0828825
0.118916
0.0989689
0.0832289
0.0830931
0.0826659
0.0824675
0.0837385
0.0827007
0.0825539
0.0832563
0.0829382
0.0825343
0.0827906
0.0833564
0.0848093
0.084105
0.0843109
0.0829855
0.0828432
0.0823375
0.0832996
0.0880091
0.0822766
0.0828444
0.0841233
0.0843623
0.0833917
0.0832742
0.0971425
0.0967971
0.0894694
0.0864959
0.0847604
0.0851696
0.0848319
0.08634
0.0861989
0.0890496
0.0846995
0.0898341
0.0875975
0.0837869
0.0829508
0.0825042
0.0818049
0.0826914
0.0827736
0.0901036
0.0843263
0.0832026
0.0831323
0.0828792
0.0825942
0.0827324
0.0879117
0.0864309
0.0832263
0.0834021
0.082956
0.084749
0.0824909
0.0832023
0.0871272
0.0825545
0.0831882
0.0822104
0.0829413
0.0834589
0.0833068
0.0876582
0.0820841
0.0836238
0.0828057
0.0828756
0.0837918
0.0836073
0.0835855
0.0827043
0.0829964
0.0884163
0.0893732
0.0867329
0.0838843
0.0840055
0.0853114
0.0855387
0.0842984
0.0846304
0.0849273
0.0842086
0.083054
0.0830501
0.0825762
0.0847049
0.0884642
0.083092
0.0827504
0.0828578
0.0832885
0.0823266
0.0829887
0.0896165
0.091596
0.0874063
0.0858407
0.0966167
0.0865625
0.0845946
0.0844168
0.0849904
0.0836852
0.0839363
0.0936218
0.0999798
0.0887975
0.0849045
0.0832278
0.0839465
0.0883116
0.0838706
0.0907455
0.0869876
0.102145
0.111428
0.0902241
0.0852904
0.0858767
0.0829511
0.0839251
0.0839293
0.0984956
0.106732
0.0945507
0.0849085
0.0844039
0.0837903
0.0850751
0.0843268
0.0986838
0.126556
0.104604
0.0918656
0.0841879
0.0827521
0.0838361
0.0835626
0.0869014
0.0868865
0.109085
0.109542
0.105868
0.0838682
0.0833329
0.0828258
0.0832498
0.0824267
0.0826007
0.0873635
0.101454
0.0858174
0.0831545
0.0832221
0.0837597
0.0831412
0.087693
0.0833211
0.0822455
0.0838261
0.0825265
0.0831399
0.0828094
0.0880311
0.0847252
0.0860508
0.0844618
0.0833547
0.0831465
0.0832524
0.0863302
0.0851027
0.0845532
0.0836134
0.0826542
0.0871695
0.0833607
0.0838394
0.0840511
0.083885
0.0853365
0.0835136
0.087037
0.0858201
0.0828341
0.0832863
0.0837138
0.0851589
0.0830232
0.0832586
0.0846082
0.0828147
0.08934
0.083311
0.0834443
0.0853581
0.0831096
0.0835351
0.0848698
0.0842396
0.0859902
0.0856982
0.0842464
0.0827914
0.0839034
0.082802
0.0834882
0.0824254
0.083559
0.0848077
0.0828295
0.082859
0.0832329
0.0836316
0.0825968
0.0836663
0.0907466
0.0849132
0.0873743
0.0865874
0.0846197
0.0830571
0.0852585
0.094458
0.0851657
0.0828007
0.0836427
0.0828669
0.083312
0.082595
0.0865562
0.0822147
0.082489
0.084584
0.0844335
0.0829501
0.0932734
0.0867487
0.0828684
0.0824504
0.082717
0.0822276
0.0842617
0.0825707
0.0892552
0.083465
0.0826045
0.0827407
0.0828259
0.0836786
0.0835033
0.0889391
0.0848901
0.0835352
0.0824185
0.0822893
0.0830859
0.0829581
0.085671
0.0911151
0.0838718
0.083086
0.0844463
0.083066
0.081966
0.0825343
0.0898136
0.0824366
0.082972
0.082527
0.0836995
0.0828152
0.0832593
0.0852216
0.084674
0.0840563
0.0830762
0.0863618
0.0890562
0.0857298
0.0866332
0.0861072
0.0830462
0.0843096
0.0841815
0.0835829
0.0853594
0.0849799
0.0830071
0.0844077
0.0873118
0.0825629
0.0843489
0.083888
0.0831557
0.0847513
0.0835428
0.0860489
0.0876599
0.0825205
0.0834402
0.0837471
0.0827697
0.0824158
0.0829912
0.0941603
0.0973288
0.104612
0.0841856
0.0828115
0.0831339
0.0832196
0.0834426
0.0821858
0.0835096
0.0834602
0.083518
0.0831095
0.0828569
0.0833789
0.0833184
0.0831657
0.0833398
0.0829583
0.0863876
0.0831
0.0828722
0.083067
0.083259
0.0843233
0.0841899
0.0842918
0.0844236
0.0832865
0.083335
0.0830143
0.0828272
0.0829477
0.0830233
0.0841246
0.0827771
0.0844516
0.0829253
0.0828192
0.0850681
0.0846177
0.0859184
0.0837748
0.0850844
0.0837698
0.0841633
0.0966393
0.0857574
0.0845005
0.0843734
0.084798
0.0821424
0.0828687
0.0956528
0.104887
0.0998661
0.0826422
0.0829093
0.083304
0.0847395
0.0859979
0.084627
0.0841169
0.0831027
0.0834996
0.0833715
0.0821806
0.0835392
0.0830416
0.0843448
0.0832939
0.0844862
0.0838118
0.0835034
0.0852761
0.0839575
0.0844364
0.0830831
0.0831933
0.0830593
0.083219
0.0832215
0.082575
0.0832499
0.100466
0.0929129
0.0971391
0.0829559
0.0822614
0.084324
0.082555
0.0835039
0.0842352
0.0833705
0.0836119
0.0827818
0.0839903
0.0832694
0.0839103
0.0828865
0.0828583
0.0851241
0.0828887
0.0841147
0.0833232
0.08366
0.0830488
0.0835635
0.0842214
0.0824745
0.0839434
0.0823722
0.0830148
0.0840807
0.0821469
0.0839211
0.0836325
0.0846478
0.0835801
0.0838542
0.0833175
0.0828909
0.0847145
0.0832612
0.0831519
0.0834775
0.0828012
0.0822259
0.0842797
0.0842532
0.0832548
0.0829686
0.0846755
0.0826308
0.0832847
0.0824852
0.0836076
0.0826593
0.0829189
0.0825803
0.082897
0.0845194
0.08259
0.0833432
0.0830382
0.0825288
0.0863797
0.0949166
0.0841444
0.084119
0.0853911
0.083037
0.0821796
0.0828643
0.0851629
0.0883908
0.0824694
0.0821887
0.0832541
0.0821615
0.0840763
0.0826793
0.0830051
0.0827622
0.0827778
0.0840845
0.0835946
0.0835524
0.0832914
0.0825224
0.0835201
0.0822665
0.0837817
0.083108
0.0837111
0.0850393
0.0843537
0.0832941
0.0828473
0.0837008
0.0832568
0.0832884
0.0830062
0.0825348
0.0836079
0.083024
0.0879933
0.0835595
0.0837067
0.0890182
0.0858887
0.0845695
0.0832853
0.0833572
0.0834568
0.0826658
0.0875966
0.0842916
0.0831806
0.0846463
0.0838221
0.0834266
0.0835693
0.0833073
0.0879561
0.0837174
0.0826897
0.0828904
0.0838485
0.0831393
0.0831832
0.0835046
0.0835961
0.0840376
0.0838051
0.0854699
0.0862673
0.0827128
0.0839804
0.0830516
0.0832853
0.0828745
0.0823389
0.102673
0.0845941
0.0835167
0.0836348
0.0830742
0.083528
0.0823184
0.0832536
0.0826148
0.0827575
0.0847741
0.0837195
0.0834198
0.0830633
0.0842059
0.0835007
0.0831532
0.0848319
0.0831203
0.0832401
0.087507
0.0844686
0.0830153
0.0828238
0.0824459
0.0845239
0.0835699
0.0826125
0.0827249
0.0828241
0.0829754
0.0819164
0.0967539
0.0911095
0.0837334
0.0832912
0.0842839
0.0844134
0.0833365
0.0828555
0.0826021
0.0830546
0.0904164
0.0837029
0.0838609
0.0853539
0.0834016
0.083041
0.083198
0.0825818
0.0828618
0.0833141
0.0842251
0.0838253
0.0902334
0.0859877
0.0824557
0.0834699
0.0832753
0.0835438
0.0842449
0.0847386
0.0832671
0.0844814
0.0845389
0.0841026
0.0839098
0.0826434
0.082749
0.0825113
0.0833048
0.0827288
0.0827332
0.0891847
0.0831201
0.0850145
0.0838591
0.0847084
0.0840406
0.0830601
0.0828755
0.0825096
0.0828281
0.0831615
0.0881811
0.0890296
0.0837084
0.082736
0.0839795
0.082752
0.0836443
0.0823893
0.091376
0.0850616
0.0831527
0.0829363
0.0834676
0.0835465
0.0824839
0.0890768
0.0835873
0.0825404
0.0829634
0.0827805
0.0828091
0.0833478
0.0871599
0.0830432
0.0831441
0.082831
0.0824268
0.0830473
0.082764
0.090416
0.0911197
0.0846063
0.0827439
0.0847137
0.0827742
0.0837869
0.0842424
0.0837135
0.0826039
0.0852617
0.0820458
0.0862744
0.0838323
0.0825587
0.0827609
0.0824633
0.0855101
0.128715
0.0883448
0.09434
0.0895763
0.0945243
0.101405
0.0865049
0.0879476
0.0828264
0.0869754
0.093493
0.0899554
0.083697
0.0834816
0.0843552
0.082712
0.0852926
0.0833505
0.104089
0.095018
0.0837129
0.08647
0.0895085
0.0828983
0.0821907
0.0833689
0.0824101
0.0844066
0.0827429
0.0833052
0.0824286
0.0832118
0.0877859
0.0823863
0.0826298
0.0835176
0.082449
0.0841564
0.082295
0.0838608
0.083132
0.0828533
0.08371
0.0847268
0.0899056
0.0837368
0.0831424
0.0827652
0.0849972
0.0864322
0.0853087
0.0831505
0.0838306
0.0834774
0.0826978
0.082242
0.0882702
0.082952
0.0843905
0.0832164
0.0828898
0.0849923
0.0834051
0.0837999
0.088774
0.0863737
0.0837991
0.0827602
0.0877692
0.0825535
0.0839336
0.0828957
0.083166
0.0843127
0.083672
0.0833114
0.0830241
0.0832992
0.0828994
0.0835435
0.0862919
0.0837172
0.083129
0.0836266
0.0822036
0.090573
0.0843629
0.0831506
0.0895404
0.107586
0.0911206
0.0856468
0.0854372
0.0837534
0.0870404
0.0831769
0.0848345
0.0844557
0.0846537
0.0896671
0.0828977
0.0882942
0.0854317
0.0827907
0.0924829
0.0899821
0.116967
0.0901739
0.0879963
0.0840688
0.0838288
0.0868165
0.0848441
0.0849292
0.0842983
0.0885825
0.0844934
0.0843635
0.0845265
0.0862664
0.0840897
0.0884245
0.0849221
0.0909927
0.0840224
0.0825926
0.0832898
0.0836765
0.0870833
0.0832281
0.0838583
0.0851125
0.0830512
0.0861526
0.0830123
0.0831143
0.083809
0.0827174
0.0870265
0.0862258
0.0863016
0.0834634
0.0835561
0.0866397
0.0835439
0.0862632
0.0835621
0.0843211
0.0832625
0.0824457
0.0828199
0.0835116
0.0837162
0.083987
0.0839
0.0830674
0.0861078
0.0829835
0.0829762
0.0852579
0.0832117
0.0836687
0.0833799
0.0846747
0.0848663
0.0832807
0.0893149
0.0859172
0.0843671
0.0833747
0.0839786
0.0834195
0.0828718
0.0830542
0.0833848
0.0833735
0.0874709
0.0841138
0.083406
0.0825673
0.0838959
0.0847998
0.082678
0.0879004
0.0823891
0.0851571
0.0838313
0.0826625
0.0830108
0.0830249
0.0828562
0.0834616
0.0864627
0.082655
0.0821408
0.0826989
0.0829357
0.0833213
0.0842115
0.0876524
0.0849637
0.0839632
0.0852214
0.0830855
0.0829733
0.0837315
0.0829461
0.0834229
0.0839175
0.0828434
0.082946
0.0850884
0.0839179
0.0835867
0.0849871
0.0833639
0.0835754
0.083919
0.0838654
0.0826133
0.0840115
0.085099
0.084294
0.0872047
0.0841476
0.0824713
0.0841659
0.0830714
0.082564
0.0835954
0.0832924
0.0915996
0.0959861
0.114745
0.0931149
0.0867128
0.0855486
0.0877687
0.087671
0.0864537
0.0847378
0.0840349
0.0835588
0.0836756
0.0848407
0.0828879
0.083779
0.08889
0.0829904
0.0850082
0.0826387
0.0829159
0.0832057
0.0827862
0.0830919
0.0842945
0.0844343
0.0835181
0.0878704
0.0843693
0.0871218
0.0918304
0.0837751
0.0849285
0.0830208
0.0875114
0.0843431
0.0891989
0.085314
0.0845947
0.0855234
0.0862218
0.0846282
0.0828099
0.0862589
0.0857103
0.0841028
0.085568
0.0855473
0.0858793
0.085325
0.0857359
0.084421
0.0833994
0.0842892
0.0835206
0.0837825
0.0834407
0.0839088
0.0823404
0.0840524
0.102061
0.0986088
0.0999318
0.0939079
0.100279
0.0923876
0.0884568
0.0861648
0.0950375
0.088834
0.0876352
0.0919248
0.0856304
0.0843238
0.0918103
0.0830606
0.0867975
0.0855074
0.0843828
0.0850114
0.084604
0.0851504
0.0858925
0.0840151
0.0837157
0.0860055
0.0839287
0.0834726
0.0827782
0.0838581
0.0845617
0.0893461
0.102674
0.0863786
0.08368
0.0845962
0.106335
0.0931189
0.0825973
0.0945447
0.0934567
0.0835241
0.0831056
0.0872655
0.0843557
0.0827938
0.0828678
0.0825987
0.0831559
0.0824924
0.0921944
0.104734
0.106864
0.092441
0.0835456
0.0838745
0.0877309
0.0863612
0.0832243
0.0848262
0.0852853
0.0929422
0.103836
0.101915
0.0845076
0.0848019
0.0828338
0.0836706
0.083519
0.0833734
0.0828957
0.0830016
0.0825521
0.0842857
0.0821406
0.0826212
0.0827821
0.0835098
0.0846685
0.0835638
0.0835564
0.0837943
0.0825603
0.0831198
0.0826914
0.102454
0.112161
0.110376
0.106684
0.0887535
0.0838949
0.083234
0.0826824
0.083248
0.082661
0.0823378
0.102133
0.0972395
0.0845885
0.0823946
0.0848213
0.0847937
0.0834739
0.0826183
0.0884801
0.082573
0.0840536
0.0834864
0.0829132
0.0839121
0.0828576
0.0824037
0.0836448
0.0834704
0.0841333
0.083573
0.0835807
0.0825067
0.0827582
0.083693
0.0834913
0.0839045
0.083261
0.0828259
0.0836911
0.083739
0.0841168
0.0830036
0.0839805
0.083138
0.0852958
0.108311
0.101737
0.107618
0.0913507
0.0840262
0.0856446
0.0844834
0.0850009
0.0843747
0.0838921
0.086159
0.0853182
0.0833549
0.0827088
0.082603
0.0826617
0.0833907
0.0851118
0.0826504
0.0828348
0.0829887
0.0832178
0.0838266
0.0830547
0.0831638
0.0826088
0.0843161
0.0826079
0.0831833
0.0958993
0.0993912
0.0897551
0.0838534
0.0834765
0.0833461
0.0823148
0.0839118
0.0824792
0.0864201
0.0851998
0.0845568
0.0829661
0.0831813
0.0846713
0.0838873
0.0881688
0.0843366
0.082718
0.0835437
0.0830869
0.0858513
0.084138
0.106239
0.0897627
0.0823335
0.0849723
0.0839797
0.0870021
0.083901
0.0842456
0.0851776
0.0833066
0.0827128
0.0840629
0.0864545
0.083391
0.0909609
0.0986191
0.104197
0.0995729
0.0859906
0.083707
0.0833101
0.0840728
0.0844495
0.0838021
0.0832
0.0926915
0.083381
0.0826726
0.0848103
0.0831331
0.0834646
0.084029
0.0827031
0.0841988
0.083184
0.0862881
0.0832963
0.0827716
0.0825205
0.0828047
0.0827859
0.0836503
0.0859784
0.0843096
0.0824825
0.0826302
0.0856279
0.0878995
0.0839877
0.0838311
0.0835938
0.0827926
0.0829753
0.0826711
0.0826913
0.0823281
0.0826476
0.085784
0.0831018
0.0846976
0.0832483
0.0850127
0.0825593
0.0826054
0.0844968
0.0822667
0.0837892
0.0933706
0.107233
0.105803
0.0870609
0.0837769
0.0833623
0.0839866
0.0822083
0.0822956
0.0826467
0.0837129
0.0823494
0.0828499
0.0866403
0.0834286
0.0840549
0.0819923
0.0829262
0.0833651
0.082783
0.0874996
0.0824316
0.084225
0.0831772
0.0825349
0.0841587
0.0839983
0.0878779
0.0830511
0.0829334
0.0845033
0.0828043
0.0831818
0.0821411
0.083879
0.0833255
0.0829805
0.0909154
0.0960272
0.0937947
0.0836805
0.0840253
0.0824992
0.0846827
0.0824922
0.0824625
0.0839803
0.0822248
0.0820886
0.0845652
0.0832908
0.0839447
0.083507
0.0843451
0.0826979
0.0824673
0.0879918
0.0831456
0.084207
0.0825063
0.082047
0.0844699
0.0843186
0.0835742
0.082575
0.0831317
0.0836176
0.0826757
0.0839251
0.0823873
0.0831211
0.0830017
0.0828846
0.0832859
0.0827135
0.0833471
0.0841673
0.0843896
0.0840153
0.083921
0.0867355
0.0846801
0.0845799
0.0840814
0.0833347
0.0840185
0.0832559
0.0919699
0.0981212
0.101457
0.083043
0.0823444
0.0830528
0.0841383
0.0852755
0.0821958
0.0844984
0.0832504
0.0823931
0.0843144
0.0838143
0.084716
0.083738
0.0872513
0.0950274
0.0916217
0.0838156
0.0832481
0.0832034
0.0847438
0.0850213
0.0833256
0.0841304
0.0846147
0.0835447
0.0864659
0.0843989
0.0830674
0.0826459
0.0837776
0.0833094
0.0843628
0.0838079
0.0832303
0.0933907
0.0982129
0.0967434
0.104094
0.0883005
0.0834258
0.0843873
0.0828009
0.0836927
0.0829352
0.0847905
0.0862703
0.0834398
0.0911657
0.0957656
0.0880442
0.0825828
0.083181
0.0843287
0.0839232
0.0834998
0.0821745
0.0844061
0.084035
0.082735
0.0826734
0.0828962
0.0841171
0.0825692
0.0946305
0.0919932
0.0842297
0.0838317
0.084084
0.0829947
0.0843127
0.0820842
0.082578
0.0835517
0.0834984
0.0854356
0.0843423
0.0852209
0.0843639
0.0832718
0.0829801
0.0825425
0.08358
0.0826092
0.0834451
0.0830821
0.0828398
0.0831579
0.0832148
0.0838586
0.0839085
0.0860749
0.0855774
0.0834276
0.0832925
0.0834763
0.0861442
0.0844722
0.084708
0.0831409
0.0859032
0.085351
0.0834773
0.0841851
0.084158
0.0833726
0.084024
0.0826076
0.0828127
0.0835523
0.0834262
0.08284
0.0836902
0.0837957
0.0832638
0.0835217
0.0824078
0.0832969
0.0830441
0.0824186
0.0833687
0.0825628
0.0833912
0.0842574
0.0841148
0.0839442
0.0830652
0.0836689
0.0837298
0.0828268
0.0831275
0.0826464
0.0836072
0.0832412
0.0950518
0.102641
0.0905234
0.0876583
0.0850208
0.0856401
0.0870453
0.110456
0.0864597
0.0845704
0.0826395
0.0868206
0.0823018
0.0911987
0.0968975
0.0851876
0.0831043
0.0828753
0.082615
0.0840218
0.0841997
0.084997
0.0877761
0.0837449
0.0849239
0.0832757
0.0826172
0.0826673
0.0825488
0.0869442
0.0831632
0.0827917
0.0831487
0.0835163
0.0829136
0.0845436
0.084573
0.0827673
0.0831739
0.0831489
0.0827314
0.0832061
0.0822687
0.082484
0.0829761
0.0832833
0.0823254
0.0825335
0.0877861
0.0830769
0.0838533
0.0830709
0.0833856
0.0838408
0.0821152
0.0822191
0.0832889
0.0851283
0.0857689
0.0836057
0.0835348
0.0829976
0.0827158
0.084265
0.0825997
0.0859611
0.0828001
0.0830024
0.0829986
0.0830647
0.0832971
0.0836662
0.0842886
0.0841861
0.0827322
0.0831801
0.0830093
0.0829992
0.0826489
0.0836808
0.0841238
0.0833701
0.0839315
0.082807
0.0869888
0.0852129
0.0866227
0.0863475
0.0840507
0.0859131
0.0834626
0.0868509
0.0870228
0.0842301
0.0873378
0.0882823
0.0870273
0.0858189
0.103098
0.0831121
0.0826344
0.0843318
0.0880311
0.0870512
0.0890993
0.107953
0.0861963
0.0832843
0.0825824
0.0853502
0.108528
0.104237
0.0904121
0.0832037
0.0947316
0.0856142
0.0827823
0.0841833
0.0834834
0.0874363
0.0833075
0.0837571
0.0828475
0.0824746
0.0831437
0.0824725
0.0833893
0.0835692
0.0824988
0.0833018
0.0836189
0.0874136
0.0838929
0.0831374
0.0843869
0.0829512
0.0836488
0.0824261
0.0830984
0.0831617
0.0831105
0.0873652
0.0839277
0.0826466
0.0835686
0.0831008
0.0833175
0.0835363
0.0867945
0.0823298
0.0836764
0.0833255
0.0823709
0.0836431
0.0828365
0.0836777
0.0847939
0.0845885
0.0853365
0.083239
0.0828678
0.0827375
0.0831547
0.0830443
0.0827997
0.0860817
0.0827106
0.0834624
0.0823606
0.0838718
0.0842667
0.0821772
0.0833407
0.082707
0.0843268
0.0829875
0.0825079
0.0858496
0.0837907
0.0841991
0.0858912
0.0824089
0.082982
0.0827026
0.0846267
0.0826176
0.0838605
0.0834628
0.0830964
0.0838548
0.0829267
0.0838034
0.0850891
0.0912122
0.0849768
0.0848841
0.0873091
0.0850868
0.0851918
0.084479
0.0853676
0.0821945
0.0830429
0.0840345
0.0829623
0.0837225
0.0822074
0.0834592
0.0827933
0.0829654
0.0834152
0.0824296
0.0850165
0.084484
0.0860184
0.0844409
0.0829966
0.0856874
0.0836575
0.0832786
0.0831468
0.0826446
0.0835244
0.08278
0.0836573
0.082508
0.0830222
0.0825565
0.0840603
0.104087
0.0989381
0.0937204
0.098716
0.0921543
0.0853742
0.083162
0.0871555
0.0970374
0.114971
0.0887383
0.096363
0.10131
0.0888008
0.0967329
0.0921993
0.088332
0.0910842
0.0917411
0.0873176
0.100066
0.0951943
0.103893
0.0934988
0.0878548
0.0883619
0.0984904
0.089433
0.0859997
0.0967939
0.0837609
0.0834865
0.0834272
0.0828499
0.0832849
0.0824656
0.084855
0.0833921
0.0832847
0.0826899
0.082318
0.0838004
0.0828709
0.0837017
0.084376
0.0824767
0.084548
0.0825114
0.0823438
0.0826004
0.0832704
0.0833544
0.0831555
0.086076
0.0835348
0.0842133
0.0837138
0.0823931
0.0837157
0.0824413
0.0825784
0.0823437
0.0830283
0.0831523
0.0827315
0.0861222
0.0834165
0.0832954
0.0825479
0.0821548
0.0828363
0.0831144
0.0833097
0.0832328
0.0831489
0.0834004
0.0828108
0.0843393
0.0835566
0.0826092
0.0840269
0.0835523
0.083337
0.0824754
0.0827913
0.0843838
0.0825093
0.0833002
0.0821648
0.0913444
0.0977116
0.0845141
0.0822835
0.0830371
0.0831137
0.0836142
0.0824811
0.0827712
0.0828291
0.0823024
0.0850934
0.082881
0.0827935
0.0825883
0.0829378
0.0845282
0.0822875
0.0829187
0.0827128
0.0838268
0.0836879
0.0826003
0.0832533
0.0826282
0.0835562
0.0844465
0.0820258
0.083439
0.0838158
0.0828432
0.0825136
0.0871836
0.102632
0.0995515
0.0877828
0.0833252
0.0833918
0.0839968
0.0852161
0.0845899
0.0825433
0.0828595
0.0823832
0.0834203
0.0839056
0.0825224
0.0875075
0.082748
0.0842095
0.0835405
0.0832553
0.0854381
0.0824161
0.0953873
0.0835769
0.0825143
0.0826382
0.0819836
0.0830464
0.0851533
0.0834826
0.0829737
0.0834836
0.0826577
0.0832908
0.0825534
0.0831609
0.082955
0.0925182
0.0824979
0.0834014
0.0835209
0.0831048
0.083026
0.0830111
0.0830164
0.0822958
0.0830305
0.0836504
0.0829814
0.0835605
0.0822469
0.0836478
0.0839728
0.0831079
0.0833076
0.0833051
0.0832876
0.083238
0.0840327
0.083479
0.0828297
0.083519
0.0826188
0.0833361
0.0824786
0.0826253
0.0842018
0.082484
0.0962736
0.0827038
0.0824957
0.0851877
0.0834276
0.0825461
0.0826949
0.0829703
0.0912269
0.0832297
0.0835218
0.0824517
0.0844294
0.0833596
0.0839717
0.0912315
0.0937915
0.0867517
0.0839402
0.0862147
0.0839542
0.0845205
0.0850306
0.127295
0.10608
0.0844714
0.0827621
0.0825232
0.08346
0.0827403
0.0840534
0.0828822
0.084411
0.083085
0.0823082
0.0897757
0.0869105
0.0838037
0.0848611
0.0848197
0.0844185
0.0831614
0.0902084
0.120137
0.11188
0.1014
0.0853175
0.0854338
0.086504
0.0858442
0.0849667
0.0825341
0.083726
0.0832807
0.0834339
0.0820573
0.0833712
0.0906297
0.0845869
0.0835281
0.0828247
0.0830823
0.082782
0.0827427
0.0833816
0.0826817
0.0828472
0.0828157
0.0833981
0.0891643
0.0824843
0.0834325
0.0830437
0.0830339
0.0829123
0.0822626
0.0851364
0.0830724
0.0894289
0.0856348
0.0829813
0.0840076
0.0820422
0.0830888
0.0833366
0.0838749
0.0856794
0.0825551
0.0839319
0.0824656
0.0839365
0.0827018
0.0825856
0.0832073
0.0827769
0.0830777
0.0834448
0.0871274
0.0837923
0.0823177
0.0836913
0.0833957
0.0836756
0.082465
0.0836381
0.0829965
0.0831904
0.0838326
0.0839879
0.0849897
0.0830519
0.0824734
0.0837226
0.082772
0.0830113
0.0820275
0.0834756
0.090007
0.0854135
0.0834364
0.0841337
0.0914968
0.0847311
0.0831237
0.0845346
0.0831848
0.083394
0.0910145
0.113236
0.105531
0.0931304
0.0834613
0.0831737
0.0843574
0.0823551
0.0858057
0.13061
0.112259
0.112598
0.114855
0.108565
0.107218
0.107615
0.102372
0.0838534
0.0828072
0.0829409
0.0823878
0.0829142
0.0846575
0.09821
0.11357
0.102476
0.0832216
0.0826295
0.0876479
0.0836414
0.084117
0.0828044
0.0932847
0.091331
0.0836614
0.0832263
0.0836955
0.0843453
0.0833337
0.0863565
0.0844491
0.0829502
0.0830032
0.0821402
0.0835767
0.0825451
0.0960147
0.108269
0.107949
0.111001
0.114931
0.10852
0.107696
0.109501
0.106607
0.0972148
0.0961202
0.109218
0.118876
0.0953427
0.0942754
0.0947526
0.0908275
0.0931571
0.0906228
0.0950378
0.0938152
0.0941026
0.0952355
0.095101
0.0948913
0.101995
0.101859
0.090305
0.0896058
0.0878104
0.0880974
0.0911047
0.0882196
0.0939
0.108671
0.106961
0.100129
0.0842448
0.0836694
0.085326
0.0856082
0.0846823
0.0843683
0.0851429
0.0875434
0.0826812
0.0831946
0.0823109
0.0831572
0.0838125
0.0829089
0.0840596
0.0843195
0.0870581
0.0834222
0.0837952
0.0828986
0.0822599
0.0830256
0.0828509
0.0826574
0.0832372
0.0834302
0.0833616
0.0821602
0.0846796
0.0848431
0.083329
0.0973569
0.0913065
0.0830175
0.0830149
0.0831457
0.0827517
0.0833096
0.0832423
0.0925331
0.107582
0.0890263
0.0842546
0.0858219
0.0841579
0.0830685
0.082522
0.100257
0.13027
0.1095
0.087004
0.083326
0.0827995
0.0826171
0.0826951
0.0837878
0.0830132
0.0832668
0.0823931
0.0836272
0.0838337
0.0827251
0.0840394
0.0825035
0.0825194
0.082402
0.0839653
0.0827794
0.0820872
0.0884338
0.082423
0.082842
0.083744
0.0835973
0.0840765
0.0830684
0.0871575
0.0824589
0.0825934
0.0835914
0.0825384
0.0826109
0.083001
0.0836286
0.0833955
0.0830404
0.0866852
0.0828231
0.0842727
0.0830097
0.0827005
0.0835804
0.082716
0.082935
0.0827349
0.0840745
0.0833001
0.0827869
0.0838311
0.0838432
0.0823281
0.0823323
0.0829731
0.0823309
0.0830822
0.103445
0.0825607
0.0833812
0.0835212
0.0854054
0.0824229
0.0825227
0.0902395
0.0993526
0.0949905
0.0871936
0.0860332
0.0829453
0.0823416
0.086422
0.0831618
0.0836022
0.0825068
0.0917885
0.09684
0.0835826
0.0835967
0.0830533
0.0864865
0.088198
0.0911697
0.0843214
0.084809
0.0857332
0.0847219
0.0845509
0.0843503
0.0829817
0.0847928
0.0879314
0.086031
0.0833493
0.0837422
0.082934
0.084328
0.0834786
0.0832757
0.084409
0.08368
0.0955379
0.0904511
0.0854333
0.0831794
0.0837383
0.0847372
0.0832786
0.0830669
0.0960688
0.0935696
0.0837153
0.0830212
0.086339
0.083414
0.0851894
0.0825887
0.0825095
0.0849222
0.0845972
0.0859293
0.0832319
0.104781
0.0863248
0.0835083
0.0853452
0.0865048
0.088058
0.0840334
0.0951224
0.0968032
0.0897952
0.0840842
0.0838679
0.0857417
0.0832829
0.0855583
0.0846405
0.085276
0.0841829
0.0837734
0.0832399
0.0837084
0.0838336
0.082801
0.082764
0.0821164
0.0831464
0.0823064
0.0848325
0.0905423
0.0828573
0.0826355
0.0836609
0.0836042
0.0835257
0.0822871
0.0840674
0.0857504
0.083598
0.0835426
0.083688
0.0879515
0.0827898
0.0826977
0.0825465
0.0829751
0.0828273
0.0823579
0.0842691
0.0845579
0.0848198
0.0824138
0.0823678
0.0838881
0.0832221
0.0837618
0.0840634
0.0828988
0.0854237
0.0826823
0.0839278
0.0851879
0.0869811
0.0830993
0.0832883
0.0842468
0.0830467
0.0831963
0.0850441
0.0854949
0.0830237
0.0833647
0.088209
0.0830312
0.0834828
0.0824328
0.0828742
0.0830734
0.0826513
0.0846845
0.0828284
0.0829731
0.082529
0.084077
0.0825429
0.0826758
0.0849034
0.0828271
0.0822217
0.0837348
0.0824463
0.0822616
0.0846113
0.0841438
0.0874021
0.0822815
0.0828707
0.0826469
0.0833065
0.0834706
0.0821312
0.0836352
0.0823175
0.0843089
0.0828663
0.0825155
0.0821516
0.0822477
0.083047
0.0830569
0.0830263
0.0825425
0.0835029
0.0848311
0.0839909
0.0826364
0.0839658
0.0837643
0.0822652
0.0829149
0.0829374
0.0836478
0.0831525
0.0826012
0.0823114
0.0831066
0.0834543
0.0833695
0.0831835
0.0828873
0.0834857
0.0854283
0.0838802
0.0840813
0.0841323
0.0874201
0.0850542
0.0844946
0.0841662
0.0835371
0.083934
0.0842709
0.0835785
0.0828745
0.0830932
0.0832212
0.0824464
0.0838861
0.0843116
0.0829974
0.0831124
0.0852492
0.0837057
0.0851054
0.0870878
0.0828781
0.0831295
0.084586
0.0837825
0.0832279
0.084646
0.0852608
0.0856656
0.0846705
0.0837379
0.0838545
0.0835328
0.0856218
0.0848297
0.0843162
0.0843827
0.0848846
0.0836297
0.0832272
0.0847254
0.0852944
0.0833536
0.0829054
0.0839207
0.0847491
0.0843445
0.0850976
0.0835422
0.0843109
0.0851994
0.0832601
0.0850335
0.0845533
0.085007
0.0845533
0.0846781
0.0842348
0.0832928
0.0841751
0.0852378
0.0852324
0.0851599
0.0841789
0.0851116
0.0832178
0.0840023
0.0835292
0.0833433
0.0851024
0.0891633
0.083319
0.0835853
0.085367
0.0861968
0.0828485
0.0845538
0.0833432
0.0824125
0.0837856
0.0851659
0.0829938
0.0830232
0.0844097
0.0838315
0.0837194
0.0831735
0.084736
0.0839891
0.082519
0.0832575
0.0832934
0.0838132
0.0837048
0.0835814
0.0828513
0.0838853
0.0857031
0.0836636
0.0835544
0.0841746
0.0836197
0.0843511
0.0830184
0.0839048
0.0837109
0.0842758
0.0827166
0.0842398
0.0841669
0.0841803
0.0851053
0.084786
0.0833382
0.0836086
0.0850594
0.0841154
0.0829066
0.0838921
0.0835071
0.0858076
0.0833711
0.0831007
0.0842825
0.0824385
0.0828328
0.08367
0.0851264
0.0845491
0.0827504
0.0844854
0.0825235
0.0830175
0.0824565
0.0834904
0.0844012
0.0826101
0.0831874
0.0825495
0.0827203
0.0831049
0.08277
0.082918
0.0834436
0.0844413
0.0844898
0.0831876
0.0855569
0.0840664
0.0829047
0.0829395
0.0837489
0.0829581
0.0846908
0.0836072
0.0838742
0.0836597
0.0875388
0.0832452
0.084013
0.0839804
0.0831612
0.0851707
0.0831585
0.0839347
0.0840882
0.0833679
0.0879041
0.0920072
0.0879378
0.0884534
0.0900538
0.092131
0.0839893
0.0881118
0.0865999
0.086287
0.0856535
0.0828422
0.0836584
0.0838836
0.0830812
0.0850406
0.084245
0.0825954
0.0834245
0.0835443
0.0832397
0.0829295
0.0835666
0.0831362
0.08325
0.0835172
0.0831046
0.0839122
0.0832929
0.0846271
0.0836906
0.0834707
0.0835493
0.0831372
0.0827626
0.0837101
0.0833951
0.0841153
0.0836892
0.0843645
0.0840687
0.082224
0.0833178
0.0825411
0.0835564
0.0830575
0.0841675
0.0835972
0.0828921
0.0832688
0.083633
0.0849277
0.0828795
0.08374
0.0827567
0.0836452
0.0834472
0.0841884
0.0837926
0.084317
0.0851333
0.0865473
0.0841526
0.0835104
0.0838195
0.102486
0.142712
0.108908
0.0824687
0.0827313
0.0826477
0.0828024
0.0830491
0.0832245
0.102521
0.0855203
0.0830711
0.0824608
0.0826116
0.0821274
0.0823582
0.0868884
0.0830942
0.0851689
0.0832677
0.0836843
0.0827832
0.0823783
0.0985741
0.0846943
0.0831242
0.0833142
0.0834324
0.0824943
0.0828667
0.0823329
0.0840036
0.0835643
0.0846041
0.0825728
0.0836607
0.0836237
0.0831605
0.0826901
0.0832042
0.0827309
0.0827659
0.0833607
0.086378
0.0828752
0.0825845
0.0827517
0.0823983
0.0835919
0.083367
0.0829563
0.0826169
0.0832135
0.0831038
0.0837888
0.084026
0.0833557
0.0836615
0.082319
0.0837139
0.08331
0.0830801
0.0830742
0.0838207
0.082492
0.0826449
0.0828401
0.0841737
0.0851449
0.0826498
0.0838591
0.0823481
0.0830404
0.082407
0.083081
0.082488
0.0849877
0.0835887
0.0837731
0.0835838
0.0832576
0.0834228
0.0830706
0.0832031
0.0824032
0.0841087
0.0828741
0.0836208
0.0863501
0.0829553
0.0833952
0.0835551
0.083429
0.0825389
0.0837518
0.0852128
0.0833384
0.0866331
0.0886316
0.0825719
0.084191
0.082267
0.0829237
0.0826248
0.0826373
0.089976
0.0833098
0.0860678
0.0849076
0.0837742
0.0824501
0.0825963
0.082643
0.0836653
0.0836508
0.0833746
0.0870481
0.0845997
0.0835747
0.083048
0.0837673
0.082348
0.0833125
0.0829275
0.0836174
0.0824458
0.0837759
0.082838
0.0833291
0.0839313
0.0831111
0.0837081
0.0824855
0.0830557
0.0829588
0.0825124
0.084595
0.0835114
0.0843114
0.0832221
0.0840644
0.0889657
0.0837017
0.0837207
0.082592
0.0832971
0.0840532
0.0838546
0.0842675
0.0835973
0.0843776
0.0827424
0.0826293
0.0825349
0.0829756
0.083043
0.0827084
0.082304
0.0826886
0.0825763
0.0883723
0.0836449
0.0839799
0.0829071
0.0826514
0.0831393
0.0821595
0.0908153
0.0831681
0.083908
0.0837399
0.0839618
0.0833042
0.0833481
0.0844373
0.0896411
0.0849974
0.0845989
0.0878309
0.0829833
0.0830243
0.0867552
0.0827357
0.0826845
0.0981087
0.0952671
0.108529
0.0939922
0.0827916
0.0846219
0.0831231
0.0827586
0.0909496
0.0835278
0.0856836
0.0904118
0.0862282
0.0855226
0.0889641
0.0864017
0.0858142
0.0837169
0.0837282
0.0868702
0.0973908
0.0829403
0.082767
0.0877394
0.0842163
0.0833338
0.0823982
0.0862914
0.0836615
0.0827376
0.0861838
0.0833769
0.0877296
0.0833969
0.0839584
0.0843489
0.084647
0.0858118
0.0832327
0.0862168
0.0829863
0.084562
0.0926384
0.0876787
0.0880509
0.0855366
0.0841949
0.0882256
0.108826
0.0837613
0.0844858
0.0834593
0.0833472
0.0831667
0.104213
0.0913923
0.0867617
0.0892335
0.08865
0.0870929
0.0837293
0.0833205
0.083003
0.0828802
0.0833006
0.0838379
0.103795
0.0852115
0.0864051
0.0833775
0.0836252
0.0842546
0.0841906
0.0838231
0.0832017
0.0832964
0.0836315
0.0833258
0.0830466
0.0842789
0.0830918
0.084481
0.0835597
0.0935189
0.0833939
0.0831725
0.0830986
0.0835146
0.0848296
0.0824006
0.0835417
0.0833607
0.0839583
0.0912784
0.0832416
0.088596
0.0861138
0.0953922
0.0896735
0.0840221
0.0889503
0.0875675
0.0842792
0.0861534
0.0832049
0.0836303
0.0831787
0.0917762
0.0861234
0.0911293
0.0901982
0.0870553
0.0888858
0.086918
0.0978744
0.0926517
0.0950393
0.0905949
0.0869797
0.0859865
0.0840124
0.0832973
0.0836329
0.0843836
0.0846708
0.0843534
0.0876375
0.124189
0.0934439
0.083023
0.0840567
0.0872608
0.0836825
0.0827799
0.0861675
0.0834664
0.0867579
0.0839228
0.0864925
0.0825354
0.0851619
0.0837087
0.0848272
0.0866007
0.0849683
0.0831556
0.0842126
0.0881516
0.0852477
0.0838788
0.0862912
0.130062
0.105158
0.0966678
0.101644
0.0962282
0.0877361
0.0975143
0.0919715
0.0835179
0.104372
0.083334
0.0890519
0.0880613
0.0827802
0.100116
0.112115
0.10019
0.0849263
0.0827813
0.0837278
0.084495
0.0840036
0.0917301
0.103654
0.102403
0.0931467
0.0839481
0.0830363
0.0834715
0.0834132
0.0837187
0.0857038
0.0841087
0.0875272
0.08745
0.091028
0.0866563
0.0857881
0.0835272
0.0846171
0.0847429
0.0836527
0.0843531
0.0897748
0.0851248
0.0847365
0.0849323
0.0837669
0.0899235
0.0864348
0.0874699
0.0835419
0.087486
0.089227
0.0886247
0.0862461
0.0880354
0.0858369
0.0952971
0.0896536
0.0891611
0.0857881
0.083699
0.0912596
0.0906646
0.0856238
0.0841374
0.0926823
0.0937654
0.0873879
0.0854331
0.0849027
0.085106
0.0987269
0.0894608
0.0866074
0.0848348
0.0865957
0.102273
0.0991259
0.0870396
0.0835574
0.0842617
0.0930285
0.0842623
0.0860419
0.0948522
0.0935412
0.0844075
0.0857645
0.0863518
0.0936863
0.0886337
0.0908568
0.0885411
0.0858867
0.0938416
0.0842444
0.0837779
0.0888633
0.0890773
0.090068
0.083504
0.0838496
0.0839205
0.08336
0.087207
0.0836419
0.0841106
0.0838886
0.0845488
0.0865018
0.0928703
0.093064
0.0946182
0.087012
0.0848411
0.0856366
0.0893012
0.0950128
0.096443
0.0868025
0.0914616
0.084973
0.0918447
0.0938278
0.0934276
0.0910896
0.0937008
0.0859273
0.0853183
0.0845025
0.0847083
0.0855837
0.0868756
0.0885654
0.0836491
0.0828496
0.0881209
0.0920804
0.0836779
0.0911399
0.0893538
0.0895605
0.0848764
0.0860943
0.0849195
0.084411
0.0886555
0.0884081
0.0883986
0.0827954
0.0827833
0.0860966
0.0961626
0.0864482
0.0854001
0.0838343
0.0844148
0.0861404
0.0854423
0.0856171
0.0861382
0.0841531
0.0848488
0.0846776
0.0866838
0.08633
0.0826307
0.0866765
0.0843505
0.0831971
0.0859611
0.0827254
0.0864616
0.0825906
0.0838942
0.0834858
0.0905024
0.0887595
0.084991
0.0826413
0.0840276
0.0827157
0.0854455
0.0863475
0.084271
0.0853685
0.0850427
0.092209
0.0865427
0.0853436
0.0836772
0.0852418
0.0930928
0.0985084
0.0915789
0.090684
0.0866762
0.0842514
0.0856111
0.0867502
0.0854824
0.0872154
0.0848309
0.0847944
0.0894771
0.0938219
0.0884785
0.0890411
0.0848202
0.0857876
0.0855915
0.0854246
0.0854606
0.087058
0.0843578
0.0857566
0.0838689
0.0835062
0.0831944
0.0834814
0.0829938
0.0835547
0.0845714
0.0843406
0.084104
0.0837441
0.0870299
0.0844559
0.0837803
0.0839734
0.0855993
0.0848579
0.0848012
0.0842001
0.0921256
0.10737
0.107441
0.109895
0.114388
0.110667
0.0908078
0.0845883
0.0835155
0.0843463
0.0836102
0.083595
0.0838366
0.083884
0.0829648
0.0836248
0.0836727
0.082815
0.0831432
0.0837096
0.0831462
0.0846469
0.0840742
0.0898642
0.0939527
0.0880396
0.0844194
0.0848671
0.0850731
0.085556
0.0844538
0.0859466
0.0838266
0.0857504
0.0851443
0.0849079
0.0850141
0.0865514
0.0973856
0.0861186
0.0864828
0.084311
0.0910491
0.0871164
0.103594
0.0907992
0.0944015
0.0958595
0.100944
0.101141
0.113335
0.108688
0.108542
0.111342
0.0973046
0.0910934
0.0887249
0.0966407
0.101144
0.106851
0.110367
0.120107
0.10678
0.106878
0.0997949
0.0918676
0.102736
0.104388
0.0937437
0.0887464
0.0839946
0.0926805
0.108542
0.115757
0.0853741
0.084523
0.0835644
0.0851846
0.0832719
0.0835111
0.0835266
0.0834924
0.083608
0.0832634
0.0828301
0.0831344
0.0848841
0.0836071
0.0830881
0.0832248
0.0826953
0.0836184
0.0832813
0.0842744
0.0822331
0.0833346
0.0829585
0.082657
0.0856079
0.0840799
0.0830421
0.0832727
0.0863138
0.0833964
0.0832467
0.0832485
0.0862237
0.0840731
0.0843101
0.084277
0.0954589
0.0920891
0.0837546
0.087888
0.0847503
0.0834184
0.0842984
0.0830984
0.0878646
0.0844698
0.0866019
0.0848654
0.0842704
0.0845024
0.0853384
0.0852115
0.0831827
0.0839088
0.083094
0.0843171
0.0835616
0.0836394
0.0879277
0.0843633
0.0834003
0.0834896
0.0830953
0.0823642
0.141951
0.101842
0.0946771
0.0832702
0.0866357
0.0834223
0.0833259
0.0865797
0.0827367
0.0849718
0.0826633
0.0835933
0.0841376
0.0829637
0.085029
0.0847245
0.0830409
0.0863615
0.0840107
0.0862067
0.0825344
0.0862469
0.0830752
0.0884092
0.0839607
0.0832485
0.0834351
0.0826653
0.083584
0.0837783
0.0869412
0.0854913
0.0830547
0.0831001
0.0832548
0.0844292
0.0826512
0.0836192
0.0833411
0.0827946
0.0844589
0.0847392
0.0837868
0.0834088
0.0837231
0.0829773
0.0833483
0.0830567
0.0833319
0.0828931
0.0840414
0.0836386
0.0841948
0.0841523
0.0865402
0.083393
0.0838476
0.0828559
0.0844138
0.0825942
0.0835565
0.083449
0.0833467
0.0834096
0.0837463
0.0837767
0.0849276
0.084101
0.084855
0.0866956
0.102015
0.0988859
0.0884963
0.0907637
0.0842523
0.0843831
0.0868121
0.0837958
0.0847028
0.0873046
0.0837791
0.0847446
0.0832896
0.083927
0.0840602
0.0852677
0.0864043
0.0932338
0.0916499
0.0839053
0.0851708
0.0850835
0.0835065
0.0836183
0.0830362
0.0828093
0.0833224
0.0836328
0.08629
0.084413
0.0833511
0.083597
0.0830515
0.0836219
0.0837205
0.0838981
0.0831058
0.0832092
0.0829498
0.0829905
0.0841355
0.0852218
0.0852044
0.0860994
0.0872812
0.0834689
0.0845423
0.0836563
0.0831281
0.0836273
0.0834227
0.0835041
0.084352
0.0839621
0.0843562
0.0833671
0.0831925
0.0839614
0.083698
0.0854773
0.0826573
0.0833166
0.0833056
0.0838721
0.084095
0.0848906
0.0837593
0.0840711
0.0833235
0.0838365
0.08439
0.0844915
0.0837759
0.0836932
0.0842549
0.0835204
0.0826748
0.0850884
0.0841345
0.0844052
0.0829439
0.0821536
0.0843557
0.0838649
0.0856812
0.0844246
0.0842559
0.0866252
0.0848005
0.0837694
0.0845098
0.0840659
0.0829804
0.085342
0.0842531
0.084293
0.083257
0.0891939
0.0854273
0.0830717
0.0838477
0.0872431
0.0847443
0.0846579
0.0833161
0.0862273
0.0827247
0.084508
0.0836002
0.083204
0.0840125
0.0835757
0.0841385
0.0836711
0.086334
0.0868828
0.085631
0.0842108
0.0845009
0.0841108
0.0829117
0.0844135
0.0850876
0.0844247
0.0840493
0.0861473
0.083217
0.0830123
0.0871626
0.0827783
0.0851316
0.0845581
0.0837891
0.0851774
0.0838232
0.0841116
0.0833388
0.0852301
0.0836365
0.0848796
0.0843117
0.0829328
0.0833667
0.0859064
0.0841465
0.0834701
0.0833529
0.0858316
0.0837699
0.0844276
0.0836473
0.0834729
0.0844026
0.0834563
0.084522
0.0831917
0.0851954
0.083518
0.0839113
0.0831066
0.0849663
0.086333
0.085449
0.0840227
0.0835131
0.0852308
0.0833673
0.0844427
0.0829402
0.084336
0.0828001
0.0843846
0.0827297
0.0863529
0.0828994
0.0830822
0.0836257
0.082707
0.0855595
0.0829294
0.0828175
0.0873474
0.0845917
0.0869268
0.0853153
0.0853424
0.0834793
0.097675
0.0994284
0.0860613
0.0878123
0.0916659
0.0902813
0.0925153
0.0846653
0.0895762
0.0829103
0.0865804
0.0915582
0.0945274
0.0918335
0.0913057
0.0879893
0.0915612
0.0875536
0.0907007
0.0895528
0.0861126
0.0879487
0.084573
0.0853338
0.0849142
0.0850035
0.0866969
0.0866515
0.0848093
0.0856761
0.089927
0.0849463
0.0853356
0.0887619
0.0835685
0.0940128
0.0917864
0.0839177
0.0988318
0.090356
0.08725
0.0843158
0.0832339
0.0861404
0.0899551
0.0848238
0.0850695
0.08638
0.0857522
0.0851508
0.0861317
0.0881893
0.0859554
0.084057
0.0850298
0.0869654
0.0842219
0.0873926
0.0853101
0.0848548
0.0827722
0.0843569
0.0864965
0.0850381
0.0842835
0.0854187
0.0845347
0.085268
0.0857536
0.0861544
0.0837864
0.0862068
0.08689
0.0863252
0.0840566
0.0862479
0.0859616
0.0846574
0.0847836
0.0842877
0.0838345
0.0847781
0.0843872
0.0849796
0.0858712
0.0838688
0.0841209
0.0860164
0.0850076
0.0847875
0.0862532
0.0853317
0.0853675
0.083261
0.083967
0.0834538
0.0856564
0.0849316
0.083433
0.0833867
0.0832723
0.0855441
0.08404
0.0835359
0.0827245
0.0833545
0.0845672
0.0830257
0.0823773
0.0847029
0.0837927
0.0856084
0.0842213
0.0858497
0.0863886
0.0842368
0.0833439
0.085327
0.084219
0.0864403
0.0841601
0.0829393
0.0857827
0.0851909
0.0833307
0.0851502
0.0842301
0.0850155
0.0863381
0.0860472
0.0877605
0.0850261
0.0831337
0.0856617
0.0850338
0.0852944
0.0829808
0.0850583
0.0893514
0.0854884
0.0844889
0.0847517
0.0850939
0.0848946
0.0840702
0.0865088
0.0843241
0.0835575
0.0840923
0.0835227
0.0851711
0.0842536
0.0846634
0.0866467
0.0854573
0.0868607
0.0870507
0.0841037
0.0832525
0.0849374
0.0852039
0.0840984
0.0843069
0.0839761
0.0845397
0.085278
0.0838594
0.0852448
0.0849243
0.0857716
0.0836257
0.0844311
0.0843957
0.0845758
0.0851475
0.0842814
0.0836528
0.0840206
0.0833405
0.0860416
0.0851354
0.0850915
0.0837655
0.0835742
0.0837219
0.0872543
0.0868175
0.0865484
0.0855313
0.0871166
0.0851066
0.0859583
0.0861057
0.0844114
0.0840367
0.0847383
0.0833259
0.0853296
0.084032
0.0861255
0.0848719
0.0848499
0.0846513
0.0841136
0.0860639
0.0849853
0.0846108
0.0853265
0.0856085
0.085183
0.0857973
0.0936925
0.0858099
0.0856431
0.0856559
0.0838048
0.08408
0.0843642
0.0855875
0.0847521
0.0842888
0.0855633
0.0853159
0.0848654
0.0842535
0.0839302
0.0837369
0.0875762
0.0857018
0.0862568
0.0860241
0.0846664
0.0844706
0.0849275
0.085059
0.0832896
0.0833633
0.0839477
0.0834809
0.0839356
0.0841646
0.0848996
0.0838965
0.0833646
0.0835645
0.0834369
0.0845312
0.0835394
0.0841268
0.0886558
0.0842067
0.0835851
0.0859864
0.0832581
0.0856834
0.109755
0.127299
0.0854534
0.0840625
0.0832532
0.0835162
0.0901095
0.0888822
0.0890557
0.0837874
0.0951159
0.106627
0.0871283
0.0837059
0.0935643
0.0830889
0.0845506
0.0864304
0.0833191
0.0850334
0.0866859
0.0892373
0.0918945
0.0853827
0.0839336
0.0844455
0.0829006
0.0969563
0.0844364
0.0894346
0.0852551
0.0849267
0.0837166
0.090275
0.0864609
0.0862341
0.0861756
0.083913
0.0881034
0.0874422
0.0841583
0.0857413
0.0835775
0.0838196
0.0854202
0.084074
0.0837125
0.0852357
0.0849418
0.0836135
0.0845191
0.0844082
0.0848048
0.0838532
0.0844132
0.0845029
0.0849049
0.0844829
0.0864002
0.0829703
0.0854638
0.0846114
0.0841419
0.0838942
0.0867005
0.0839488
0.0838567
0.0833924
0.0856947
0.0908057
0.0861302
0.0834105
0.0844482
0.0855902
0.0853377
0.0873972
0.0841099
0.0845828
0.0847486
0.0875165
0.0853681
0.0840349
0.0838407
0.0846814
0.0843722
0.0839457
0.0846817
0.0872582
0.0848858
0.0872618
0.0844293
0.0844809
0.0857966
0.0849241
0.0843571
0.0849234
0.0847154
0.0835875
0.0871776
0.0836815
0.0856331
0.0836692
0.0856561
0.0840009
0.0833454
0.0854915
0.0852803
0.0831119
0.0850186
0.0840608
0.0847269
0.0837761
0.0851218
0.0853554
0.0875623
0.0835465
0.0847438
0.0863489
0.0846743
0.103955
0.0935025
0.0888758
0.0837898
0.0951992
0.084737
0.0846226
0.0888439
0.0834199
0.0864182
0.0835132
0.0876077
0.0841507
0.0836905
0.0907047
0.0855145
0.0832285
0.0932941
0.0865073
0.0908821
0.0847473
0.0845722
0.0832436
0.0990478
0.0835103
0.0844466
0.0889611
0.0880457
0.0843118
0.0902997
0.0864016
0.0910513
0.0845252
0.0935285
0.0835627
0.0838063
0.0868289
0.0843415
0.0923678
0.0864572
0.0860069
0.0824661
0.0912543
0.0848378
0.0842304
0.0835521
0.0927613
0.0879289
0.0910085
0.0841385
0.0843038
0.0858166
0.0836023
0.092036
0.0850486
0.0871423
0.0843227
0.0851235
0.0838209
0.0862737
0.0840721
0.0914174
0.0862152
0.0835378
0.0846426
0.0932533
0.086389
0.08549
0.0847835
0.0845016
0.0962993
0.103854
0.0879935
0.0856456
0.0853132
0.0850015
0.0850488
0.0871519
0.0865125
0.0893673
0.0872113
0.0861128
0.085779
0.0859226
0.0851357
0.0861731
0.0841131
0.0937869
0.0951833
0.0856108
0.0891693
0.0843267
0.0860547
0.0883539
0.0857216
0.0839808
0.0842336
0.0870633
0.085824
0.0848244
0.0852036
0.086291
0.0838119
0.084678
0.0839747
0.084905
0.0848316
0.0852141
0.0937225
0.0892933
0.0834623
0.0855512
0.0852208
0.0855265
0.0834232
0.0853703
0.0857746
0.0842928
0.0843266
0.0874262
0.0845533
0.0853557
0.0868715
0.0845571
0.0843389
0.0844108
0.0844784
0.0840846
0.0892946
0.0852507
0.0841506
0.0834853
0.09161
0.0884728
0.0842948
0.0848462
0.0852254
0.0838202
0.0845029
0.084113
0.089545
0.0857057
0.0845805
0.084117
0.0890182
0.0859604
0.0861786
0.0839074
0.0877374
0.0839583
0.101221
0.0845995
0.0963884
0.0906536
0.0862038
0.0871785
0.0856933
0.0861006
0.0860014
0.0857307
0.0837506
0.0849485
0.0831425
0.0834651
0.0921042
0.0963008
0.0941021
0.0859326
0.087606
0.0837866
0.0851606
0.086351
0.0880447
0.0836673
0.0856039
0.0859088
0.0843233
0.0959865
0.0907174
0.0872842
0.0863362
0.0862794
0.0842716
0.104648
0.0840338
0.096842
0.085745
0.0839225
0.0976848
0.0871937
0.0846469
0.0993962
0.0987539
0.083756
0.0946506
0.0902902
0.091548
0.0883282
0.0965155
0.0843286
0.0926137
0.0874625
0.0962476
0.0946691
0.0833461
0.0878482
0.0845494
0.0836528
0.0861087
0.0839073
0.0871571
0.083882
0.0842985
0.0880581
0.0839914
0.0847493
0.0850895
0.0836036
0.0833877
0.0929166
0.0847818
0.0955712
0.0840257
0.0925098
0.0837494
0.0842317
0.0853984
0.105957
0.0840481
0.084058
0.0892817
0.0860613
0.0851644
0.083549
0.0838769
0.083137
0.0855159
0.0939628
0.106022
0.0993449
0.0848782
0.084932
0.0858683
0.0851112
0.0839409
0.106657
0.100431
0.0901487
0.0878895
0.0851324
0.0847856
0.10765
0.103552
0.0857047
0.0997929
0.0920063
0.107585
0.0912037
0.0902308
0.0895518
0.0835835
0.096706
0.083434
0.0836319
0.0971662
0.0837053
0.0871796
0.0837012
0.0829355
0.0984106
0.0828841
0.0859035
0.0832903
0.101959
0.0847698
0.084657
0.0881549
0.0909726
0.103128
0.102083
0.0907682
0.0836387
0.083556
0.0837194
0.0875273
0.0842681
0.0850261
0.0871676
0.0856984
0.0890859
0.082882
0.083455
0.0960998
0.0993588
0.0892916
0.0855654
0.0858698
0.083889
0.0834118
0.0826319
0.0960206
0.0924072
0.0848906
0.0887717
0.0833701
0.0956347
0.0840491
0.0963524
0.0978362
0.08987
0.0851962
0.0841192
0.0839586
0.0833105
0.0829554
0.0957386
0.0873342
0.095791
0.086899
0.0858047
0.107288
0.115005
0.107037
0.0957751
0.0849445
0.0879817
0.0833923
0.0832572
0.107453
0.107857
0.103788
0.085407
0.0942709
0.0840374
0.0836381
0.100248
0.0836757
0.104821
0.105935
0.109397
0.113159
0.110275
0.101588
0.0837213
0.0837789
0.099455
0.0971002
0.100887
0.0984346
0.10979
0.113081
0.0894556
0.0835758
0.0834779
0.0862424
0.109892
0.108269
0.117785
0.118247
0.108836
0.117222
0.114002
0.0896507
0.0871001
0.085451
0.0852401
0.0875198
0.0926934
0.0886427
0.0872976
0.0864187
0.0987363
0.0860975
0.0850186
0.103043
0.0845827
0.0951249
0.0860448
0.0847682
0.0923951
0.0936403
0.0851937
0.0843446
0.0924914
0.0850976
0.0930725
0.0849257
0.0844409
0.089458
0.0925336
0.0838
0.0846463
0.0863298
0.0844894
0.088982
0.08417
0.0854223
0.0946023
0.0952518
0.108778
0.10682
0.113614
0.113738
0.0837274
0.083001
0.108373
0.112534
0.0895599
0.0839332
0.107589
0.0840887
0.0950941
0.0855821
0.098334
0.0940857
0.083533
0.113236
0.0976466
0.0828489
0.0919828
0.0833194
0.10316
0.0833517
0.0836497
0.110837
0.105972
0.0841423
0.08901
0.0861153
0.0879672
0.0833345
0.093919
0.0896349
0.0860415
0.0857408
0.0837787
0.0954913
0.0920817
0.0827847
0.103145
0.0904992
0.0829691
0.106747
0.0880127
0.083777
0.0840509
0.0901918
0.087169
0.0881308
0.0884276
0.0844894
0.0925875
0.103906
0.111592
0.115671
0.108888
0.108198
0.105805
0.084003
0.0901468
0.0843345
0.0846267
0.0852646
0.0947298
0.10783
0.107803
0.118044
0.105629
0.0833215
0.0945376
0.0846712
0.0951681
0.10272
0.106501
0.107134
0.0966214
0.0843185
0.0971011
0.0943849
0.0828587
0.0842108
0.0844814
0.0890286
0.0838193
0.0939976
0.0853543
0.0849629
0.0868359
0.0999026
0.0843886
0.089171
0.0965237
0.093449
0.0843889
0.093703
0.0858307
0.0965254
0.103731
0.0889506
0.107902
0.0998645
0.0925242
0.103876
0.0925586
0.0959921
0.0874963
0.0850167
0.0894795
0.0862771
0.0905961
0.0841918
0.094339
0.0851588
0.0949973
0.0854809
0.0840191
0.0837967
0.0859722
0.0834778
0.0846315
0.0991159
0.0973655
0.0854022
0.10788
0.0980192
0.0835344
0.107023
0.107008
0.105751
0.111203
0.114734
0.107096
0.10215
0.0859527
0.091829
0.0839731
0.0833551
0.0962214
0.0851096
0.085399
0.0857328
0.0845273
0.0867534
0.090355
0.0849647
0.107057
0.108348
0.0835401
0.0847369
0.0836699
0.0845238
0.0971917
0.124587
0.0928649
0.097552
0.0869201
0.110568
0.0866059
0.0852618
0.0900351
0.107197
0.108792
0.107257
0.111683
0.0888455
0.0878364
0.0845948
0.0833418
0.0840849
0.0921351
0.083539
0.108615
0.10716
0.107712
0.110875
0.113544
0.105078
0.0839963
0.105535
0.0965585
0.0828364
0.0831548
0.0836444
0.0957075
0.0832159
0.0849782
0.083518
0.0841086
0.0830957
0.0837533
0.0912361
0.0918075
0.0833951
0.0918829
0.106744
0.0963395
0.0966724
0.108179
0.0993529
0.0936918
0.10783
0.115633
0.105606
0.0910758
0.110015
0.107098
0.0896274
0.106592
0.100322
0.0843697
0.1065
0.106598
0.104135
0.0878287
0.0913956
0.0952326
0.0831637
0.094111
0.106179
0.110283
0.0914857
0.0875488
0.105621
0.0926927
0.0861317
0.0921966
0.104504
0.0851319
0.102021
0.0919016
0.0842458
0.104713
0.0847509
0.0963533
0.0835846
0.0913656
0.112426
0.106404
0.0890254
0.0858283
0.105266
0.0861555
0.094601
0.0962912
0.0839963
0.102292
0.0869383
0.10617
0.100557
0.0915718
0.103881
0.0833429
0.0952071
0.103349
0.0907223
0.0860833
0.107569
0.0935329
0.0857609
0.106106
0.10544
0.0921667
0.0845997
0.0833537
0.0953936
0.107688
0.111689
0.107976
0.106144
0.0938346
0.085363
0.102671
0.0993653
0.0847403
0.0946591
0.0999535
0.0860789
0.106675
0.0913602
0.0945802
0.0997957
0.0838554
0.0836034
0.0957123
0.101168
0.0849255
0.0836823
0.0855931
0.084005
0.0827539
0.108434
0.105773
0.100264
0.0837337
0.106703
0.08455
0.08541
0.0852139
0.0901283
0.106603
0.0976
0.0848251
0.087464
0.0832444
0.0947786
0.0868764
0.0891307
0.0877872
0.0841855
0.084272
0.0827743
0.0830542
0.0951231
0.0847678
0.0976964
0.0830498
0.083208
0.0935529
0.0835618
0.0845356
0.0858346
0.0855623
0.0837131
0.0827319
0.0829993
0.103033
0.0845157
0.0834218
0.101704
0.0855721
0.0867704
0.0848473
0.0835311
0.0897338
0.0846141
0.083107
0.0920062
0.0829459
0.096927
0.0835126
0.092889
0.0841506
0.0839127
0.0851599
0.094634
0.0851976
0.0831157
0.0936711
0.0844145
0.0945632
0.0836912
0.0940862
0.0846773
0.0842021
0.0850632
0.0900141
0.0989388
0.0847193
0.0836447
0.0977614
0.0843609
0.0835351
0.105207
0.0846647
0.0977249
0.0935577
0.112201
0.0909113
0.0835683
0.0952713
0.104798
0.0915657
0.0854445
0.0912415
0.110303
0.105833
0.0920592
0.0847969
0.08409
0.0831737
0.0945052
0.10352
0.0844219
0.0937861
0.107981
0.090929
0.0843472
0.107148
0.0916265
0.0860619
0.0856202
0.0826823
0.0841376
0.0852462
0.0855251
0.0839442
0.0840585
0.106402
0.0869123
0.083772
0.0836726
0.105681
0.0919723
0.085907
0.0925173
0.0862663
0.0888232
0.0847724
0.0829988
0.0834429
0.0844383
0.0855303
0.0834818
0.083495
0.0839982
0.0950259
0.102511
0.0832441
0.0837108
0.0922383
0.0906233
0.0869666
0.0853262
0.0981567
0.0897937
0.0842312
0.0848263
0.085958
0.0913585
0.090947
0.0896286
0.0840278
0.0983752
0.101687
0.0871458
0.0958556
0.0919104
0.0874164
0.105543
0.106289
0.103211
0.088637
0.0949401
0.105243
0.103583
0.0851488
0.105917
0.105431
0.0896543
0.105181
0.0882969
0.09322
0.0924182
0.111315
0.107745
0.107318
0.10594
0.0977908
0.0868232
0.106241
0.106251
0.107659
0.111462
0.108147
0.0984405
0.0832161
0.0826966
0.0944415
0.107432
0.108593
0.0865161
0.084363
0.0865336
0.0850885
0.0873296
0.090812
0.0838191
0.082612
0.104597
0.108403
0.0894118
0.0853908
0.0840564
0.0948646
0.0841182
0.0867722
0.105429
0.101094
0.0884589
0.0912656
0.097892
0.0976813
0.105826
0.0885602
0.0885105
0.0864142
0.0833696
0.106744
0.106721
0.110954
0.105504
0.0856791
0.0843788
0.0851386
0.0894475
0.0877848
0.0840685
0.0978086
0.0930615
0.0829393
0.0951116
0.0845034
0.0837064
0.10175
0.0843125
0.083836
0.0888637
0.0903613
0.106874
0.10582
0.102736
0.0843289
0.0836663
0.0846264
0.100158
0.108077
0.107974
0.10809
0.106032
0.105477
0.111045
0.104584
0.0868973
0.0863352
0.094714
0.105616
0.101312
0.0960875
0.101363
0.0840288
0.0961777
0.082989
0.090663
0.0864492
0.0832851
0.0854726
0.0850452
0.0919912
0.0840242
0.084514
0.0830314
0.0935751
0.0909328
0.0826169
0.0841765
0.105554
0.0845088
0.0866935
0.0840285
0.0840735
0.0845711
0.0837503
0.0926804
0.0912919
0.0923823
0.0860239
0.0833494
0.0835542
0.0834888
0.0919879
0.0886368
0.082756
0.0827419
0.0860198
0.0865296
0.0827234
0.0863707
0.0825704
0.0832829
0.083314
0.0915986
0.10814
0.106334
0.105087
0.0907303
0.0836568
0.103219
0.105904
0.116382
0.089209
0.0838788
0.105005
0.0838477
0.0837839
0.102178
0.0842386
0.0958318
0.0982468
0.0825831
0.100058
0.0991829
0.0833885
0.0963928
0.0975212
0.0841789
0.105685
0.0890732
0.0894975
0.105208
0.0859972
0.0959252
0.095061
0.0835108
0.106257
0.0951303
0.0878657
0.0860447
0.0840772
0.10418
0.0842669
0.0954734
0.0988481
0.0841637
0.105721
0.105424
0.105739
0.0919144
0.0934914
0.0945791
0.0857619
0.0898887
0.0870113
0.089037
0.0961722
0.0906288
0.102333
0.0864534
0.0956572
0.112001
0.0855839
0.0859544
0.0846211
0.08315
0.0967338
0.089352
0.0949001
0.106114
0.106412
0.103275
0.0831279
0.0843784
0.083711
0.083407
0.108427
0.10432
0.0868941
0.0960372
0.100888
0.0845368
0.0977494
0.0832813
0.100936
0.084419
0.0835387
0.0841228
0.0835731
0.0829787
0.0827607
0.103322
0.0847933
0.0832895
0.0847689
0.0986739
0.0827964
0.0836455
0.0952336
0.0923495
0.0827959
0.0829082
0.0845365
0.0833124
0.0834513
0.0834358
0.0829286
0.0829896
0.0860839
0.0842941
0.0836082
0.0836821
0.0838812
0.0954398
0.0978579
0.0830526
0.0828255
0.085369
0.0953001
0.0868922
0.0830488
0.0997072
0.0832306
0.0832486
0.0834928
0.0834488
0.0944523
0.0916215
0.0909191
0.0909302
0.0829292
0.0915679
0.0977545
0.0843736
0.0833569
0.0834431
0.0836406
0.0837144
0.0838796
0.0854762
0.0838065
0.0831978
0.0835398
0.0841604
0.0833844
0.0838377
0.0831708
0.0835341
0.0844022
0.0834332
0.0828459
0.0833395
0.0853076
0.0824775
0.0829498
0.0836355
0.0846335
0.0839145
0.0843208
0.0839226
0.0843958
0.0837849
0.0835005
0.0827968
0.0839555
0.083116
0.0835968
0.0864928
0.0855413
0.0861147
0.0900179
0.0853995
0.0855866
0.085437
0.0837671
0.084293
0.0846142
0.0845655
0.0869035
0.0849988
0.0861713
0.0839874
0.0838818
0.0835464
0.0859014
0.0832998
0.0848155
0.0831805
0.0835608
0.0834725
0.0836029
0.0850012
0.0875003
0.0859876
0.0830229
0.0839496
0.0847659
0.0825113
0.0837376
0.083887
0.0833428
0.0834388
0.0842923
0.0839139
0.0831533
0.0839287
0.0845201
0.0832708
0.0837803
0.0830132
0.0838805
0.0837656
0.0839667
0.0831624
0.0834951
0.083816
0.0839963
0.0830938
0.0829691
0.0843325
0.0836846
0.0832069
0.0829424
0.0841324
0.0829845
0.0835968
0.0835856
0.0835103
0.0835571
0.0831982
0.0833772
0.0833567
0.083815
0.0830991
0.0847408
0.0835358
0.0834396
0.0835809
0.0845598
0.0837056
0.0832661
0.0835289
0.082905
0.0836156
0.0841068
0.0832383
0.0835964
0.0844981
0.0831733
0.0833666
0.0860515
0.0841715
0.0835934
0.0843565
0.083258
0.0833724
0.0845679
0.0833675
0.0838258
0.0833124
0.0838797
0.0834752
0.0842037
0.0840923
0.0832085
0.0845476
0.0850462
0.083766
0.0838037
0.0837522
0.0846361
0.0833027
0.0834974
0.0853594
0.0837406
0.0835421
0.0840079
0.0843648
0.0840709
0.0850687
0.0837605
0.0831939
0.0826342
0.0833788
0.0846208
0.0829341
0.0833263
0.0826685
0.0842153
0.0829625
0.0837477
0.0832064
0.0830571
0.0832303
0.0831096
0.0835226
0.0826318
0.0835834
0.0855684
0.0834679
0.0825625
0.0823843
0.0830533
0.0840737
0.0828329
0.0835526
0.0839188
0.0832449
0.0844396
0.0844466
0.0860126
0.086487
0.0837468
0.0831571
0.0831723
0.0847417
0.0831574
0.0834839
0.0865266
0.0869176
0.0845829
0.0879655
0.0851426
0.0861399
0.0859301
0.0855501
0.088851
0.0879972
0.088895
0.0958375
0.0834791
0.0847006
0.083361
0.0839079
0.0948237
0.0994296
0.0852005
0.0828526
0.0957038
0.0899459
0.084065
0.0840671
0.0851565
0.0840437
0.0839688
0.083306
0.0979234
0.0906408
0.0829428
0.0906444
0.109577
0.0868134
0.0830685
0.0842923
0.0833682
0.0846739
0.0847886
0.0839724
0.0833839
0.0830387
0.100829
0.0836878
0.105399
0.0899765
0.0850483
0.0844253
0.0852004
0.105807
0.0853083
0.0893072
0.0985259
0.0853168
0.0843073
0.0957364
0.098955
0.0828741
0.102149
0.0897
0.0910401
0.0873559
0.106094
0.0846736
0.0837107
0.0828947
0.107822
0.0866609
0.0852847
0.083835
0.0842134
0.0859187
0.083253
0.0852261
0.0840041
0.0947796
0.0925113
0.0840865
0.0945752
0.0927879
0.0840112
0.0858468
0.100728
0.0917138
0.0837096
0.0832658
0.0837687
0.102224
0.0847613
0.0906932
0.0863706
0.084349
0.0904359
0.100313
0.0837867
0.0917402
0.0924175
0.0836044
0.0848794
0.0848735
0.0848237
0.0826551
0.087531
0.0872165
0.0837869
0.0912056
0.101905
0.0848728
0.0954037
0.0974624
0.0857482
0.08334
0.0832188
0.0947566
0.0935956
0.0860971
0.0841145
0.0833245
0.0837059
0.0851671
0.0829102
0.0945608
0.0971946
0.0839672
0.106094
0.0845109
0.085088
0.0841487
0.0856115
0.0857223
0.0835145
0.106997
0.0865576
0.090767
0.090862
0.0829714
0.0881353
0.0985238
0.0835597
0.0828096
0.0835556
0.0840336
0.083534
0.0846501
0.0951554
0.0932518
0.0848714
0.100006
0.092318
0.100352
0.0839068
0.0838005
0.0835867
0.0828635
0.098975
0.0898848
0.084387
0.0835006
0.104269
0.101554
0.0893681
0.0833931
0.0990656
0.0973222
0.0856877
0.0829452
0.106512
0.0936912
0.0846064
0.0859099
0.0899175
0.101312
0.0870913
0.09645
0.0945664
0.0834342
0.0868708
0.0844165
0.084055
0.0853349
0.0894769
0.0920484
0.105393
0.086631
0.0839588
0.0850316
0.108588
0.0974135
0.0842862
0.0862182
0.085945
0.109489
0.0868437
0.0839034
0.104292
0.0864592
0.0866435
0.0930864
0.104051
0.0874099
0.0858572
0.0961176
0.105371
0.0866373
0.0835361
0.0854538
0.0828327
0.0853135
0.084646
0.0830086
0.0839275
0.0908178
0.082725
0.0924975
0.0975316
0.0864792
0.0990712
0.0840036
0.101489
0.0944513
0.082864
0.101222
0.0834601
0.106887
0.0866211
0.096806
0.098708
0.0836514
0.10269
0.0925721
0.0834623
0.0852313
0.0876573
0.0841289
0.0848871
0.0955241
0.0972768
0.0838238
0.0843676
0.0951992
0.0930241
0.0957561
0.0968022
0.0840854
0.102699
0.0938405
0.083818
0.101369
0.0843779
0.0848231
0.0884118
0.0977743
0.0827249
0.110824
0.0837253
0.0958446
0.105518
0.0843191
0.107032
0.0870313
0.0974543
0.092461
0.0833147
0.0829372
0.0956882
0.106768
0.102873
0.0838928
0.0845551
0.0901466
0.108921
0.0851118
0.0837205
0.097946
0.0936018
0.0836188
0.0860821
0.0955964
0.0972993
0.0836843
0.0835589
0.0831156
0.108752
0.0847339
0.0950535
0.0918795
0.0837046
0.0977498
0.0996757
0.0834374
0.0842056
0.0843837
0.0841226
0.0831071
0.0832091
0.0833112
0.0829019
0.083115
0.0844183
0.092718
0.0989994
0.085052
0.08279
0.104629
0.0853504
0.0835752
0.0849858
0.0884405
0.0989875
0.0829777
0.0917406
0.0867007
0.0842425
0.0839553
0.0840805
0.0839593
0.0930434
0.0974592
0.0838621
0.0832237
0.100496
0.101894
0.0834275
0.107468
0.0953164
0.0832183
0.0831654
0.0973658
0.0946327
0.0923188
0.0858198
0.107071
0.084653
0.0853617
0.0846766
0.106673
0.0851793
0.0824061
0.0837898
0.085675
0.0837234
0.0833122
0.112247
0.102195
0.0967913
0.0985823
0.0844476
0.0994945
0.0908314
0.083947
0.0832477
0.0829977
0.107646
0.0876989
0.0841862
0.0831868
0.0895681
0.0830286
0.103065
0.100718
0.0874731
0.0954935
0.0890872
0.0835642
0.0854213
0.0878331
0.107079
0.0868114
0.0854082
0.0869316
0.0964499
0.0841904
0.0860699
0.0841525
0.0862433
0.0842946
0.0891637
0.0954078
0.0856809
0.0841616
0.101447
0.0931948
0.0835328
0.0948752
0.0878884
0.0958236
0.0943956
0.0904405
0.0859791
0.0988374
0.0953186
0.0827126
0.0957973
0.103723
0.0874404
0.0832132
0.0864197
0.0833803
0.0951501
0.0945744
0.107324
0.0987845
0.0845006
0.0839914
0.0847195
0.0847157
0.0828104
0.0847567
0.0844246
0.0832791
0.0832408
0.0969131
0.0962738
0.0835826
0.0833582
0.0850877
0.099243
0.0959767
0.0830953
0.104046
0.0893773
0.0958819
0.0833552
0.0839324
0.0828309
0.0834596
0.109954
0.0900371
0.0906443
0.095393
0.085974
0.0842968
0.0843962
0.0879355
0.0955218
0.0948595
0.08341
0.101383
0.0928363
0.0832961
0.10045
0.0833869
0.102158
0.0834308
0.0871901
0.0953498
0.107759
0.0909976
0.0843926
0.0856531
0.0822636
0.0950873
0.0990991
0.0850101
0.0843076
0.108051
0.0960774
0.0832723
0.101324
0.0892218
0.0873559
0.0840603
0.0836481
0.084149
0.0857287
0.107196
0.0868668
0.0839615
0.0883195
0.10929
0.0837733
0.0959516
0.0934841
0.101934
0.0838996
0.0834302
0.107185
0.0860532
0.0834652
0.10336
0.0855262
0.0837624
0.0832819
0.083557
0.0841568
0.109451
0.0860629
0.0829042
0.106257
0.0843155
0.0912548
0.0994887
0.083457
0.0829513
0.085681
0.082832
0.0828123
0.0839545
0.099446
0.0951041
0.0850833
0.100032
0.0836568
0.0839241
0.0832444
0.0832213
0.0877509
0.0856092
0.0827889
0.100778
0.0844728
0.0834633
0.0948648
0.0970095
0.0832548
0.0840578
0.0959111
0.0907958
0.0957531
0.0863046
0.0857627
0.100534
0.0974737
0.0851676
0.109581
0.112891
0.0846719
0.0959088
0.107192
0.0882976
0.0954509
0.0963908
0.0848798
0.0839598
0.0843497
0.0833333
0.105732
0.106833
0.0932058
0.0829842
0.082654
0.0859178
0.0841818
0.0847724
0.0830008
0.0838787
0.0836439
0.0837575
0.083825
0.0841192
0.0927161
0.0840294
0.0830389
0.104728
0.0960441
0.0890576
0.0867235
0.0839259
0.0895374
0.0966814
0.103347
0.085925
0.0900054
0.0899656
0.0871953
0.0976727
0.0982602
0.0860022
0.1037
0.0915219
0.0837243
0.0994715
0.0911139
0.0850533
0.0838932
0.0840278
0.0849365
0.0843882
0.107178
0.102956
0.0836438
0.107373
0.086369
0.083252
0.106028
0.08473
0.0860834
0.0949219
0.105711
0.0843492
0.0856009
0.0844177
0.0846225
0.0891208
0.09919
0.083761
0.084543
0.0844051
0.0849404
0.0955277
0.0920545
0.0846009
0.084302
0.101614
0.0961614
0.0854606
0.0850786
0.0842142
0.101889
0.0858129
0.0836406
0.0848136
0.0832806
0.102692
0.107892
0.083693
0.0991359
0.0891925
0.0853088
0.085528
0.0844154
0.0992677
0.0930906
0.0841108
0.0851176
0.083554
0.10217
0.0855584
0.0830946
0.0834043
0.0840934
0.0846787
0.107008
0.090099
0.0966672
0.102645
0.0852088
0.086097
0.0976288
0.0830075
0.101487
0.0862643
0.0843804
0.0826658
0.102009
0.104227
0.0886399
0.0836681
0.0840087
0.0844588
0.102145
0.0922592
0.110358
0.108888
0.0873466
0.0863134
0.1055
0.0854124
0.0958255
0.0970309
0.0863091
0.104476
0.0873634
0.0835341
0.103578
0.0862573
0.084953
0.102594
0.0836681
0.0833009
0.0904045
0.102787
0.0848164
0.0852216
0.0865445
0.107654
0.0866555
0.0830972
0.0831433
0.0884789
0.103576
0.0850887
0.0952745
0.102869
0.0846322
0.0836043
0.0825486
0.0993195
0.0981172
0.0875799
0.0838084
0.084245
0.0961938
0.105727
0.0953689
0.0838191
0.084999
0.0838366
0.0846263
0.0834093
0.106392
0.0854998
0.0832878
0.0855275
0.0851986
0.0835884
0.0842183
0.0849912
0.0844745
0.0839561
0.108424
0.0849496
0.0953701
0.0934594
0.0841504
0.0970597
0.0907611
0.0834283
0.0952815
0.0971868
0.0893382
0.0862569
0.0858128
0.0840226
0.106092
0.100567
0.084346
0.0873507
0.112357
0.100022
0.0852348
0.0837345
0.0849159
0.0863983
0.0878541
0.0867854
0.103477
0.0851178
0.084038
0.0853652
0.0863203
0.0983835
0.101519
0.0893431
0.0839602
0.10176
0.0918093
0.0836728
0.0969488
0.092485
0.0851185
0.0866647
0.0844497
0.0965715
0.0973435
0.0914948
0.0963937
0.0969989
0.0837646
0.0854635
0.08662
0.0964157
0.0969317
0.083679
0.102652
0.089417
0.0839224
0.0833202
0.0833342
0.103374
0.0903035
0.0832051
0.0837501
0.106851
0.085502
0.0842089
0.0845939
0.0890072
0.0968738
0.0852485
0.0846276
0.0896367
0.093996
0.0834455
0.0846591
0.083559
0.0836403
0.0831855
0.083519
0.0844763
0.0849737
0.0846163
0.0842507
0.0962469
0.0941109
0.0859962
0.0841933
0.0955572
0.0978591
0.0923093
0.0875463
0.0843961
0.104798
0.0892426
0.083561
0.104398
0.0841439
0.105705
0.101285
0.0845544
0.0834896
0.101778
0.0849911
0.0835901
0.107639
0.0892869
0.0859756
0.0860599
0.0844089
0.0836587
0.0857546
0.086476
0.08845
0.0836101
0.0836743
0.0850046
0.10777
0.10778
0.0835005
0.0856361
0.0828025
0.0837185
0.082796
0.0837205
0.0836572
0.0845426
0.0950945
0.106849
0.085887
0.0841479
0.0831788
0.0874178
0.105984
0.0844111
0.0856066
0.10447
0.0834778
0.0961335
0.0890767
0.0845502
0.100389
0.0933645
0.105056
0.0887052
0.100419
0.0925259
0.0874063
0.0826214
0.107545
0.087373
0.085266
0.0852114
0.107199
0.0906878
0.0832306
0.104688
0.0850998
0.0868478
0.0830869
0.103566
0.0867456
0.0933001
0.104899
0.0838918
0.0844444
0.0867875
0.103564
0.094054
0.088822
0.083667
0.0859903
0.0848577
0.0851902
0.107488
0.0951656
0.0854837
0.0832023
0.0831317
0.109135
0.0948902
0.0829458
0.0838374
0.110239
0.085411
0.0922519
0.0837479
0.0991944
0.095685
0.085189
0.0829723
0.09586
0.0923638
0.0964443
0.0960059
0.0849154
0.084479
0.0914892
0.107629
0.103248
0.0846942
0.0832165
0.102295
0.0876006
0.0835287
0.102807
0.0857075
0.0892358
0.106239
0.0832305
0.0826338
0.100821
0.0852848
0.101662
0.0834527
0.0922439
0.0929535
0.0865175
0.109556
0.0833346
0.0959293
0.0966202
0.0831365
0.0852391
0.0977729
0.099285
0.0829535
0.086193
0.084303
0.0831954
0.0848423
0.0855551
0.0876461
0.0841631
0.0841556
0.102273
0.0938901
0.0853976
0.0849287
0.0868969
0.102346
0.0893085
0.0916495
0.0939814
0.0853603
0.0891421
0.0946302
0.105181
0.0898021
0.0930576
0.090261
0.099549
0.0945825
0.0834864
0.097956
0.0986843
0.0826089
0.106994
0.100138
0.0831362
0.10729
0.0885567
0.0853314
0.106762
0.0847069
0.0861936
0.0886644
0.0854222
0.0848333
0.0914446
0.0848973
0.0875124
0.0884098
0.0893416
0.0988646
0.106821
0.0977483
0.0873628
0.0858013
0.107249
0.0918953
0.0853213
0.0848364
0.110191
0.0906615
0.0956987
0.0912568
0.0906519
0.0862783
0.0842531
0.0850527
0.0840316
0.104421
0.0930882
0.0851657
0.0843555
0.0829207
0.103483
0.0843863
0.0839021
0.0828884
0.103908
0.0878883
0.0834824
0.0836353
0.106972
0.0878186
0.0863152
0.084149
0.0834267
0.0837547
0.0836061
0.0836734
0.0918591
0.0949457
0.0839395
0.0968062
0.0944748
0.083827
0.0836755
0.0844305
0.0974116
0.0864354
0.0965582
0.0983372
0.0871363
0.0844278
0.097853
0.0973622
0.0868984
0.0829147
0.0950079
0.106369
0.0928661
0.0968591
0.0980848
0.0982678
0.100909
0.0841803
0.086875
0.082987
0.105381
0.0895563
0.0879834
0.119439
0.113871
0.108654
0.110181
0.116564
0.0983212
0.104834
0.112295
0.0865659
0.0876332
0.0861958
0.0950841
0.103866
0.0891947
0.0844892
0.0855432
0.0931555
0.0849266
0.10887
0.102217
0.0940026
0.0836531
0.106915
0.0894772
0.0844524
0.0843243
0.0838285
0.0847837
0.085503
0.107915
0.0897053
0.0868966
0.0977076
0.0902906
0.0892633
0.0959474
0.0982537
0.0984266
0.0927933
0.0894702
0.0868492
0.110404
0.104529
0.0961277
0.0964437
0.101712
0.103358
0.106851
0.112932
0.110866
0.104229
0.108147
0.106734
0.101471
0.0987462
0.0932562
0.0852762
0.102324
0.0920215
0.110798
0.103279
0.100579
0.106411
0.0853117
0.104104
0.0917889
0.0928156
0.086311
0.0904922
0.0944696
0.0927443
0.108286
0.100435
0.0922412
0.0979082
0.110422
0.0887436
0.0896659
0.0927538
0.106648
0.107761
0.10588
0.0983657
0.0844814
0.107409
0.109526
0.10613
0.0885899
0.0997932
0.112433
0.0956982
0.0888348
0.0931028
0.0976434
0.0894457
0.100172
0.102897
0.0872827
0.083369
0.103324
0.0978737
0.0836952
0.0843723
0.0831654
0.107324
0.0930283
0.0991592
0.108632
0.10133
0.0964451
0.0916495
0.104412
0.0941134
0.0861156
0.0872771
0.0974576
0.0854618
0.108951
0.103913
0.0943262
0.106867
0.0953034
0.0928984
0.0960625
0.0981838
0.10445
0.09113
0.105305
0.101413
0.0841551
0.103956
0.0842942
0.106114
0.092889
0.08405
0.088071
0.0922461
0.0986832
0.0967149
0.105644
0.100816
0.085946
0.0841379
0.104607
0.0945511
0.0837681
0.106245
0.123842
0.0993785
0.0924428
0.0847366
0.0848682
0.0834566
0.105805
0.0859244
0.0843372
0.102773
0.0877597
0.0864415
0.0961035
0.101319
0.0872451
0.100024
0.110879
0.0898066
0.0892203
0.0845531
0.0872039
0.0902991
0.0868091
0.101881
0.102551
0.0855295
0.0898316
0.0904613
0.0882839
0.0851498
0.0832343
0.0962887
0.0971733
0.0960161
0.108141
0.0876915
0.0908472
0.0837399
0.10041
0.0904501
0.0967317
0.092546
0.0880471
0.0847052
0.0899006
0.0854132
0.091504
0.106005
0.102703
0.0867766
0.0958936
0.104776
0.0845574
0.0913851
0.1025
0.087761
0.0935623
0.104228
0.0860701
0.0967152
0.101024
0.0859896
0.103795
0.0906928
0.0931353
0.105076
0.0870399
0.0995483
0.103117
0.085841
0.0855103
0.101426
0.103615
0.0961644
0.0902781
0.0886837
0.105576
0.0967335
0.0859431
0.08621
0.0911626
0.0930431
0.0945041
0.105743
0.0986667
0.0838871
0.103648
0.0907183
0.0844065
0.0847592
0.0858667
0.0860827
0.109688
0.106372
0.0977477
0.0846897
0.082983
0.0958777
0.106392
0.0888952
0.103776
0.0847448
0.0911379
0.105829
0.097395
0.0845561
0.0857539
0.084587
0.0846269
0.0894483
0.0853495
0.0871841
0.0867218
0.0838398
0.088979
0.0857647
0.103998
0.101324
0.0827082
0.10591
0.106429
0.0941797
0.0871179
0.0851695
0.0862386
0.0857883
0.0844839
0.0988142
0.0975163
0.0903976
0.0833569
0.101013
0.107848
0.102479
0.101618
0.0970639
0.0963696
0.105433
0.0827276
0.106402
0.0883742
0.095059
0.100688
0.0901022
0.083435
0.0874061
0.0963159
0.086033
0.0898486
0.104799
0.0972875
0.0896284
0.0862586
0.0879769
0.0837325
0.0915934
0.106643
0.0868127
0.0946471
0.112201
0.0896418
0.0845162
0.0837872
0.106107
0.105704
0.0959379
0.0851136
0.10816
0.0943464
0.0940334
0.0842677
0.0872206
0.111944
0.0944146
0.0865054
0.0892164
0.0859247
0.0910339
0.105328
0.0834477
0.0838435
0.107275
0.1065
0.0905537
0.0854422
0.105905
0.106313
0.0954177
0.0851162
0.0983277
0.0990601
0.0850029
0.102972
0.0890694
0.0875229
0.0865032
0.105903
0.0896674
0.0946017
0.101366
0.0898557
0.0868268
0.0846492
0.0977217
0.101411
0.0862134
0.0905438
0.10676
0.0956748
0.0996728
0.0872661
0.112457
0.101287
0.0893338
0.084704
0.0914046
0.106746
0.10173
0.0990214
0.100063
0.0865034
0.0876988
0.1063
0.105102
0.0992694
0.0877447
0.102997
0.106397
0.10114
0.0877566
0.0979154
0.106232
0.101612
0.0961477
0.0843906
0.106671
0.106191
0.102171
0.0931641
0.0886349
0.106566
0.0946584
0.0882327
0.0849327
0.109844
0.0958421
0.0902784
0.0896798
0.0986984
0.101218
0.0885172
0.105526
0.0966304
0.102502
0.0966303
0.107677
0.101959
0.0929025
0.0997861
0.0962751
0.094176
0.0949361
0.0936201
0.10772
0.0980419
0.085952
0.0867949
0.109242
0.0984171
0.277589
0.116768
0.112711
0.109016
0.10754
0.111225
0.100954
0.14605
0.114193
0.106789
0.106238
0.107108
0.109358
0.100793
0.0862153
0.108437
0.113086
0.0946735
0.109819
0.106115
0.102909
0.087081
0.0855127
0.0950558
0.0897916
0.106919
0.105393
0.0844707
0.08771
0.0947733
0.0997145
0.0884618
0.0844631
0.0918781
0.107631
0.0866736
0.0955633
0.103192
0.0849515
0.0924432
0.0844248
0.0986303
0.0962535
0.0846228
0.104656
0.085616
0.105874
0.0920078
0.0850612
0.0836191
0.0952284
0.103833
0.098238
0.0872819
0.106694
0.105192
0.0929737
0.0885518
0.0985351
0.0954621
0.0976865
0.101374
0.097123
0.0905006
0.0975312
0.0942417
0.0849164
0.112438
0.0892878
0.0913587
0.086748
0.0974748
0.0973272
0.100717
0.0902369
0.0855585
0.100839
0.0913986
0.0841544
0.104246
0.0920688
0.0845809
0.107241
0.0868131
0.0874616
0.0903365
0.109466
0.0874285
0.0851637
0.0958162
0.100768
0.0858045
0.105146
0.0904988
0.0844857
0.0864161
0.0854382
0.0841058
0.0852899
0.0854901
0.0842782
0.0841781
0.101139
0.0910614
0.106863
0.111728
0.0952333
0.0839516
0.0953191
0.104508
0.0894686
0.0948849
0.0970729
0.085464
0.0958921
0.108994
0.0876317
0.0855224
0.0959119
0.105347
0.104425
0.0853558
0.0865502
0.1012
0.105234
0.0918702
0.0899117
0.0846142
0.0995546
0.11012
0.0863928
0.0950021
0.0983037
0.084527
0.0874878
0.0850639
0.096914
0.100317
0.084474
0.104898
0.104501
0.0858959
0.105799
0.0977076
0.0867523
0.0837126
0.103762
0.0942216
0.0838216
0.100272
0.0900778
0.105441
0.106261
0.0925209
0.0954845
0.0957409
0.0872035
0.104414
0.105409
0.0957598
0.0841921
0.106435
0.0966067
0.0833735
0.0991569
0.0985587
0.0839941
0.0842265
0.104614
0.1048
0.0952344
0.0869402
0.086052
0.105582
0.105221
0.0850287
0.097283
0.0981852
0.0849719
0.10153
0.104546
0.0937218
0.0867064
0.0846057
0.0886559
0.0835048
0.0921548
0.0856337
0.0854678
0.0837938
0.0864246
0.0932346
0.105638
0.0901498
0.0858141
0.101242
0.0845744
0.104131
0.0884666
0.0919432
0.0874022
0.08514
0.0836926
0.0953816
0.101699
0.0856426
0.0835007
0.0841861
0.0866028
0.0851852
0.084874
0.0877093
0.086711
0.0882547
0.0839374
0.0945036
0.104495
0.0991615
0.0887735
0.0844818
0.105322
0.0985934
0.0843973
0.0859551
0.0961103
0.0998929
0.0877889
0.0865109
0.0853524
0.0895635
0.0840313
0.101973
0.0859593
0.0866754
0.104613
0.0842754
0.0838983
0.0910508
0.104815
0.0866556
0.0919299
0.0974248
0.08642
0.108762
0.0882139
0.0848962
0.0854778
0.0860091
0.10853
0.0897911
0.0844164
0.110678
0.0931794
0.084608
0.0863706
0.0830698
0.0829142
0.105237
0.0970002
0.0838891
0.0923472
0.087389
0.0834172
0.109426
0.0992607
0.0873394
0.0931096
0.0850863
0.0830577
0.101041
0.101017
0.0851387
0.0858282
0.0854886
0.0852801
0.0994799
0.0979744
0.0835349
0.090451
0.0967684
0.0912948
0.0863303
0.0860153
0.0982007
0.10141
0.0911826
0.0865137
0.0831945
0.107848
0.0890345
0.0882467
0.08546
0.092913
0.102637
0.0885832
0.0840189
0.0875896
0.105227
0.0908333
0.0835714
0.09057
0.105846
0.0974572
0.0856674
0.0870457
0.0870849
0.0866381
0.0930524
0.106476
0.0876004
0.0843563
0.0889266
0.104736
0.087542
0.0944692
0.0955888
0.0926539
0.102288
0.0844292
0.0836704
0.104827
0.0980128
0.0955485
0.104891
0.086031
0.08343
0.0847048
0.085824
0.0864988
0.0947035
0.105328
0.105845
0.0913924
0.0854939
0.0886931
0.0827929
0.105218
0.0923984
0.0884894
0.0886249
0.0937416
0.0953948
0.0853315
0.105324
0.105352
0.0915338
0.0950627
0.104908
0.101812
0.0833777
0.105532
0.0911271
0.0938449
0.104308
0.101204
0.0956941
0.106404
0.0927118
0.091556
0.0835642
0.0834465
0.0832836
0.0831098
0.0830258
0.0839099
0.0826121
0.104878
0.0841788
0.0827214
0.0840963
0.0958999
0.0853011
0.090633
0.105973
0.0861293
0.0841503
0.0847239
0.0849636
0.0834763
0.0841408
0.0838446
0.0841095
0.0842306
0.108827
0.105051
0.0928489
0.0903663
0.0977129
0.0897663
0.0841711
0.0852337
0.0854461
0.0881982
0.0859869
0.0846478
0.0859779
0.085384
0.0855132
0.0851717
0.0855015
0.0902264
0.0837748
0.085054
0.0839238
0.084669
0.0843221
0.0842652
0.0841179
0.0860958
0.084086
0.0841424
0.0833081
0.083187
0.0832963
0.0840217
0.085039
0.0847408
0.0853483
0.0846306
0.0846054
0.083771
0.083521
0.0826843
0.0832729
0.0835865
0.0837913
0.083998
0.0864787
0.084226
0.0835455
0.0826334
0.0840196
0.0826412
0.0824693
0.0839002
0.083498
0.0827103
0.0821585
0.0830997
0.0840201
0.0972562
0.103078
0.0854178
0.0838071
0.0831504
0.0832788
0.0840154
0.0841387
0.0831777
0.0863369
0.0847324
0.083087
0.083974
0.0839311
0.0828222
0.0836076
0.0830783
0.0840348
0.0835288
0.0839801
0.0824228
0.0838361
0.0829262
0.0837205
0.0848383
0.0840329
0.0827906
0.082917
0.0835177
0.0834972
0.100588
0.0935565
0.0830212
0.0827926
0.0833182
0.0845706
0.082474
0.084984
0.0887518
0.0912453
0.0838591
0.0840272
0.084446
0.0835519
0.0830482
0.100943
0.0947844
0.0877662
0.106317
0.0871567
0.0867517
0.0845513
0.0854306
0.0842915
0.08624
0.0852148
0.102912
0.0838165
0.0852616
0.0856376
0.0848142
0.0915543
0.0976368
0.0859095
0.0926029
0.0886678
0.0836549
0.0849861
0.0843232
0.0847499
0.0861721
0.0843451
0.085676
0.082877
0.103765
0.0933402
0.0858253
0.0929467
0.0831217
0.0862531
0.0850919
0.0846078
0.0937854
0.0969679
0.116696
0.088796
0.104927
0.0876081
0.0917706
0.0854443
0.0841815
0.0949875
0.0986516
0.0849318
0.0858906
0.098343
0.107241
0.129461
0.11047
0.105807
0.115781
0.0942941
0.0936612
0.0840632
0.0839363
0.0830094
0.0827021
0.100652
0.0827371
0.0826951
0.0892747
0.104157
0.0828741
0.0833434
0.0990978
0.0830612
0.0828045
0.0873932
0.0866673
0.0853082
0.0905046
0.119866
0.0910648
0.113796
0.095735
0.0978759
0.0973764
0.108384
0.0943228
0.108288
0.108553
0.102911
0.125868
0.152083
0.117114
0.130926
0.126985
0.0948504
0.101937
0.0903245
0.0916616
0.128886
0.0970031
0.0872989
0.0867776
0.0942418
0.132525
0.0953308
0.0872016
0.102651
0.118814
0.116761
0.0851639
0.0854228
0.126684
0.0977512
0.0887363
0.0855064
0.100781
0.0957992
0.143966
0.126975
0.132742
0.0984553
0.104816
0.098406
0.139018
0.113598
0.120735
0.102496
0.101156
0.110977
0.111874
0.12784
0.125819
0.0894458
0.0851972
0.0863928
0.110066
0.0847963
0.0915667
0.0853585
0.0863784
0.0843121
0.0880499
0.0848207
0.0974942
0.0942556
0.0867982
0.088581
0.0852039
0.0856718
0.0836569
0.0948072
0.0824952
0.0823941
0.102407
0.10556
0.0914999
0.113257
0.0947974
0.136534
0.0958181
0.0933276
0.0842466
0.0863957
0.0910645
0.101539
0.0946114
0.101719
0.0886617
0.0866081
0.0856134
0.0872048
0.0850317
0.0877363
0.106392
0.0866257
0.0881906
0.0881078
0.088121
0.0889391
0.105594
0.0968046
0.108469
0.0888129
0.084317
0.0843244
0.0863407
0.0839401
0.083261
0.0954717
0.0905988
0.0938788
0.0863298
0.0940866
0.0831381
0.0840163
0.0912331
0.102544
0.0915117
0.100791
0.0855325
0.132036
0.131021
0.0869732
0.0852826
0.103583
0.0847476
0.0842419
0.110883
0.0957521
0.0860575
0.0846738
0.0852372
0.0840743
0.0901563
0.0968456
0.108668
0.102658
0.0963223
0.0990778
0.115208
0.0834799
0.0836768
0.0879379
0.0931519
0.101918
0.100619
0.0859512
0.0943598
0.0901525
0.0839401
0.102791
0.106731
0.102747
0.096836
0.107114
0.0900349
0.086377
0.0880457
0.0846525
0.0988476
0.0907
0.0917283
0.0990776
0.112121
0.261842
0.11146
0.109075
0.109906
0.11277
0.102757
0.0881213
0.117114
0.112849
0.104856
0.106013
0.100811
0.0899691
0.0987512
0.0834564
0.0845352
0.0836652
0.0846825
0.0827602
0.0827274
0.0824727
0.0932766
0.0870857
0.0827635
0.100313
0.0949702
0.0948118
0.084046
0.0957281
0.0918676
0.0836186
0.0836263
0.0825238
0.0828198
0.0827777
0.0841019
0.0829761
0.0837538
0.0829784
0.0831533
0.083292
0.0941672
0.096756
0.0820887
0.0838827
0.0828759
0.0830893
0.082716
0.0825431
0.0845748
0.104479
0.09342
0.095479
0.0842579
0.0860115
0.0896565
0.0829336
0.0828702
0.0936962
0.0909097
0.0837648
0.101854
0.0949554
0.0880657
0.0871717
0.095056
0.0874348
0.0832693
0.0855249
0.104786
0.0914111
0.0864677
0.0841656
0.0839379
0.0825211
0.0841878
0.0835065
0.0838048
0.0928539
0.094153
0.0824919
0.0855976
0.0853675
0.0835965
0.0838349
0.0839761
0.0849666
0.0836334
0.0829846
0.0830787
0.0828124
0.0830194
0.0824393
0.0824734
0.0828287
0.0922661
0.0936012
0.082808
0.0839115
0.0839057
0.08286
0.0841056
0.082486
0.0832313
0.0828506
0.0844052
0.0827508
0.0977603
0.0902738
0.0831352
0.0836367
0.0837352
0.0836925
0.0828798
0.0834918
0.0827613
0.0835233
0.0834484
0.0837741
0.084077
0.0831926
0.0830154
0.0831489
0.0877502
0.103075
0.100036
0.083996
0.0829871
0.0836441
0.0824664
0.084227
0.0837055
0.0840131
0.0843713
0.0883581
0.102842
0.0829264
0.0824056
0.084499
0.0828796
0.0842728
0.0832804
0.0835199
0.0833627
0.0830967
0.0828273
0.0843227
0.0839102
0.0828455
0.0847149
0.0834504
0.0828966
0.0836675
0.0832746
0.0857681
0.0881074
0.083583
0.0833949
0.0831741
0.0829508
0.0835482
0.0825603
0.0836931
0.0839393
0.0991586
0.102816
0.0863697
0.0880058
0.0842626
0.0844441
0.0853506
0.0830891
0.082469
0.0827668
0.08234
0.0848154
0.0830727
0.0837618
0.0835642
0.0829394
0.0836387
0.0847784
0.0832535
0.0834154
0.0934583
0.0988426
0.0827703
0.0829603
0.0846267
0.0830679
0.0840324
0.0833323
0.0825678
0.0832574
0.0839321
0.0830312
0.0826877
0.0928262
0.0982919
0.0834428
0.0836458
0.0836343
0.0829675
0.0832994
0.0826487
0.08267
0.0833818
0.0825608
0.0829209
0.0836959
0.0829879
0.0830276
0.0892658
0.103191
0.102553
0.087348
0.0832296
0.0835832
0.0832621
0.0832883
0.083311
0.0851719
0.0826031
0.0838804
0.0832702
0.0833943
0.0836013
0.0828183
0.0824806
0.0831686
0.0828545
0.0829814
0.0829607
0.0844714
0.0839787
0.0834865
0.0838679
0.0828067
0.0838254
0.0828919
0.0826399
0.084119
0.0822717
0.0829209
0.0827562
0.102885
0.0877903
0.083655
0.0834605
0.0833091
0.0833903
0.083288
0.0825033
0.0825823
0.0837928
0.0833473
0.0830658
0.0835506
0.0834522
0.0835419
0.0835918
0.0840935
0.0865323
0.0909037
0.0919297
0.0879545
0.0855539
0.0850308
0.0856759
0.0844875
0.0854256
0.0836299
0.0847047
0.0850455
0.0962386
0.09726
0.0831351
0.0830654
0.0829031
0.0844431
0.0837112
0.0831843
0.0838402
0.0857672
0.0840535
0.0834841
0.0839899
0.0900053
0.083722
0.0847168
0.0841135
0.0893687
0.101954
0.0883073
0.0830358
0.0832257
0.0825893
0.0825685
0.0840226
0.0838162
0.0849704
0.0861431
0.0843573
0.0844247
0.0844835
0.0859073
0.0831213
0.0838492
0.0828059
0.08298
0.0826733
0.0831713
0.0828577
0.082134
0.0829722
0.0831754
0.0830421
0.0835729
0.0825958
0.0843401
0.084646
0.0832028
0.0826604
0.0825039
0.0834316
0.0826472
0.0825987
0.0824434
0.0851049
0.0831475
0.0889064
0.084394
0.0826696
0.0840437
0.0833484
0.0840965
0.0827387
0.082353
0.0830148
0.0828526
0.0843013
0.0827387
0.0835463
0.0843905
0.0921268
0.0913369
0.0828499
0.0825265
0.082821
0.0831672
0.0840773
0.0840714
0.0841144
0.0826264
0.0832311
0.0835489
0.0842654
0.0826642
0.0836313
0.0844961
0.0832004
0.0825126
0.0848371
0.0860259
0.0843762
0.0828251
0.0843387
0.0829307
0.08299
0.0834195
0.0832524
0.0823947
0.0831039
0.100269
0.0894141
0.0838606
0.0844195
0.0830131
0.083216
0.0840081
0.082445
0.08729
0.0828853
0.0875527
0.0880474
0.0845722
0.0863999
0.0842123
0.0864229
0.0839938
0.0848551
0.0858388
0.0827254
0.0826473
0.0845952
0.103898
0.0924098
0.0826571
0.0836188
0.0837476
0.082107
0.0827307
0.0833382
0.0964194
0.10439
0.0894376
0.0828913
0.0829509
0.084083
0.0836237
0.0835526
0.0831206
0.0834982
0.0839484
0.0826317
0.082964
0.0825659
0.0825098
0.0826362
0.0831656
0.0825831
0.0943133
0.0980539
0.0833528
0.0831411
0.0834763
0.0827027
0.0830997
0.0824804
0.0997404
0.1041
0.0941996
0.0839026
0.0838117
0.0827035
0.0838377
0.0829535
0.0826756
0.0839156
0.0837303
0.10522
0.0881267
0.0833402
0.0831841
0.0837514
0.0825582
0.0829118
0.0826446
0.102084
0.104983
0.0848017
0.0832284
0.0835883
0.0826775
0.0835591
0.0828813
0.0839931
0.0837948
0.0849494
0.0857537
0.0834958
0.083782
0.0836268
0.0854749
0.0843892
0.0883905
0.0970908
0.0842737
0.0833875
0.0823099
0.0837146
0.0838679
0.0823669
0.0828349
0.0823233
0.085044
0.0837399
0.083165
0.0832686
0.0834852
0.0841415
0.0833852
0.083197
0.0835526
0.0844802
0.0863461
0.0836152
0.0855853
0.0831276
0.0826705
0.0836834
0.0833837
0.0839036
0.0832606
0.0950641
0.103599
0.0920335
0.0837769
0.0832313
0.082714
0.083914
0.0842703
0.0859602
0.109554
0.0952158
0.0827786
0.083235
0.0826284
0.0833512
0.0858538
0.0900287
0.104338
0.08444
0.0841873
0.0836244
0.0829871
0.083717
0.0852574
0.0866768
0.0999692
0.0836724
0.101225
0.0916039
0.0920409
0.0836748
0.0863723
0.0839372
0.0845077
0.0852239
0.083153
0.0833279
0.0835046
0.0949022
0.105662
0.0918008
0.0833813
0.0842475
0.0842446
0.0831582
0.0843757
0.0832151
0.0846411
0.0830294
0.0835081
0.0842737
0.0827444
0.0857122
0.0848427
0.104754
0.0883901
0.0832481
0.0842905
0.0846849
0.083124
0.0842577
0.0834163
0.0880981
0.085694
0.0852555
0.0845169
0.0850626
0.090938
0.0869527
0.0929488
0.0873208
0.0845251
0.0868603
0.0886565
0.0847369
0.0834304
0.0842134
0.0859459
0.084411
0.0838883
0.0843112
0.0908812
0.0833373
0.0848996
0.083815
0.0849642
0.083502
0.0946911
0.0969354
0.0833358
0.0834509
0.0849399
0.0831234
0.0867978
0.0834003
0.0837541
0.0895143
0.101998
0.0848247
0.0828012
0.0846946
0.084294
0.0829178
0.0838248
0.0838717
0.0830562
0.0904858
0.0910019
0.0837109
0.0849899
0.083128
0.0832813
0.0837467
0.0845122
0.0840399
0.0859573
0.0866597
0.0846719
0.08378
0.0850464
0.0845059
0.0844907
0.0837716
0.0853528
0.0839432
0.0862807
0.0839533
0.0840247
0.0841347
0.0822356
0.0829206
0.0830782
0.0832302
0.0832604
0.085945
0.0998871
0.0856161
0.0834611
0.0825774
0.0840048
0.0837146
0.0840177
0.0830222
0.0827558
0.0837972
0.0829898
0.0842583
0.0839592
0.082496
0.0838714
0.0825684
0.0828932
0.0832334
0.0831747
0.105059
0.103998
0.105763
0.083435
0.0829991
0.0841134
0.082737
0.0830222
0.0830381
0.0840151
0.0832982
0.0839529
0.0836082
0.0823531
0.0980698
0.102658
0.105781
0.0838871
0.0832328
0.0844075
0.0833706
0.0832312
0.0832348
0.0842632
0.0825032
0.0827655
0.083315
0.0840495
0.0832574
0.0841147
0.0828075
0.0828673
0.0826475
0.0839793
0.0830748
0.0952764
0.0844677
0.0846163
0.0844015
0.0836664
0.0825495
0.0865076
0.110971
0.106586
0.100567
0.0828039
0.0841998
0.0917559
0.0850677
0.0852361
0.0843741
0.0833304
0.0832738
0.0830142
0.0837239
0.0829949
0.0833089
0.0838037
0.082787
0.0830204
0.0824171
0.0879312
0.0823253
0.0836637
0.0844024
0.0829265
0.0831556
0.0830324
0.0850575
0.0826913
0.0840483
0.0824388
0.0831999
0.0833861
0.0831518
0.0838825
0.0831832
0.0979857
0.0891152
0.0830616
0.0825148
0.0826371
0.0834638
0.0823275
0.0829603
0.0839736
0.0838627
0.0846071
0.0829293
0.0824963
0.0826218
0.0822942
0.0831103
0.0840051
0.106908
0.0907768
0.0827012
0.08404
0.0825131
0.0828729
0.0835152
0.083172
0.0832686
0.082387
0.0828853
0.0832089
0.0828635
0.0848101
0.0826317
0.0831853
0.0830419
0.0827863
0.0833196
0.0836369
0.0850919
0.0848089
0.0842494
0.0835019
0.0826286
0.0843204
0.0840196
0.083273
0.0844982
0.0830872
0.0832392
0.0843007
0.0844388
0.0821453
0.0833344
0.0834452
0.0821897
0.0839125
0.0839139
0.101853
0.0842336
0.0828735
0.0823996
0.0828996
0.0847289
0.0830291
0.0872828
0.105769
0.0875347
0.0832359
0.0832842
0.0827392
0.0830482
0.0824318
0.0869355
0.105608
0.0850964
0.0834858
0.0833235
0.082485
0.0830462
0.0839577
0.0832862
0.0838945
0.0821835
0.0831161
0.0831268
0.0826917
0.0829082
0.0823624
0.103843
0.0869717
0.0849443
0.0847437
0.0829224
0.0842847
0.0833343
0.0857195
0.0859065
0.0877358
0.0879861
0.0852679
0.0960281
0.0848272
0.083813
0.0840029
0.103894
0.0919787
0.0866506
0.0840665
0.0851994
0.082911
0.0839928
0.0829877
0.0857127
0.0903798
0.0825796
0.0863265
0.0850338
0.0836869
0.0916219
0.136744
0.119575
0.0989624
0.083333
0.0838879
0.0852845
0.0861821
0.0858392
0.0869387
0.0894532
0.0842859
0.109829
0.117461
0.106753
0.150627
0.0919216
0.0914207
0.0845901
0.0845659
0.0938885
0.0873674
0.110023
0.0826791
0.0935208
0.0825536
0.0904657
0.114446
0.0833041
0.083601
0.0851988
0.0903607
0.0831271
0.0873457
0.0843404
0.105367
0.110121
0.0972063
0.0915704
0.0848254
0.0861531
0.0835427
0.0856651
0.12048
0.107391
0.0842774
0.104807
0.12478
0.126866
0.140766
0.153248
0.143147
0.108154
0.0870041
0.109641
0.105959
0.0862987
0.0873193
0.0855975
0.107177
0.105116
0.0932861
0.0911358
0.0923891
0.0966945
0.0927894
0.0880659
0.0959888
0.0834262
0.0839276
0.0840234
0.0946894
0.114409
0.115382
0.0933029
0.119794
0.0889784
0.0864925
0.0999856
0.108725
0.10058
0.100305
0.0860771
0.0839396
0.0948671
0.0996163
0.104633
0.135214
0.0843038
0.0835089
0.125745
0.0986961
0.0852614
0.0990823
0.106843
0.0987043
0.0994778
0.0837577
0.0888485
0.0903558
0.102998
0.119797
0.101864
0.0859731
0.0939624
0.0824906
0.0863861
0.105232
0.0888863
0.0927987
0.0890153
0.0873697
0.0858272
0.0916578
0.0859524
0.122772
0.0862501
0.0825009
0.101381
0.0847109
0.0968494
0.0994074
0.0877249
0.0943508
0.0943171
0.0950082
0.10155
0.0923915
0.094867
0.0911442
0.0850237
0.0884953
0.0853511
0.0857782
0.0847711
0.0844745
0.0861704
0.085674
0.116312
0.113348
0.09109
0.0881758
0.0868803
0.0840385
0.0899551
0.086469
0.087624
0.0848882
0.0855466
0.0854403
0.0846825
0.0853602
0.0822759
0.0862794
0.0912576
0.101273
0.113244
0.0931019
0.122541
0.0869765
0.110754
0.0966062
0.0836416
0.112585
0.0862992
0.0865777
0.0963487
0.12625
0.152841
0.111783
0.107747
0.108068
0.0896352
0.0905054
0.106107
0.106579
0.0984616
0.0830648
0.0832428
0.0843479
0.0935439
0.102182
0.103701
0.0947399
0.117515
0.0835749
0.0954251
0.0889639
0.148216
0.0862895
0.0895135
0.0933053
0.0860485
0.0829651
0.0986334
0.116001
0.108039
0.115862
0.0986145
0.123017
0.103706
0.0939993
0.0922014
0.0929378
0.0855383
0.085
0.0872295
0.0847123
0.0874994
0.0872286
0.0843243
0.0862769
0.0894273
0.110611
0.105985
0.0857385
0.0833138
0.083925
0.0829646
0.0846128
0.0839915
0.0853545
0.085703
0.0834472
0.0833716
0.0824366
0.102353
0.0834552
0.0830818
0.0837343
0.0830641
0.0840927
0.0827985
0.107296
0.10571
0.0872641
0.0827972
0.0831922
0.082698
0.08455
0.0827545
0.0835939
0.0826634
0.0822022
0.0832369
0.0847274
0.0836979
0.0828831
0.0988594
0.106049
0.0978402
0.0826324
0.0837484
0.0826067
0.0841565
0.0832934
0.0856769
0.084008
0.0832202
0.0836932
0.08269
0.0845036
0.0846056
0.0833688
0.0823103
0.0825399
0.0830185
0.0834709
0.0829164
0.0841317
0.0870285
0.105355
0.0858164
0.082977
0.0830191
0.0845056
0.0826738
0.0835251
0.0825467
0.0829397
0.0837884
0.084184
0.0836426
0.0869123
0.108237
0.0952172
0.0829731
0.0838137
0.0824581
0.0834304
0.0834237
0.0829975
0.0837307
0.083419
0.100655
0.0856685
0.0853722
0.0840004
0.0840493
0.0837944
0.082653
0.0856568
0.0835585
0.0837769
0.0836347
0.0825324
0.0838423
0.0835674
0.0828576
0.0830834
0.0839113
0.0844077
0.088902
0.0826865
0.0835263
0.0832201
0.0835968
0.083716
0.0827167
0.0826402
0.0848644
0.0849174
0.0905056
0.101328
0.0842451
0.0840281
0.0824809
0.083298
0.0826255
0.0825435
0.101373
0.100723
0.0826324
0.0831671
0.0842074
0.0823835
0.0839449
0.0841452
0.104201
0.0868389
0.0822531
0.0832459
0.0836065
0.083073
0.0828348
0.083314
0.0831543
0.0832595
0.0834471
0.082931
0.0843915
0.104867
0.085186
0.0836287
0.0833767
0.082666
0.0827869
0.0842884
0.0825885
0.083343
0.0836839
0.0832938
0.0844001
0.0831175
0.0840679
0.0839826
0.0827134
0.0828737
0.0940005
0.0957148
0.0863088
0.0849672
0.0891372
0.0827089
0.0849537
0.0831166
0.086449
0.083617
0.0829579
0.0831949
0.0838777
0.107812
0.0918524
0.086591
0.0862708
0.0831715
0.0856133
0.0836093
0.0849009
0.0882075
0.0835587
0.0843249
0.0831194
0.0830517
0.0851381
0.0851294
0.0862728
0.0848294
0.0884698
0.082316
0.0993562
0.0866398
0.083767
0.0872653
0.094776
0.0859021
0.0868041
0.0848137
0.0831434
0.0842392
0.083616
0.0854474
0.0843432
0.0839412
0.0841479
0.0849873
0.083213
