17.1116
18.762
14.8491
15.2899
14.7167
14.4096
14.8037
14.5893
15.4868
14.8608
14.8755
15.0508
14.5608
15.6927
14.7449
14.9743
15.0602
15.2037
15.2468
14.8533
15.5971
14.682
14.9143
14.7092
15.0858
15.1866
15.2752
14.5554
17.8454
15.2558
15.1559
20.376
18.2895
20.1499
14.8243
17.9557
14.4441
14.941
15.1923
16.5725
15.7618
15.2811
15.2005
15.3924
16.1161
15.2863
18.1314
17.1249
14.6487
15.9024
15.4311
14.5886
17.1893
16.4454
16.6208
15.2875
14.8108
17.1627
14.6811
15.0102
15.9426
15.1541
17.8251
16.2082
15.6693
15.6693
15.0204
19.8919
15.0184
14.8341
14.7995
16.3601
15.7166
20.0561
15.9834
16.549
20.648
15.0486
14.657
15.3029
15.1155
15.9882
15.0986
15.2227
14.9208
15.617
14.9533
15.047
15.4639
15.5735
14.7056
14.7601
14.3553
14.9258
16.3282
14.9684
14.7844
15.71
16.3539
14.6884
