0.000536551
0.00057254
0.00057451
0.000520713
0.000551171
0.000533496
0.000716446
0.000580132
0.000517503
0.0007611
0.0005389
0.000670745
0.000545345
0.000566523
0.000700524
0.000565666
0.000690747
0.000861898
0.000611761
0.000615037
0.000659164
0.000562585
0.000662813
0.000519877
0.000549349
0.000550428
0.000577878
0.000514994
0.000546605
0.000515177
0.000520819
0.000517516
0.0005464
0.000552803
0.000664598
0.000536244
0.000560667
0.000525122
0.000523061
0.000536588
0.000529831
0.000523457
0.000640256
0.000685298
0.000599815
0.000542192
0.000549187
0.000571294
0.000573972
0.000539208
0.000523823
0.000569577
0.000534872
0.000592109
0.000510484
0.000551902
0.000547815
0.000553437
0.000572413
0.000552121
0.000535029
0.00050532
0.000516414
0.000505997
0.000694629
0.000557892
0.000565826
0.000531714
0.000535484
0.000545778
0.000561916
0.00065857
0.000514807
0.000515179
0.000565216
0.000733816
0.000540598
0.000568292
0.000614379
0.000629982
0.000555377
0.000534536
0.000540971
0.000585279
0.000506939
0.000538654
0.000574375
0.000567116
0.000509563
0.000521663
0.000612865
0.000540327
0.000515095
0.000535104
0.000564517
0.000541738
0.000588006
0.000550971
0.000582291
0.000636837
0.000545397
0.000694099
0.000509997
0.000538956
0.000543898
0.000585208
0.000531526
0.000608872
0.000515235
0.000530033
0.000567255
0.000587126
0.000580977
0.000546674
0.000545018
0.000510492
0.000532552
0.00051748
0.000617369
0.000605011
0.000607235
0.000630069
0.000585367
0.000526445
0.000547874
0.000519167
0.000518399
0.000526094
0.000547866
0.000720068
0.00053511
0.000679053
0.000544529
0.000524176
0.00052346
0.000506803
0.000535928
0.000636014
0.000518546
0.00055296
0.000687068
0.00058356
0.000524944
0.000554585
0.00051213
0.000518337
0.000555138
0.000678168
0.00051361
0.000530167
0.000538877
0.000587383
0.000575128
0.000543927
0.000602776
0.000559747
0.000527255
0.000549082
0.000523664
0.000694314
0.000536058
0.000537597
0.000524738
0.000567644
0.000521177
0.000534503
0.000529722
0.000543287
0.000533236
0.000515421
0.000567126
0.000517307
0.00065334
0.000592524
0.000566499
0.000571625
0.000540962
0.000560544
0.000563036
0.000563113
0.00065582
0.000607477
0.000538827
0.000586592
0.000533389
0.000624998
0.000535322
0.000536442
0.000529941
0.000536587
0.000536551
0.000509145
0.000518029
0.000582198
0.000629734
0.000571362
0.000587279
0.000517439
0.000592759
0.00056957
0.000539456
0.000589747
0.000547207
0.000533359
0.000532002
0.000646377
0.000572358
0.000624855
0.000573442
0.000579644
0.000571971
0.000568131
0.000589189
0.000523887
0.000517241
0.000577648
0.000557786
0.000549569
0.000532609
0.000523529
0.000551851
0.000540363
0.000533872
0.000534191
0.000543676
0.000541365
0.000538414
0.000558146
0.000574573
0.000530465
0.000561625
0.000515125
0.000520987
0.000534131
0.000549125
0.000556087
0.00056902
0.000505335
0.00054983
0.000645176
0.000535048
0.000546432
0.000752738
0.000830481
0.000654487
0.000510077
0.000556045
0.00052111
0.000523658
0.000574287
0.00055065
0.000538532
0.000531617
0.000528401
0.000514747
0.000551801
0.00051099
0.000518407
0.000524708
0.000562162
0.000615188
0.000527165
0.00052429
0.000583724
0.00055531
0.00052227
0.000566664
0.000518415
0.000508724
0.000528498
0.000534751
0.000563766
0.000548754
0.000560231
0.000677213
0.000735204
0.00064236
0.000545652
0.000516395
0.000511708
0.000524658
0.00057592
0.000572141
0.000578288
0.000596274
0.000634702
0.00054597
0.000539871
0.000587227
0.000527595
0.000597944
0.000555932
0.000511215
0.000548572
0.000501217
0.000571093
0.000518688
0.000517553
0.000518555
0.000511094
0.000527642
0.000539223
0.000622722
0.000540379
0.000629597
0.000782474
0.000772249
0.000672227
0.000556014
0.000668702
0.000667169
0.000504441
0.000577093
0.000548561
0.000562437
0.000571562
0.000520449
0.00058441
0.000534195
0.000621798
0.000578982
0.000557867
0.000531953
0.00134116
0.00051092
0.000517168
0.000640481
0.000528226
0.000508985
0.000517964
0.000586654
0.000559532
0.000603928
0.000567919
0.000514148
0.00052734
0.000724113
0.00058983
0.000587446
0.000760788
0.000585168
0.000553702
0.000579532
0.000516588
0.000638955
0.000820091
0.000532447
0.00057653
0.000561162
0.000541621
0.000674443
0.000583868
0.000533507
0.00059077
0.000710252
0.000526677
0.000500758
0.000542317
0.000554927
0.000571851
0.000557781
0.000560945
0.000582645
0.000609927
0.000564951
0.00057977
0.000632587
0.000550795
0.000640215
0.000601371
0.000613012
0.000739289
0.00063595
0.000618549
0.000678067
0.000530455
0.000648994
0.000653013
0.00053066
0.000525826
0.000700494
0.000673744
0.000701885
0.000587571
0.000599424
0.000546028
0.000544015
0.000550278
0.00054344
0.000522442
0.000516116
0.000553552
0.000541922
0.000710285
0.00100705
0.000799666
0.0009116
0.000852129
0.000688814
0.00066845
0.000533841
0.000635524
0.000649123
0.000739735
0.000554781
0.00060586
0.000533816
0.000555397
0.000818243
0.000527483
0.000694392
0.000517506
0.000536241
0.00055753
0.000547331
0.000689063
0.000571151
0.000533231
0.000510608
0.000525329
0.000486608
0.000721041
0.000584987
0.000741292
0.000564952
0.000651159
0.000795725
0.000722048
0.000564348
0.00051671
0.000520441
0.000533147
0.000696113
0.000606785
0.000698946
0.000835083
0.00076113
0.000559273
0.000559059
0.000641494
0.000646023
0.00051628
0.00062163
0.000540825
0.000566723
0.000555146
0.000521234
0.000539195
0.00049953
0.000600165
0.000565526
0.000526714
0.000636995
0.000643139
0.000805825
0.000617331
0.000569339
0.00053812
0.000565468
0.000540909
0.000535015
0.000656631
0.000607506
0.000599996
0.000561849
0.000606303
0.000565147
0.000678831
0.000697328
0.000585401
0.000583678
0.000519629
0.00052877
0.000614835
0.000568608
0.000567445
0.000546659
0.000534592
0.00054201
0.000570033
0.000563627
0.000553252
0.000523233
0.000663632
0.000633538
0.000647594
0.000528044
0.000543129
0.000520227
0.000639777
0.000543473
0.000537079
0.000549282
0.00055338
0.000645541
0.000537655
0.000540383
0.000509268
0.000566104
0.000519179
0.000506547
0.000687216
0.000538045
0.000520039
0.000724738
0.000580515
0.000525004
0.00053322
0.000542812
0.000549032
0.000598019
0.000567521
0.00070732
0.000551638
0.000524262
0.000632868
0.000525491
0.000638658
0.000750214
0.000532865
0.000688311
0.000555977
0.000506537
0.000531871
0.000551401
0.000562756
0.000532695
0.000539064
0.00063481
0.000536609
0.000574392
0.000539425
0.000530105
0.00057766
0.000624371
0.000514735
0.000575506
0.000513214
0.000509526
0.000517795
0.000553389
0.000550593
0.000523501
0.000571995
0.000547427
0.000537014
0.000510392
0.000500259
0.000679748
0.000672616
0.000656102
0.000528808
0.000551971
0.000592002
0.00052956
0.000523069
0.000528824
0.000523841
0.000548342
0.000558604
0.000557428
0.000546002
0.000570034
0.000583076
0.00051831
0.000545188
0.000653321
0.000510613
0.000568706
0.000623341
0.000505459
0.000515704
0.000504549
0.000510093
0.000513335
0.00051961
0.000661034
0.000727254
0.000527752
0.00052878
0.000516117
0.000527272
0.000519139
0.000690935
0.00064876
0.000580136
0.00060809
0.00056502
0.000531888
0.000621027
0.000528727
0.000592175
0.000704092
0.000632757
0.000681004
0.000573584
0.000637335
0.000577051
0.000551421
0.000522176
0.000500732
0.000489043
0.000555056
0.000515113
0.000545945
0.000575059
0.000533008
0.000511747
0.000529966
0.000556817
0.000515536
0.00066953
0.000605258
0.000559786
0.000797633
0.000550779
0.000789438
0.000664672
0.000596348
0.000548468
0.000525266
0.000550494
0.000533716
0.000509184
0.000587221
0.000537704
0.000533725
0.000508596
0.000519702
0.00056021
0.000520504
0.000554872
0.000532191
0.000546874
0.000532227
0.000499164
0.000519189
0.000531702
0.000569621
0.000550813
0.000673503
0.000560864
0.000696738
0.000775377
0.00069609
0.000792351
0.000694622
0.000535536
0.000672253
0.000545548
0.000546453
0.000549568
0.000539788
0.000667241
0.000520039
0.000537772
0.000706738
0.000516034
0.000545507
0.000540024
0.00053395
0.000524375
0.000552175
0.00052891
0.000524907
0.000502239
0.000525306
0.000556271
0.000557039
0.000544595
0.000610588
0.000545676
0.000523985
0.000537674
0.000733612
0.000680167
0.00198964
0.000680291
0.000542656
0.000773485
0.000880568
0.000584552
0.000568439
0.00052381
0.000541016
0.000613496
0.000761666
0.000574906
0.00067666
0.00062492
0.000543227
0.000548381
0.000555837
0.000641625
0.000523391
0.000526973
0.000596079
0.000532567
0.000516692
0.000515126
0.000683615
0.000581226
0.000628686
0.000672327
0.000688132
0.000693125
0.000566497
0.000559293
0.000833448
0.000579703
0.000650039
0.000546902
0.000582624
0.000605657
0.000672122
0.000566614
0.00054204
0.000522211
0.000888922
0.000573441
0.000619782
0.000532774
0.000568045
0.000534524
0.000566856
0.000633582
0.000521952
0.000522578
0.000627085
0.000568867
0.000533915
0.000520681
0.000527052
0.000793499
0.000600355
0.000537882
0.00070517
0.000575627
0.000624545
0.000510844
0.000532894
0.000650493
0.00049273
0.000603517
0.000527716
0.000538346
0.000581421
0.000578008
0.000607037
0.000556314
0.000718397
0.000505814
0.000602693
0.000641673
0.000546304
0.000513471
0.000531477
0.00054358
0.000551962
0.000510314
0.000510624
0.000547511
0.00050764
0.000606355
0.000532425
0.000519245
0.000524957
0.00058217
0.000648931
0.000533042
0.000650847
0.000680966
0.00053524
0.00057272
0.000540877
0.000535759
0.000555775
0.000578192
0.000552144
0.000576414
0.000524768
0.000508798
0.000705214
0.000531719
0.000531588
0.000508631
0.00051355
0.000516186
0.00052062
0.000536799
0.000517616
0.000583403
0.00056058
0.000689264
0.000866382
0.000585225
0.000550629
0.000561242
0.000599231
0.000542572
0.000996988
0.000742532
0.000755187
0.000641146
0.000942185
0.00069598
0.000495981
0.000612774
0.000648365
0.000584973
0.000626189
0.000725613
0.000661152
0.000675768
0.000550744
0.000505957
0.000520795
0.000560789
0.000544905
0.000512227
0.0005211
0.000574246
0.000506916
0.000515637
0.000510753
0.000656514
0.000661862
0.000547742
0.000612647
0.00056529
0.000535289
0.000542106
0.00082995
0.000647143
0.000573814
0.000494407
0.000591872
0.000531493
0.000520372
0.000621725
0.0005404
0.00052936
0.000561885
0.000640794
0.00065453
0.000522897
0.000574666
0.000528943
0.000549449
0.000527626
0.00054438
0.000537963
0.000658939
0.000509522
0.000514911
0.000530305
0.000530929
0.00062534
0.000518327
0.000517999
0.000617683
0.000727752
0.00060839
0.000527615
0.000593577
0.000606767
0.000578294
0.000518978
0.000672934
0.000490346
0.000525724
0.000558909
0.000594275
0.00067019
0.000531467
0.000777324
0.000567594
0.000531622
0.000648619
0.000517566
0.000517708
0.000519693
0.000737823
0.000507788
0.000515348
0.00051344
0.000511726
0.000525612
0.00053288
0.000699541
0.00060758
0.000521899
0.000563171
0.000591247
0.000725477
0.000609175
0.000531618
0.000608798
0.0007148
0.000613572
0.000565601
0.000503276
0.000521863
0.000527008
0.000537028
0.000574215
0.000537655
0.00058886
0.00052742
0.000543056
0.000591919
0.000737241
0.000580992
0.000578575
0.000529075
0.000531418
0.000504169
0.000545027
0.000537949
0.000511463
0.000653495
0.000612072
0.000566449
0.000522707
0.000545874
0.000641748
0.000532992
0.000518734
0.000557466
0.000633087
0.000607583
0.000524297
0.000560201
0.000528205
0.000554043
0.000595706
0.000544159
0.000563638
0.000558411
0.00058896
0.000640647
0.000542272
0.000533866
0.000510846
0.000526045
0.00059277
0.000512908
0.000516181
0.000541786
0.000520108
0.000539668
0.000544971
0.00051414
0.000561719
0.00063077
0.000648562
0.000563237
0.000521501
0.000616638
0.000858424
0.000633268
0.000604986
0.000588011
0.000603026
0.000576125
0.000543095
0.000537591
0.000688688
0.000592223
0.000640698
0.000703422
0.000528589
0.000530702
0.000732154
0.00061144
0.000531338
0.000518377
0.000532317
0.000544953
0.000519261
0.000516051
0.000532375
0.000534918
0.000519831
0.000544577
0.000519355
0.000575477
0.000516481
0.000550532
0.000593929
0.000544746
0.000686385
0.000522658
0.000706244
0.000777399
0.000557507
0.00054706
0.000608857
0.000581672
0.000580785
0.000544661
0.000577881
0.000519881
0.000495108
0.00055203
0.000543317
0.000665938
0.000546648
0.000530354
0.00051561
0.000605669
0.000522741
0.000508677
0.000517751
0.000521666
0.000530354
0.000555181
0.000515812
0.00051285
0.000541895
0.000527737
0.000565398
0.000549542
0.000527812
0.000517402
0.000630013
0.000670232
0.000577238
0.00050846
0.000517021
0.000508928
0.000520014
0.000836362
0.000546073
0.000652083
0.000857793
0.000521853
0.000560155
0.000532293
0.000535567
0.000554759
0.000530844
0.000527773
0.000518994
0.000576432
0.000515337
0.000615021
0.000737952
0.000638517
0.00052278
0.000512661
0.000550115
0.000551567
0.000500422
0.000505529
0.00063999
0.000602489
0.000523236
0.0006216
0.000549745
0.000542956
0.000541924
0.000512607
0.00052244
0.000523355
0.000674875
0.000575155
0.000517259
0.000522049
0.000647212
0.000564512
0.000576727
0.000599857
0.000546267
0.00052208
0.000547273
0.000519471
0.000508898
0.000512997
0.000615905
0.000559418
0.000545471
0.000604872
0.00064331
0.000572362
0.000504231
0.000505437
0.000534772
0.000538282
0.000628184
0.00053214
0.000667853
0.000536996
0.0005161
0.000524034
0.0005406
0.000561012
0.000726312
0.000550152
0.000523607
0.000518391
0.000529202
0.000541575
0.00055579
0.000534972
0.000541557
0.000518018
0.000535028
0.000517428
0.000539693
0.000503321
0.00060956
0.000810725
0.000543101
0.000658206
0.000524245
0.000630083
0.000608176
0.000655916
0.000555512
0.000709009
0.000568391
0.000658846
0.00053459
0.000511951
0.000535154
0.000561654
0.000518486
0.000523532
0.000557279
0.000514281
0.000538136
0.000588267
0.000517041
0.000546953
0.000504491
0.000647888
0.000540275
0.000556549
0.000597734
0.000547281
0.000539915
0.00052896
0.000614775
0.000518649
0.00054307
0.000525155
0.00053588
0.00055047
0.000553519
0.00050938
0.000523528
0.000538197
0.000515287
0.000726935
0.000565888
0.00052541
0.000652627
0.000606703
0.000558199
0.000550318
0.000600018
0.000591035
0.000513529
0.00053543
0.000516715
0.000517037
0.000566355
0.000585847
0.000608868
0.000517716
0.000530537
0.000524941
0.000532821
0.000530956
0.000658285
0.000595894
0.000552961
0.000535355
0.000546575
0.000514822
0.000554415
0.000512357
0.000508106
0.0005951
0.000571748
0.000565196
0.000690097
0.000732464
0.000556909
0.000608112
0.000604722
0.000498381
0.000537268
0.000517914
0.000518462
0.000560166
0.000605719
0.000647696
0.00065802
0.000769978
0.000566259
0.000538855
0.000557698
0.000517058
0.000510883
0.000675432
0.000685103
0.000548165
0.000509274
0.000520844
0.000503549
0.000527105
0.000498491
0.000533355
0.000584787
0.000543958
0.00052158
0.000818499
0.000559121
0.000599803
0.000633092
0.000538608
0.000543914
0.000561775
0.000592498
0.000517759
0.000635673
0.000524156
0.000554632
0.000530937
0.000511669
0.000596071
0.000560766
0.000543552
0.000537002
0.000539342
0.00055448
0.000524881
0.000685389
0.000640612
0.000525953
0.000548609
0.000514764
0.000511986
0.000563923
0.000650587
0.000545082
0.000530039
0.000523783
0.000569413
0.000656924
0.000692277
0.000640821
0.000531437
0.000624886
0.000546718
0.000511376
0.000607191
0.000538898
0.000545285
0.000519901
0.000509654
0.000524375
0.000576773
0.000509118
0.000574202
0.000576337
0.000682592
0.000621836
0.000688907
0.000600702
0.00054687
0.000531169
0.000695601
0.000566488
0.000590433
0.000564162
0.000897127
0.000575977
0.0005535
0.000750884
0.000530942
0.000570357
0.000537551
0.000528357
0.000597012
0.000693785
0.000663604
0.000551674
0.000516268
0.000527716
0.000591723
0.000537408
0.000540042
0.000618477
0.000806588
0.000625
0.00092132
0.000742279
0.000663215
0.000741746
0.000601215
0.000610343
0.000666618
0.000655189
0.000722726
0.000544063
0.00057133
0.000679915
0.000557668
0.000572729
0.000604668
0.000694509
0.00055828
0.000535874
0.00054446
0.00051269
0.000514898
0.000530886
0.000536722
0.000529592
0.000548827
0.000538669
0.000605081
0.000860558
0.000545742
0.000542964
0.000535745
0.000533642
0.000529042
0.000528288
0.000628958
0.00112291
0.000664794
0.000548224
0.000544611
0.000537165
0.00055934
0.00075351
0.00066371
0.000544144
0.000570241
0.000617288
0.000529168
0.000572245
0.000526473
0.000524423
0.000569786
0.000515893
0.000528674
0.0006236
0.000646658
0.000556557
0.000542391
0.000535289
0.000596677
0.000607346
0.000537383
0.000530755
0.000526081
0.000582131
0.000496345
0.000516445
0.000556
0.00052053
0.000543669
0.000704584
0.000528847
0.000512062
0.000559699
0.000503527
0.00062381
0.000549835
0.000543444
0.000536637
0.000511917
0.000519145
0.000546768
0.00051232
0.000511472
0.000553268
0.000521132
0.000543235
0.000567704
0.000554361
0.000627039
0.000640876
0.000756549
0.000530062
0.000572387
0.000549499
0.000561088
0.000541754
0.000571973
0.0005622
0.000533005
0.000525474
0.000593327
0.000547663
0.000512888
0.000498728
0.00051379
0.000615875
0.000539578
0.000710917
0.00058857
0.000666574
0.000568003
0.000523018
0.000533974
0.000566317
0.000526991
0.000589389
0.000539677
0.000526921
0.000555905
0.000684777
0.000583108
0.000623384
0.000721191
0.000647241
0.000524358
0.000530118
0.00071099
0.000528268
0.000543692
0.000505382
0.000571279
0.000563967
0.000525917
0.000640064
0.000529209
0.000545259
0.000521307
0.000554879
0.000553672
0.000638012
0.000785282
0.000603379
0.000866063
0.000500356
0.000511752
0.000554334
0.000511064
0.000574314
0.000516376
0.000520693
0.000580815
0.000560713
0.000575955
0.000528801
0.00054433
0.000667472
0.000547357
0.000523331
0.000528835
0.000632233
0.000531006
0.000512491
0.000550298
0.000543136
0.000551539
0.000544117
0.000532455
0.000524381
0.000519389
0.000679717
0.000839121
0.000527832
0.000565663
0.000529079
0.000510803
0.000626453
0.000538737
0.000533173
0.000554061
0.000529863
0.000523332
0.00053736
0.000544608
0.000552477
0.000572159
0.000542152
0.000594867
0.000507616
0.000517684
0.000525427
0.000530468
0.000541597
0.000553501
0.000593574
0.000545134
0.000623418
0.00056129
0.000600317
0.000577669
0.000566422
0.000559698
0.00060218
0.000606438
0.000586002
0.00061487
0.000605789
0.00063803
0.000536934
0.000528282
0.000544758
0.000517675
0.000519321
0.000539655
0.000510947
0.000546065
0.00050551
0.000759536
0.000661853
0.000560056
0.000541607
0.000522076
0.000506051
0.000568122
0.000559454
0.000559952
0.000558745
0.000501396
0.000528537
0.000529015
0.000538283
0.000539416
0.000532057
0.000535046
0.000584966
0.000537608
0.000580203
0.00069512
0.000585758
0.00056861
0.00056353
0.0005795
0.000507138
0.000520161
0.000521722
0.000525737
0.000553444
0.000514862
0.00050538
0.000553398
0.000623988
0.000511285
0.000527953
0.00051852
0.000530106
0.000659425
0.000548036
0.000598581
0.000578505
0.00055018
0.000528511
0.000502714
0.000546148
0.000539599
0.000534016
0.000532721
0.000559344
0.00052911
0.000531998
0.00072766
0.000585153
0.000630753
0.000541263
0.000550926
0.000524384
0.000552223
0.000563042
0.000512424
0.000529401
0.000683791
0.000533211
0.000619789
0.000594793
0.000516772
0.000505115
0.000601585
0.000508431
0.000532181
0.000523003
0.000534861
0.000554343
0.000546757
0.000529673
0.000578606
0.000547352
0.000557569
0.000527281
0.000519288
0.000547726
0.000588873
0.000747414
0.000694926
0.000670332
0.000802956
0.000559645
0.000512161
0.000584519
0.000536316
0.000553259
0.000582977
0.000615851
0.000515778
0.000552394
0.000567107
0.000501159
0.000528653
0.00050326
0.000521464
0.000545843
0.000587171
0.000584961
0.00063888
0.000559616
0.000508595
0.000547529
0.000513054
0.000540494
0.000503203
0.000528789
0.000502576
0.000579557
0.000560186
0.000534081
0.000520691
0.000632107
0.000556418
0.000628903
0.000546118
0.000537261
0.000518373
0.000537874
0.000566991
0.000512673
0.000561275
0.000559716
0.000613432
0.000525144
0.000624948
0.000566566
0.000539809
0.00057167
0.000563362
0.000745444
0.000551954
0.000586167
0.000540545
0.000618418
0.000607104
0.000511625
0.000563336
0.000525218
0.000529864
0.000525226
0.000539565
0.000519301
0.000541609
0.000540795
0.00053506
0.000513588
0.000605074
0.000494583
0.000537025
0.000644566
0.000523987
0.000522476
0.000528469
0.000559349
0.000565928
0.000556247
0.000546198
0.000675493
0.000536023
0.000537006
0.00054628
0.000515157
0.000535535
0.000551884
0.000579376
0.000555581
0.000557568
0.000563596
0.000581838
0.000887492
0.000526539
0.000552486
0.000656781
0.000756706
0.000759315
0.000992222
0.00079395
0.00102821
0.000536986
0.000518375
0.000545775
0.000514934
0.000593778
0.000600915
0.000721953
0.000660548
0.000815063
0.000548422
0.000537061
0.000521054
0.000564726
0.000644342
0.000542508
0.000624204
0.00059529
0.00065647
0.000600268
0.000501113
0.000534717
0.0005029
0.000514343
0.000516546
0.000596052
0.00058674
0.000582721
0.000517723
0.000637043
0.000527511
0.000540639
0.000527269
0.00055072
0.000535758
0.000529593
0.000628887
0.000572073
0.000583845
0.000723363
0.000641739
0.000578864
0.000544757
0.000558391
0.000746243
0.000557341
0.000729751
0.00052709
0.000595849
0.000553707
0.000543851
0.000585272
0.000805344
0.000635284
0.000634911
0.000631059
0.000592216
0.000547653
0.000506285
0.000528801
0.000691282
0.000633635
0.000665352
0.00055187
0.000505319
0.000508288
0.000498262
0.000532178
0.000532462
0.000600618
0.000554321
0.000662626
0.000545988
0.000511103
0.000536884
0.000512719
0.00054238
0.000656074
0.000524103
0.000555193
0.000608963
0.000543846
0.000613815
0.000632561
0.000522264
0.000527043
0.000775156
0.000530517
0.000573692
0.000626692
0.000596865
0.000525133
0.000605851
0.000578207
0.000684916
0.000571536
0.000515006
0.000569707
0.000517239
0.000622013
0.000628292
0.000593606
0.000550536
0.000510945
0.000553849
0.00057154
0.000524841
0.00058843
0.000631769
0.000555363
0.00054131
0.000542937
0.00053201
0.000536012
0.000555261
0.000526471
0.000518934
0.000697813
0.00056988
0.00077054
0.00057423
0.000616788
0.000540111
0.000555868
0.000676797
0.000561326
0.000549795
0.000521761
0.000547752
0.000536655
0.000514841
0.000672491
0.000567043
0.000539859
0.000539592
0.000619444
0.000542716
0.000569977
0.000577215
0.000541171
0.000548993
0.000507997
0.000511861
0.000535926
0.00053851
0.00052064
0.000519653
0.000529497
0.000565668
0.000557326
0.000603327
0.000519153
0.000627979
0.000637118
0.000527113
0.000585949
0.000528481
0.000544232
0.000585849
0.000536076
0.000543574
0.000519824
0.000533146
0.000570599
0.000583408
0.000546673
0.000521363
0.000530652
0.000551834
0.000536651
0.000535075
0.000522634
0.000561071
0.000559132
0.00051287
0.000628454
0.000525987
0.000505287
0.000544801
0.000542536
0.000527433
0.000498328
0.000651236
0.000549698
0.000510665
0.0005906
0.000518303
0.000516848
0.000570126
0.000528862
0.000518636
0.000541411
0.000529944
0.00053768
0.000603688
0.000551097
0.000572354
0.000740649
0.00063785
0.000561046
0.000568661
0.000528658
0.000509452
0.000514115
0.000564953
0.000569592
0.000525889
0.000575413
0.000538471
0.000632221
0.000502911
0.000506223
0.000505695
0.000563686
0.000604334
0.000544358
0.000527681
0.000531068
0.000507024
0.000517819
0.000506295
0.000503977
0.000516279
0.000611576
0.000661361
0.000588175
0.000551272
0.00051621
0.000540525
0.000574065
0.000547952
0.000509888
0.00057108
0.000522391
0.000643983
0.000532175
0.000529256
0.0005283
0.000536015
0.000560774
0.000528677
0.000522149
0.000515307
0.000589097
0.00055405
0.000547181
0.000533094
0.000578825
0.000590517
0.000544932
0.000572909
0.000546663
0.000538812
0.000547731
0.000639993
0.000669272
0.000687656
0.000581307
0.000518214
0.000711681
0.000644877
0.000591113
0.000601817
0.000600237
0.000870573
0.000659357
0.000547926
0.000532346
0.000510078
0.000523656
0.00059152
0.000690124
0.000524559
0.000509952
0.000577802
0.000527217
0.000561745
0.000546459
0.000538482
0.000549815
0.000526942
0.000603274
0.000623313
0.000517232
0.000557167
0.000537226
0.000576799
0.000520728
0.000541287
0.000584912
0.000630545
0.000662975
0.000571492
0.000534829
0.000538298
0.000658523
0.000633341
0.000536479
0.000789011
0.000613085
0.000609894
0.000629226
0.000521399
0.000526555
0.000515396
0.000538617
0.000512149
0.000565956
0.000569269
0.000599077
0.000531419
0.000515034
0.000528178
0.000561644
0.000507202
0.00050464
0.000576349
0.000550147
0.000538844
0.000534682
0.000537132
0.000550524
0.000915155
0.000645021
0.000676632
0.000530288
0.000543732
0.00054631
0.000642152
0.000564739
0.000614662
0.000638522
0.000523452
0.000544028
0.000698933
0.000530613
0.000571696
0.000521577
0.000546059
0.000580267
0.000504858
0.000520743
0.00058466
0.000533755
0.000526235
0.000550145
0.000532002
0.000527327
0.000507392
0.000560727
0.000550266
0.000536407
0.000619008
0.000617352
0.000586444
0.000931909
0.000881144
0.000533574
0.000578162
0.000608937
0.000593474
0.000679641
0.000609895
0.000609685
0.000536291
0.000581741
0.000527967
0.000494985
0.000515604
0.000524433
0.000580313
0.00055467
0.000567937
0.000560876
0.000540353
0.000546207
0.000511394
0.00050504
0.000538702
0.000528767
0.00054325
0.000559237
0.000911556
0.000975004
0.000546697
0.000577641
0.000523717
0.000610087
0.00051826
0.000509783
0.000531476
0.00093766
0.000838963
0.000860773
0.00056129
0.000582502
0.000524304
0.000529828
0.000631709
0.000666294
0.000647026
0.000557005
0.000615863
0.000558207
0.000524526
0.000537483
0.00064046
0.00053496
0.000509719
0.000526454
0.000524656
0.000584288
0.000593182
0.000551252
0.000725111
0.00058291
0.000627033
0.000514187
0.000524877
0.000630806
0.000528395
0.000552012
0.000538981
0.000538877
0.000596499
0.000583999
0.000557686
0.000531446
0.000526347
0.000556591
0.000542769
0.000552624
0.000545631
0.000650948
0.000622395
0.000532382
0.000640063
0.000527449
0.000544441
0.000537299
0.000582476
0.0019527
0.000722372
0.00057484
0.000527954
0.00065236
0.000695399
0.000630143
0.000518221
0.000515957
0.000522093
0.000531244
0.00053122
0.000679515
0.000601598
0.00054922
0.000546851
0.000532285
0.000528426
0.000527246
0.000651858
0.000538617
0.000543298
0.000537792
0.000571306
0.000527919
0.000532765
0.000568087
0.000521862
0.000539485
0.000631644
0.000520154
0.000539804
0.000522335
0.000790732
0.000545426
0.000524337
0.000539897
0.000665704
0.000536083
0.000533119
0.000536291
0.00054168
0.000651009
0.000606725
0.000606232
0.00055892
0.000571228
0.000674414
0.000618368
0.000597232
0.000579238
0.000845963
0.000880839
0.000850445
0.000651793
0.000593235
0.000510229
0.000533851
0.000600491
0.000564837
0.000716788
0.000511107
0.000673805
0.000580562
0.00052977
0.000671983
0.00061877
0.000546141
0.000601346
0.000538943
0.000632014
0.000524997
0.0006216
0.000657896
0.000657402
0.000546137
0.000582917
0.000534154
0.000561488
0.000524342
0.000560217
0.000651943
0.000566051
0.000540144
0.000556048
0.00051289
0.000541179
0.000647645
0.000536611
0.00054638
0.000554796
0.000572947
0.000541791
0.000564314
0.000617203
0.000874157
0.000860704
0.000799994
0.000517849
0.000517404
0.000521838
0.000554528
0.000598118
0.000552288
0.000551992
0.000518556
0.000541647
0.000518872
0.000527417
0.000662972
0.000540445
0.000574139
0.000726304
0.000586057
0.000575154
0.000608386
0.000560548
0.000528399
0.000548499
0.000536439
0.000504324
0.000518085
0.000627595
0.00054016
0.000703902
0.00054535
0.000677934
0.00060415
0.000522943
0.000591021
0.000530248
0.000540599
0.000548607
0.000530333
0.000594794
0.000626084
0.000573324
0.000529068
0.000506367
0.000506679
0.000540175
0.000514585
0.000547122
0.000747319
0.000569474
0.000497832
0.000519898
0.000504925
0.000531082
0.000516534
0.000530455
0.000541293
0.000538546
0.000545733
0.000519767
0.000681726
0.000691128
0.000801773
0.000621257
0.000626254
0.000636258
0.000838691
0.000541828
0.0005427
0.000596263
0.000704603
0.000578541
0.000573203
0.000573628
0.000582099
0.000551105
0.000520456
0.000524624
0.000560995
0.000644
0.000562475
0.000561631
0.000598731
0.000538487
0.000537994
0.000545798
0.000519758
0.000504005
0.000502177
0.000523063
0.000531033
0.000687366
0.000546861
0.000648513
0.000664938
0.000582552
0.000544487
0.000598507
0.00054151
0.000553939
0.000516109
0.000636581
0.000548475
0.000542779
0.000576016
0.000543478
0.000513503
0.000527098
0.000534458
0.000618306
0.000502463
0.000616582
0.000619713
0.000587625
0.000509311
0.000627151
0.000532547
0.000620645
0.000510064
0.00058856
0.000727397
0.000554542
0.000550487
0.000733811
0.000560629
0.000777646
0.000624221
0.000524156
0.000559519
0.00053696
0.000533368
0.000549351
0.000511563
0.000573931
0.000525865
0.000516228
0.000543805
0.000506037
0.000503314
0.000594086
0.000534142
0.000575595
0.000630873
0.000530628
0.000518111
0.000520696
0.000529039
0.000520675
0.000518805
0.000575856
0.000568455
0.000565544
0.000572765
0.000521403
0.000547024
0.000664655
0.000561644
0.000717923
0.000757826
0.000622099
0.000853493
0.000648215
0.000533751
0.000542283
0.000513247
0.000552675
0.000566309
0.00052677
0.000624349
0.000605354
0.000513098
0.000546898
0.000545559
0.000547118
0.000541829
0.000562602
0.00057818
0.000532132
0.000529365
0.000524698
0.000550413
0.000517544
0.000551405
0.000533211
0.000579059
0.000539818
0.000570162
0.00052584
0.000628017
0.000619277
0.000609576
0.000546888
0.000564431
0.000555351
0.000549043
0.000550329
0.000532263
0.000529466
0.000529995
0.000545683
0.000592022
0.000553612
0.000527249
0.000609151
0.000593841
0.000541059
0.000563679
0.000549923
0.00051241
0.000526546
0.000547549
0.000612579
0.000517571
0.000503185
0.000517173
0.000548619
0.000508258
0.000505275
0.000548801
0.000538526
0.00064176
0.000648578
0.000942304
0.000554758
0.000541103
0.00059242
0.000723139
0.000516322
0.000550373
0.000520121
0.000600158
0.000543979
0.000538439
0.000609222
0.00054362
0.000605407
0.000526303
0.00054914
0.000593879
0.000519273
0.000507588
0.000572782
0.000531071
0.00052112
0.000534561
0.000509034
0.000585384
0.000561039
0.000525744
0.000507216
0.000505496
0.000493172
0.000617911
0.000577133
0.00053055
0.000612267
0.000570956
0.000505915
0.000654405
0.000538657
0.000508874
0.000542272
0.000564516
0.000574626
0.000546468
0.000548596
0.000614865
0.000540647
0.000539228
0.000540831
0.00054233
0.000579813
0.000522123
0.000559226
0.00055992
0.00050333
0.000533251
0.000508243
0.000518151
0.000556573
0.000528439
0.00053474
0.000500775
0.000608942
0.000649409
0.000671155
0.000607109
0.000622736
0.00053688
0.000536507
0.000535848
0.000655079
0.0005486
0.000553198
0.000535703
0.000576852
0.000563751
0.000602069
0.000593887
0.000540709
0.000656142
0.000538025
0.000540112
0.000822166
0.000674817
0.000550092
0.000584885
0.00053594
0.000537947
0.000543083
0.000531444
0.000532228
0.000558839
0.000665927
0.000573011
0.000538084
0.000535452
0.00053618
0.000555455
0.000608296
0.000612279
0.00052837
0.00056546
0.000741152
0.000550612
0.000518588
0.000533803
0.000582439
0.000520587
0.000595449
0.000545239
0.000534257
0.000535453
0.000595962
0.000539372
0.000544803
0.000525966
0.000524349
0.000524664
0.000514115
0.000527876
0.000512618
0.000505866
0.000537562
0.000597629
0.000599096
0.000680763
0.000659729
0.000582861
0.000539222
0.000635404
0.000762202
0.000940256
0.000604266
0.000577568
0.000649223
0.000552366
0.000533686
0.000504986
0.000509914
0.000604885
0.0005305
0.000517862
0.000720503
0.000685469
0.00081412
0.000561375
0.000530956
0.000563544
0.000564256
0.000529024
0.000501385
0.000513613
0.000530368
0.000585117
0.00061001
0.00055232
0.000543526
0.000539991
0.000524239
0.000516963
0.000549327
0.000576928
0.000746375
0.00060581
0.000626327
0.00074674
0.000550267
0.000549892
0.000585131
0.000632759
0.000522397
0.000536978
0.000606015
0.000554328
0.00061507
0.00070908
0.00055933
0.000531608
0.000532694
0.000514555
0.000513854
0.000527831
0.000842726
0.000613935
0.000526753
0.000507417
0.000523441
0.000540875
0.000524461
0.000630675
0.000542989
0.000530198
0.00062621
0.000560563
0.000542621
0.000614578
0.000743335
0.000564596
0.000575256
0.000523264
0.000534077
0.000754375
0.000794261
0.000635013
0.000568809
0.000651992
0.000524674
0.00051637
0.000604166
0.000624106
0.000530283
0.000549288
0.000526127
0.000567592
0.000535254
0.000534655
0.000537371
0.000527509
0.000545201
0.000637754
0.000556555
0.00070133
0.000583104
0.000857493
0.000537815
0.000529314
0.000620747
0.000581772
0.000531547
0.000543107
0.000558536
0.000589362
0.000550032
0.000602205
0.00063853
0.000545243
0.000557775
0.000656858
0.000584714
0.000536636
0.000596895
0.000533656
0.000547667
0.000530295
0.000666056
0.000530478
0.000533735
0.00050345
0.000527335
0.000515915
0.000636148
0.000575855
0.000564678
0.000582972
0.000541042
0.000601802
0.000541976
0.00057313
0.000555061
0.000668396
0.000618472
0.000527966
0.000513783
0.000574576
0.000613133
0.000674413
0.000616001
0.00055212
0.000783992
0.000509638
0.000567219
0.000685547
0.000553242
0.000555553
0.000529699
0.000540609
0.000627203
0.000508866
0.000580012
0.000608971
0.000566113
0.000940373
0.00088387
0.00054749
0.000559872
0.000795618
0.000727748
0.000597167
0.000539102
0.000631738
0.000617252
0.000536108
0.000546594
0.000663566
0.000557948
0.000524151
0.000606963
0.000777074
0.000599907
0.000696718
0.000589001
0.000540505
0.000519005
0.000541878
0.000595902
0.000516053
0.000556437
0.000501502
0.000502939
0.000502988
0.000534951
0.00060087
0.000558603
0.000622173
0.000537092
0.000556509
0.00076651
0.000588504
0.000721639
0.00093227
0.000572188
0.000509761
0.000614944
0.000514944
0.000508978
0.000579392
0.000540927
0.000587373
0.000539851
0.000523056
0.000540477
0.000532913
0.000524227
0.000555477
0.000540183
0.000665695
0.00072193
0.000707101
0.000537348
0.000556336
0.000533761
0.000558539
0.00053426
0.000493945
0.000504832
0.000534718
0.000660619
0.000531241
0.000567879
0.000727311
0.000860402
0.000594109
0.000508088
0.000519835
0.00051939
0.000642785
0.00065108
0.00105858
0.000525486
0.00068812
0.00054261
0.000533084
0.000527196
0.000554191
0.000569358
0.000547596
0.000677343
0.000538191
0.000572917
0.000565269
0.000522569
0.000690382
0.000571143
0.000580519
0.000540967
0.000504454
0.000663925
0.00062838
0.000527117
0.000606689
0.000582947
0.000538795
0.000514692
0.00055643
0.000662996
0.000564185
0.000522081
0.000651427
0.000543682
0.000763384
0.000539668
0.000544067
0.00081589
0.000516074
0.000552282
0.000643054
0.000677765
0.000577374
0.000608067
0.000538084
0.00061218
0.000665774
0.000550453
0.000573235
0.000596952
0.000585896
0.000589353
0.000580531
0.000563946
0.000540699
0.000569046
0.000540367
0.000722336
0.000539247
0.000853121
0.000691142
0.000557721
0.000631721
0.000527144
0.000597069
0.000519376
0.000704279
0.000520321
0.000535638
0.000513742
0.000514647
0.0005505
0.00075301
0.000714504
0.000672767
0.00077002
0.000616101
0.000550058
0.000591979
0.00062465
0.000740535
0.000660019
0.000620316
0.000556781
0.000748461
0.000596338
0.000538202
0.000593045
0.00055949
0.000645017
0.000550442
0.000699014
0.000579049
0.000531158
0.000507065
0.000532617
0.000531949
0.000549449
0.000555403
0.000503895
0.000530226
0.000553732
0.000528729
0.000646327
0.000571078
0.000588941
0.000573387
0.000534876
0.000556876
0.000513747
0.00052002
0.000513509
0.000565521
0.000794616
0.000651147
0.000520303
0.000525549
0.000534112
0.00051557
0.00054021
0.000547788
0.00051842
0.000562127
0.00054321
0.000590099
0.000555636
0.000684417
0.000528812
0.00051102
0.000508456
0.000564198
0.000684385
0.000659951
0.000856131
0.000765155
0.00083515
0.000851406
0.000580943
0.000549286
0.000543
0.000584947
0.000727168
0.000607762
0.000629131
0.000681343
0.000540508
0.000524238
0.000575348
0.000514298
0.000590293
0.000531043
0.000517625
0.000538476
0.000521866
0.000540471
0.000622557
0.000525358
0.000572464
0.00053824
0.000513223
0.00055499
0.000580681
0.000522299
0.000642168
0.000725823
0.00055535
0.000537035
0.000562765
0.000542667
0.000559869
0.000556268
0.000577366
0.000519339
0.000571863
0.000639726
0.000826509
0.000715385
0.000562622
0.000562648
0.000557938
0.000588637
0.000570396
0.000622899
0.000858431
0.000579061
0.000519443
0.00065483
0.000566286
0.000503889
0.000534795
0.000544782
0.000551751
0.000539986
0.000578873
0.00055085
0.000888445
0.000624051
0.000560557
0.000529316
0.000556392
0.000610763
0.000530612
0.000542764
0.000538509
0.000534918
0.000579803
0.00057279
0.000533495
0.0005452
0.000618929
0.000524319
0.000526407
0.000550351
0.000560735
0.000504996
0.000561407
0.000530348
0.000528633
0.000583136
0.000537176
0.00051643
0.00050549
0.000520293
0.000529368
0.000567068
0.000522419
0.000529464
0.000591492
0.000533633
0.0005101
0.00054277
0.000657846
0.000539147
0.000650062
0.000544727
0.000538854
0.000513235
0.000565699
0.000856287
0.000595342
0.000541272
0.000512761
0.000548083
0.000519473
0.000539137
0.000511245
0.000525899
0.000572516
0.000537529
0.000520902
0.000575682
0.000520035
0.000512514
0.000553431
0.000540487
0.000518148
0.000538156
0.00055352
0.000652854
0.000715422
0.000675009
0.000609802
0.000514496
0.000553997
0.000512522
0.000559575
0.000535097
0.000564385
0.000542291
0.000533516
0.000560535
0.00051258
0.000643019
0.000507701
0.000586443
0.000534561
0.000537851
0.000603563
0.000615686
0.000575142
0.000655626
0.000578896
0.000527085
0.00060019
0.000521605
0.000548487
0.000524307
0.000552109
0.000513057
0.000600734
0.00052705
0.00059137
0.000554278
0.000617772
0.000594143
0.000524754
0.0005205
0.000523332
0.000685956
0.000677647
0.000544889
0.0005339
0.000574707
0.000637202
0.000546508
0.000615327
0.00056162
0.000555277
0.000562497
0.00057033
0.000536941
0.000506398
0.000558779
0.00051307
0.000522185
0.000590907
0.000525562
0.000507508
0.000562692
0.00057124
0.000545915
0.000533152
0.000634181
0.000581699
0.000603527
0.000864235
0.000828749
0.000633909
0.000743986
0.000703859
0.000710519
0.000580947
0.000700212
0.000626088
0.000535442
0.000770807
0.000690808
0.000573109
0.000667127
0.000581874
0.000545412
0.000532504
0.000606686
0.000562763
0.000521787
0.000539787
0.000534236
0.000526413
0.000509505
0.000515217
0.000545595
0.000523115
0.000663399
0.000571597
0.000530438
0.000520186
0.000547658
0.000561826
0.00075423
0.000687068
0.000529341
0.000512428
0.000499899
0.000578312
0.000526552
0.000630835
0.000562124
0.000596717
0.000536635
0.000637016
0.000518858
0.000549056
0.000586522
0.000694703
0.000587006
0.000532066
0.000509131
0.000527219
0.000516879
0.000525382
0.000519994
0.000498269
0.000515675
0.000530432
0.000670425
0.000561512
0.000581708
0.000606867
0.000611071
0.000522212
0.000561504
0.00051932
0.000542734
0.000536328
0.000524008
0.00061458
0.00052695
0.000624487
0.000591639
0.000580378
0.000542878
0.000530994
0.000555206
0.000564411
0.000511407
0.000519339
0.000534664
0.000508116
0.000517486
0.00051116
0.000564731
0.000535892
0.00052086
0.00050313
0.000506313
0.000544133
0.000539765
0.000532254
0.000766475
0.000634003
0.000788147
0.000509452
0.000524295
0.000519792
0.000631068
0.00053075
0.000525952
0.00059231
0.000504465
0.000570259
0.00057058
0.000589816
0.000522484
0.000494104
0.00058195
0.000535825
0.000503432
0.000575823
0.000506588
0.00068271
0.000549334
0.000523354
0.00056023
0.000551155
0.000524065
0.000512681
0.000528215
0.000528405
0.000557954
0.000650213
0.000521202
0.000612848
0.000527688
0.000529653
0.000569387
0.000570388
0.000523002
0.000516624
0.000532497
0.00050249
0.000578052
0.000652969
0.000588919
0.000531246
0.000539015
0.000525576
0.000535148
0.000629122
0.000623575
0.000578644
0.000713301
0.000526084
0.00077519
0.000595418
0.00052732
0.000541549
0.000547604
0.000537601
0.00069129
0.000595009
0.000988331
0.000658014
0.000528212
0.000521428
0.000616276
0.000650655
0.000731987
0.000581865
0.00055851
0.000506584
0.000562237
0.000516526
0.0005198
0.000621757
0.000540548
0.000631709
0.000642813
0.000677199
0.000543896
0.000611081
0.0005473
0.000558747
0.000512843
0.000595734
0.000616654
0.000526402
0.000540742
0.000578516
0.000604822
0.000548754
0.00063724
0.000695882
0.00100848
0.000643322
0.000535399
0.000579294
0.000752048
0.000693497
0.000588232
0.000667802
0.000520036
0.000529068
0.000528209
0.000506822
0.000791282
0.00062672
0.000525296
0.000619655
0.000526653
0.000513886
0.000520551
0.000524544
0.000629167
0.000671276
0.000526
0.000513072
0.000538841
0.000539337
0.000576279
0.0005805
0.000569938
0.000563175
0.000526757
0.000541458
0.000546813
0.000612593
0.000537682
0.000736767
0.000523564
0.000525301
0.000630513
0.000535348
0.000636878
0.000537542
0.000520502
0.000529508
0.000739179
0.000639503
0.000559348
0.000657758
0.000708378
0.000534165
0.000571346
0.000614186
0.000514434
0.000526383
0.00060276
0.000537237
0.000757135
0.000533178
0.000540091
0.000522799
0.000548123
0.000532415
0.000523377
0.000527846
0.000546296
0.00061305
0.000553873
0.000576789
0.000508336
0.000564434
0.000534135
0.000635111
0.00053852
0.000654531
0.000551553
0.000563906
0.000559445
0.000706872
0.000537324
0.000555129
0.000544849
0.000526692
0.000499436
0.00051333
0.000549609
0.000558187
0.000522478
0.000553566
0.000600904
0.000517661
0.000570609
0.000545027
0.000570091
0.000548226
0.000523981
0.000545978
0.000587749
0.000534829
0.000584307
0.000628249
0.000518885
0.000526283
0.000625956
0.000540711
0.000548169
0.000545463
0.000517306
0.000531315
0.000615453
0.000532432
0.000558652
0.000512687
0.000546528
0.000580211
0.00066251
0.000529899
0.000514721
0.000511609
0.000539814
0.000533834
0.000537736
0.000549078
0.00053204
0.000650199
0.000589213
0.000649142
0.000613243
0.000552779
0.000552925
0.000610754
0.000548546
0.000569425
0.000527125
0.000570797
0.000594998
0.000566014
0.000546191
0.000577829
0.000528916
0.000529153
0.000540995
0.000532154
0.000535895
0.000642396
0.000690694
0.000552737
0.000645556
0.000502042
0.000629929
0.000489672
0.000620953
0.000568276
0.000539773
0.000589867
0.000549515
0.000677889
0.000588449
0.000643948
0.00064142
0.000546698
0.000753243
0.00068467
0.000796531
0.000618234
0.00057677
0.000690692
0.000619007
0.000588947
0.000527261
0.000560704
0.000564914
0.000553453
0.000670151
0.00058056
0.000605328
0.000645674
0.00061487
0.000698459
0.00059028
0.000532824
0.000562676
0.000568896
0.00050973
0.000528406
0.000874981
0.000858548
0.000579516
0.000506287
0.000574088
0.000593237
0.000735512
0.000646209
0.000587645
0.000523873
0.000540689
0.000510337
0.000539375
0.00053483
0.000597504
0.00052813
0.000545475
0.000562141
0.000522109
0.000693811
0.000683034
0.000525866
0.000673473
0.000522566
0.000536777
0.000530179
0.000514605
0.000511874
0.000541872
0.000557034
0.000560574
0.000534621
0.000540825
0.000530161
0.00054643
0.000550094
0.000689166
0.000594756
0.000551712
0.000550272
0.000524412
0.000545209
0.000520956
0.000547301
0.000532299
0.00057138
0.000511184
0.000499133
0.000525327
0.000577206
0.000638197
0.000585676
0.000558235
0.000641852
0.000546104
0.000886602
0.000927897
0.000826096
0.000848876
0.00147423
0.000903317
0.000852542
0.00055832
0.000536515
0.000556774
0.000600363
0.000665099
0.000551984
0.000591575
0.000530322
0.000570756
0.000512598
0.000524471
0.000523131
0.000555761
0.000649939
0.000630425
0.000587026
0.000535526
0.000583221
0.000660662
0.000563174
0.000546843
0.000582
0.000522885
0.000716581
0.000793103
0.000559031
0.000562558
0.000591112
0.000832485
0.00052059
0.000563591
0.000522651
0.000645253
0.000664845
0.000576494
0.000537408
0.000521913
0.000518539
0.000586767
0.00052052
0.000520596
0.000535303
0.000542339
0.000525155
0.000518951
0.000545493
0.000544525
0.000579337
0.000621788
0.000533589
0.000573267
0.000604881
0.000546795
0.000538243
0.000607233
0.00050771
0.000536024
0.00050284
0.000520251
0.0005735
0.0005726
0.000662097
0.000579602
0.000563288
0.00058566
0.000559772
0.000507266
0.000521381
0.000523465
0.000504009
0.000540196
0.000584892
0.000521394
0.000550541
0.000535468
0.000710582
0.000506177
0.000521381
0.000612116
0.000517565
0.000624199
0.000535417
0.000583911
0.000642508
0.00064184
0.000519529
0.000503927
0.000544265
0.00050954
0.000520582
0.000544053
0.000571642
0.000671102
0.000584904
0.000690669
0.000547506
0.000529506
0.000541915
0.000562596
0.000529644
0.000562095
0.00055857
0.000546029
0.000667337
0.00057707
0.00054132
0.000551386
0.000541746
0.000553362
0.000537094
0.000687022
0.000770831
0.000537337
0.000517252
0.000521465
0.000589401
0.00073584
0.000587596
0.000553448
0.000511747
0.000603718
0.000606785
0.000557187
0.000576383
0.000756942
0.000588741
0.000513948
0.000584978
0.000519862
0.000697787
0.000656731
0.000766289
0.000623897
0.000614736
0.000709437
0.000748367
0.000532295
0.000507697
0.000640136
0.000716935
0.000652248
0.000558228
0.000587789
0.000832319
0.000950496
0.00057372
0.000564663
0.000710066
0.000688577
0.000760017
0.000830743
0.000565344
0.000528762
0.000533896
0.000749351
0.00053035
0.000615477
0.000563154
0.000772957
0.000524858
0.000599811
0.000607266
0.00055255
0.000509244
0.000857537
0.000764498
0.000761379
0.00084768
0.000748921
0.000760576
0.000574629
0.000665466
0.000597808
0.000653513
0.000664268
0.00083221
0.000888841
0.000923234
0.000566542
0.000617814
0.000563116
0.000569181
0.000646058
0.000773325
0.000598786
0.000507168
0.000545399
0.000533143
0.000514756
0.000534358
0.000534938
0.000505859
0.000560228
0.0005087
0.000561321
0.000527771
0.000529564
0.000607226
0.00058817
0.000575721
0.000740284
0.000570353
0.00056844
0.000796776
0.000666136
0.000740438
0.000561928
0.000546867
0.000532598
0.000547649
0.000694401
0.000539491
0.000557355
0.000552448
0.0005395
0.000693144
0.000584103
0.000553829
0.000809035
0.000526711
0.000622049
0.000578229
0.000566813
0.000662864
0.000809145
0.00057709
0.000510153
0.000661302
0.000583518
0.000546171
0.000759074
0.00058459
0.000945351
0.000571391
0.000734242
0.000584043
0.000549676
0.000551204
0.000573384
0.000559338
0.000690702
0.00059988
0.000581872
0.000555701
0.000549011
0.0005952
0.000688578
0.000606809
0.000592796
0.000533331
0.000577066
0.000561317
0.000572222
0.000665451
0.000704317
0.000523388
0.000551594
0.000652565
0.000632618
0.000601098
0.000628918
0.000901407
0.00071521
0.000705889
0.00075441
0.000626383
0.000543037
0.000599176
0.000557243
0.00073875
0.00062611
0.000911888
0.000531268
0.000572735
0.000600307
0.000535973
0.000522145
0.000534782
0.000598082
0.000811714
0.000656132
0.000613808
0.000607536
0.000706655
0.000538956
0.00061505
0.000543978
0.000568503
0.000541074
0.000635477
0.000631256
0.000585742
0.000559971
0.000713256
0.000767429
0.000546887
0.000543323
0.00059537
0.000715942
0.000520323
0.000503888
0.00052413
0.00054289
0.000610718
0.000562696
0.000552605
0.000536453
0.000531358
0.000518193
0.000546938
0.000606915
0.000539639
0.000580227
0.000568543
0.000514418
0.000545702
0.000535587
0.000525768
0.000728947
0.000535718
0.000531109
0.000609504
0.00058633
0.000508292
0.000537709
0.000685996
0.000787511
0.00061566
0.000513385
0.00052994
0.000549448
0.000651502
0.000633707
0.00050978
0.000611234
0.000514161
0.000534655
0.000529288
0.000561916
0.000529329
0.000566738
0.000521028
0.000577095
0.000502339
0.000556175
0.000539239
0.000566086
0.000731518
0.000618702
0.00051438
0.000497159
0.000520502
0.000520946
0.000526507
0.000591895
0.000577923
0.000617146
0.000533048
0.000552368
0.000761855
0.000520565
0.000526751
0.000503562
0.000535963
0.000591898
0.000521132
0.000527284
0.000619451
0.000523581
0.000523015
0.000521018
0.000501813
0.000520057
0.000514398
0.000521928
0.000554868
0.000705279
0.000524609
0.000537931
0.000516316
0.000570989
0.000519518
0.000527926
0.000512295
0.000532962
0.000519008
0.00053014
0.000608598
0.000670495
0.000577073
0.000521294
0.000766334
0.000538376
0.000574359
0.00052789
0.000566513
0.000531054
0.000628903
0.000601664
0.000543721
0.00053994
0.00055083
0.000519564
0.000499058
0.000532728
0.00053057
0.000539132
0.000672747
0.000516341
0.000587514
0.000655616
0.000523778
0.000536051
0.000518405
0.000509381
0.000577067
0.000551319
0.000526771
0.000514988
0.000557514
0.000521214
0.000559175
0.00062645
0.000586098
0.00063243
0.000580247
0.000522251
0.000604487
0.000553806
0.000523975
0.000615475
0.000528651
0.000574288
0.000541221
0.000529177
0.00052391
0.00051625
0.000536452
0.000530591
0.000517826
0.00053572
0.000523261
0.00064147
0.000537853
0.000539065
0.000528246
0.000512081
0.000530949
0.000520923
0.000535487
0.000619272
0.000568328
0.000540598
0.000563872
0.000625382
0.000546411
0.000531674
0.000606762
0.000533458
0.000558454
0.000529237
0.000504409
0.000534257
0.000735006
0.000689407
0.000503086
0.000531848
0.000522845
0.000541799
0.000546185
0.000529263
0.00055539
0.000571037
0.000573729
0.000527182
0.000717554
0.000567839
0.000523368
0.000595918
0.000527571
0.000563711
0.000555166
0.000563169
0.000578562
0.000510355
0.000568643
0.000717006
0.000723757
0.000556013
0.000686025
0.00058751
0.000532341
0.000581178
0.000501589
0.000523928
0.00055404
0.000527692
0.000561524
0.000542374
0.000511068
0.000517005
0.000543201
0.000517169
0.000608134
0.00054031
0.000517632
0.000634349
0.000559914
0.000526772
0.000528737
0.000545384
0.000522598
0.000497608
0.000522471
0.000650167
0.000512637
0.000521474
0.000574541
0.000572103
0.000706432
0.000551078
0.000577344
0.000523946
0.000546327
0.000528475
0.000509943
0.000523772
0.000583512
0.000607633
0.000514549
0.000570997
0.000513048
0.000530927
0.000545895
0.000521209
0.000564968
0.000536473
0.000527977
0.000529338
0.000530825
0.000566553
0.000506704
0.0005239
0.00050571
0.000494745
0.00055783
0.000503758
0.0005757
0.000521514
0.000521792
0.000563446
0.000716489
0.00059682
0.000551256
0.000553266
0.000541869
0.000574802
0.000591502
0.000612592
0.000548301
0.000556695
0.000529385
0.000527392
0.00051507
0.000721147
0.000579061
0.000545
0.000513366
0.000562621
0.000532232
0.000614497
0.000628282
0.000541983
0.000542308
0.000612406
0.000516413
0.000513534
0.000526078
0.000581098
0.000602305
0.000556784
0.000517409
0.000526525
0.000538918
0.000653253
0.000540705
0.000691099
0.000740323
0.000825751
0.00072596
0.000541088
0.000515671
0.000578515
0.000608024
0.00053054
0.000547003
0.000562616
0.000540365
0.00055045
0.000558114
0.000544548
0.000547778
0.000625051
0.000530178
0.000517914
0.000569303
0.000543735
0.000546479
0.000596392
0.00059541
0.000564827
0.000571298
0.000548007
0.000558532
0.000567129
0.000715313
0.000547791
0.000535298
0.000533345
0.000528866
0.000528289
0.000550229
0.000511544
0.000595509
0.000642457
0.000787605
0.000760489
0.000800131
0.000796292
0.000798177
0.000565303
0.000684565
0.000635251
0.000696007
0.000568998
0.00056026
0.000517014
0.000507648
0.000535464
0.00052838
0.000512416
0.000531439
0.000613444
0.000539604
0.000729854
0.000565635
0.000541714
0.000723996
0.00053393
0.000535539
0.000537056
0.000535691
0.000538229
0.000530237
0.000507291
0.000587418
0.000560507
0.000523273
0.00051129
0.000564449
0.000521475
0.000618563
0.000597038
0.000557342
0.00066029
0.000515916
0.000520059
0.000608463
0.000522792
0.000668495
0.000609538
0.000534547
0.000531064
0.000494178
0.00051636
0.000526442
0.000569127
0.000679116
0.000735431
0.000637028
0.000515487
0.000665664
0.000509499
0.000521142
0.000519379
0.000734714
0.000628169
0.000577955
0.000576287
0.000619422
0.000685721
0.000526701
0.000550174
0.000546496
0.000521522
0.00056351
0.000593744
0.000533892
0.000574818
0.000563906
0.000555093
0.000520197
0.000497778
0.000511553
0.000534847
0.0006699
0.000508307
0.000514346
0.000545188
0.000526417
0.000634598
0.000547042
0.000528831
0.00053934
0.000538543
0.000535677
0.000537694
0.000530964
0.000570746
0.000532953
0.000596991
0.000518989
0.000509715
0.000512684
0.000521563
0.000566511
0.000551572
0.000610818
0.000715233
0.000531353
0.000553132
0.000651857
0.000537598
0.000550406
0.00050198
0.000515205
0.000509558
0.000519864
0.000513473
0.000552937
0.000525446
0.000520131
0.000634815
0.000591578
0.0006255
0.000511513
0.000550825
0.000669994
0.000559298
0.000584399
0.000534725
0.000538491
0.000511889
0.000579721
0.000533837
0.000565592
0.000532627
0.000519453
0.000504306
0.000534377
0.000525828
0.00071439
0.000519054
0.000522619
0.000597341
0.000540001
0.000547412
0.000522422
0.000548166
0.000579636
0.000532392
0.000542359
0.000518945
0.000522274
0.000504435
0.000592451
0.000563506
0.000560436
0.000774871
0.000599231
0.000564218
0.000521565
0.000640347
0.000542229
0.000517903
0.000519631
0.000557617
0.00051385
0.000554967
0.00055816
0.000539943
0.000506128
0.000525108
0.000670554
0.000519871
0.00053926
0.000615667
0.000514728
0.000523459
0.000519239
0.000497208
0.000558365
0.000511689
0.000526466
0.000518836
0.000518912
0.000497142
0.000524305
0.000556204
0.000571485
0.000747146
0.000616155
0.000552315
0.00059587
0.000585311
0.000530678
0.000520051
0.000589162
0.000551055
0.000586331
0.000553969
0.000545084
0.000781651
0.000621812
0.000631004
0.000836233
0.000637143
0.000523081
0.000523946
0.000527543
0.000534905
0.000517248
0.000540486
0.000619633
0.000615155
0.000704502
0.000557334
0.000523313
0.000509578
0.000525244
0.00054655
0.000566089
0.000540911
0.000626365
0.000698689
0.000568817
0.000632063
0.000542885
0.000505291
0.000526976
0.000840743
0.000529193
0.000569332
0.000587422
0.000647751
0.000534477
0.000694137
0.000561105
0.000508344
0.00051768
0.00054412
0.000515963
0.000528247
0.000616125
0.000647263
0.000527204
0.000534152
0.00052991
0.000544205
0.000511608
0.000686031
0.000916331
0.000638065
0.00081462
0.000600991
0.000531681
0.00066272
0.000694204
0.000530776
0.000570715
0.000532216
0.000675436
0.000582883
0.000578238
0.000623901
0.00054397
0.000585302
0.000610442
0.000524586
0.000562223
0.000566207
0.000557626
0.000543062
0.000546463
0.000537236
0.000555264
0.000553046
0.000522482
0.000515213
0.000571143
0.000535037
0.000599645
0.000641861
0.0005523
0.000539195
0.000508858
0.000638006
0.000642251
0.000563656
0.000655223
0.00060474
0.000537502
0.000527449
0.000724493
0.000564128
0.000585688
0.000588213
0.000546537
0.00052419
0.000724899
0.000530572
0.000538672
0.00061252
0.000499935
0.000516016
0.000542087
0.000593076
0.00073373
0.000508855
0.000518158
0.000636092
0.000514497
0.000536094
0.000682213
0.000501664
0.000582769
0.000606896
0.000517211
0.00073447
0.000573117
0.000584386
0.000537491
0.000556212
0.00051602
0.000557763
0.000521189
0.000505264
0.000777032
0.000547806
0.000572019
0.00070406
0.000538643
0.000500782
0.000570263
0.000532497
0.00051027
0.000502576
0.000531885
0.000595708
0.000520917
0.00051421
0.000500751
0.000495549
0.000506361
0.000635582
0.000719
0.000535907
0.000641558
0.000622286
0.000530265
0.00071723
0.000633373
0.000522294
0.000522895
0.000603138
0.000597613
0.000625362
0.000556965
0.000610999
0.000529546
0.000533212
0.000595648
0.00055237
0.000527628
0.000576022
0.000526912
0.000561055
0.000552563
0.000533851
0.000534788
0.000528105
0.000598953
0.000538048
0.000518538
0.000566667
0.000521878
0.000613981
0.000555573
0.000539002
0.000642821
0.000520465
0.000531691
0.000558742
0.000596346
0.000533114
0.000567364
0.000634837
0.000532885
0.000539767
0.000535711
0.000559589
0.000628793
0.000514478
0.000527465
0.00061183
0.000526512
0.000532358
0.000588312
0.000507422
0.000503995
0.000511988
0.000549219
0.000523896
0.000530961
0.000577758
0.000548089
0.000518249
0.000536254
0.000511498
0.000529997
0.000525311
0.000752213
0.000730195
0.00056915
0.000555306
0.000640781
0.000565825
0.000535462
0.000533439
0.00053743
0.000525262
0.000549233
0.00072963
0.00065249
0.00062133
0.000591516
0.000548668
0.000650121
0.000564586
0.000532434
0.000516566
0.000539829
0.000678985
0.000532754
0.000534723
0.000532029
0.000590818
0.000573451
0.000544915
0.00064735
0.000603121
0.000556675
0.000650123
0.000634078
0.000629915
0.000596644
0.000644621
0.000714443
0.000512769
0.000553793
0.000529316
0.000534695
0.000596053
0.00054512
0.000549322
0.000543787
0.000671528
0.000575327
0.000547666
0.000506077
0.000587141
0.000516729
0.000530189
0.000542711
0.000546651
0.000570522
0.000517837
0.000512783
0.000549503
0.000530371
0.00053894
0.000614737
0.000751328
0.000533927
0.000535822
0.000545607
0.000596833
0.000533577
0.00050677
0.000635321
0.000606532
0.000608611
0.000529858
0.000527912
0.000515124
0.000632638
0.000603223
0.00055755
0.000555986
0.000773996
0.000533297
0.000520906
0.000683152
0.000542583
0.0005072
0.000540958
0.000515642
0.000636779
0.000543683
0.000526431
0.000742034
0.000548191
0.000540237
0.000534547
0.000526229
0.000584008
0.000529048
0.000727544
0.00061364
0.000508216
0.000606376
0.000539997
0.000656127
0.000571557
0.000563545
0.000522689
0.000532026
0.000520114
0.000607342
0.000549799
0.000598022
0.000666865
0.000527499
0.000503548
0.000515071
0.000585461
0.000514038
0.000650913
0.000620181
0.000514902
0.000639777
0.00051664
0.000527657
0.000571704
0.000525176
0.000542599
0.000552462
0.000542597
0.000528532
0.000550553
0.000546019
0.000545938
0.000528592
0.000679839
0.000696821
0.00057066
0.000534214
0.000550478
0.000518341
0.000541572
0.000588153
0.00062059
0.000518302
0.000552103
0.000517497
0.000504948
0.000591356
0.000508073
0.000524919
0.000534425
0.000518509
0.000531267
0.000501508
0.000518826
0.00052341
0.000552296
0.000511774
0.000603348
0.000541329
0.000526837
0.000518407
0.000542551
0.000557299
0.000578423
0.000591667
0.000591421
0.000662589
0.00090632
0.000538249
0.000537288
0.00055084
0.000527868
0.000532023
0.000551708
0.000560873
0.000689085
0.000551728
0.00053757
0.000531682
0.000495975
0.000509761
0.000515843
0.000525992
0.000639767
0.000580348
0.000547866
0.000797338
0.000532739
0.000516307
0.000513326
0.000533156
0.000645943
0.000546103
0.000529442
0.000529498
0.000566684
0.00059212
0.000547789
0.000675687
0.00057342
0.000586166
0.00057076
0.000536966
0.0005737
0.000530124
0.00092151
0.000555058
0.000674716
0.000617588
0.000542728
0.000498175
0.00052097
0.000574339
0.000811821
0.000584383
0.000529846
0.000514358
0.000589916
0.000539315
0.000571438
0.000552759
0.000574662
0.000510751
0.000506921
0.000547907
0.000650055
0.000666161
0.000635087
0.000558663
0.00055744
0.000517718
0.00057292
0.000533859
0.000518106
0.000588208
0.0006253
0.000689552
0.000620697
0.000685514
0.000520091
0.000522621
0.000530311
0.00054295
0.000553438
0.000517917
0.000590764
0.000581554
0.000567266
0.000647992
0.000521087
0.000511861
0.000644329
0.000574677
0.000531939
0.000545029
0.000508602
0.000526808
0.000538705
0.000550716
0.000568216
0.000671879
0.000541572
0.000512457
0.000578411
0.000544401
0.000571087
0.000538992
0.000519118
0.000552714
0.000628597
0.000563647
0.000526443
0.000541735
0.000649933
0.000529659
0.000543629
0.000693273
0.000534511
0.000524272
0.000534623
0.000491267
0.000544215
0.000528521
0.000536538
0.000599337
0.000570652
0.000536763
0.000580968
0.000545388
0.000533197
0.000525405
0.000530843
0.000563632
0.000556422
0.00054556
0.000554107
0.000595029
0.000596814
0.000600313
0.000511607
0.000639317
0.000515623
0.00054611
0.000545141
0.000515422
0.000686088
0.000530193
0.000638676
0.000544215
0.000507817
0.000542551
0.000494885
0.000527444
0.000525633
0.000531871
0.000519984
0.00052727
0.000587645
0.000658062
0.000500901
0.00055589
0.000533682
0.000546899
0.000517972
0.000513906
0.000519398
0.000576555
0.000645933
0.000618817
0.000739857
0.000542876
0.000508285
0.000522928
0.000533555
0.000548394
0.000805664
0.000536448
0.000503759
0.000556384
0.000531336
0.000523647
0.000515524
0.000666998
0.000612403
0.000541943
0.000549965
0.000571855
0.000540619
0.000526808
0.000648504
0.000539117
0.000524192
0.000541704
0.000533387
0.000539665
0.000549259
0.000531829
0.000583057
0.000563655
0.000737558
0.000576061
0.000564131
0.000570899
0.000663909
0.000546846
0.00068751
0.000538985
0.000754769
0.000568674
0.000592894
0.000629997
0.000607419
0.000532578
0.000550764
0.000541712
0.000525949
0.000505216
0.000607708
0.000624445
0.000626518
0.000579917
0.000525289
0.000524371
0.000517487
0.000511913
0.000519854
0.000534062
0.000591655
0.00051634
0.000532282
0.00065102
0.000658083
0.000520634
0.000579953
0.000556441
0.000559394
0.000591447
0.000581814
0.000531549
0.00052785
0.000637532
0.000619409
0.000652575
