0.0541354
0.0622554
0.062472
0.0680175
0.0547184
0.0527358
0.0544641
0.0579236
0.0528405
0.054766
0.0571238
0.0594335
0.0552236
0.0588941
0.058225
0.0560308
0.0552621
0.0546569
0.058159
0.0532847
0.0538286
0.057144
0.0623907
0.0650975
0.0613408
0.0558139
0.0559445
0.0554216
0.0551051
0.0584907
0.0537536
0.0538695
0.052424
0.0568339
0.0594993
0.0558933
0.0525317
0.0531026
0.0565955
0.0537256
0.0543616
0.0605473
0.052368
0.0538221
0.0548985
0.0546128
0.05627
0.0563236
0.0528668
0.0549331
0.061416
0.0649444
0.0692861
0.0591388
0.0569188
0.0629452
0.0570422
0.0622051
0.0607754
0.057436
0.0629523
0.0576041
0.0595365
0.0549798
0.0560975
0.0575008
0.0642156
0.0562075
0.057322
0.060033
0.0570547
0.0662578
0.0574696
0.0608282
0.0606297
0.0679442
0.0607381
0.0583286
0.0586648
0.0592594
0.0622902
0.0559952
0.0547226
0.0600296
0.0560671
0.0677624
0.0617792
0.0613159
0.0624433
0.070188
0.0644595
0.0636162
0.0635255
0.0611897
0.0607656
0.0656209
0.0627437
0.0588693
0.0523932
0.0528397
0.0577064
0.0575584
0.0545554
0.05925
0.0553838
0.0612838
0.0588704
0.0582441
0.0549896
0.0530099
0.0562247
0.0569494
0.0608612
0.0543624
0.0531923
0.0599173
0.0605811
0.0597367
0.0597301
0.0621304
0.0595068
0.0568993
0.0563692
0.0554264
0.0564868
0.0536062
0.0569896
0.0543045
0.0525842
0.0527487
0.0530628
0.0539149
0.055398
0.0540089
0.0523909
0.0552877
0.0587532
0.0548431
0.055417
0.055866
0.0588144
0.0540791
0.0557672
0.0573375
0.0557005
0.0545819
0.0527142
0.0518371
0.0537476
0.0549826
0.0523937
0.0522247
0.0523396
0.0555387
0.0525492
0.0522954
0.0547351
0.0554656
0.0583335
0.0571623
0.0565842
0.0528477
0.0535803
0.0531957
0.0524458
0.0558727
0.0534863
0.053259
0.0540437
0.0536508
0.0556324
0.0530298
0.0538539
0.0549098
0.0530903
0.0523371
0.0534561
0.053084
0.0558357
0.0529415
0.0532091
0.0534857
0.0528747
0.0537723
0.0528396
0.0536939
0.0574144
0.0581995
0.0526806
0.0539217
0.0523744
0.0569344
0.0532114
0.0547774
0.0550216
0.0539651
0.0538836
0.0534319
0.0590955
0.0586411
0.0584542
0.0594563
0.0530093
0.0527833
0.0573263
0.0536458
0.0534407
0.0532839
0.0543256
0.0543828
0.0540304
0.0635566
0.0588604
0.0546021
0.052708
0.0569872
0.053795
0.0694295
0.0613227
0.0553689
0.0539235
0.0533304
0.0567815
0.0551885
0.053937
0.0604908
0.0609049
0.0609078
0.0575512
0.054642
0.0528407
0.0541939
0.0543484
0.0603419
0.0590369
0.0658161
0.059219
0.0579698
0.0567472
0.0583758
0.0674781
0.0599847
0.0611287
0.0600818
0.0604983
0.0599252
0.0592405
0.0613437
0.064627
0.0613835
0.057392
0.0607768
0.0621116
0.0650696
0.0606151
0.0598996
0.0626057
0.064164
0.0542884
0.0522813
0.0527396
0.0517252
0.0537013
0.0544732
0.0531499
0.0532873
0.0560921
0.0543274
0.0523927
0.0524226
0.057337
0.0529369
0.057554
0.0531317
0.0577095
0.0532753
0.0523117
0.0564534
0.0525413
0.0524194
0.0523952
0.0569936
0.0538946
0.0526965
0.0522639
0.053218
0.0520757
0.052459
0.0598913
0.0538714
0.0544202
0.052472
0.0593397
0.0548047
0.0548022
0.0527531
0.0533064
0.0565406
0.0536544
0.0562722
0.0539481
0.0541593
0.0533962
0.0590338
0.0560422
0.0582051
0.0603725
0.0582554
0.0552209
0.0534699
0.0563978
0.052718
0.0577328
0.0572692
0.0554897
0.0563483
0.0541721
0.0558761
0.0634311
0.0576727
0.058472
0.0578643
0.0541337
0.0560426
0.0554415
0.0561731
0.0568427
0.0600054
0.0553093
0.0537306
0.0533075
0.064233
0.0599401
0.0543263
0.0580952
0.0589834
0.0599107
0.0580123
0.0539019
0.0560092
0.0554484
0.0583558
0.0641252
0.0558244
0.0548219
0.0526438
0.0562008
0.0541775
0.0533527
0.052673
0.052659
0.052779
0.0543458
0.0527539
0.0529894
0.0533774
0.0541085
0.054472
0.0539513
0.0544987
0.0538414
0.0535007
0.052761
0.0526707
0.0554424
0.0558195
0.0527367
0.0529925
0.0539772
0.0532432
0.0528922
0.0534158
0.0529547
0.0534328
0.0536245
0.0535004
0.0546381
0.0537914
0.0524261
0.0561391
0.0559692
0.05337
0.0526209
0.0550522
0.0591396
0.0566229
0.0535334
0.0544666
0.0562201
0.0534223
0.0532684
0.0563962
0.0531435
0.0526414
0.0530254
0.0565813
0.0602945
0.0674224
0.0630935
0.0558268
0.0604525
0.0569666
0.0583078
0.0576152
0.0545345
0.0530004
0.054128
0.0572295
0.0592981
0.0547326
0.0532509
0.0568174
0.0549902
0.0602853
0.0631285
0.0609875
0.0565982
0.0541343
0.0548483
0.0554512
0.0537979
0.0600584
0.0718104
0.0663629
0.0588951
0.0602417
0.0598947
0.0563451
0.0582519
0.0673334
0.0777125
0.0627504
0.0598548
0.0575693
0.0606215
0.0561333
0.0523992
0.0547174
0.0566996
0.0519981
0.0527734
0.0563509
0.0535187
0.0533027
0.0529688
0.0524372
0.0524365
0.0522111
0.0520651
0.0533627
0.0521887
0.0606309
0.0650664
0.0631044
0.0546964
0.0530947
0.0516336
0.0517361
0.0517366
0.051919
0.0545286
0.0530641
0.0611602
0.0565029
0.0567511
0.0623514
0.061172
0.0650435
0.0577415
0.0534429
0.0581675
0.054233
0.0544393
0.0525608
0.0570467
0.0556325
0.0538001
0.0524743
0.0559634
0.0528123
0.0561539
0.0634306
0.0620893
0.0554966
0.052943
0.053107
0.0579146
0.0620043
0.0657049
0.0590533
0.0592682
0.0629706
0.0636828
0.0563881
0.0543331
0.0566066
0.0566355
0.057922
0.0580107
0.0553966
0.0589038
0.056018
0.05314
0.0555787
0.0591875
0.0579491
0.0580349
0.0562391
0.0578352
0.059184
0.0639655
0.0611126
0.058724
0.0592116
0.0716746
0.0587091
0.054743
0.0609606
0.0557019
0.0580187
0.0560979
0.0552639
0.0604552
0.0611009
0.0661223
0.0591352
0.0589516
0.0611427
0.0595922
0.0589564
0.0530216
0.0579384
0.056353
0.0603085
0.0543923
0.05523
0.0538191
0.05429
0.0554356
0.0532885
0.0538823
0.0521272
0.0540641
0.052372
0.0557367
0.0566884
0.0555849
0.0594266
0.054952
0.0538011
0.0539268
0.0558337
0.0541961
0.0548913
0.0587096
0.0565148
0.0541339
0.0533059
0.0558794
0.0585819
0.0602543
0.053808
0.0523043
0.0535063
0.0543583
0.0530372
0.0526158
0.0602087
0.0625062
0.0641614
0.0537097
0.0532535
0.0532669
0.0532168
0.0533515
0.0540385
0.0532533
0.0525201
0.0530535
0.0557092
0.0542009
0.0573454
0.0601359
0.0587754
0.0537361
0.0558409
0.0626787
0.0682554
0.0533445
0.0519634
0.0596503
0.0547468
0.0526549
0.0554322
0.0528397
0.0523225
0.052618
0.054576
0.0530324
0.0526929
0.0527845
0.0594155
0.0530927
0.0525391
0.0557267
0.0539364
0.0539696
0.0542124
0.0544474
0.0526422
0.0538503
0.0545537
0.0528928
0.0536468
0.0544478
0.0550301
0.0535986
0.0545528
0.0536568
0.0552376
0.0654718
0.0573378
0.055285
0.0572725
0.0588392
0.0566767
0.063905
0.0608208
0.0554981
0.0597674
0.0626247
0.0627015
0.0604888
0.0611428
0.0581435
0.0578185
0.0548168
0.057695
0.0592928
0.05961
0.066907
0.0539704
0.055701
0.0568955
0.0602104
0.0655914
0.0591452
0.0563043
0.0548214
0.0583404
0.0552454
0.0572132
0.0601676
0.0582305
0.0566182
0.0604245
0.0566416
0.0545516
0.0659055
0.0605688
0.0587583
0.058847
0.0605998
0.0611
0.0596046
0.0647987
0.0658848
0.0566272
0.0547888
0.058066
0.055318
0.0599442
0.0648153
0.0590413
0.0545245
0.0555645
0.0535152
0.0549712
0.0601504
0.0600775
0.053547
0.0597048
0.0603645
0.0606997
0.0604518
0.0553226
0.0586532
0.0659722
0.0610839
0.0593023
0.0620357
0.0707497
0.0585514
0.056357
0.0568673
0.0534339
0.0550907
0.0603203
0.0618099
0.0606942
0.0610698
0.0680539
0.0599434
0.0598433
0.0622419
0.0663831
0.0613615
0.0627397
0.0679303
0.0612261
0.0601615
0.059984
0.0670114
0.0603461
0.0608547
0.0607301
0.0671792
0.0616392
0.0602274
0.0653759
0.0632698
0.0597451
0.0593979
0.0601357
0.0532874
0.0522911
0.0527337
0.0519466
0.0532253
0.0547824
0.0567657
0.0533552
0.0548445
0.0548694
0.0589707
0.0587242
0.0558259
0.0539053
0.0566649
0.0531131
0.0539031
0.0572408
0.0582395
0.0575636
0.0542869
0.0547148
0.0575001
0.0557269
0.0608923
0.0571782
0.0556038
0.0567006
0.0568683
0.0522416
0.0521382
0.0554359
0.0560811
0.0597931
0.0598565
0.0564878
0.0596304
0.0557757
0.0614309
0.0572069
0.0541259
0.0542149
0.0541445
0.0536781
0.0541072
0.0538694
0.0544654
0.0534989
0.0555428
0.054626
0.0542562
0.0591007
0.0585757
0.0585706
0.0554631
0.0589069
0.0598574
0.0600699
0.0648159
0.0630648
0.0593327
0.0584155
0.0527235
0.0525954
0.052558
0.0522393
0.05291
0.0533684
0.0518498
0.052481
0.052713
0.0541945
0.0532143
0.0529064
0.0534806
0.0519245
0.0523286
0.052289
0.0525749
0.0533163
0.0583195
0.0532758
0.0541808
0.0527147
0.0585109
0.0528801
0.055613
0.0563575
0.0641904
0.0549046
0.0534663
0.0528139
0.0546239
0.0531586
0.0550881
0.054909
0.0523392
0.0537314
0.0587726
0.0520696
0.0521715
0.0532183
0.0525055
0.0556009
0.0526559
0.0563667
0.0581508
0.053598
0.0531564
0.0533039
0.057288
0.0526823
0.0534955
0.0521422
0.0571266
0.0548942
0.0533348
0.0524784
0.0529721
0.0524586
0.0529797
0.0539741
0.0545098
0.0530551
0.0524878
0.052582
0.0527327
0.0546614
0.053289
0.0526045
0.0522935
0.0530496
0.0530977
0.0530535
0.0521924
0.0538054
0.0525329
0.0519839
0.0606311
0.053336
0.0524992
0.0631455
0.0574635
0.0541739
0.0541314
0.0540159
0.054211
0.0533604
0.054533
0.0543528
0.0535432
0.0539567
0.0537181
0.0530974
0.0532319
0.0541088
0.060839
0.0676729
0.0606852
0.0602669
0.0585577
0.0534264
0.0523828
0.0605352
0.0564188
0.0545241
0.052733
0.0590567
0.0526154
0.0567213
0.0573378
0.0522901
0.0533547
0.0523259
0.0586639
0.0527532
0.053068
0.0526745
0.0591937
0.0539045
0.0526642
0.058169
0.0537804
0.0549968
0.0534043
0.0598975
0.0563632
0.0599484
0.054841
0.0533127
0.053453
0.0523122
0.0538679
0.0529585
0.0519464
0.0591192
0.0534705
0.0526374
0.0531225
0.0534373
0.0525973
0.0538589
0.0524519
0.0549129
0.0535283
0.0537364
0.0540151
0.0545974
0.0549488
0.0547717
0.0528867
0.053188
0.0534011
0.052072
0.0531439
0.0519794
0.0536187
0.0527297
0.0546465
0.0539232
0.053771
0.0550038
0.0585835
0.0610195
0.0594492
0.0602728
0.0580022
0.053102
0.055349
0.0543851
0.0543663
0.0538073
0.052652
0.0532703
0.0544598
0.0518582
0.0569467
0.0527377
0.0515976
0.0565288
0.0519909
0.0525312
0.0528764
0.0576213
0.0523823
0.0531631
0.054913
0.0573461
0.054185
0.0540037
0.0527117
0.0569468
0.0520562
0.0529427
0.0528785
0.0586034
0.0527393
0.0524536
0.0531294
0.0535877
0.0525859
0.05265
0.0524632
0.0598168
0.0596269
0.0670581
0.0600085
0.0592543
0.0525873
0.0531389
0.0530477
0.053321
0.0525724
0.056829
0.0528208
0.0528396
0.0520934
0.0538689
0.0530544
0.053129
0.0572668
0.0537252
0.0552419
0.0548443
0.0544889
0.053223
0.0539052
0.0524516
0.0533835
0.0529475
0.0526055
0.0566476
0.0542931
0.0590481
0.0562295
0.056266
0.0555554
0.0555452
0.0548394
0.0604761
0.0614202
0.0603777
0.0593531
0.0581996
0.0578675
0.0551289
0.053497
0.0527273
0.0540519
0.0536766
0.0543398
0.0562391
0.0528736
0.0559149
0.056751
0.0527641
0.0524186
0.0524566
0.0573878
0.0527008
0.0522129
0.053256
0.0533892
0.0535638
0.0542137
0.0658811
0.0611239
0.0602107
0.0547862
0.0538149
0.052817
0.0526568
0.0531873
0.0564293
0.0524508
0.0525402
0.0527139
0.0564728
0.0541975
0.0536111
0.054388
0.054894
0.0531693
0.0530615
0.0567758
0.0526929
0.0530068
0.0527023
0.0535763
0.0533771
0.0553504
0.0644364
0.057726
0.0572935
0.0563583
0.0577645
0.0572981
0.0530632
0.0607188
0.0564636
0.0568097
0.0567462
0.0594851
0.0568859
0.0569558
0.0560164
0.0585919
0.0593643
0.0654415
0.0613248
0.0564197
0.0599895
0.0632784
0.0604628
0.0530283
0.0521884
0.0540157
0.0551613
0.0573527
0.0527351
0.055223
0.05321
0.0527507
0.053101
0.0539234
0.0521086
0.0532224
0.0528351
0.0531421
0.0537806
0.0567125
0.0554882
0.053035
0.0534843
0.052799
0.0566823
0.0564252
0.0527755
0.0526263
0.0551331
0.0524677
0.0531768
0.0582502
0.0529801
0.0527197
0.0526364
0.0531551
0.0538951
0.0521805
0.0571847
0.0547452
0.0531775
0.0529126
0.0533124
0.0524614
0.0566628
0.0538614
0.0522129
0.0530928
0.0525878
0.0535746
0.0538736
0.0717593
0.0799553
0.0614838
0.0626428
0.0568344
0.0557162
0.0606825
0.0607749
0.0584257
0.0530427
0.052334
0.0563241
0.059167
0.0543449
0.0531503
0.0608084
0.0624891
0.0606206
0.0604308
0.0606331
0.0571646
0.0595414
0.0607187
0.0608941
0.0659633
0.0589512
0.0608579
0.0583472
0.05459
0.0613987
0.056769
0.0585293
0.0586738
0.0580217
0.0632224
0.0624408
0.0620021
0.0576414
0.0559987
0.0535977
0.0545568
0.0538141
0.0522806
0.0531838
0.0532877
0.0530383
0.0533217
0.0535724
0.0533419
0.0529996
0.0527816
0.0538919
0.0526397
0.0534946
0.0521357
0.0528447
0.0533722
0.0529176
0.0533459
0.0534487
0.052859
0.0537983
0.0530857
0.0538049
0.0532755
0.053265
0.0528573
0.0542539
0.0532682
0.0531841
0.0535169
0.0533583
0.053106
0.052784
0.0534378
0.0542179
0.0530169
0.053297
0.0523666
0.0543406
0.0528693
0.0529037
0.0521646
0.0526941
0.0534341
0.052796
0.0524701
0.0535559
0.0519987
0.0535146
0.054083
0.0592643
0.0540964
0.0523954
0.0533485
0.0535031
0.0549713
0.0527399
0.0537131
0.0533203
0.055253
0.0533486
0.0524743
0.0568416
0.0656909
0.061908
0.064856
0.0602044
0.0590344
0.0575007
0.0660645
0.059736
0.0577123
0.0604355
0.0669947
0.060737
0.0602807
0.0601813
0.0680607
0.0599164
0.0617758
0.06097
0.0679754
0.0576964
0.0550186
0.0609879
0.0591186
0.0540781
0.0618759
0.059991
0.0604582
0.0668358
0.061194
0.0604322
0.0602648
0.0694152
0.0599095
0.059875
0.0604783
0.0673663
0.0603445
0.0600319
0.0618243
0.0665087
0.0595492
0.0587081
0.0562109
0.0688464
0.0596574
0.0605618
0.0602673
0.067356
0.060454
0.0599409
0.0641085
0.0649764
0.0600206
0.0607464
0.0652839
0.0629009
0.0613075
0.0599581
0.0547607
0.0560076
0.0546401
0.0571786
0.0595542
0.0601541
0.0648797
0.0632442
0.0595979
0.0583129
0.0647057
0.0635362
0.0600424
0.0605696
0.0667836
0.061177
0.0591449
0.0591122
0.0526138
0.0550074
0.0605687
0.0606634
0.0595833
0.0602984
0.0688262
0.0600166
0.0605339
0.0615945
0.0665184
0.0608397
0.0600629
0.0640605
0.0641078
0.0597772
0.0604566
0.0657319
0.0623081
0.0603524
0.0605215
0.060296
0.0607288
0.060529
0.0604525
0.0639366
0.064314
0.0603051
0.0606289
0.0670962
0.0613045
0.0595054
0.0612199
0.0691823
0.0590948
0.0595495
0.056937
0.056359
0.0671543
0.0603582
0.0600848
0.0637265
0.0634835
0.0526432
0.0520178
0.0521369
0.0599252
0.0615206
0.0658672
0.0600917
0.0603046
0.0639604
0.064903
0.061018
0.0605597
0.0676643
0.0603539
0.0598974
0.0606641
0.0688973
0.0600348
0.0610123
0.0607586
0.0662354
0.0573017
0.060263
0.0619872
0.0669326
0.0605139
0.060857
0.0610846
0.0587752
0.0576296
0.0599289
0.060955
0.0663846
0.0611269
0.0603938
0.0570765
0.0524449
0.0534588
0.0520907
0.058664
0.0588995
0.0572116
0.0545853
0.0541067
0.0591066
0.0680322
0.0602196
0.0596684
0.0631454
0.0646363
0.0605202
0.0602979
0.0653715
0.0627398
0.060599
0.0603
0.0684336
0.0604569
0.0594538
0.0605852
0.0684865
0.0603112
0.0606767
0.0618783
0.0660183
0.0600371
0.0605876
0.0630867
0.0645727
0.0604754
0.0601652
0.0660131
0.0619266
0.0604275
0.059718
0.0666361
0.0613437
0.0598477
0.0606248
0.0683419
0.0602629
0.0604382
0.0610501
0.0671913
0.059966
0.0597081
0.062953
0.0637587
0.0524782
0.0528016
0.0527277
0.0598378
0.0550254
0.0536237
0.0552842
0.0651984
0.0615372
0.0603221
0.0675994
0.0617332
0.056994
0.0520766
0.0520289
0.0521246
0.0663287
0.0616307
0.0609004
0.0597188
0.0519965
0.0525276
0.0522675
0.0521335
0.0524166
0.0541597
0.0523604
0.0608804
0.0605759
0.0636892
0.0648788
0.0604254
0.0605048
0.0660417
0.0616758
0.0602183
0.0600035
0.0676076
0.060513
0.0598732
0.0602676
0.068542
0.0603571
0.0605295
0.0611101
0.06674
0.060741
0.0598107
0.0630715
0.0641873
0.0594325
0.0602292
0.0629251
0.0650569
0.0604807
0.05961
0.0639568
0.0632567
0.0601601
0.0600718
0.065157
0.0637343
0.0604558
0.0603371
0.0692384
0.0602279
0.057681
0.060649
0.0680422
0.0605282
0.0607389
0.0615771
0.0672098
0.0605016
0.0593214
0.0627841
0.0649497
0.0599574
0.0603715
0.0634058
0.0638594
0.0599178
0.0596637
0.0647543
0.0631562
0.0569325
0.052422
0.053114
0.0523593
0.0525117
0.056485
0.0529969
0.0523229
0.0618337
0.0564358
0.0605108
0.0605593
0.067631
0.0602797
0.0602269
0.0639735
0.0643449
0.0605429
0.0604396
0.0658233
0.0621094
0.0604979
0.0601687
0.0693609
0.0606773
0.0602125
0.0606551
0.0670942
0.0601424
0.0589192
0.0601145
0.0594288
0.0557016
0.0563827
0.0575335
0.0598474
0.0651862
0.0625881
0.0603098
0.060114
0.0669529
0.0609775
0.0605
0.0605692
0.0687886
0.0597529
0.0601282
0.0604365
0.0676879
0.0603004
0.0610363
0.0625229
0.0652491
0.0609392
0.0597665
0.0647265
0.0635164
0.0608948
0.0601324
0.0670287
0.0616122
0.0603812
0.0642782
0.0679936
0.0614081
0.0607793
0.061289
0.0583423
0.0575584
0.0589762
0.0562317
0.0548471
0.0690377
0.056243
0.0538153
0.0548304
0.0532099
0.0523942
0.0532095
0.0531137
0.0527354
0.0530724
0.0531085
0.0537471
0.052903
0.0525517
0.0531837
0.0535891
0.052547
0.0604055
0.0594139
0.0572504
0.0528919
0.0526064
0.0598174
0.0611184
0.0649978
0.0643937
0.0590463
0.0562001
0.0563869
0.0537688
0.0527995
0.0515786
0.052618
0.0520821
0.0519264
0.0521766
0.0524652
0.0523836
0.0521071
0.0528371
0.0555133
0.0525808
0.0532285
0.0520918
0.052621
0.0535318
0.0642604
0.0603009
0.0605088
0.065311
0.0540786
0.0535323
0.0520971
0.0522235
0.052184
0.0529046
0.0518142
0.0522461
0.0523994
0.0520581
0.0521617
0.0524396
0.0527853
0.0530915
0.0526769
0.0533139
0.0528093
0.0525697
0.0521847
0.0524388
0.0521694
0.0607933
0.0637848
0.0651854
0.0590856
0.0538029
0.0573064
0.0538912
0.0535416
0.0525662
0.0521805
0.0527418
0.0521182
0.0523605
0.0522014
0.051601
0.0520406
0.052557
0.0522094
0.0598497
0.0600393
0.0559818
0.0534351
0.0526455
0.0524515
0.0524362
0.058771
0.0573459
0.067278
0.0612559
0.0596251
0.055958
0.053678
0.0520041
0.0522195
0.0520194
0.0518857
0.0518585
0.0526661
0.0528072
0.0525513
0.0594386
0.0586503
0.0592309
0.0550323
0.0525212
0.0590319
0.0615545
0.0602993
0.0631535
0.0610427
0.053688
0.0591254
0.0604326
0.0631271
0.0536283
0.0536748
0.0522384
0.051609
0.052014
0.052323
0.0524323
0.052119
0.0524724
0.0517192
0.0541102
0.0527744
0.0676235
0.0597693
0.0605723
0.0605781
0.0634128
0.051785
0.0522074
0.0525996
0.052205
0.0520959
0.05159
0.0529243
0.0522266
0.051678
0.0525772
0.0524519
0.053628
0.057919
0.0614164
0.0596883
0.061143
0.0661423
0.0568472
0.0526236
0.0526157
0.0535086
0.0524475
0.052387
0.0520004
0.0523104
0.0525052
0.0517056
0.0523351
0.05195
0.0531924
0.0525389
0.0532585
0.0548281
0.052328
0.0524147
0.0524725
0.05288
0.0524313
0.0523438
0.052373
0.065667
0.0629875
0.0609773
0.0605859
0.0590673
0.0525957
0.0521997
0.0523523
0.0535641
0.0522778
0.0527118
0.0527248
0.0527908
0.0524003
0.0539076
0.0520055
0.0665412
0.0615371
0.0606224
0.0601198
0.0632282
0.0519848
0.0519449
0.0519881
0.0524701
0.052067
0.0520348
0.052167
0.0513842
0.0526121
0.0525065
0.0546714
0.055852
0.053427
0.0521073
0.0583692
0.06093
0.0599526
0.0600628
0.06783
0.0605727
0.0605665
0.0627573
0.0650836
0.0609614
0.0601151
0.0657177
0.0656627
0.0598456
0.0549203
0.0529528
0.0551946
0.0666581
0.062088
0.0604524
0.0676461
0.0601681
0.0605714
0.0603622
0.0654034
0.0528249
0.0528072
0.0603869
0.0598773
0.0636368
0.0644528
0.0594275
0.0610017
0.0655341
0.0624862
0.0602927
0.059715
0.0672645
0.0606645
0.0600828
0.0609162
0.0643962
0.0606195
0.0602282
0.0598797
0.0687022
0.0606058
0.0595946
0.0603634
0.0676718
0.060355
0.0601161
0.0619641
0.0663797
0.0608756
0.0604919
0.0653855
0.0619988
0.053983
0.0523481
0.060394
0.0631836
0.0644252
0.060411
0.0600181
0.0649481
0.0631809
0.0591756
0.0552665
0.0527564
0.0651151
0.0629756
0.060508
0.0603378
0.0683204
0.0605608
0.0599
0.0586538
0.0566775
0.0581083
0.0614576
0.0592706
0.0609137
0.0683812
0.0600411
0.0604919
0.0602758
0.0678846
0.0605071
0.0605727
0.0621649
0.0653603
0.0604707
0.0611377
0.0655693
0.0626065
0.0600687
0.0570158
0.0541329
0.0673463
0.0599536
0.0602356
0.0611785
0.0595179
0.0524992
0.0528576
0.0524961
0.0529957
0.0538036
0.0524204
0.059546
0.0600927
0.0632349
0.0608763
0.0599096
0.0615407
0.0666056
0.0604376
0.0610525
0.063081
0.0615164
0.0554686
0.0558526
0.0607314
0.064584
0.0634165
0.0607747
0.0603049
0.0676022
0.0602979
0.0596112
0.0606211
0.0690797
0.0603524
0.0606956
0.061148
0.0670175
0.0610034
0.0601647
0.063348
0.0648603
0.0606799
0.0592944
0.0593576
0.0652447
0.0607268
0.0597078
0.06524
0.0632537
0.0596982
0.0608614
0.064335
0.0602553
0.0612448
0.0599348
0.0653344
0.0625879
0.0593577
0.0585209
0.0539545
0.0687687
0.0603344
0.0595998
0.0615969
0.0668752
0.0602334
0.0606026
0.0633122
0.0651326
0.0605317
0.0601748
0.0664559
0.0635415
0.0615077
0.062566
0.0673916
0.0603694
0.0609405
0.0651383
0.0630174
0.0606892
0.0602017
0.0680536
0.0611367
0.0599734
0.0603329
0.0675194
0.060458
0.0603827
0.0634426
0.0637534
0.0603288
0.0596082
0.0622648
0.0653248
0.0605129
0.0605463
0.0638405
0.0642122
0.0604593
0.0600121
0.0654738
0.0602279
0.0536304
0.0596484
0.0605661
0.0682796
0.0609565
0.0599206
0.0626777
0.0660823
0.0602677
0.0603781
0.0652956
0.062163
0.0610395
0.0603009
0.0558491
0.0534346
0.0616249
0.060042
0.0598892
0.0629426
0.0660818
0.0605863
0.0604438
0.0647094
0.0625976
0.0604764
0.059807
0.0647104
0.0628515
0.0604849
0.060489
0.0669137
0.060417
0.0604248
0.060157
0.0684105
0.0645801
0.0602057
0.0673223
0.0610748
0.0604039
0.0600834
0.0548027
0.0537231
0.0523755
0.0549326
0.0606752
0.0601598
0.0601955
0.0684572
0.0603942
0.0606837
0.0604393
0.0548129
0.0645458
0.0602231
0.0599882
0.0665095
0.0620064
0.0604846
0.0599937
0.0685018
0.060744
0.0606557
0.0612153
0.0675106
0.0600447
0.0604123
0.0620023
0.0656919
0.0609526
0.0606384
0.066006
0.0628157
0.0601115
0.060306
0.0675676
0.0599994
0.060976
0.0607243
0.0682298
0.065469
0.0609009
0.0680649
0.0604422
0.0601534
0.0607406
0.0672817
0.0600897
0.0607322
0.0623022
0.0658999
0.0614747
0.0600884
0.0661581
0.0628858
0.0599448
0.0611167
0.0689496
0.0604675
0.0607816
0.0601311
0.0663771
0.0593382
0.0600151
0.0624911
0.0659146
0.0599341
0.0605939
0.0636344
0.0646002
0.0601662
0.0548584
0.0530121
0.0626483
0.0648684
0.0605887
0.0599732
0.0659903
0.0620991
0.0600761
0.0606355
0.0685768
0.0605275
0.0602257
0.0601967
0.0677212
0.0600502
0.0602229
0.0605825
0.0680696
0.0600267
0.0611337
0.0619225
0.0629944
0.0603352
0.0599568
0.0637741
0.064442
0.060626
0.0606262
0.0650632
0.0648658
0.060642
0.0597946
0.0686202
0.0600608
0.0600116
0.0600398
0.0679472
0.0603904
0.060836
0.0613276
0.0664612
0.060472
0.0578172
0.053157
0.0523712
0.0534034
0.0665485
0.0607183
0.0534641
0.0535745
0.0534887
0.052911
0.0536607
0.0524827
0.0523953
0.0524853
0.0521917
0.0529076
0.060988
0.0601894
0.0608757
0.054234
0.0586864
0.0563709
0.0554795
0.0520765
0.0531149
0.0519164
0.0525081
0.0523501
0.0521588
0.053017
0.0516591
0.0516934
0.0566902
0.0586752
0.0570674
0.0543164
0.0527742
0.0611136
0.0665017
0.0604932
0.0604991
0.0638505
0.0645029
0.0601769
0.0599272
0.0671289
0.0617502
0.0601261
0.0561079
0.05332
0.0565914
0.0646274
0.0601414
0.0602746
0.0635406
0.0640101
0.0599513
0.0569871
0.0573859
0.068812
0.0600962
0.0605181
0.0628727
0.0647567
0.0599882
0.0578301
0.0534465
0.0537724
0.052441
0.0533882
0.0647857
0.0603081
0.0604524
0.0653931
0.0626222
0.0606583
0.0606555
0.0679526
0.0601873
0.0601264
0.0598846
0.0683678
0.0600013
0.0604196
0.0601654
0.0681533
0.060404
0.0601122
0.0622025
0.0643392
0.0563359
0.0528728
0.0606281
0.0620512
0.0660368
0.0603269
0.0599021
0.0641388
0.0631064
0.0604613
0.0588633
0.0529432
0.0524058
0.0533162
0.0520793
0.0539949
0.0524885
0.0532908
0.0524957
0.0528078
0.0526404
0.0526418
0.0544374
0.0525309
0.0522057
0.0524986
0.0529997
0.0676439
0.0597533
0.0600405
0.0637618
0.0645745
0.0608406
0.0599888
0.0629683
0.0566932
0.0523006
0.0526969
0.0519883
0.0517138
0.0561761
0.0546495
0.0550045
0.0523746
0.0728643
0.0596055
0.0604386
0.0637765
0.0643322
0.0609371
0.0612072
0.06562
0.0577955
0.0527042
0.0518652
0.0597708
0.0602972
0.0673491
0.0600178
0.0613124
0.0645416
0.0643379
0.0604196
0.0601083
0.0656778
0.0626814
0.0606364
0.0598523
0.0678147
0.0602651
0.0598258
0.0600993
0.0680543
0.0604386
0.0598406
0.0597299
0.0687036
0.0602546
0.0608977
0.0622935
0.0652803
0.0607577
0.0603536
0.0650691
0.0628969
0.0605158
0.0605683
0.0679328
0.0607312
0.0606445
0.0601357
0.0682116
0.0606671
0.0598979
0.0609846
0.0673739
0.0602266
0.0605806
0.0653712
0.0626582
0.060641
0.0605757
0.0676151
0.0609624
0.0601083
0.058209
0.0595264
0.0639341
0.0602415
0.0604726
0.0653226
0.0629919
0.0597885
0.0607992
0.0681943
0.0605871
0.0605232
0.0592748
0.059495
0.0522385
0.0526066
0.0529333
0.0523505
0.0521141
0.0584441
0.0616112
0.0680195
0.0608329
0.0612424
0.0610636
0.0672693
0.060187
0.0600925
0.0630282
0.0649357
0.0598185
0.0601272
0.063879
0.0634447
0.0598739
0.0600105
0.064399
0.0633995
0.0561042
0.0613694
0.0643136
0.0621481
0.0534941
0.0543676
0.0574551
0.0605122
0.0678281
0.0605703
0.0599078
0.0618549
0.0658995
0.0599569
0.0604539
0.0637574
0.0642919
0.060231
0.0603923
0.0665145
0.0619095
0.0601275
0.0608887
0.0680545
0.0603094
0.059863
0.0561376
0.0552063
0.0588642
0.0625473
0.0603083
0.0603017
0.0675953
0.0596571
0.0585486
0.057041
0.0632121
0.0594847
0.0574958
0.0577449
0.0606141
0.0674436
0.0613075
0.0610534
0.0608598
0.0676029
0.058723
0.0520966
0.0528758
0.0582742
0.0639076
0.0638715
0.0603021
0.060285
0.0667359
0.060842
0.0608571
0.0602581
0.0681995
0.0609717
0.060396
0.0634542
0.0661681
0.0598818
0.0603923
0.0652168
0.0639831
0.0602863
0.060926
0.0669702
0.0533527
0.0532112
0.0529738
0.0523807
0.0524896
0.0522151
0.0519333
0.0600147
0.0676457
0.0579309
0.0607724
0.0604463
0.0684552
0.0605256
0.0611612
0.0621185
0.0657551
0.0602867
0.0590301
0.0623056
0.0654739
0.0605875
0.0602994
0.0643755
0.0642167
0.0607673
0.0600662
0.067581
0.061206
0.0606013
0.0610852
0.067499
0.0597094
0.0599744
0.0548748
0.0517587
0.0683415
0.0602756
0.060327
0.0618849
0.0666621
0.0602499
0.0604786
0.0635908
0.0642448
0.0598187
0.0607386
0.0646635
0.0625068
0.0603001
0.0606865
0.0659062
0.0608014
0.0596798
0.0604068
0.0669807
0.0606591
0.0608117
0.0605354
0.0684991
0.0602595
0.0606645
0.0631121
0.0655597
0.0603131
0.0606869
0.064605
0.0630743
0.0607571
0.0605179
0.066278
0.0586286
0.0611988
0.0604734
0.0670547
0.0617848
0.0606304
0.0604974
0.0653322
0.0605683
0.0603516
0.0613719
0.0672452
0.0608836
0.0603704
0.0631074
0.0646899
0.0603741
0.0601454
0.0664232
0.0624239
0.0599251
0.0597956
0.0608234
0.0645445
0.0605222
0.0601532
0.06785
0.0611295
0.0600332
0.0603259
0.0683294
0.0602106
0.0601184
0.0609583
0.0674004
0.0608822
0.059425
0.0638699
0.0645105
0.0606418
0.0609839
0.0705192
0.0693481
0.0586425
0.0530521
0.0516379
0.0527633
0.0523461
0.0519751
0.0527575
0.0600687
0.0603749
0.0607575
0.0685288
0.0609038
0.0603482
0.0616939
0.0667339
0.0594342
0.0546988
0.0608795
0.0687154
0.0604645
0.0606378
0.0606
0.0673597
0.0606452
0.0599377
0.0638255
0.0646541
0.0602418
0.0606101
0.0657069
0.0625663
0.0606859
0.05865
0.066078
0.0612527
0.0610496
0.060323
0.0680764
0.0597802
0.0600693
0.0599727
0.0680216
0.0601055
0.0603146
0.0611455
0.0666277
0.0601548
0.0602409
0.0630626
0.0652299
0.0603113
0.0598949
0.0655775
0.0628279
0.0603214
0.0604715
0.0687443
0.0608628
0.0604491
0.0610227
0.0674473
0.0605746
0.0604172
0.063852
0.0647852
0.0604262
0.0606238
0.0669631
0.0612662
0.0598005
0.0605781
0.0677634
0.0600458
0.0605993
0.0603705
0.06912
0.0604526
0.0602295
0.0620554
0.0662588
0.0604547
0.059799
0.0645124
0.0634604
0.0609512
0.0606782
0.0677351
0.0604156
0.0611939
0.060496
0.0677519
0.060011
0.0603914
0.0612451
0.0666407
0.0610672
0.0602177
0.0649299
0.0638943
0.0609429
0.0602266
0.0682089
0.059426
0.0606763
0.0604585
0.0681215
0.0604512
0.0602436
0.0606234
0.0673492
0.0603639
0.0605291
0.0641041
0.0645235
0.0606298
0.0605516
0.0673449
0.0610543
0.0606533
0.0600162
0.0691131
0.0604892
0.060266
0.0617488
0.0664162
0.0598989
0.058681
0.057485
0.0647965
0.0592122
0.0577259
0.0607873
0.065898
0.0616169
0.0599154
0.0602945
0.0674801
0.061305
0.0608318
0.0608114
0.0682457
0.0602934
0.0607683
0.0622702
0.0655858
0.0606463
0.0599552
0.0650684
0.0636048
0.0606479
0.0602015
0.0676206
0.0611944
0.0605044
0.0610303
0.0672122
0.0564985
0.0594298
0.0592038
0.0670987
0.061066
0.0605145
0.0603204
0.0684789
0.0600862
0.0598845
0.0609098
0.0670287
0.060286
0.0604114
0.0630704
0.0657947
0.0603882
0.060188
0.0668686
0.061899
0.0602014
0.0607093
0.0677689
0.0598102
0.0579767
0.058937
0.062599
0.0631831
0.0597493
0.0599234
0.0654982
0.0627232
0.0615063
0.0612841
0.0690685
0.0597848
0.0609522
0.0614382
0.0661349
0.0601211
0.0603411
0.0643666
0.064401
0.0606519
0.060293
0.0687006
0.0609213
0.0611273
0.0603825
0.0682989
0.060606
0.0602526
0.0641486
0.0644844
0.0606803
0.060284
0.0657198
0.062177
0.0589937
0.0549088
0.061482
0.0667465
0.0594137
0.0605551
0.0640159
0.0639223
0.0583273
0.0547329
0.0522776
0.0523787
0.0513151
0.0534158
0.0580391
0.0555539
0.052424
0.0591787
0.0599872
0.0597235
0.0684887
0.05986
0.0600979
0.0603939
0.067286
0.0604748
0.0602117
0.0624854
0.0659077
0.0600438
0.0599117
0.0641953
0.0636948
0.059991
0.0608991
0.0666662
0.0615186
0.0603019
0.0604924
0.0677467
0.0586106
0.058968
0.060285
0.0676181
0.0606117
0.059594
0.0599784
0.0694286
0.0596417
0.0601477
0.0600153
0.0677624
0.0603261
0.0603264
0.061597
0.0613153
0.0568746
0.0582596
0.0601087
0.0650843
0.0631453
0.0595991
0.060517
0.0663274
0.061574
0.0606135
0.0602985
0.0598924
0.0525699
0.0530674
0.0590437
0.0595993
0.0607048
0.0680547
0.0601093
0.0602824
0.0604376
0.0685005
0.0605981
0.0595972
0.0618596
0.065225
0.0586717
0.0520386
0.0604633
0.0649272
0.064581
0.060002
0.0605482
0.0667954
0.060958
0.0603543
0.0603773
0.068373
0.0604296
0.0598822
0.0603613
0.0672374
0.060762
0.0556073
0.0566203
0.0535203
0.0532426
0.065334
0.0602227
0.059914
0.0624465
0.0659773
0.0595859
0.060028
0.0619075
0.0657802
0.0602498
0.0598302
0.0637944
0.0635233
0.0593751
0.0529124
0.0521093
0.0601587
0.0679296
0.060269
0.061077
0.0627714
0.0652114
0.05981
0.0601481
0.0642048
0.0639715
0.0599504
0.0587162
0.055208
0.0571061
0.0591986
0.0686343
0.0591748
0.0670505
0.0550458
0.0528428
0.0598299
0.0610723
0.0682271
0.0602761
0.0604975
0.0611013
0.0678558
0.0600742
0.0597824
0.0626615
0.0654091
0.0601372
0.0596504
0.0614802
0.0641973
0.0616134
0.0595945
0.0651021
0.0641764
0.0593771
0.0602747
0.0659182
0.0620555
0.0607996
0.0603312
0.0682649
0.0605018
0.0602224
0.0612709
0.0671318
0.0602371
0.0608961
0.0621345
0.0650305
0.0604219
0.0600675
0.06301
0.0535883
0.052355
0.0605244
0.0602896
0.0600854
0.0684036
0.0611091
0.0598878
0.0608306
0.0676563
0.0607225
0.0601145
0.0625381
0.066094
0.0596906
0.0604644
0.0654091
0.0632562
0.0609836
0.059989
0.067989
0.0609937
0.0553648
0.0542365
0.0583939
0.0689398
0.0598627
0.0599864
0.061226
0.0678423
0.0603397
0.0608433
0.0620865
0.0544402
0.0602668
0.0600428
0.0602355
0.0642931
0.0637675
0.0606469
0.0597371
0.0660195
0.0626605
0.0603382
0.0609475
0.0686115
0.0604381
0.060504
0.0603521
0.0614533
0.0540691
0.0523489
0.052836
0.0539018
0.0526856
0.0526121
0.0525999
0.0527811
0.052229
0.0527713
0.0550653
0.0641009
0.0589782
0.0603421
0.0589434
0.0529841
0.0520867
0.0536071
0.0517146
0.057896
0.0606339
0.0597143
0.0666441
0.0614992
0.058954
0.060985
0.0670529
0.0607142
0.0609066
0.0604437
0.0679888
0.0594634
0.0531728
0.0530513
0.0612851
0.0683368
0.060584
0.0599075
0.0602268
0.0682465
0.0601377
0.0663421
0.0692041
0.0598904
0.0568156
0.0603177
0.0663594
0.0610841
0.0600216
0.0607474
0.0684086
0.0604253
0.0604738
0.0610553
0.0669356
0.0604348
0.0598881
0.0619664
0.065712
0.060733
0.0616267
0.0657077
0.0618007
0.0606726
0.0600561
0.0675354
0.0605545
0.0597164
0.0602457
0.0688713
0.0603806
0.0605137
0.0597416
0.0678311
0.0601139
0.0595132
0.0626027
0.0660474
0.0608885
0.0600907
0.0642085
0.0634409
0.0605547
0.0599942
0.0663391
0.0595265
0.0595584
0.0609959
0.0659561
0.0618155
0.0605002
0.0541082
0.0525296
0.0662665
0.0617443
0.0605591
0.0599058
0.0679239
0.0598978
0.0604296
0.060679
0.0687579
0.0602406
0.061224
0.0601604
0.0574199
0.0628811
0.0593049
0.0601408
0.0669055
0.0609312
0.0600078
0.0596946
0.0669096
0.060332
0.059818
0.0602154
0.0579882
0.0522965
0.0607624
0.0598381
0.0603663
0.0630785
0.0651168
0.0601703
0.059882
0.0606246
0.0631692
0.0601368
0.060819
0.0624858
0.0653595
0.0546348
0.0551724
0.0610145
0.0648524
0.0622621
0.0603365
0.0603884
0.0668454
0.0616461
0.0608007
0.0608569
0.0659854
0.0524965
0.0520834
0.0522006
0.0523878
0.0536475
0.0606905
0.0659616
0.0620906
0.0600194
0.0599182
0.0666536
0.0607555
0.0601813
0.0607225
0.0692542
0.0631498
0.0605101
0.0654391
0.0631955
0.0608115
0.0601136
0.0669853
0.0611492
0.0601243
0.0605433
0.0676
0.0603658
0.0608316
0.060649
0.0668505
0.0607736
0.0598752
0.0625173
0.0651796
0.0604502
0.0588385
0.0577446
0.0651682
0.0605586
0.0606775
0.0622975
0.0664259
0.0604813
0.0600428
0.0615421
0.0545223
0.0610386
0.0603181
0.0601753
0.0658698
0.0626775
0.0605952
0.0604385
0.0685007
0.0599575
0.0607264
0.0602682
0.0679779
0.0603332
0.0602296
0.0610949
0.0661138
0.0598873
0.0606887
0.0656852
0.0632082
0.0607571
0.0607549
0.0677266
0.0605216
0.0603855
0.061197
0.0678971
0.0602215
0.0600718
0.0622924
0.0655464
0.0601614
0.0601088
0.0624683
0.0650011
0.0606087
0.0594087
0.0651481
0.0627911
0.0602178
0.0605129
0.0662863
0.0615472
0.0603312
0.0595221
0.0669191
0.0560322
0.0529195
0.0518196
0.0596662
0.0602207
0.0680719
0.0600101
0.0608782
0.0599831
0.0669532
0.0574818
0.0608106
0.0598982
0.0674423
0.0601311
0.0564893
0.0521336
0.0540173
0.0643762
0.0628193
0.0605738
0.059697
0.0672973
0.0617705
0.0614684
0.0607468
0.0678724
0.0601887
0.0601593
0.0606113
0.067085
0.0603209
0.0595931
0.0626042
0.0654021
0.0601036
0.0603623
0.063194
0.0646398
0.060799
0.0591112
0.0662672
0.0624154
0.060432
0.0603633
0.0665662
0.0606018
0.0602535
0.0597474
0.0683268
0.053748
0.0554896
0.0549441
0.0601257
0.0661375
0.0621182
0.0603868
0.0605067
0.0654706
0.0562271
0.0524911
0.0591407
0.0602865
0.0646317
0.0630595
0.060344
0.0602231
0.0662151
0.0612759
0.0598568
0.0604398
0.0680061
0.0603869
0.0604517
0.0601369
0.0677074
0.0608806
0.0600684
0.0623117
0.0660838
0.0606084
0.060111
0.0643745
0.0639355
0.0601536
0.059875
0.0668713
0.0613413
0.060271
0.0606029
0.0690061
0.0604306
0.0588078
0.0546085
0.0528846
0.0523578
0.0548084
0.0622744
0.0553758
0.0519346
0.0518339
0.0521019
0.0589777
0.0586803
0.0562737
0.0526366
0.0530719
0.0525481
0.0539885
0.0526985
0.0524184
0.0532843
0.0526808
0.0523865
0.0537723
0.0527316
0.0527881
0.0525852
0.0521944
0.0533636
0.0525926
0.0525192
0.0536808
0.0523284
0.0612965
0.0597254
0.0593065
0.0559408
0.053471
0.0522378
0.0517615
0.0521384
0.0537449
0.0521892
0.0535256
0.0519679
0.0518947
0.0525987
0.0519024
0.0563796
0.0535116
0.0578061
0.0551386
0.0557068
0.0577158
0.0552356
0.0647885
0.0591151
0.0532753
0.0525501
0.0521335
0.0514769
0.0605863
0.0679535
0.0614122
0.0617956
0.0639284
0.0639593
0.0597047
0.0610344
0.0660133
0.0627793
0.0583862
0.0568848
0.0527082
0.055308
0.0573303
0.0545891
0.0547864
0.0529965
0.060022
0.0592543
0.0657024
0.0616621
0.0578346
0.059559
0.0572552
0.0595852
0.0624579
0.0607579
0.0597935
0.0690013
0.0599947
0.0595379
0.058896
0.0619561
0.0593132
0.0562036
0.055008
0.0603513
0.0657394
0.0621818
0.060233
0.0577029
0.0648733
0.0594447
0.0596672
0.0584478
0.0598955
0.0657438
0.0601263
0.0549786
0.0559127
0.0530722
0.0577556
0.053898
0.0620271
0.0604745
0.0602186
0.058071
0.0542418
0.0567644
0.0579006
0.0544055
0.0538533
0.0533331
0.0548365
0.055041
0.058298
0.0554357
0.0539621
0.0535956
0.0545156
0.0614707
0.0746099
0.0701217
0.0605654
0.0636969
0.0607965
0.0562612
0.0556563
0.0554671
0.0556989
0.0532655
0.0581079
0.0792389
0.0650424
0.0642229
0.0598281
0.0587456
0.0546478
0.0545239
0.0671585
0.0620016
0.0603001
0.0647621
0.0545983
0.0538163
0.0542843
0.053544
0.0539731
0.053539
0.0544416
0.0540017
0.0545767
0.0551077
0.0531144
0.0539828
0.0534198
0.0535816
0.0532512
0.0529362
0.0535103
0.055623
0.053019
0.0533143
0.0580654
0.0576073
0.0554068
0.0541938
0.0559986
0.0552977
0.0571624
0.0545355
0.0562015
0.0561859
0.0552368
0.0569638
0.0547075
0.0556688
0.0608494
0.0554056
0.0561476
0.0545136
0.0565792
0.055414
0.0551142
0.0592171
0.0574771
0.0580425
0.0551576
0.0546858
0.0543952
0.0561654
0.0565519
0.0538543
0.0548275
0.0544131
0.0557484
0.0532102
0.0540351
0.0524771
0.0623242
0.0591515
0.0536319
0.0540575
0.0535653
0.0538681
0.0529225
0.0534178
0.0531242
0.0535712
0.0541392
0.0539527
0.0541857
0.0535639
0.0553165
0.0545398
0.0535951
0.0541233
0.0534794
0.0531019
0.0547821
0.0542616
0.0532234
0.0544936
0.0549891
0.0541219
0.052706
0.0538954
0.0553513
0.0541051
0.0525044
0.053123
0.0534634
0.0534381
0.0537379
0.053102
0.0559418
0.0561011
0.0535774
0.0528784
0.0538501
0.0529758
0.0556674
0.0542252
0.0547517
0.0532444
0.0533009
0.0533345
0.0525464
0.0551546
0.0537846
0.0554788
0.0535701
0.0543108
0.0608009
0.0604344
0.0596463
0.0575734
0.057032
0.0552596
0.0525971
0.0531729
0.0535575
0.0527416
0.0532251
0.0534263
0.053597
0.0539421
0.055007
0.0570586
0.0580755
0.0554857
0.0559311
0.0529626
0.0537369
0.0534647
0.0581621
0.0562834
0.0560432
0.0562599
0.0554108
0.0535626
0.054242
0.0534098
0.0534614
0.055002
0.0541986
0.0526675
0.0545735
0.0535268
0.0533899
0.0524746
0.0527396
0.0528809
0.0534712
0.0526808
0.052766
0.0520505
0.0561549
0.0570185
0.0531099
0.0540138
0.0541878
0.0537426
0.0543943
0.0538527
0.053812
0.0536076
0.0521754
0.0544554
0.0530478
0.0524043
0.0588865
0.0523745
0.0573617
0.0569193
0.0550141
0.0557692
0.0559358
0.0536146
0.0535978
0.0559856
0.0526944
0.0548253
0.0540636
0.0742243
0.0755457
0.0675553
0.0615578
0.0606319
0.0598288
0.0674854
0.0601774
0.06022
0.0608094
0.0650586
0.056514
0.0530843
0.0542902
0.0524505
0.0541427
0.0541761
0.0522126
0.0527549
0.052538
0.0533576
0.0546271
0.055296
0.0538579
0.0528487
0.0522663
0.053997
0.05261
0.052503
0.0586489
0.0531669
0.0534007
0.0599291
0.0550394
0.0526783
0.0525915
0.0566994
0.0532551
0.0523374
0.053216
0.0561848
0.0560783
0.051932
0.0530015
0.0532196
0.0537316
0.0537577
0.0521406
0.0601308
0.0535916
0.0537754
0.0535946
0.0522753
0.0528155
0.0528766
0.0526378
0.0583046
0.0546033
0.0529843
0.0532439
0.0523386
0.0641375
0.0581854
0.0569014
0.055955
0.0522373
0.054115
0.0524043
0.0530183
0.0595443
0.0523899
0.0516532
0.0584601
0.0557622
0.0523694
0.0537292
0.0526605
0.0646619
0.0566024
0.0540389
0.0540095
0.0614642
0.0608178
0.0602415
0.0543563
0.0532884
0.0523591
0.0529635
0.0529157
0.0590962
0.0818156
0.0625415
0.061771
0.0668546
0.0602476
0.0603061
0.063073
0.0652722
0.0613864
0.0600003
0.0534168
0.0549195
0.0623514
0.0604195
0.0598933
0.0619669
0.0670271
0.0604211
0.0605084
0.0612809
0.0519489
0.059207
0.0601287
0.0604032
0.0623012
0.0665652
0.0608579
0.0604592
0.0671582
0.0554256
0.0532405
0.0523819
0.0527692
0.0530143
0.0532018
0.0525646
0.0524215
0.052933
0.0541564
0.0543383
0.0541849
0.0530349
0.0607905
0.0600139
0.0561599
0.0525614
0.0688293
0.0603072
0.0603471
0.0606185
0.0666732
0.0578866
0.0537775
0.0537751
0.0579224
0.0535442
0.0519878
0.0562143
0.064209
0.0603744
0.0598991
0.0675326
0.0607874
0.0605149
0.060745
0.0686576
0.0597619
0.0608282
0.060956
0.0680847
0.0605211
0.0599781
0.0648001
0.0635572
0.0609757
0.0572289
0.0528135
0.0525612
0.0666673
0.0608791
0.0606139
0.0617859
0.0662472
0.0604014
0.0600096
0.0638442
0.0644903
0.0600767
0.0603587
0.0650454
0.0626887
0.0610727
0.0605887
0.0690116
0.0600777
0.0604427
0.0614805
0.0656093
0.0600997
0.060422
0.0608763
0.0673361
0.0603827
0.0599842
0.0628149
0.0562508
0.0549445
0.0604713
0.0556915
0.05831
0.0555563
0.0670884
0.061089
0.0597046
0.0645784
0.0639956
0.0602719
0.0603431
0.0668459
0.062355
0.0600909
0.0603158
0.0688569
0.0601904
0.0607725
0.0626413
0.0665919
0.0607766
0.0570044
0.0557872
0.0632422
0.0549193
0.0529584
0.0536214
0.0606654
0.0611992
0.0624036
0.0531358
0.0608372
0.0582144
0.0545117
0.0533405
0.0678622
0.0609229
0.0612733
0.0602861
0.068284
0.060876
0.06072
0.0628435
0.0657941
0.0604562
0.0596157
0.0651204
0.0631423
0.0616174
0.0609004
0.0693376
0.0609793
0.060749
0.0610812
0.0673518
0.0604034
0.0601876
0.0651888
0.0628719
0.0604769
0.060262
0.0673743
0.059719
0.0534385
0.0524256
0.0603235
0.0564422
0.0525818
0.0580792
0.0621754
0.0609494
0.0606138
0.0633892
0.0525513
0.061235
0.060338
0.0612161
0.0674825
0.0597899
0.0607436
0.0634641
0.0581338
0.0520821
0.0597529
0.0608763
0.0619836
0.0661237
0.0610916
0.0536792
0.0535985
0.054798
0.0547798
0.0540336
0.052481
0.0523017
0.0525131
0.0572145
0.0536708
0.0526759
0.0527043
0.0603223
0.0581056
0.0534965
0.0533545
0.054073
0.0526288
0.0525043
0.0524492
0.0536746
0.0521615
0.0539879
0.0525025
0.0545523
0.0631684
0.0585452
0.0528202
0.051954
0.0551147
0.0585924
0.0591869
0.0530621
0.0525917
0.05344
0.0530997
0.0520811
0.0608489
0.0599887
0.0610067
0.052397
0.0527428
0.0523504
0.0598955
0.0571443
0.057865
0.0542737
0.054508
0.0623781
0.0601348
0.0575468
0.0602237
0.0671004
0.0606729
0.0605033
0.059917
0.0678731
0.0653003
0.059977
0.0638718
0.0637039
0.0585506
0.0567157
0.0571281
0.0586772
0.0580905
0.0531865
0.0529456
0.0574394
0.0543978
0.0534059
0.0523469
0.0525222
0.0516438
0.0584629
0.0828316
0.0641787
0.0633596
0.0600486
0.0606723
0.065535
0.0586886
0.0527111
0.058859
0.0604769
0.0620991
0.0571158
0.0542456
0.0548699
0.0577237
0.0551954
0.0561735
0.0546228
0.0621748
0.0563108
0.0560868
0.0567561
0.0543887
0.054568
0.0578039
0.0591436
0.0549544
0.0529536
0.0537947
0.0528161
0.0582107
0.0561791
0.0588729
0.0542019
0.0549034
0.0523731
0.0545384
0.0725855
0.0593322
0.0538188
0.0527298
0.0591815
0.052678
0.0550246
0.0562555
0.0562801
0.0580269
0.0526639
0.0536663
0.0532625
0.0575096
0.0536573
0.0547046
0.0544619
0.0607424
0.0549626
0.0550676
0.0577095
0.0537312
0.0539019
0.0595789
0.057225
0.0541452
0.0523396
0.0521317
0.0583683
0.0532401
0.0534348
0.0528308
0.065498
0.0655616
0.0594717
0.0612536
0.0680413
0.0605057
0.0606296
0.0606104
0.063604
0.0607027
0.0563103
0.0562247
0.0560427
0.052768
0.0557564
0.0590236
0.0583548
0.0601623
0.0606127
0.0679285
0.0592525
0.0535329
0.0533776
0.0528489
0.0605055
0.0678476
0.0602718
0.0600068
0.0617275
0.0664867
0.0607118
0.0590996
0.05919
0.0601103
0.0554298
0.056569
0.0550795
0.0520164
0.053206
0.0583555
0.0645135
0.0609152
0.0735277
0.079554
0.0605281
0.0640039
0.064407
0.0543809
0.059853
0.0531045
0.052422
0.0555333
0.0647199
0.0571796
0.0542327
0.0525062
0.0608628
0.0618006
0.0568182
0.0521936
0.0530471
0.0531925
0.056785
0.0534038
0.0543175
0.0524708
0.0606415
0.0609493
0.0543538
0.0539197
0.053734
0.052305
0.0569282
0.0527451
0.0524397
0.0565253
0.0583332
0.0528583
0.0524197
0.058218
0.0521125
0.0527463
0.0563492
0.0539585
0.0615086
0.0526106
0.0514994
0.0576345
0.0532054
0.0519016
0.0523024
0.0537004
0.0524996
0.057276
0.052517
0.058088
0.0532476
0.0605987
0.0695989
0.0630044
0.0564097
0.0525004
0.0525494
0.0519203
0.0537043
0.0525286
0.0525976
0.0568009
0.0545118
0.0594211
0.0530516
0.0548394
0.0526608
0.0529662
0.0526799
0.0565367
0.0523537
0.0526041
0.053782
0.055662
0.0529074
0.0529145
0.0615516
0.0590065
0.0551713
0.0533684
0.0531448
0.0546244
0.0613981
0.0565969
0.055113
0.0547845
0.05673
0.0562771
0.061082
0.0574891
0.0547306
0.0521043
0.0595792
0.0554214
0.0531834
0.0553576
0.0527632
0.0518548
0.0541002
0.0524036
0.0603548
0.0629528
0.0662255
0.0614392
0.0620466
0.0650253
0.062809
0.0528646
0.052544
0.0522537
0.0568819
0.0523108
0.0542383
0.0702309
0.0611605
0.0591445
0.0621194
0.0534303
0.0530714
0.053996
0.0534806
0.0533236
0.0572862
0.0529392
0.0534391
0.0530667
0.0543993
0.0524772
0.0579569
0.05389
0.0532187
0.0526547
0.0576416
0.0520969
0.0531167
0.0524968
0.0571843
0.0532009
0.0553809
0.0643923
0.0595206
0.0567303
0.05367
0.0595433
0.0638661
0.0600665
0.0608836
0.0653133
0.0553669
0.0534681
0.0530193
0.0532088
0.0523525
0.0538764
0.0535539
0.0527097
0.0601739
0.0531276
0.0532161
0.0537632
0.0525293
0.0528301
0.0571245
0.0527787
0.0540717
0.0520053
0.0549405
0.0631984
0.0621594
0.054962
0.0532281
0.052499
0.0581503
0.0532246
0.053739
0.0523438
0.0524454
0.0577248
0.052188
0.0537914
0.0531163
0.0569231
0.0525996
0.0523959
0.0519026
0.058524
0.0539736
0.0519422
0.0521978
0.0538128
0.0569154
0.0525865
0.0521539
0.052637
0.0538596
0.0567922
0.0532062
0.0527176
0.0529218
0.0559416
0.0539577
0.0526508
0.0525265
0.0572368
0.052569
0.0531239
0.0554622
0.0561491
0.0529642
0.0527689
0.0570175
0.0528462
0.0524342
0.052269
0.0571671
0.05209
0.0527766
0.0540248
0.054561
0.0528635
0.0518684
0.0574097
0.0526768
0.0530491
0.0527756
0.0575317
0.0524916
0.0537585
0.0545365
0.0569283
0.0535001
0.0517062
0.0602367
0.0556199
0.0552369
0.0532085
0.0637876
0.0605616
0.0607099
0.0545133
0.0527218
0.052059
0.0591107
0.0559671
0.0551932
0.0536866
0.0531806
0.0607256
0.0545277
0.060454
0.0546799
0.0538549
0.0520199
0.0599742
0.0609741
0.0589417
0.0551468
0.053583
0.0612185
0.0566091
0.0597864
0.0587112
0.0659186
0.0613885
0.0611329
0.0606861
0.0523195
0.0528004
0.0522612
0.0521899
0.0533166
0.0522949
0.0581085
0.0529993
0.056899
0.053445
0.0528504
0.0550222
0.0551155
0.0595177
0.0598868
0.0594986
0.0552066
0.0536819
0.0533492
0.0664151
0.0598144
0.0542959
0.0555451
0.0638263
0.0612113
0.0611807
0.0600592
0.067356
0.0558497
0.0605226
0.0591357
0.0584324
0.0556286
0.0554427
0.0528531
0.0568289
0.0530186
0.0562393
0.0532721
0.0553494
0.0532986
0.0532629
0.0524128
0.0540694
0.053513
0.0531049
0.0614146
0.060555
0.0561385
0.0566385
0.0543237
0.054412
0.0530552
0.0532576
0.0553328
0.0539163
0.057092
0.0535393
0.0533421
0.0527802
0.0522045
0.0537401
0.0525331
0.0517661
0.0575379
0.0528909
0.0541228
0.0563137
0.0530566
0.0523021
0.0540726
0.0528183
0.0538722
0.0522685
0.0528366
0.0546079
0.0535898
0.053306
0.0608481
0.0540773
0.053701
0.0580505
0.0614695
0.0592756
0.0604939
0.0587955
0.0531388
0.0519878
0.0563766
0.0522989
0.0522815
0.0522622
0.0566458
0.0521109
0.0528075
0.0523121
0.0623417
0.0576544
0.056186
0.0595605
0.0593824
0.0623798
0.0617684
0.0611436
0.0601978
0.0560898
0.0527294
0.0525467
0.0521592
0.0528038
0.0530122
0.0551973
0.0530952
0.0565393
0.0532086
0.0530074
0.0566879
0.0672616
0.0606913
0.0588125
0.0584841
0.0657759
0.0525581
0.0561041
0.0548002
0.0596713
0.0646689
0.0636269
0.0565114
0.0610841
0.0639302
0.0642589
0.0592808
0.0606774
0.0594127
0.0524175
0.0552003
0.0530949
0.0535319
0.0529077
0.0532909
0.0526452
0.0582241
0.0546037
0.0662173
0.0618774
0.057571
0.0537587
0.0517264
0.057949
0.0536922
0.0523112
0.0540564
0.0525937
0.0530245
0.0591688
0.0524488
0.0530234
0.0528858
0.0592344
0.0540117
0.0529771
0.0580545
0.0538907
0.054724
0.0529467
0.0535078
0.0526561
0.0518578
0.0554231
0.0522182
0.052336
0.0622718
0.0602349
0.0605339
0.0571238
0.0600794
0.0563554
0.0663583
0.0694074
0.056306
0.0608059
0.0595648
0.0598582
0.0645648
0.0632247
0.0611071
0.0602571
0.0658987
0.0583041
0.0575319
0.0575161
0.0561822
0.0586042
0.0569425
0.053026
0.0538634
0.0522671
0.0530423
0.0539611
0.0526556
0.0553347
0.0517376
0.0547019
0.0662942
0.0589524
0.0602134
0.0599699
0.0690088
0.0597385
0.0604723
0.0615147
0.0663758
0.0606625
0.0604515
0.0638967
0.0636914
0.0597086
0.0604695
0.0629897
0.0630143
0.0606604
0.0585424
0.0621153
0.0627568
0.0573033
0.0592713
0.0542344
0.0525377
0.0556765
0.0564136
0.0522682
0.0531557
0.0522518
0.0547845
0.0576874
0.054425
0.0526095
0.0527499
0.052911
0.0527663
0.0528318
0.0528167
0.0580196
0.0533611
0.0528831
0.0524358
0.0571366
0.0515351
0.0526814
0.051956
0.057617
0.0527797
0.0520802
0.0563249
0.0544485
0.0531885
0.0527931
0.0616773
0.0652732
0.0630416
0.0613802
0.0589433
0.0603806
0.0527922
0.0533971
0.0585531
0.0539356
0.0536654
0.0524347
0.0573189
0.0529574
0.0541586
0.0593593
0.0627641
0.0593702
0.0606409
0.0667928
0.0573385
0.0534578
0.0526527
0.0533836
0.052475
0.0587837
0.0661698
0.0588577
0.05226
0.0529711
0.0524625
0.0559247
0.0565614
0.0531357
0.0530235
0.0541181
0.06053
0.052782
0.0519061
0.0592879
0.0581417
0.0527351
0.0532845
0.0573144
0.0536453
0.0525391
0.0524248
0.0570834
0.0527081
0.0534996
0.0522078
0.0539687
0.0548696
0.05364
0.0519934
0.0575623
0.0536989
0.0528997
0.0521569
0.0533061
0.0527964
0.0522773
0.0566135
0.0530416
0.0551591
0.0581773
0.0543463
0.0584979
0.0594587
0.0622982
0.0663027
0.0541551
0.0538985
0.0517954
0.0524943
0.0530168
0.0531374
0.0556083
0.0527708
0.0521079
0.0601353
0.0577288
0.0525503
0.0520678
0.0524147
0.0524025
0.0569417
0.0520354
0.0539492
0.0529239
0.0526732
0.0567962
0.0532484
0.0533022
0.0544915
0.0529775
0.0526114
0.0575413
0.0531696
0.0530313
0.0570363
0.0541966
0.0529285
0.052162
0.0578221
0.051735
0.0526959
0.052442
0.0575243
0.0523994
0.052391
0.0563146
0.0523656
0.0522423
0.0524883
0.0538788
0.0524235
0.0522917
0.0601393
0.0661035
0.0626274
0.0597858
0.0591495
0.0526789
0.053943
0.057168
0.0535752
0.0527439
0.0525701
0.0581481
0.0534129
0.0556269
0.0539318
0.0662195
0.0577138
0.0528276
0.0524225
0.0520401
0.0578626
0.0525497
0.05255
0.0522134
0.0571761
0.0525023
0.0531635
0.0571084
0.0527244
0.0526244
0.0521683
0.0574774
0.05288
0.052783
0.0524298
0.0523743
0.0522996
0.0530401
0.0521587
0.0536773
0.052178
0.0530779
0.0546394
0.0548725
0.0530852
0.0527404
0.0571196
0.0528318
0.0563244
0.0600428
0.0602336
0.0590873
0.0634852
0.0638937
0.0590572
0.0578206
0.0524735
0.0525298
0.0530771
0.052807
0.053514
0.0522491
0.0603392
0.0608527
0.0583749
0.0528282
0.0529944
0.0554386
0.0537979
0.0529927
0.0514534
0.0569849
0.0523795
0.0529857
0.0524505
0.056656
0.0532577
0.0535173
0.0570744
0.0529921
0.0529274
0.0522099
0.0544152
0.0534552
0.0521556
0.0569602
0.0521859
0.0524291
0.052363
0.0524451
0.0536946
0.0568314
0.0525599
0.0524087
0.0521713
0.053167
0.0526262
0.0521782
0.0592577
0.0526472
0.0527249
0.0567714
0.0535269
0.0535535
0.0539773
0.0585523
0.0521888
0.0533547
0.0519275
0.0527561
0.0539239
0.0572291
0.0608605
0.0569957
0.0572216
0.0568984
0.0539305
0.0588589
0.0570129
0.0575431
0.0606578
0.0578718
0.0588554
0.0643282
0.0566682
0.0558811
0.0585347
0.0609173
0.0649139
0.0566431
0.0589931
0.0588183
0.0551284
0.0592675
0.062267
0.0607333
0.0615805
0.0681898
0.0616346
0.0595023
0.0623174
0.0617828
0.0559709
0.0556366
0.0601123
0.0647912
0.0638769
0.0597773
0.0646108
0.0782852
0.061373
0.0583852
0.0556871
0.0587421
0.0549249
0.0571133
0.0535236
0.0532031
0.0590579
0.0588669
0.0574839
0.06074
0.0613944
0.0597739
0.0607401
0.0541581
0.0530355
0.0536508
0.0541562
0.055361
0.0545687
0.0528037
0.0582701
0.0585597
0.0604686
0.0606664
0.0602297
0.0671169
0.0600288
0.0605287
0.0604987
0.0540099
0.0531548
0.0530016
0.0524077
0.0534242
0.0656215
0.0659694
0.0654315
0.0573117
0.0525959
0.0526752
0.0562732
0.052419
0.0555009
0.0535288
0.0525234
0.0539923
0.0539308
0.0528073
0.0526336
0.0538883
0.0571993
0.0533366
0.0527323
0.0522449
0.0552901
0.0524035
0.0531989
0.0540185
0.0551507
0.0601639
0.0599391
0.0647147
0.0641406
0.0594134
0.0609034
0.0631999
0.0533351
0.0523605
0.0575197
0.0529625
0.0533621
0.0520204
0.0575547
0.0524173
0.0525867
0.0547158
0.0549377
0.0527599
0.052196
0.0553745
0.0535872
0.0538924
0.0538252
0.0539672
0.0530343
0.0555661
0.0535449
0.0530181
0.0525468
0.0524315
0.0532572
0.0522774
0.0532684
0.0550925
0.0580224
0.0567623
0.067148
0.0611303
0.0615907
0.0612804
0.0651143
0.0588529
0.0590407
0.0574555
0.066321
0.0597575
0.0592635
0.0584681
0.0568919
0.0576007
0.0573823
0.0610831
0.0672104
0.0692768
0.061348
0.0606329
0.0602172
0.066907
0.0601938
0.0608607
0.0657212
0.0631071
0.0616833
0.0605612
0.0677569
0.060098
0.0597377
0.0594266
0.0669553
0.0607294
0.0610243
0.0596596
0.0657932
0.0596414
0.0598686
0.0589397
0.0637234
0.0622208
0.0606234
0.0592108
0.066629
0.0612561
0.0610786
0.058223
0.068766
0.0604119
0.0606205
0.0591099
0.0677936
0.0571057
0.0548753
0.0522598
0.0534666
0.0527855
0.0556036
0.0539898
0.052338
0.0518489
0.0589527
0.0539431
0.0524429
0.054391
0.0533778
0.0565322
0.0531664
0.0547597
0.0573352
0.0558036
0.0555643
0.0542951
0.0584778
0.0565429
0.0537995
0.052699
0.0534445
0.0538728
0.0614491
0.0604396
0.0597586
0.0662131
0.0590073
0.0580335
0.0529134
0.0533952
0.0580409
0.0543682
0.055442
0.0545444
0.0533339
0.0595888
0.0524965
0.0528904
0.0523713
0.0546058
0.0576168
0.053271
0.0521889
0.0606088
0.0616645
0.0601235
0.064659
0.0636049
0.0609465
0.0531722
0.0535123
0.0521092
0.0593433
0.0544429
0.052175
0.0530657
0.0521699
0.0538448
0.0548645
0.0520895
0.0536333
0.0532512
0.0531082
0.0536937
0.0557161
0.0547693
0.0532908
0.0528559
0.0575657
0.0528948
0.0534482
0.0527518
0.0575976
0.0538239
0.0524457
0.0544792
0.0523931
0.057946
0.0532283
0.0545057
0.0548914
0.0610451
0.0626029
0.0544196
0.05182
0.0595368
0.0525973
0.0539008
0.0530396
0.0588243
0.0527831
0.052283
0.0582932
0.0522529
0.0532663
0.0523885
0.0597406
0.0562658
0.0528311
0.0562678
0.0530013
0.0586079
0.0541882
0.0558763
0.0531887
0.0569116
0.0545307
0.0557948
0.0643926
0.077284
0.0685918
0.0621832
0.0607751
0.0614645
0.0606534
0.0605137
0.0596692
0.0573447
0.0681205
0.0622532
0.0595715
0.0632619
0.0632053
0.0595351
0.0611202
0.0628275
0.0620156
0.0547491
0.0538789
0.0591107
0.0577387
0.0675819
0.0764286
0.0626683
0.0594002
0.0624919
0.0609604
0.0642291
0.0657
0.0606659
0.0608972
0.0619877
0.0641673
0.060897
0.0547894
0.0551416
0.0683993
0.0549608
0.0557764
0.0565673
0.0614277
0.0660796
0.0598638
0.0601624
0.0606005
0.0578577
0.0540053
0.0579066
0.0577976
0.0579069
0.0535597
0.0550904
0.0536466
0.061731
0.0609335
0.0552753
0.0561943
0.0583769
0.0546206
0.0539923
0.0604111
0.0545542
0.0594006
0.0594946
0.0639879
0.0583177
0.0603237
0.0604374
0.0661794
0.0638245
0.0601806
0.0585411
0.05993
0.0616676
0.0608624
0.0601083
0.0597947
0.0540923
0.055864
0.0544275
0.0536411
0.0599224
0.0631746
0.0683955
0.0600451
0.0612321
0.0696426
0.0697957
0.0611418
0.0645402
0.0645294
0.0601078
0.059782
0.0679791
0.0607555
0.0602108
0.0605229
0.0676598
0.059992
0.0602236
0.0611216
0.0651884
0.0578991
0.0556224
0.0563603
0.0610046
0.0672442
0.060455
0.0601123
0.0631799
0.0643971
0.0598098
0.0611715
0.0647857
0.0623475
0.0601004
0.0599936
0.066209
0.0618415
0.0591151
0.0555465
0.0630488
0.0649268
0.0602244
0.0583678
0.0529461
0.053096
0.0686224
0.0593404
0.052346
0.0537997
0.053511
0.051993
0.0548581
0.0524247
0.0527073
0.0599098
0.0608011
0.0607472
0.0563537
0.0557383
0.0528663
0.0520112
0.0606207
0.0607751
0.0605046
0.0559226
0.0530881
0.059087
0.0607078
0.0597458
0.0545287
0.062835
0.0619449
0.0606899
0.0602517
0.062281
0.065938
0.0600202
0.0606164
0.0638303
0.0639005
0.0604871
0.0602958
0.0635169
0.0636809
0.0595537
0.0579352
0.0560216
0.0621832
0.0599709
0.0576157
0.060087
0.0626402
0.0636998
0.0585923
0.0595789
0.0606192
0.0630353
0.0610636
0.0598993
0.059967
0.0584685
0.056095
0.0558022
0.0556135
0.0584026
0.05928
0.0637958
0.0596241
0.0603582
0.0601203
0.066124
0.0611095
0.0601592
0.0592674
0.064034
0.0619508
0.0594306
0.0599705
0.0629678
0.0591127
0.0580417
0.0575533
0.0578042
0.0569866
0.060124
0.0599553
0.0566797
0.055469
0.0561392
0.0586374
0.0662523
0.0613104
0.0568245
0.0570938
0.066034
0.0602498
0.0601886
0.0588597
0.0620869
0.0634237
0.0608778
0.0603026
0.0645276
0.0608317
0.0592525
0.0589577
0.0608254
0.0620899
0.0613683
0.0585307
0.0586037
0.0554912
0.0525662
0.0595837
0.0567902
0.0544121
0.0539393
0.0520912
0.0568222
0.0527947
0.0519757
0.056473
0.0534151
0.0525051
0.0530296
0.0558444
0.0548802
0.0531836
0.0520469
0.0593761
0.06196
0.0605137
0.0568343
0.0586175
0.0561384
0.0560851
0.052395
0.0608307
0.0603082
0.0602416
0.062231
0.0630474
0.0551466
0.0554608
0.0531149
0.0535673
0.057444
0.0642224
0.0568473
0.0588054
0.0575672
0.0588877
0.0664625
0.0781183
0.066137
0.0611409
0.0599779
0.0610973
0.0685718
0.0575811
0.052634
0.0522374
0.0580444
0.0572998
0.0580744
0.0605162
0.0549825
0.0555216
0.054313
0.0546137
0.0567064
0.0602994
0.0536239
0.0531189
0.0523249
0.0525995
0.0526085
0.0523284
0.0537563
0.0542342
0.0599055
0.0580591
0.0589733
0.0590249
0.0592148
0.0566183
0.0537632
0.0529876
0.0581748
0.0623096
0.0611914
0.0586174
0.0541616
0.0549476
0.0604568
0.0546123
0.0568723
0.0541566
0.0528257
0.0572047
0.0649808
0.0581742
0.060562
0.0601995
0.0639608
0.0545988
0.0566077
0.0598207
0.0553795
0.0578217
0.0659702
0.0567535
0.0552596
0.0607293
0.0573997
0.0688034
0.0671486
0.0608632
0.0656988
0.0574843
0.0593381
0.0524211
0.0538872
0.0528042
0.0542106
0.0549641
0.0533921
0.0554451
0.0554922
0.0567685
0.0594551
0.0554634
0.0529259
0.0591231
0.0629461
0.0604505
0.058547
0.0575693
0.0530637
0.0574224
0.0572534
0.0571566
0.0592028
0.0639785
0.0645637
0.0562314
0.0549252
0.0545082
0.0549498
0.0564679
0.0616577
0.0605773
0.0565433
0.0551864
0.0527988
0.0532124
0.0523412
0.0520902
0.0527585
0.0546855
0.0522876
0.052112
0.0557684
0.0582539
0.0545152
0.0524104
0.0530641
0.0524313
0.0547022
0.0580983
0.0533417
0.0594924
0.0542002
0.0529781
0.0524106
0.0524844
0.0554139
0.0563329
0.0599592
0.0574068
0.0567079
0.0533423
0.0552107
0.0565669
0.0654608
0.0584243
0.0569986
0.0536048
0.0540739
0.053792
0.0539224
0.0577596
0.0640364
0.0585069
0.0538581
0.0589709
0.0549562
0.0534092
0.0541566
0.0527199
0.0526197
0.052458
0.0523432
0.0526671
0.0533148
0.0542262
0.0526638
0.0541918
0.0566568
0.053382
0.0527518
0.0523975
0.0537524
0.0531077
0.0526475
0.0531846
0.0528172
0.0526589
0.0528416
0.0520954
0.0523364
0.0526097
0.0522018
0.0528082
0.0526391
0.0528578
0.0522858
0.0533415
0.0527884
0.0521011
0.053828
0.0527106
0.0558116
0.0567596
0.0543573
0.0526924
0.0553866
0.0552746
0.0537047
0.0538851
0.0545203
0.0531155
0.0527842
0.0546207
0.0537291
0.0550244
0.0527416
0.0529446
0.0524081
0.0525013
0.0530433
0.0529725
0.0533837
0.0528099
0.0520775
0.0529425
0.0522911
0.0535102
0.0534642
0.052024
0.0528753
0.0521417
0.053303
0.0530288
0.0526695
0.0526739
0.0532493
0.0525481
0.0544071
0.0543152
0.0556618
0.0528036
0.0523068
0.0543205
0.0541852
0.0548741
0.0552026
0.0543442
0.0540322
0.0555342
0.055029
0.0538311
0.0541818
0.0527365
0.0535569
0.0534769
0.0520479
0.0530007
0.052487
0.0522886
0.0529027
0.0522334
0.0529552
0.0527391
0.0527393
0.0562435
0.0547788
0.0530779
0.0528744
0.054101
0.0552542
0.0537525
0.052129
0.0537046
0.0561061
0.0530488
0.0535334
0.0531364
0.0545999
0.0555273
0.0524558
0.053423
0.0530192
0.0521714
0.0531415
0.0523252
0.0527236
0.0536067
0.0539613
0.0547892
0.0552751
0.0530188
0.0528699
0.052374
0.0525863
0.0531266
0.052103
0.0526579
0.0544965
0.0522214
0.0527913
0.0525139
0.0531558
0.0527875
0.0522486
0.0533309
0.0531053
0.0527121
0.0528408
0.0520288
0.0537667
0.0536432
0.053773
0.053533
0.0533219
0.0527126
0.0521872
0.052223
0.052535
0.0584337
0.0540293
0.0528039
0.0528304
0.0531703
0.0532147
0.0525767
0.053246
0.0521554
0.0522472
0.052806
0.0523436
0.0534512
0.0533395
0.0534443
0.0530927
0.0524998
0.053259
0.0523906
0.0535058
0.0531141
0.0529019
0.0531742
0.0525445
0.0530904
0.0531861
0.0536322
0.0526778
0.0522591
0.0518972
0.0532484
0.0553075
0.0534333
0.054189
0.0548455
0.0581083
0.0541259
0.0541085
0.0536557
0.055325
0.0531734
0.0547344
0.0560903
0.0536904
0.0559299
0.0549022
0.054691
0.0537321
0.0543273
0.0531295
0.054272
0.0563618
0.0520324
0.0541327
0.0556187
0.0537229
0.0536694
0.0527434
0.0540375
0.0536303
0.0535231
0.0542044
0.0532745
0.0528623
0.0537794
0.052929
0.0559794
0.0527407
0.0530821
0.0535715
0.0533535
0.0523434
0.0536975
0.055238
0.0536341
0.0538973
0.0576658
0.0544716
0.0530303
0.0536587
0.0534318
0.0537816
0.0539583
0.054339
0.0524407
0.0529662
0.0550893
0.0521639
0.0569286
0.0554345
0.0575239
0.0560009
0.0552192
0.0534858
0.0528798
0.0532726
0.0523117
0.0535394
0.0529792
0.0534191
0.052929
0.0535382
0.0528865
0.0541285
0.0525306
0.0536371
0.0529232
0.0522241
0.0526201
0.0522377
0.052894
0.0528561
0.0523793
0.0530876
0.0524987
0.0528157
0.0530771
0.0522854
0.0559775
0.0555389
0.0556113
0.0566733
0.0559704
0.055414
0.0553453
0.0555566
0.0578835
0.0611018
0.0559984
0.0558197
0.0579647
0.0595013
0.0559731
0.0563043
0.0541013
0.0562872
0.0529667
0.0524826
0.0519356
0.0535068
0.0546007
0.0564962
0.0538849
0.0521732
0.0527171
0.0521803
0.0527137
0.0529406
0.0520909
0.0525328
0.0526836
0.0532169
0.0534478
0.053152
0.0526139
0.0521552
0.0533152
0.0521078
0.051979
0.0526431
0.0524812
0.0528437
0.0529265
0.0521472
0.0520463
0.0522569
0.0525428
0.0523258
0.0523376
0.0523278
0.0524508
0.0532279
0.0526715
0.0524703
0.0524679
0.0520504
0.0532246
0.052203
0.0522949
0.0522186
0.0518521
0.0522954
0.0522142
0.0522758
0.0523952
0.0522336
0.0528364
0.0529935
0.0530964
0.0533385
0.0523159
0.0529706
0.0524454
0.0531264
0.0527704
0.0525693
0.053207
0.0520177
0.0526167
0.0539097
0.0524772
0.0533695
0.052821
0.0525784
0.0532985
0.052757
0.0526702
0.0524627
0.0553068
0.0535773
0.0523969
0.0523728
0.0527542
0.0522975
0.0525754
0.0522258
0.0525242
0.0522445
0.0521891
0.0529689
0.0522126
0.053423
0.0526067
0.0522808
0.0536014
0.0525262
0.0533077
0.0526137
0.052223
0.0529566
0.0525389
0.052726
0.0528334
0.0525232
0.0524747
0.0522119
0.0531475
0.0527355
0.0525875
0.0524188
0.0522503
0.0552177
0.056174
0.0529005
0.0523963
0.0535343
0.0519699
0.0527582
0.0517697
0.0530732
0.0528051
0.0523306
0.0525813
0.0520539
0.0524834
0.0522789
0.0518679
0.0526884
0.0517364
0.0522685
0.0531656
0.0522606
0.0531639
0.0523669
0.0530883
0.0521794
0.0526625
0.0524916
0.0521188
0.0533627
0.0530036
0.0529013
0.0536453
0.052154
0.0521854
0.05306
0.0529
0.0604292
0.0557346
0.0607519
0.0613533
0.0620916
0.0567353
0.0557337
0.0577909
0.054378
0.0560878
0.0541946
0.0564835
0.0560283
0.0534467
0.0529032
0.0533691
0.0529107
0.0545557
0.0566353
0.0583225
0.054916
0.0760416
0.103897
0.068066
0.0650136
0.0660596
0.0686552
0.0580987
0.0596314
0.0582003
0.067272
0.0571032
0.0601531
0.0600051
0.0624425
0.0577061
0.0533278
0.0528398
0.0529017
0.0532989
0.0555115
0.0521879
0.0628445
0.0648694
0.0607797
0.0601659
0.0669122
0.0567855
0.0566192
0.0524597
0.0538389
0.0522032
0.0515687
0.0596097
0.0527112
0.0531103
0.063319
0.0536651
0.0532812
0.0527447
0.0528783
0.0522381
0.0527679
0.05764
0.0530541
0.0528292
0.052422
0.051783
0.052316
0.0616383
0.0634025
0.0594386
0.0533287
0.0556654
0.0543577
0.0532977
0.0559994
0.0526646
0.0529516
0.0525063
0.0572269
0.0533272
0.0524919
0.0554885
0.0541105
0.0518898
0.0526129
0.0523248
0.0582368
0.0524999
0.0526859
0.0535131
0.0555988
0.0554879
0.0534519
0.0524354
0.0522991
0.0535498
0.0541453
0.0526478
0.0527627
0.052957
0.0527257
0.053219
0.0521756
0.0532077
0.0525105
0.0528387
0.0530477
0.0521458
0.0525614
0.0524959
0.0528252
0.0530696
0.0541132
0.062982
0.0564109
0.0530535
0.0534065
0.0534312
0.0518876
0.0523751
0.0521228
0.0522498
0.0531581
0.0524732
0.0544205
0.0527492
0.0530829
0.0528235
0.0527638
0.0529423
0.0542429
0.0556141
0.0530531
0.0525483
0.0529616
0.0539125
0.0525026
0.0526242
0.0527072
0.0653416
0.052141
0.0523459
0.0527817
0.0581445
0.0648962
0.0787215
0.0602535
0.0609042
0.0627857
0.0605033
0.0609333
0.0550178
0.053295
0.0520655
0.0538678
0.0526953
0.0523095
0.0558767
0.0530007
0.0523935
0.0536025
0.0551011
0.0531984
0.0541341
0.0655898
0.0619253
0.0535876
0.0550247
0.0528584
0.0528774
0.0525273
0.0526251
0.0534042
0.0557168
0.0526727
0.0516312
0.0567149
0.052156
0.0528854
0.0526792
0.0587711
0.0531422
0.0576354
0.0521488
0.0520226
0.0552626
0.0534866
0.0524635
0.0521495
0.052905
0.0533886
0.0522321
0.0525773
0.0532283
0.0530952
0.0535981
0.0527104
0.05267
0.0536399
0.0526632
0.0533811
0.0524881
0.0538052
0.0528459
0.0523106
0.0532497
0.0521855
0.0523264
0.0524351
0.0530676
0.0529646
0.0536612
0.0534655
0.0554393
0.0543921
0.0544208
0.0538324
0.0533724
0.0536265
0.0534313
0.0534177
0.0538394
0.0540621
0.0537581
0.0534297
0.0537897
0.0562753
0.0622879
0.0743446
0.060787
0.0602717
0.0638419
0.0786365
0.0602955
0.0645739
0.0559065
0.0569433
0.0555839
0.0594973
0.0587573
0.0562613
0.057635
0.0554288
0.0593172
0.0614497
0.0601694
0.0543278
0.0591351
0.0596796
0.0570118
0.0561299
0.0541495
0.0532105
0.054212
0.0545262
0.0528153
0.057245
0.0528859
0.0578703
0.0554246
0.0656461
0.0534924
0.0526434
0.053197
0.0569478
0.0576135
0.0571507
0.0575168
0.0578151
0.0527578
0.0540773
0.0566265
0.0596322
0.0545847
0.0662077
0.0595883
0.0524079
0.0587224
0.0556999
0.0552525
0.0618226
0.0592897
0.0580236
0.0553467
0.0523358
0.0539925
0.0637405
0.059212
0.0521845
0.0605889
0.0583788
0.0591901
0.0545043
0.060673
0.0599768
0.0603474
0.0641366
0.0622651
0.0595011
0.0587919
0.0637265
0.061154
0.0581232
0.0554248
0.0531948
0.0605947
0.0665156
0.0585027
0.0571763
0.0566864
0.0541645
0.0521316
0.0536068
0.0567743
0.0608575
0.0594462
0.0582978
0.0587345
0.0649788
0.065671
0.0607906
0.0697596
0.0602011
0.0600775
0.0600574
0.0696854
0.0599741
0.0601442
0.064756
0.0651649
0.0607216
0.059526
0.0642244
0.0614193
0.058895
0.059167
0.056245
0.0676458
0.0605359
0.0599302
0.0605884
0.0574674
0.0643864
0.0608285
0.0603334
0.0626317
0.0633659
0.0599448
0.0597091
0.0644607
0.0617757
0.0604789
0.0579475
0.0608243
0.0595887
0.05848
0.0572157
0.0572555
0.0577388
0.0602422
0.0552178
0.0525806
0.0528419
0.0526954
0.0523017
0.0570958
0.0529742
0.0525879
0.0539599
0.066615
0.052912
0.0528162
0.0600983
0.0536148
0.0566179
0.054467
0.0552558
0.0531927
0.0554491
0.0524839
0.0550367
0.0545621
0.0615392
0.0615457
0.0648724
0.0726127
0.0683471
0.0614206
0.060047
0.0624602
0.0661576
0.0609952
0.059924
0.0637425
0.0633818
0.0600028
0.0606753
0.0656614
0.0628933
0.0606982
0.0601695
0.068446
0.0592814
0.0600452
0.0559856
0.0561862
0.0539026
0.0612807
0.0607636
0.0605325
0.0618028
0.0659215
0.0603527
0.0615768
0.0656231
0.0579012
0.055212
0.0551879
0.0536536
0.0537427
0.0526418
0.0536347
0.0531495
0.0545444
0.0564639
0.0629195
0.0619298
0.0651246
0.0652588
0.0601199
0.0603961
0.0661217
0.0619863
0.0605243
0.060437
0.064533
0.0568665
0.0544346
0.0524513
0.0545513
0.0527053
0.052387
0.0554365
0.0687011
0.0594887
0.0614357
0.0605816
0.0676481
0.0601312
0.060622
0.0616024
0.0623543
0.0576853
0.0535333
0.0523186
0.0528292
0.0520977
0.0614445
0.0611499
0.060243
0.0590238
0.054801
0.0542186
0.0676038
0.0606717
0.0604274
0.0604037
0.0570008
0.0559685
0.0546279
0.0540185
0.0533165
0.0560754
0.0606113
0.0607043
0.0623606
0.0593615
0.0561795
0.0589861
0.0635472
0.0583338
0.0597228
0.0608498
0.0645736
0.0571371
0.056421
0.0555801
0.055075
0.0583862
0.0657888
0.0582609
0.0521742
0.0583793
0.0554734
0.0529137
0.0620984
0.0533594
0.0527898
0.0604305
0.0579634
0.0575554
0.0522324
0.067453
0.0609954
0.0605534
0.0590746
0.0621025
0.0630183
0.0541954
0.056178
0.0526271
0.0543531
0.0567358
0.0606601
0.0542914
0.0551667
0.0543854
0.0542141
0.057459
0.0536982
0.0537792
0.0628714
0.0600311
0.0582042
0.0588177
0.0630995
0.0577636
0.0565414
0.054432
0.0564739
0.0553021
0.0541024
0.0683602
0.0565958
0.0593985
0.0549405
0.0572333
0.0606692
0.0626549
0.0597473
0.0569451
0.0605664
0.0619436
0.055219
0.0553302
0.0556582
0.0524941
0.0530584
0.0534415
0.0529822
0.0547137
0.0523279
0.0533903
0.0544834
0.0556253
0.0530993
0.0540726
0.0519198
0.0549777
0.0538913
0.0522422
0.0538019
0.0531005
0.0549058
0.054788
0.0537121
0.0536728
0.0581203
0.0575742
0.0560492
0.0626694
0.0562311
0.0583222
0.0587107
0.058445
0.0613456
0.0569103
0.0561404
0.0543414
0.0535384
0.0526271
0.0524181
0.0523711
0.0522584
0.0599512
0.0576285
0.0520715
0.0547977
0.0562939
0.053275
0.0535346
0.0523427
0.0524694
0.0527059
0.0562178
0.0622086
0.0600009
0.0572782
0.0600843
0.0614639
0.0552864
0.0527159
0.0604262
0.0575775
0.0551575
0.0526138
0.0538527
0.0608499
0.0587669
0.0552677
0.0561136
0.0594266
0.0672954
0.0605538
0.0610395
0.0545821
0.0590438
0.0613719
0.0568508
0.0544442
0.0586252
0.0560763
0.0597689
0.0562686
0.0572113
0.0553136
0.0548598
0.0526567
0.0545056
0.0582098
0.0582467
0.0529242
0.0640986
0.0643337
0.0566361
0.0607296
0.0553313
0.0525364
0.0568019
0.05648
0.0553389
0.0635782
0.0595956
0.0608019
0.0580416
0.0526759
0.0524028
0.0678763
0.0544753
0.0530976
0.0597481
0.0597985
0.0581651
0.0637546
0.0598025
0.0555412
0.0570502
0.0591045
0.053643
0.052975
0.0553762
0.0539339
0.0526051
0.0521025
0.0526019
0.0523553
0.0528131
0.0535473
0.0519132
0.0524795
0.0523953
0.0535441
0.052756
0.0522943
0.0519652
0.0521919
0.0527033
0.0527158
0.0532967
0.0526991
0.0524199
0.0527533
0.0526761
0.0521592
0.0525346
0.0522377
0.0531819
0.051933
0.0555144
0.0653271
0.0536125
0.0532867
0.0532035
0.0534879
0.0519777
0.0539358
0.060578
0.0562474
0.0577186
0.0548611
0.0523312
0.0524455
0.0539487
0.0532813
0.0544891
0.0522755
0.0526192
0.0528159
0.0522038
0.055078
0.0577405
0.0584747
0.0578344
0.0621607
0.0573897
0.0544064
0.0543446
0.053758
0.0530612
0.0541365
0.0539774
0.0525501
0.054273
0.0581747
0.0565483
0.0571524
0.053033
0.0525996
0.0526464
0.0525873
0.0581218
0.0544986
0.0532041
0.0562622
0.0589912
0.060028
0.0575405
0.0521507
0.0526571
0.0525005
0.0530746
0.0519053
0.0522171
0.0530398
0.0532067
0.0520464
0.0524517
0.0527689
0.0528894
0.0531123
0.052937
0.0530799
0.0534324
0.0531865
0.0528596
0.0524131
0.0527441
0.0531482
0.0527105
0.0528313
0.0534775
0.0524883
0.0526246
0.0542826
0.0552945
0.0543644
0.0538392
0.0546866
0.0545085
0.055754
0.0539805
0.054774
0.0544224
0.0538462
0.0636915
0.056404
0.0560752
0.0575077
0.0561697
0.0559058
0.0641249
0.0601702
0.0567358
0.0584533
0.0593884
0.0634273
0.0612597
0.0606233
0.0617305
0.0628302
0.0570565
0.0557607
0.0560799
0.0577914
0.0526365
0.0525588
0.0526636
0.05474
0.0562303
0.0556675
0.0559436
0.0527578
0.0528217
0.0549794
0.0574722
0.0562535
0.0568116
0.0539427
0.0527569
0.0576374
0.0581553
0.0588888
0.0592898
0.0589445
0.05747
0.0580196
0.0538394
0.0585166
0.0582927
0.0550967
0.0557548
0.0546836
0.0576855
0.0538483
0.0557908
0.0579972
0.059334
0.0526902
0.0585255
0.0541682
0.0577748
0.0569091
0.0578523
0.0556889
0.0520911
0.053876
0.053209
0.0528039
0.0524111
0.0525572
0.0527279
0.0525434
0.0521575
0.0648292
0.0552535
0.0570251
0.0540097
0.0550525
0.0533763
0.0547634
0.0535001
0.0529247
0.0527801
0.0533642
0.0530265
0.0542569
0.0535955
0.0548666
0.0529684
0.0522908
0.0528941
0.0559547
0.0538974
0.0533617
0.0525863
0.0528567
0.053155
0.052788
0.0538496
0.0534046
0.0522102
0.0527776
0.0521988
0.0527151
0.0531056
0.0530224
0.0543153
0.0529992
0.0528602
0.0531168
0.0524251
0.0529561
0.0539023
0.0551743
0.0577344
0.0632265
0.053338
0.0570199
0.0607097
0.0604648
0.0657653
0.0624077
0.0606448
0.0601027
0.0677635
0.0599424
0.0605525
0.0600261
0.0677085
0.0602746
0.0593166
0.0540952
0.0529858
0.0527418
0.0524938
0.0527937
0.0520716
0.0525833
0.0528132
0.0527599
0.0531414
0.0525842
0.052603
0.0525878
0.0531507
0.0526066
0.052587
0.0529503
0.0523539
0.0521961
0.0530035
0.0585557
0.0557291
0.0604723
0.0543946
0.0533207
0.0560692
0.0546036
0.0547726
0.0546012
0.053002
0.0544607
0.0567181
0.0533098
0.0526389
0.0543192
0.0548057
0.0529477
0.0533344
0.0525954
0.0535496
0.0529653
0.0530994
0.0540833
0.0538856
0.0550706
0.0551229
0.0541602
0.0537927
0.0561387
0.0549418
0.0544611
0.053611
0.0554736
0.0551345
0.0543519
0.0587603
0.0553544
0.0563272
0.0541107
0.0553264
0.0538597
0.0527181
0.0567973
0.056374
0.0583508
0.054531
0.0555684
0.0606808
0.0598381
0.0626682
0.059124
0.0572581
0.0585626
0.0551036
0.0685377
0.0646108
0.0603491
0.0614277
0.0662601
0.0606731
0.0610708
0.0671743
0.0653486
0.0613475
0.0649272
0.0642206
0.061255
0.0600568
0.0620153
0.0609209
0.058881
0.0615142
0.0616944
0.0675008
0.060237
0.0606879
0.0661732
0.0630928
0.059977
0.0609655
0.0684732
0.0596326
0.060399
0.0595809
0.0680313
0.0620491
0.0618336
0.0632878
0.0643164
0.0601076
0.0609861
0.0681358
0.0627237
0.0611699
0.0620905
0.0662488
0.0608254
0.0589734
0.0571785
0.0671916
0.0596438
0.0588103
0.0559283
0.0570418
0.0534486
0.0541124
0.0520624
0.0529427
0.053016
0.0516062
0.0521815
0.0521539
0.0524565
0.0690767
0.0880726
0.0633982
0.0643398
0.0594744
0.0609702
0.0657898
0.0606593
0.0588671
0.0596618
0.0607071
0.0571067
0.0568588
0.0547539
0.0549801
0.0528765
0.0546092
0.0525001
0.0534692
0.0528217
0.0527391
0.0527172
0.0526148
0.0543234
0.0543842
0.0571914
0.0559054
0.0553355
0.0571967
0.0557894
0.0552069
0.0542996
0.0528938
0.0530533
0.0548794
0.0530685
0.0534689
0.0529277
0.0535288
0.0525278
0.0532927
0.0530918
0.0524367
0.0528698
0.0522574
0.0531882
0.0532038
0.0527465
0.0533303
0.0528224
0.0531726
0.0535727
0.0528752
0.0540207
0.0526692
0.0523175
0.0525609
0.052216
0.0522207
0.0523239
0.0521769
0.0526737
0.0522515
0.0525389
0.0521189
0.0527378
0.053641
0.0522554
0.0524712
0.0526401
0.05234
0.0532494
0.0527947
0.0529757
0.0529922
0.0526533
0.0524951
0.0521256
0.05237
0.0534962
0.0528152
0.0539292
0.053569
0.0523129
0.0529815
0.0526207
0.0524934
0.0518914
0.052062
0.0529971
0.0525082
0.0529068
0.0524637
0.051943
0.0526707
0.0519074
0.0524292
0.0519876
0.0530403
0.0521365
0.0519073
0.0524666
0.052069
0.0529499
0.0522781
0.0523659
0.0521514
0.0525808
0.0523539
0.0525225
0.0523053
0.0525774
0.0524428
0.0527185
0.0524379
0.052441
0.0522905
0.0543218
0.0536116
0.0527877
0.0531314
0.0527858
0.0537121
0.0537429
0.0536657
0.0533431
0.0668054
0.0527468
0.0520935
0.057708
0.0538495
0.0525615
0.0520443
0.0531058
0.0519257
0.0528645
0.0529373
0.05285
0.0528514
0.052211
0.053019
0.0532274
0.0564873
0.059595
0.0573882
0.0532614
0.0529011
0.0525379
0.0522342
0.0536009
0.0517153
0.0527846
0.0525507
0.0523875
0.0529448
0.0522277
0.0530872
0.0539053
0.0524429
0.0549194
0.0526896
0.0524627
0.0522023
0.0526117
0.0526866
0.0576197
0.0523648
0.0529861
0.0531979
0.0522778
0.052711
0.0523797
0.0526408
0.0522105
0.0532008
0.0527776
0.0523224
0.0525498
0.0524501
0.0525788
0.0525815
0.0528945
0.053815
0.0529322
0.0538996
0.0528848
0.059507
0.0518991
0.0534273
0.0517834
0.0528477
0.0530199
0.0522506
0.0533181
0.0520732
0.0528776
0.0525774
0.0524525
0.0526336
0.0771744
0.0837694
0.0624631
0.0578606
0.0584806
0.062843
0.0534925
0.0518992
0.0548961
0.0522879
0.0525747
0.0526307
0.051925
0.0545314
0.0527808
0.052201
0.0520817
0.0540394
0.0525097
0.0522805
0.0526777
0.0530289
0.055038
0.0525581
0.0526781
0.0518693
0.0522541
0.0530248
0.0527821
0.0523704
0.0523022
0.0553978
0.0525149
0.0524603
0.0560933
0.0517358
0.0521488
0.052243
0.0570101
0.0524382
0.0519683
0.0523784
0.0543946
0.0527027
0.0523007
0.0516311
0.0524035
0.0521193
0.0525626
0.0532273
0.0521016
0.0530704
0.0536767
0.0530024
0.0531149
0.052335
0.0526097
0.0526438
0.052298
0.0527728
0.0535374
0.0525225
0.0543338
0.0524253
0.0530216
0.0538166
0.0520982
0.0531212
0.0523214
0.0540789
0.052438
0.0530509
0.0530778
0.0527353
0.0527561
0.0520954
0.0522032
0.0522762
0.0518241
0.0525749
0.0528043
0.0526664
0.0532409
0.052523
0.0529162
0.052686
0.0526149
0.0529009
0.0530039
0.0530588
0.0532688
0.0516963
0.0525815
0.0520591
0.0531382
0.0529374
0.0521251
0.053061
0.0531133
0.0534461
0.0542746
0.0522443
0.0531215
0.0530728
0.0529171
0.0531186
0.0524645
0.052977
0.0527214
0.0528529
0.052498
0.0522504
0.0525164
0.0522398
0.0529418
0.0530499
0.0520031
0.0523764
0.0525635
0.0521896
0.0525498
0.0519182
0.0528345
0.0526985
0.0527624
0.0527587
0.0523197
0.0528391
0.0542662
0.0518015
0.0526795
0.0525012
0.0524218
0.0529579
0.0545508
0.0538467
0.0517996
0.051989
0.054669
0.0522034
0.0561089
0.0527622
0.0539657
0.0562605
0.0538881
0.052551
0.0530419
0.0523916
0.0519184
0.0530659
0.0524598
0.0537753
0.0527265
0.054179
0.0536925
0.0523875
0.0528445
0.052205
0.0524134
0.052109
0.0542374
0.0539848
0.0527367
0.0522501
0.0529019
0.0521724
0.0525273
0.0545896
0.0525642
0.0528766
0.0523273
0.0520413
0.0561774
0.0522928
0.0521827
0.0525425
0.0525086
0.0533922
0.0537357
0.0529749
0.0525491
0.0533665
0.0570296
0.0529206
0.0523772
0.0543576
0.0523624
0.0528104
0.0520699
0.0562116
0.053196
0.0517376
0.0517024
0.0567794
0.0551594
0.052643
0.0526772
0.0517846
0.0529336
0.0523269
0.0525726
0.0522863
0.0531118
0.0559264
0.0544957
0.0533079
0.0539943
0.0546116
0.0548085
0.0532192
0.0523527
0.0523624
0.052231
0.0525183
0.0523306
0.0517995
0.0591606
0.0658121
0.05397
0.0530996
0.0529247
0.0518821
0.0547351
0.0531929
0.0523261
0.0528179
0.0520682
0.0519748
0.052391
0.0520978
0.0527028
0.0522188
0.0528073
0.0526155
0.052145
0.0529157
0.0528408
0.0524995
0.0524134
0.0520238
0.052606
0.0521053
0.0530869
0.0531206
0.0524611
0.0523732
0.0523183
0.0521996
0.0524763
0.0522583
0.0523541
0.0520976
0.0525556
0.0523927
0.0523304
0.0533953
0.0529671
0.0527582
0.0525884
0.0523069
0.0529688
0.0522894
0.0525805
0.0534117
0.053055
0.0523538
0.0529589
0.0527632
0.05233
0.0517055
0.0533772
0.0525126
0.0529787
0.0529821
0.0518591
0.0550976
0.0526308
0.0528524
0.0521482
0.0516715
0.0540455
0.0528617
0.0537283
0.0534822
0.0530603
0.053531
0.0526636
0.0520884
0.0523737
0.0524498
0.053096
0.0526315
0.0524151
0.0532854
0.0523232
0.0534581
0.0524261
0.0523927
0.0524659
0.0529042
0.0524315
0.0591948
0.0537871
0.052923
0.0521413
0.0528218
0.0538711
0.0525398
0.0520322
0.0538949
0.0521998
0.0531307
0.0522849
0.0545861
0.0524385
0.0526779
0.0537208
0.052842
0.0528559
0.0532293
0.0519114
0.0538655
0.054714
0.0523481
0.0524402
0.0534964
0.0533728
0.052412
0.0530449
0.0535004
0.053792
0.0531984
0.0537446
0.0528477
0.0532951
0.0523966
0.0522698
0.0532841
0.0524356
0.0524883
0.0526656
0.0522092
0.0530084
0.0529789
0.0537368
0.0530182
0.0519455
0.0537419
0.0528189
0.0531032
0.0533559
0.052748
0.0527152
0.0534284
0.0523584
0.0537445
0.0528778
0.0530652
0.0523455
0.0527136
0.0542931
0.0545233
0.0522029
0.0526238
0.0533942
0.0525357
0.0529127
0.0549041
0.053102
0.0533758
0.0527764
0.0527579
0.0522632
0.0530309
0.0527699
0.0529848
0.0536819
0.0527948
0.0533743
0.0529761
0.0529415
0.053087
0.0556618
0.0528899
0.0538371
0.0532471
0.0523114
0.0536255
0.0528335
0.0522255
0.0533853
0.0527414
0.0544787
0.0527418
0.0565019
0.0532582
0.0519566
0.0526569
0.052855
0.0541135
0.0533033
0.0517883
0.0523025
0.0528241
0.0526929
0.053214
0.0528001
0.0532885
0.0530424
0.0532346
0.0527192
0.0522614
0.0527238
0.0533971
0.0514542
0.0525554
0.0521836
0.0525094
0.0524032
0.0527489
0.0524202
0.0527361
0.0527321
0.0541387
0.0531907
0.0531675
0.0522053
0.053538
0.0523021
0.0522904
0.0521476
0.0539559
0.052821
0.0520045
0.0525662
0.0531094
0.0523511
0.0527854
0.0523779
0.0554934
0.0535772
0.054175
0.0541132
0.0544926
0.0537126
0.0532137
0.0552254
0.0532213
0.053407
0.0531187
0.0518475
0.0531735
0.0516816
0.0523834
0.053993
0.0520987
0.0521761
0.0528942
0.0536621
0.0535585
0.0533735
0.0532427
0.0552992
0.0535658
0.0525949
0.0518392
0.0534899
0.0527179
0.0525
0.0528577
0.0541098
0.052263
0.0530807
0.0524987
0.0521368
0.0523005
0.0530816
0.0524982
0.05304
0.0524014
0.0538111
0.0532288
0.0573819
0.0545397
0.0528633
0.0531661
0.0541003
0.0589675
0.0536758
0.0519518
0.0524027
0.0522731
0.0532817
0.0532567
0.0525349
0.0543952
0.0525601
0.0522571
0.0518479
0.0528911
0.0523944
0.0528754
0.0529801
0.0526256
0.0527074
0.0544823
0.0548245
0.0521313
0.0523322
0.05288
0.0539904
0.0527566
0.0523337
0.0529829
0.0523825
0.0525521
0.0522703
0.0526228
0.0537115
0.0532614
0.0522168
0.0525768
0.0528341
0.0531062
0.0525609
0.0541046
0.0526277
0.0521332
0.052092
0.052217
0.0521188
0.0518606
0.0537491
0.0522753
0.0534649
0.0521964
0.053339
0.0531588
0.052966
0.0542644
0.053181
0.0532869
0.052443
0.0531001
0.0527257
0.0535485
0.0526535
0.0525382
0.0524266
0.0555163
0.0522028
0.052641
0.0525665
0.0523389
0.0558343
0.0533751
0.0542686
0.0545967
0.0534918
0.0554606
0.0531564
0.0519487
0.053393
0.0577365
0.0531681
0.0549778
0.0554071
0.056466
0.0581563
0.0565523
0.052348
0.0541233
0.0543225
0.0530646
0.0548243
0.0525871
0.0531991
0.0523152
0.0519289
0.0520168
0.0582579
0.0561674
0.0601565
0.0563724
0.0526886
0.0528084
0.0527512
0.0529398
0.0561082
0.0569955
0.0529765
0.0521821
0.0528744
0.052891
0.0547803
0.0524247
0.0523433
0.0528977
0.0523823
0.0546128
0.053943
0.0522442
0.0529212
0.0531637
0.0518717
0.0525087
0.0533172
0.0526954
0.0527716
0.0520929
0.0525686
0.0524719
0.0528484
0.0527953
0.0532297
0.0530615
0.0520381
0.0531071
0.0524055
0.0551859
0.0535558
0.0520507
0.0526513
0.05275
0.0524455
0.0526486
0.0522658
0.0527683
0.0531767
0.0533288
0.0534429
0.0528304
0.0531671
0.0529561
0.0534008
0.052679
0.052457
0.0524071
0.0522913
0.0537236
0.0525851
0.0524358
0.0517538
0.0540823
0.0533541
0.0536624
0.0540633
0.0521206
0.0531308
0.0526254
0.052655
0.0528741
0.0518855
0.0528807
0.0530319
0.0528797
0.0525283
0.0519743
0.0526367
0.052219
0.0525451
0.053734
0.0528172
0.0521268
0.0540253
0.0525953
0.0532181
0.052768
0.0526522
0.0530712
0.0531336
0.0519089
0.0523778
0.0529693
0.0520671
0.052449
0.0517329
0.052143
0.05215
0.0528496
0.0534977
0.0518491
0.0530393
0.053795
0.0535111
0.0522891
0.0538046
0.0524321
0.0524679
0.0517588
0.0520865
0.0532972
0.0523806
0.0518777
0.0541133
0.0519877
0.0526438
0.051992
0.0528547
0.0528111
0.0566012
0.0552217
0.0540616
0.0525449
0.0538605
0.0530988
0.053803
0.0525419
0.0525804
0.054433
0.052115
0.0533537
0.0524719
0.0524124
0.0537631
0.0527351
0.0526264
0.0526428
0.0522893
0.0520348
0.0529239
0.0524101
0.0548481
0.0519089
0.0526372
0.0521691
0.0526079
0.0526781
0.0518241
0.0525021
0.0523003
0.0521638
0.0531467
0.0519884
0.0524472
0.0520665
0.0526298
0.0527243
0.0529387
0.0527499
0.0528013
0.0531261
0.0522956
0.0531138
0.0546167
0.052797
0.0528899
0.0530054
0.0528834
0.0516921
0.0544414
0.0522952
0.0526407
0.0525433
0.0535324
0.0528469
0.0526813
0.052527
0.0527143
0.0524744
0.0530986
0.0519594
0.0525183
0.0517532
0.0531709
0.05423
0.0519814
0.0525193
0.0523248
0.0521831
0.0531826
0.0526126
0.0529258
0.0521535
0.0524039
0.0527467
0.053127
0.0522509
0.0518118
0.0528177
0.0524458
0.0532457
0.0534131
0.0527742
0.0530818
0.0537863
0.0525508
0.0519616
0.054903
0.0525847
0.0523389
0.0522613
0.0518308
0.053732
0.0520463
0.0526436
0.0515496
0.0530179
0.0524849
0.0526812
0.0531219
0.0520357
0.0528691
0.0522552
0.0520847
0.05365
0.0520974
0.0532023
0.0525832
0.0521546
0.0523219
0.053108
0.0527743
0.0543242
0.0521861
0.05295
0.0520918
0.0532947
0.0535725
0.0530357
0.0536149
0.0525917
0.052098
0.0527594
0.0523416
0.0522032
0.0519365
0.0523215
0.0526994
0.0531689
0.0522042
0.0519035
0.0546824
0.052777
0.0526998
0.0523749
0.0525525
0.0528578
0.0528182
0.0530225
0.0526408
0.0521109
0.0522542
0.0548002
0.0537021
0.0535703
0.0532155
0.0518969
0.0526845
0.0549601
0.0534686
0.0528246
0.0523599
0.0560837
0.052033
0.0523376
0.0523206
0.05269
0.0532855
0.0520986
0.0519484
0.0524321
0.0521807
0.0525815
0.0543106
0.052882
0.0532432
0.0517848
0.053571
0.0528435
0.0526791
0.0545716
0.0518302
0.0530883
0.0537378
0.0522784
0.0526036
0.0524206
0.0524808
0.0520604
0.052808
0.0543024
0.0526799
0.0536322
0.0554354
0.0523434
0.0530242
0.052975
0.0525758
0.0521858
0.0523124
0.0526571
0.0527699
0.0524962
0.0530019
0.053876
0.053434
0.0552437
0.0525044
0.0526977
0.0536973
0.0532904
0.0524449
0.0519906
0.0519648
0.0527117
0.0537227
0.0526513
0.0529606
0.052639
0.0526418
0.0523584
0.0532664
0.0517058
0.0525506
0.0523657
0.0522878
0.0527031
0.0520981
0.0525024
0.0521465
0.05277
0.0521778
0.0523503
0.0528607
0.0531074
0.0524613
0.053139
0.0527967
0.0526823
0.0524013
0.0523033
0.0528583
0.0518731
0.0526468
0.0523915
0.0530992
0.0521916
0.0536858
0.0546347
0.0542442
0.0522309
0.0530966
0.0531272
0.0538913
0.0527073
0.0526797
0.0523525
0.0522575
0.0527133
0.0529841
0.0539619
0.0709148
0.0675326
0.0575272
0.0526782
0.0516827
0.0537655
0.0543384
0.0525595
0.0531631
0.0522038
0.053133
0.0529291
0.0519897
0.0523711
0.0525643
0.0519363
0.0603785
0.0579537
0.0520202
0.0545754
0.0526636
0.0533398
0.0521987
0.0519411
0.0519714
0.0532331
0.0525775
0.0526364
0.0529074
0.053232
0.0552405
0.0581894
0.0542775
0.0526557
0.0522326
0.0525029
0.0574804
0.0541271
0.0537617
0.0518994
0.0532246
0.0546478
0.0533199
0.0536571
0.0527607
0.0535993
0.0536667
0.0537473
0.0543436
0.054434
0.054608
0.0525081
0.0562484
0.0521935
0.0526008
0.0526105
0.0533338
0.0525953
0.0520983
0.052549
0.0520817
0.0518448
0.0543389
0.0528369
0.0533226
0.0582989
0.0576667
0.053478
0.0532332
0.0535499
0.0526871
0.0545225
0.0525827
0.054284
0.0523441
0.0522499
0.0534204
0.0548367
0.0524577
0.053017
0.0521376
0.053114
0.052098
0.0544744
0.0527755
0.052629
0.0534066
0.0526003
0.0528916
0.0558834
0.0530808
0.0542502
0.0518316
0.0527716
0.052186
0.0522895
0.0525918
0.0533541
0.0520767
0.0522858
0.0570233
0.0521981
0.0527047
0.0559567
0.0534889
0.0519708
0.0518477
0.0529285
0.052231
0.0525879
0.0533336
0.0526318
0.0525747
0.0519491
0.0552043
0.0517574
0.0531684
0.0532224
0.0523787
0.0524067
0.0536583
0.0523986
0.052498
0.0523577
0.0528099
0.0535324
0.0568053
0.0596856
0.0569616
0.0559202
0.0553623
0.0542651
0.0579198
0.0562321
0.0534848
0.053812
0.0546393
0.0556246
0.0534391
0.0557964
0.053566
0.0535501
0.0524391
0.0550624
0.0649911
0.05247
0.0525282
0.0528928
0.0551428
0.0539041
0.0531346
0.0547669
0.0557682
0.0529878
0.0524145
0.0543428
0.0523576
0.0543102
0.0544388
0.0578714
0.053469
0.0532346
0.0526186
0.0538887
0.0538649
0.0537663
0.0544102
0.0522342
0.0522399
0.0520903
0.0535923
0.0524658
0.0526115
0.0518246
0.0537542
0.0527505
0.0532865
0.0523218
0.0521163
0.0529372
0.0527013
0.0527514
0.0544907
0.0524777
0.0540779
0.0514667
0.052512
0.0527322
0.0521859
0.0532375
0.0526224
0.0529047
0.0548653
0.0526835
0.0543272
0.052921
0.0602372
0.0546647
0.0535261
0.0517754
0.0566768
0.0535899
0.0524241
0.0529062
0.052065
0.0537066
0.0550529
0.0542303
0.053439
0.0551786
0.0523319
0.053582
0.0550879
0.0532341
0.0530953
0.0535241
0.0548939
0.0523263
0.0519613
0.054664
0.0555191
0.0533833
0.0523174
0.0575435
0.0539787
0.0528188
0.0516143
0.0524918
0.0522472
0.0609584
0.0589523
0.0582985
0.0521649
0.0523843
0.0532391
0.056106
0.0539285
0.0529099
0.0518553
0.0599426
0.0585996
0.0529163
0.0534265
0.0532116
0.0544273
0.0543517
0.0523705
0.0521244
0.0526832
0.0551462
0.0525746
0.053341
0.0522855
0.0548946
0.0540475
0.0538315
0.0535366
0.0524923
0.0536875
0.0529681
0.0522441
0.0600839
0.054256
0.0516046
0.0527733
0.0538723
0.0519124
0.0538512
0.0525916
0.0577209
0.0558754
0.0534525
0.0525103
0.0523775
0.0520519
0.0531043
0.0528828
0.0520836
0.0539309
0.0539139
0.0531499
0.0522174
0.0523402
0.0517562
0.0521629
0.0525111
0.0598342
0.0555601
0.0529169
0.0526444
0.0522145
0.0523262
0.05662
0.0569094
0.0527516
0.0520014
0.0540724
0.0527112
0.0515641
0.053475
0.0516743
0.0595431
0.0536615
0.0520576
0.0566148
0.0532902
0.0528751
0.052125
0.0601509
0.0545806
0.0584592
0.0544315
0.0526475
0.0533754
0.0525165
0.0521665
0.0528482
0.0528104
0.0520177
0.0529845
0.0531232
0.0550101
0.0534438
0.0525404
0.0535916
0.0534048
0.0539291
0.0531214
0.0559348
0.0546631
0.0537106
0.070847
0.0558632
0.0517438
0.0525788
0.0520031
0.0580476
0.0538546
0.0526181
0.0523484
0.0523691
0.0536279
0.0532114
0.0517474
0.0561045
0.0533697
0.0521959
0.0527892
0.0521181
0.059365
0.066627
0.0562184
0.0532329
0.0520124
0.0538027
0.0544387
0.0523628
0.0527023
0.0537577
0.0527285
0.0549233
0.0526921
0.0525814
0.0532651
0.0547602
0.0527908
0.0515763
0.0553928
0.0523258
0.0521851
0.0538105
0.0602668
0.0541251
0.0535318
0.0526013
0.054714
0.0534041
0.05222
0.0529102
0.053812
0.051893
0.053317
0.0520378
0.0524764
0.0518946
0.0527926
0.0533771
0.0518881
0.0550905
0.0536681
0.0519795
0.0525927
0.0517778
0.0532797
0.0523035
0.0533482
0.0530007
0.0519174
0.0533695
0.0528484
0.0524208
0.0530926
0.0542367
0.0523173
0.0522547
0.052062
0.0524454
0.0516961
0.0528412
0.0551325
0.0536449
0.0526986
0.0524725
0.053292
0.0528399
0.0541169
0.0538475
0.0564577
0.0525096
0.0527749
0.0520211
0.0534152
0.0526166
0.0528796
0.0533697
0.0540132
0.0535116
0.0546408
0.0521754
0.0537702
0.0538565
0.0526537
0.0557431
0.0547291
0.052289
0.0529514
0.0530388
0.0526742
0.052871
0.0517407
0.0525298
0.0522895
0.0520919
0.0521238
0.0517395
0.0553945
0.0529429
0.051805
0.0533693
0.0519889
0.0528465
0.0538925
0.0531637
0.0534994
0.0521447
0.056314
0.0548062
0.0525265
0.0650291
0.0612655
0.0596912
0.0596889
0.0622636
0.0649276
0.061458
0.0602165
0.0628878
0.053113
0.0530561
0.0533988
0.0529653
0.0532064
0.0522133
0.0535029
0.0540878
0.0547708
0.0570291
0.0519928
0.0521736
0.0520574
0.0523961
0.0520029
0.0526248
0.0521948
0.0528106
0.0531033
0.0541496
0.0542566
0.0532116
0.0550434
0.0530346
0.0539023
0.055982
0.0549662
0.0536042
0.052678
0.0541841
0.0606367
0.0612089
0.0520393
0.052716
0.0595075
0.0557386
0.0529529
0.0527302
0.0611251
0.0632307
0.0534725
0.0527676
0.0520288
0.0581285
0.0643516
0.0597453
0.0521027
0.0520846
0.0535159
0.0523294
0.0536194
0.0576094
0.0519854
0.0546395
0.0542868
0.0538886
0.0588337
0.0581407
0.0548105
0.0605012
0.0622333
0.0558581
0.0535295
0.0546678
0.0533911
0.0520032
0.052686
0.0519827
0.0522367
0.0567614
0.0541587
0.0559376
0.0531605
0.0529446
0.0562072
0.0535243
0.0526936
0.0528175
0.0521807
0.0543756
0.0568383
0.0536355
0.0530104
0.057675
0.0560452
0.0535828
0.0537561
0.0524184
0.0532725
0.0525555
0.054822
0.0524813
0.0551216
0.052718
0.0532886
0.0520584
0.0592669
0.0530046
0.0526815
0.0524769
0.0522077
0.0516155
0.0525957
0.0524443
0.0524712
0.0577309
0.052153
0.0530873
0.0563313
0.0520859
0.0532838
0.052368
0.0525856
0.0524183
0.0519378
0.0528115
0.0522762
0.0529771
0.0522307
0.0525146
0.0532593
0.0532405
0.0554975
0.0552461
0.0521688
0.0526353
0.052611
0.0525865
0.0531545
0.0521578
0.0527092
0.0529582
0.0520929
0.0528638
0.0520092
0.0530327
0.0550292
0.0554892
0.0534162
0.0530015
0.0530167
0.0534843
0.0517116
0.052344
0.0520694
0.0671787
0.0590386
0.0538537
0.052628
0.0521516
0.0573005
0.0546734
0.068177
0.0606622
0.0603277
0.0635278
0.0562251
0.0538452
0.0550841
0.0546259
0.0539996
0.0529023
0.0539651
0.0538312
0.0536557
0.0560297
0.052925
0.0530066
0.0519739
0.0593518
0.0557295
0.0541758
0.0548872
0.0612874
0.0653213
0.0603878
0.060918
0.0681859
0.0604865
0.0529178
0.0521914
0.054003
0.0522195
0.0528404
0.0526277
0.0521273
0.0525812
0.0518167
0.0521794
0.0518502
0.0562226
0.0529267
0.0538517
0.0520497
0.0524501
0.0521854
0.0530956
0.0630552
0.0565022
0.0531629
0.0616983
0.0570204
0.0527688
0.0520386
0.0521459
0.0522008
0.0533605
0.0638601
0.0552543
0.0523415
0.0524979
0.0561817
0.0606632
0.05693
0.0535597
0.0525968
0.052838
0.0534649
0.0532755
0.0534177
0.0603164
0.0539911
0.0542284
0.0529279
0.0538712
0.0525995
0.054922
0.058313
0.0551857
0.0529481
0.0531419
0.0548424
0.0530627
0.0526707
0.0521591
0.053043
0.0524373
0.0540039
0.0528923
0.0523091
0.0526037
0.0520326
0.0566217
0.058259
0.0547614
0.0532102
0.0541398
0.0527017
0.0607662
0.057289
0.0590602
0.0645424
0.0537181
0.0531424
0.0532526
0.0543596
0.0534213
0.0522983
0.0520909
0.0534502
0.0526883
0.0534769
0.0552725
0.0675899
0.0543712
0.0527401
0.0520058
0.0595897
0.0650764
0.0537229
0.0524361
0.0521309
0.0610343
0.0607234
0.066755
0.0556548
0.052657
0.0521272
0.0602167
0.0530096
0.0554335
0.0525815
0.0528218
0.0574439
0.0609333
0.0559094
0.0575806
0.0728838
0.0751947
0.060857
0.068868
0.0606092
0.0612793
0.0633654
0.0537614
0.0523364
0.0522428
0.0596948
0.0575846
0.0550617
0.0526522
0.0682205
0.0617936
0.0608886
0.0623934
0.0587554
0.0538326
0.0587313
0.0540162
0.052318
0.0526663
0.0535134
0.0576623
0.0563049
0.0640342
0.0561252
0.0522603
0.0532563
0.0520822
0.0527952
0.0673044
0.0631494
0.0607673
0.0610908
0.0678952
0.0528692
0.0524127
0.0522104
0.0522942
0.0520831
0.0595112
0.0585427
0.0591069
0.0565244
0.0557212
0.0620607
0.0715778
0.0625217
0.0612875
0.0602564
0.0530731
0.0530265
0.0626301
0.0610029
0.0574106
0.0531433
0.0544159
0.0525281
0.0531301
0.0534869
0.0523739
0.0527273
0.0612352
0.0615531
0.062348
0.0644573
0.0652112
0.0676848
0.068458
0.0605386
0.0588571
0.0556644
0.0529023
0.0530457
0.0605972
0.0641774
0.0628818
0.0705858
0.05804
0.0610204
0.0616958
0.0578264
0.0523179
0.0603958
0.058788
0.0538366
0.0530378
0.0525656
0.052613
0.0535749
0.053549
0.0529396
0.0525478
0.0533835
0.05342
0.0520248
0.0527382
0.0519478
0.0525185
0.0524611
0.0514394
0.0530231
0.052082
0.0527632
0.0521986
0.0522269
0.0524275
0.0593298
0.0523588
0.0533934
0.0518383
0.052105
0.0517739
0.059706
0.0521765
0.0521871
0.0574456
0.0616217
0.0537125
0.0529126
0.0529875
0.0538125
0.0520829
0.0531892
0.0609576
0.0532898
0.0535349
0.0517168
0.0599664
0.0535229
0.0529004
0.0524699
0.0532057
0.0524815
0.0565175
0.0531481
0.0537565
0.0541535
0.0626461
0.0534079
0.0525047
0.0522342
0.0631513
0.0546314
0.0529498
0.0531163
0.0526435
0.0524727
0.0603246
0.0538507
0.0535108
0.0525315
0.0559189
0.052613
0.052933
0.0523752
0.0602504
0.052938
0.053553
0.052365
0.0543839
0.0620366
0.0665689
0.0617414
0.0610854
0.0692499
0.0612034
0.0612211
0.0645781
0.0655419
0.0615595
0.0622418
0.0704729
0.0613573
0.0611211
0.0652425
0.0639391
0.0614212
0.060673
0.0699718
0.0610589
0.0612452
0.0643019
0.0647233
0.0610099
0.0605391
0.0691744
0.0604918
0.0608644
0.0631163
0.0666416
0.0609654
0.0608083
0.066911
0.063318
0.0577596
0.0539582
0.0530776
0.0660546
0.0638299
0.0556927
0.0527351
0.052909
0.0628053
0.0674663
0.0612452
0.0615906
0.0683462
0.0542005
0.052255
0.052493
0.0531785
0.0530518
0.0526749
0.0620655
0.0622152
0.0524288
0.0524667
0.0615804
0.0634255
0.0697568
0.0569244
0.0537528
0.0529866
0.0609538
0.0578133
0.0533868
0.0607668
0.0529144
0.0543569
0.0528156
0.0612216
0.0555305
0.056765
0.0545977
0.0574967
0.0602696
0.0610624
0.0624992
0.053799
0.0527445
0.0542342
0.0595032
0.0537496
0.0526069
0.0620941
0.0676046
0.0536367
0.0554165
0.0532989
0.0611541
0.0559482
0.0548827
0.0542179
0.052889
0.0541035
0.0539153
0.0536816
0.0534186
0.0524638
0.0530708
0.0531827
0.0532364
0.0538097
0.0539421
0.0542957
0.0561759
0.0534672
0.0527243
0.0577642
0.0633646
0.0643253
0.0615805
0.0608208
0.0651659
0.0617289
0.0614755
0.061189
0.0692636
0.0586575
0.0538308
0.0526982
0.0573611
0.0547699
0.0530936
0.056592
0.0556134
0.0521857
0.0540296
0.0525489
0.0559803
0.061289
0.0630883
0.052918
0.0519729
0.0612282
0.0612711
0.0553288
0.0527053
0.0544944
0.0668383
0.0609404
0.0592387
0.0539884
0.0530414
0.0581771
0.0629024
0.0553326
0.054302
0.0524638
0.0528576
0.0521536
0.0679941
0.0613431
0.061044
0.0642798
0.0668552
0.0611225
0.0599356
0.0667512
0.0621853
0.0605419
0.059451
0.0538414
0.0674606
0.0608067
0.0560332
0.0531155
0.0529369
0.067876
0.0592775
0.0543522
0.0524069
0.0528835
0.0547062
0.0644187
0.0578498
0.0523955
0.0520457
0.0532234
0.0612106
0.0587741
0.0549231
0.0527342
0.0535377
0.0620083
0.0616155
0.0561389
0.0533278
0.0538523
0.057795
0.0523606
0.0526551
0.0605847
0.0538932
0.053052
0.0530614
0.066598
0.0606638
0.0534315
0.052484
0.0612791
0.0556758
0.0527882
0.0612894
0.0592448
0.054844
0.0519912
0.0542263
0.0597982
0.0599753
0.0588672
0.0549867
0.0566737
0.0615675
0.065036
0.0595915
0.0527943
0.0530059
0.0542471
0.0612083
0.0607264
0.0523404
0.054067
0.0533523
0.0519096
0.0529671
0.0550271
0.0521353
0.052919
0.0548789
0.0535765
0.0575201
0.0667618
0.0578254
0.0543623
0.0541556
0.0630698
0.0669134
0.0576144
0.0658441
0.0593687
0.0632625
0.0606096
0.0606094
0.0669102
0.063191
0.0562643
0.0531092
0.0527747
0.0526731
0.0680662
0.0630669
0.060857
0.0620373
0.0666302
0.0539364
0.0524851
0.0598561
0.0546773
0.0520063
0.0521013
0.0542934
0.055271
0.0539677
0.0535194
0.0533211
0.0542205
0.0608516
0.0613405
0.0679611
0.0608589
0.0554756
0.0550658
0.0524015
0.0571028
0.0544774
0.0580594
0.060762
0.0607442
0.0645235
0.0657422
0.0565579
0.0535471
0.0611739
0.0628706
0.0584672
0.053096
0.05237
0.0524893
0.0597638
0.0547457
0.0541257
0.0595079
0.064981
0.0614385
0.0624393
0.0669147
0.0606895
0.060616
0.0671971
0.0584452
0.0554982
0.0525101
0.0544641
0.0604018
0.0693178
0.0608341
0.0610393
0.0587046
0.0525361
0.0545457
0.0617879
0.0573566
0.0588037
0.0622672
0.0672583
0.0618464
0.0576989
0.0529323
0.0533475
0.0523848
0.0546644
0.058478
0.0525469
0.0519062
0.0591489
0.0572758
0.052051
0.0530574
0.0698771
0.0608936
0.0606453
0.0659247
0.0646821
0.0608202
0.0607201
0.0696403
0.0604245
0.0614733
0.0649656
0.059178
0.0527389
0.0524824
0.0529563
0.0588078
0.0546895
0.0542077
0.0549134
0.0665848
0.0585981
0.0530125
0.0529485
0.0618782
0.0688184
0.0599791
0.0595539
0.0565155
0.0541244
0.0536287
0.0528881
0.0626875
0.0604775
0.060794
0.0692858
0.0586454
0.0536318
0.0525418
0.060829
0.069144
0.0538251
0.052542
0.0605137
0.0609271
0.0691224
0.0602203
0.0607229
0.0535609
0.052128
0.0561502
0.0651501
0.0609815
0.0557326
0.061426
0.0650217
0.0619226
0.0606616
0.0649242
0.0616212
0.0620673
0.060265
0.0681167
0.06186
0.060447
0.0609182
0.0662412
0.0552936
0.0600546
0.0577504
0.064579
0.0595353
0.0540639
0.0606275
0.0601911
0.0675095
0.0587435
0.0535607
0.054075
0.0553315
0.0631572
0.0673262
0.0611983
0.0609128
0.0689762
0.0607928
0.0622707
0.0629863
0.06644
0.0570389
0.0604454
0.0631821
0.0665792
0.0561564
0.0604173
0.0560193
0.0596214
0.0534488
0.0545904
0.0527534
0.0611296
0.0612648
0.0668725
0.0619029
0.0603492
0.0613422
0.0696096
0.0565527
0.0569877
0.0526888
0.0606963
0.0608458
0.0543566
0.0536247
0.0560622
0.0611509
0.0618025
0.068441
0.054126
0.0559965
0.0528632
0.0530841
0.0531029
0.06665
0.0595803
0.0530039
0.0525286
0.0606757
0.0629729
0.0625473
0.0529111
0.0524242
0.0605426
0.060808
0.069485
0.0601377
0.0545999
0.053074
0.0548207
0.0548626
0.0697199
0.060967
0.0608466
0.0654609
0.0613494
0.0596856
0.0616001
0.0618523
0.0556573
0.0610648
0.0605021
0.0605054
0.0696018
0.0597554
0.0551875
0.0530298
0.0531215
0.0537123
0.0696775
0.0620986
0.06052
0.0667557
0.0657809
0.0606974
0.0611302
0.0687697
0.0605871
0.0614559
0.0638419
0.0539775
0.052743
0.0545632
0.0615007
0.0606137
0.0682938
0.0614174
0.0603097
0.0622195
0.0590557
0.0542293
0.0519876
0.0576969
0.0550063
0.0608344
0.0666678
0.0550378
0.0531447
0.0543948
0.0535604
0.0616182
0.0670405
0.0621302
0.0550496
0.0524936
0.0615196
0.0696509
0.0558767
0.0537177
0.0609619
0.0630132
0.0600476
0.0527465
0.052153
0.0602084
0.0611564
0.0663414
0.0605113
0.0543965
0.0531969
0.0542165
0.0566538
0.0529705
0.0548422
0.0595969
0.0619494
0.0574889
0.0544872
0.0626352
0.0639959
0.0536441
0.0530312
0.0619155
0.0643945
0.0562906
0.0519807
0.060236
0.0549767
0.0555255
0.0524127
0.0637856
0.0661102
0.0617112
0.0570681
0.054409
0.0556467
0.0603352
0.0596719
0.0546623
0.0530254
0.0532079
0.0528925
0.0532284
0.0532694
0.0536494
0.0529641
0.0527076
0.0550558
0.0539267
0.0540235
0.0530094
0.0524698
0.0527336
0.0544179
0.0525843
0.0536729
0.052119
0.0576999
0.0575669
0.053003
0.0526381
0.061383
0.0591369
0.0528157
0.0558032
0.0579802
0.052585
0.0527382
0.0529655
0.0567756
0.0543873
0.055427
0.054736
0.0592755
0.0559992
0.0546194
0.0543379
0.0527815
0.0528923
0.0643279
0.0641421
0.0575609
0.054557
0.0542455
0.0542201
0.0689086
0.061372
0.061324
0.0627352
0.0676166
0.0613114
0.0608157
0.0684425
0.0617297
0.0603935
0.0620993
0.0543494
0.0543348
0.0549587
0.0574498
0.0568051
0.0580463
0.0569492
0.0530421
0.052336
0.0522265
0.0609451
0.0566333
0.0529291
0.0520075
0.0566768
0.0644726
0.0645651
0.060316
0.0613251
0.0610665
0.060883
0.0613713
0.0580578
0.0540054
0.0531994
0.0522132
0.0539609
0.0588033
0.0630366
0.0646069
0.0728864
0.0625734
0.0604605
0.0682903
0.0618363
0.060265
0.0609833
0.0687312
0.0598695
0.0616022
0.0641609
0.0649124
0.0616776
0.0565695
0.0578957
0.0654441
0.0606897
0.0615551
0.0637149
0.0660298
0.060909
0.0598884
0.0578355
0.054168
0.0609283
0.0607753
0.060045
0.0529835
0.053566
0.0558767
0.0641821
0.0608942
0.060366
0.0562962
0.0526019
0.0624468
0.0601447
0.0608871
0.0641459
0.0658696
0.0616783
0.0605159
0.0694659
0.0608972
0.0601929
0.0628417
0.0584661
0.0551766
0.0539923
0.0563728
0.0582286
0.0568596
0.0552119
0.0553219
0.0527507
0.0525903
0.0539341
0.0535309
0.0538484
0.0525685
0.0525164
0.0530701
0.0522583
0.0613069
0.0624164
0.0607623
0.0591231
0.0553336
0.0547408
0.0543798
0.0521557
0.0611999
0.0614358
0.0608098
0.0625853
0.0565301
0.0527008
0.0553169
0.0521796
0.0563026
0.0544263
0.0546884
0.0592998
0.0603259
0.0583753
0.0556607
0.056058
0.0557376
0.0610531
0.0597809
0.0630007
0.0538948
0.0562961
0.0563628
0.0531207
0.0604595
0.0606947
0.0615238
0.0605135
0.0685845
0.0610275
0.0577424
0.0531515
0.0534275
0.0521541
0.0556734
0.0554449
0.0536711
0.0582796
0.0592788
0.0582759
0.0548785
0.057056
0.0613325
0.0579285
0.0600846
0.0642107
0.0647008
0.0611952
0.0607952
0.062557
0.0606682
0.0609474
0.0598534
0.0657563
0.0638376
0.0610806
0.0609782
0.0687499
0.060594
0.0619432
0.0605816
0.0569562
0.0559423
0.0538279
0.0524611
0.0607213
0.0614673
0.0681562
0.060738
0.0608539
0.0623193
0.0524061
0.0529742
0.0569001
0.0610367
0.0599203
0.0641686
0.0599277
0.0555199
0.0611553
0.0611188
