1.8987
1.44655
1.48327
1.5189
1.4028
1.47158
1.49635
1.44164
1.46921
1.35526
1.39189
1.73782
1.47343
1.44381
1.4734
1.64146
1.52674
1.38885
1.43174
1.40757
1.4094
1.65465
1.47023
1.41692
1.37855
1.5052
1.68248
1.38336
1.42468
1.48937
1.44817
1.54304
1.47404
1.39929
1.54926
1.43621
1.43822
1.46331
1.37985
1.39983
1.75416
1.39769
1.58287
1.48375
1.52783
1.51739
1.41282
1.44183
1.37318
1.43888
1.45588
1.45813
1.44718
1.49699
1.62573
1.44226
1.52008
1.38468
1.47513
1.39248
1.49518
1.40499
1.45194
1.45206
1.45489
1.60685
1.53713
1.46121
1.3679
1.45325
1.54304
1.41937
1.41202
1.46282
1.51571
1.38535
1.52159
1.44634
1.49722
1.42921
1.64164
1.43724
1.66436
1.45319
1.74098
1.47985
1.397
1.4425
1.3628
1.54488
1.67042
1.41699
1.70294
1.3964
1.40074
1.38565
1.495
1.40989
1.45689
1.62313
3.92408
4.30039
3.74389
4.26275
3.94115
3.90475
3.86757
4.0458
4.16286
4.00867
3.80974
4.37214
3.82174
3.92967
3.95096
3.83496
4.17288
4.02443
4.0507
4.08171
4.31794
4.01029
4.24068
4.08566
3.85483
4.15163
4.23189
4.11132
4.0413
4.77037
4.08642
4.56142
4.05537
4.16202
4.00915
3.93144
3.94126
4.13227
4.02741
4.04774
4.20947
4.35838
4.3164
4.41549
4.05061
3.79121
3.92346
4.30694
3.97334
4.14252
4.48554
3.8586
4.043
3.97672
4.26112
3.87329
5.0702
4.16954
4.09406
4.38551
3.86177
4.00559
3.93834
4.07703
3.92929
4.13795
3.87092
3.85022
4.43184
4.08391
3.9906
4.43394
3.80301
4.74028
3.9982
3.88457
3.98655
4.19604
4.36986
4.05129
3.97583
4.24655
3.90659
4.3537
3.90031
4.24409
4.00357
3.94203
3.95283
3.98204
3.90919
4.51782
3.87702
4.16549
4.51359
5.05163
3.97462
3.92033
3.88584
4.00852
7.09397
6.88448
7.17058
6.89527
6.58508
7.07917
6.62422
6.54629
6.74197
6.84575
7.17789
6.79827
6.4713
6.62198
6.59437
6.46628
7.56569
7.03994
6.51369
6.86397
7.3552
7.24869
6.65092
6.7514
6.84168
6.40349
6.67447
6.60202
6.92128
6.39867
6.61861
6.75424
7.08741
6.62663
6.39152
7.29177
6.5718
7.08902
6.59075
6.69777
6.56306
7.09805
6.50621
6.77858
6.4825
7.16242
6.25068
6.58416
6.50611
6.80752
6.64312
6.59449
7.1919
6.48885
6.64298
6.56649
10.1343
6.9569
6.19957
6.61097
6.84403
10.2949
6.65224
7.88614
6.81951
7.25636
6.89527
6.97935
6.75293
6.90605
7.63832
7.34159
9.29047
6.94448
7.15082
7.23897
6.75996
7.12558
6.95049
8.3159
6.95439
6.56981
6.75265
6.50508
6.68909
10.2078
8.14344
7.23847
10.3195
7.61272
7.27744
6.71042
7.13173
6.6284
6.99673
7.00692
7.01203
8.61075
8.40727
7.47884
9.74171
9.28919
9.39198
9.22297
10.093
10.0071
9.87964
9.85964
12.0349
9.77635
10.7225
10.9026
10.2235
10.7908
10.1604
10.1704
10.2166
9.85392
10.1966
11.0974
9.39009
11.109
10.1269
9.85672
11.2406
9.55199
9.85895
11.6611
10.5374
10.3316
10.3859
10.1402
9.71736
13.4396
9.64672
11.4553
11.0521
10.7218
9.87179
10.9393
11.619
9.61713
9.95733
9.51661
12.2172
9.76735
10.1892
10.5705
9.82369
11.0187
10.209
9.69492
9.577
9.15452
9.68927
9.35315
9.32731
9.92745
9.8406
9.88986
9.65957
9.8832
9.82206
9.84679
10.2475
9.77883
10.7902
10.27
10.3622
10.2977
10.2488
9.66438
9.79476
9.44727
10.4309
9.64256
10.9716
9.63005
9.47602
10.9423
10.2691
9.65609
10.6106
10.2556
9.60657
9.81668
10.7962
10.6438
14.4473
10.142
9.48925
10.0083
13.4184
11.1059
13.3743
9.61493
9.95168
9.79514
9.92853
9.8498
13.4951
16.574
15.8151
13.9086
12.6477
13.8383
14.6115
13.331
13.9207
13.4346
12.8393
12.899
12.5493
12.5395
12.2133
13.2718
12.9953
12.2631
12.858
12.8621
12.7257
12.2925
12.9119
12.5276
12.3677
12.0272
13.6953
14.2867
12.2561
13.3996
13.4191
13.0862
12.8375
12.611
12.949
14.3195
13.6211
11.9473
12.86
12.1257
13.4445
13.1935
13.3211
12.9902
14.7308
12.6066
14.2719
15.2931
12.3267
12.7381
12.1989
12.2264
12.0898
12.0599
12.1926
12.1748
16.4239
11.957
12.798
17.4296
12.1584
16.1023
12.0141
12.3024
11.7486
13.2675
15.5428
15.5713
12.3049
12.6623
12.3105
14.9091
12.2457
12.9439
12.3873
12.2601
13.2428
12.1362
12.2329
12.399
12.3769
12.0748
12.4862
12.398
21.6816
11.9051
14.4923
12.6207
13.1955
13.3618
12.9871
13.5498
12.5235
12.317
15.0488
12.1716
13.1527
11.9879
12.1999
11.8648
14.7708
15.1371
15.1917
20.1722
15.1039
15.546
16.2244
14.7828
15.9198
15.5061
19.6643
14.6349
15.5787
20.6378
16.3956
14.9952
18.2433
14.6571
15.1459
20.7505
14.6193
19.0768
14.6471
15.636
15.5956
15.4782
15.0296
16.1991
16.03
17.1978
14.8796
15.6173
14.7374
15.3465
15.1993
15.3256
15.7211
14.7994
14.981
15.968
15.0294
14.9778
14.8224
15.8635
15.8609
15.5545
16.4891
15.0093
15.7659
15.2161
14.856
16.2827
20.4325
14.5806
16.3789
16.6836
19.9865
18.0933
21.1317
14.7993
14.9212
15.4265
15.1835
15.9736
18.2321
15.0872
14.841
15.6057
15.8968
15.1929
15.3941
15.8123
14.9285
15.3024
14.5784
14.876
14.976
15.157
14.3397
15.2379
14.9737
15.0993
15.3179
16.5361
15.5203
15.5295
15.2233
15.5146
15.4262
15.5282
15.0599
14.6708
15.1101
16.1257
19.4506
15.8649
15.506
17.4097
15.2683
15.4092
353.054
23.8185
24.2251
22.4234
21.6947
17.9191
23.5517
20.3287
19.5615
18.1273
18.6353
17.8797
17.6562
17.7686
20.2513
18.1458
17.6529
17.7345
18.1876
18.3964
17.8318
18.1559
18.8269
18.7784
18.0128
24.5403
21.7393
18.2671
21.4555
17.9988
22.0415
18.978
23.9215
20.5586
19.2612
17.9918
18.0428
19.0669
17.8865
17.658
21.4945
18.293
18.2347
17.3165
18.0285
18.6169
18.1815
18.8195
18.4726
18.7651
18.7354
19.4013
18.6227
17.9749
18.7122
17.9512
18.2002
18.0822
20.1349
18.3325
19.3921
19.2122
17.995
17.894
20.278
18.2516
18.1129
20.324
17.9253
19.8899
18.6044
17.7246
17.921
18.1826
17.6857
17.9476
18.2841
18.8748
17.8825
17.2385
17.7402
17.5362
17.7238
18.8304
17.6872
18.2723
17.7583
18.1984
18.3164
17.8324
17.5448
23.6291
19.7604
20.8258
17.6503
18.0055
17.4115
23.3302
27.8867
19.1348
