7.9896
8.07847
7.59237
7.86468
7.87773
7.56044
8.01045
7.59384
7.79172
8.10777
7.62898
7.97357
8.10578
10.5574
8.05784
13.8033
10.1158
9.29688
10.9799
7.93157
7.94647
7.7139
8.2734
8.34651
7.68343
8.04242
8.11608
9.09262
11.5735
7.81399
9.69388
10.3673
8.05668
7.66531
11.5845
7.73966
8.59592
7.85686
7.68531
9.74015
7.55303
8.13886
7.6527
8.0137
8.08187
8.09484
7.94358
7.71453
8.26221
7.81376
7.88971
7.84395
7.78058
7.5515
7.81788
7.6406
7.66074
7.81112
7.77821
7.86615
7.6505
10.9269
7.89992
7.83168
7.88502
7.70371
8.08063
8.00392
7.75827
7.6803
7.82024
7.65432
7.86835
7.81474
7.71795
7.54885
7.87854
7.76912
7.61215
8.08286
7.64525
7.55717
7.95812
9.85055
7.8189
8.17987
8.0062
8.26875
7.9527
8.0819
7.86028
7.86744
8.07526
8.10491
8.11746
7.85573
7.72758
8.12838
7.7241
7.74838
