4.36046
4.38911
4.3452
4.10716
3.96921
4.10723
4.00166
4.03134
4.52337
4.01056
3.87643
3.9418
3.92496
4.03573
3.95098
3.97582
4.02838
4.07118
4.02198
4.04314
4.18285
4.21869
5.3462
4.03262
3.9041
4.40503
4.01147
4.29559
3.99257
3.97088
4.09725
3.91899
4.13768
3.94376
3.94637
5.95934
4.06632
3.80988
3.84508
5.01824
5.93083
4.09632
4.07978
3.93621
4.90922
3.89761
4.49606
3.88037
5.91404
4.00815
4.01889
4.22145
3.99017
4.04343
4.1534
4.389
3.94733
4.06952
4.02882
5.46143
4.68564
3.94172
3.96076
4.25737
4.19559
4.04611
4.24582
3.98144
4.5291
3.95221
6.03969
3.95687
4.07173
4.07544
4.0383
3.9644
3.91685
4.03879
4.01235
3.92179
4.30368
4.03181
4.90674
5.889
3.97586
4.03386
3.87885
3.94741
3.966
3.99843
3.99451
4.13646
3.9043
3.99929
4.23767
3.98954
6.05762
3.97076
4.04832
3.92544
