383.719
352.722
337.418
338.679
340.554
333.852
362.463
345.926
334.88
339.073
350.876
331.097
333.02
338.836
349.686
331.812
355.516
343.813
381.248
335.441
404.241
403.96
356.77
337.921
344.544
357.88
354.911
350.23
344.944
332.377
336.265
339.461
336.533
336.062
389.919
341.37
386.991
377.488
389.938
354.305
384.17
384.95
391.001
393.753
382.942
390.757
390.867
376.415
390.657
392.271
393.574
367.605
342.805
352.419
377.877
396.414
334.556
339.966
354.89
369.661
334.588
392.884
340.256
366.77
336.168
336.593
342.148
333.355
339.441
331.572
391.07
351.567
359.096
372.266
339.172
335.256
371.69
357.795
332.699
366.063
379.417
353.529
386.551
410.664
401.552
333.149
334.239
332.909
334.648
332.286
332.395
339.379
341.055
339.11
337.53
330.333
351.029
365.458
359.858
333.859
