12.7908
14.5308
12.6487
12.7552
12.3826
12.2474
12.2777
12.2703
12.7813
12.4038
11.9807
12.6011
12.7273
12.5517
12.2743
12.266
11.891
12.6761
17.5717
12.1136
12.5696
18.3345
17.5748
12.9123
15.7866
12.1053
15.7938
13.2549
12.5466
12.9323
12.5248
12.6303
13.1381
12.4864
12.2178
11.9326
17.4285
12.5039
12.2254
15.8761
12.3956
12.7052
12.6937
12.3863
12.1861
12.6114
12.2222
12.6355
12.5114
12.9979
12.663
12.4534
12.4037
12.7824
12.3981
12.0443
12.5838
12.5067
12.2041
12.9847
12.2837
12.9793
11.9286
11.8378
12.3846
12.3475
12.1485
12.1381
12.2789
12.1637
12.2924
12.518
12.6358
12.2513
12.3931
12.1802
14.5523
12.3259
12.2516
15.0775
13.7856
15.3489
17.5338
12.1563
16.4992
12.7191
11.9468
12.6546
16.3615
13.7519
13.6608
12.591
15.802
12.338
14.2923
12.4985
12.6257
12.6699
12.6745
12.2874
