8810.68
8848.71
7003.62
6883.97
8788.53
7717.84
8734.86
8786.94
6964.1
8743.77
7216.75
8823.57
8492.39
8844.65
8882.8
6938.15
7788.9
8891.07
7912.31
8879.93
8869.75
9146.47
9591.08
9321.06
7319.71
9449.41
8574.03
9516.41
9823.74
10091
9658.48
9886.94
10077.5
9035.3
8356.44
6565.29
9009.6
8893.77
8832.14
9818.42
9084.01
9188.99
8795.25
9302.24
9372.94
9223.61
9671.66
9724.16
7728.59
10185.1
9177.23
9471.51
8926.27
9814.58
9617.78
9698.77
9780.88
9437.45
8850.39
8798.43
8740.59
8872.68
9022.09
8863.14
8015.48
8881.29
8892.48
8803.5
8883.21
8452.14
8506
8785.78
7481.35
8879.51
8895.49
8809.91
8448.29
8948.95
8773.22
8867.53
10559.5
9039.5
7579.09
9050.55
7895.05
8083.53
9046.46
10158.7
8191.43
9447.23
9866.64
10045.7
9781.32
9632.49
9880.82
9984.53
10165.2
10038.1
10000.3
10191.5
