0.000675343
0.000600489
0.000593417
0.000594402
0.000575346
0.000580399
0.000566505
0.000533732
0.000550244
0.000568073
0.000614219
0.00059021
0.000592808
0.000609454
0.000606589
0.000570954
0.000685472
0.000616913
0.000717988
0.000604719
0.000581452
0.000544833
0.000699809
0.000592088
0.000575632
0.000566363
0.000630379
0.000578059
0.000551318
0.000598668
0.000774696
0.000617662
0.000569289
0.000571827
0.000587104
0.000568546
0.000858633
0.000600916
0.000702505
0.000550988
0.000538863
0.000545116
0.000556101
0.000705571
0.000582259
0.000561154
0.000563344
0.000611056
0.000549836
0.000770857
0.000583256
0.000639482
0.000601217
0.000547803
0.000573908
0.000577892
0.000538137
0.000761876
0.000653573
0.000670957
0.000629528
0.000566064
0.000626404
0.000612477
0.000538094
0.000561011
0.000542766
0.000654388
0.000638712
0.000593552
0.000637208
0.000569577
0.000532997
0.000586375
0.000592448
0.000587988
0.000599135
0.000544109
0.000608528
0.000619577
0.000543953
0.000546763
0.000553012
0.000563363
0.000551393
0.000604861
0.000744313
0.00054865
0.00057053
0.000538579
0.000564878
0.000564465
0.000568398
0.000661155
0.000556744
0.000570884
0.00055426
0.000579225
0.000663579
0.000578543
0.000576727
0.000554293
0.000547403
0.000558538
0.000652412
0.000608992
0.000576515
0.0005769
0.000646926
0.00057506
0.000585752
0.000552766
0.000579197
0.000638135
0.000547908
0.000547495
0.000602471
0.000643928
0.000542673
0.000589284
0.00054956
0.000591304
0.00058189
0.000678627
0.000587329
0.000559823
0.000574971
0.000569414
0.000668893
0.00058725
0.0005765
0.000626195
0.000544146
0.00070413
0.000613825
0.000585052
0.000633502
0.000572228
0.000591752
0.000656613
0.000750115
0.000693313
0.000578216
0.000557744
0.00057213
0.000665883
0.000771895
0.000642982
0.000593928
0.000667855
0.000794131
0.000566101
0.000785387
0.00084414
0.000583183
0.000563723
0.000573317
0.00086747
0.000551791
0.000623854
0.000562962
0.000608942
0.000554996
0.000558346
0.000926485
0.000681579
0.00074112
0.000693544
0.000589973
0.000687783
0.000699914
0.000571874
0.000581742
0.000600531
0.000596877
0.00063813
0.000553818
0.000636502
0.00061286
0.00058504
0.000708606
0.000591222
0.000648448
0.000599082
0.000648691
0.000819351
0.000585871
0.000590948
0.000687472
0.000577489
0.000577439
0.000616221
0.000649068
0.000572588
0.00055419
0.000630591
0.000741948
0.000589435
0.000738024
0.000740182
0.000956349
0.000696368
0.000571408
0.000552477
0.000595276
0.00056835
0.000546483
0.000753808
0.000685488
0.000680306
0.000612889
0.000544934
0.000578376
0.000536285
0.000637692
0.00059996
0.000710113
0.000666811
0.000935453
0.000703244
0.000646942
0.000938608
0.000595648
0.000622776
0.000572745
0.000630465
0.000554336
0.00071103
0.000904836
0.000561462
0.000631139
0.000644613
0.000645774
0.000800956
0.000670529
0.00081446
0.000624845
0.000682799
0.000653092
0.0006292
0.000624616
0.000570425
0.000553739
0.000808187
0.000582957
0.000658811
0.000647233
0.000697308
0.000686861
0.000560394
0.000622487
0.000704756
0.000575164
0.000564205
0.000736703
0.00055509
0.000816248
0.000583889
0.000640448
0.000630802
0.000541209
0.000663852
0.000568952
0.000614768
0.000575424
0.000582958
0.00056074
0.000562756
0.000692867
0.000554206
0.000575502
0.000664562
0.000633932
0.000655197
0.000705198
0.000601048
0.000622464
0.000581315
0.000648428
0.000739968
0.000576033
0.000590192
0.000693392
0.000568538
0.000564172
0.000757501
0.000722688
0.00063797
0.000598595
0.000577263
0.000876695
0.000876238
0.000792909
0.000578803
0.000572125
0.000568265
0.00054315
0.000595271
0.000766504
0.000582789
0.000621117
0.00059661
0.000572872
0.000557399
0.00060145
0.000634608
0.000556251
0.000593192
0.000764639
0.000794198
0.000624023
0.000598893
0.000612007
0.000548946
0.000556123
0.000644512
0.00078033
0.000690491
0.000614101
0.000604809
0.000581382
0.000701334
0.000596808
0.000607233
0.00062027
0.000615133
0.000557762
0.000934879
0.00056767
0.000622071
0.000811468
0.000562445
0.000564134
0.000595998
0.00054522
0.000709027
0.000577595
0.000717434
0.000749414
0.000594757
0.000750861
0.000567485
0.000556424
0.000563088
0.000748332
0.000655514
0.000758648
0.000566275
0.00061537
0.000616298
0.000620708
0.000600534
0.000682084
0.000553563
0.000558184
0.00056648
0.000857478
0.000680951
0.00055746
0.000599214
0.000594083
0.000544297
0.000582878
0.0005835
0.000535785
0.000650624
0.000601482
0.000675742
0.000544069
0.000579667
0.000652216
0.000549745
0.000564571
0.00057856
0.000667909
0.000741239
0.000738778
0.000599569
0.000813088
0.00100505
0.000762375
0.000543979
0.000639239
0.000590591
0.000715157
0.000701236
0.000839023
0.000576127
0.000556036
0.000578545
0.000649089
0.000560223
0.000601778
0.000567619
0.000791476
0.000639038
0.000570086
0.000750158
0.000552671
0.000544194
0.000769683
0.000632022
0.000564023
0.000693034
0.000720884
0.000642233
0.000626089
0.00070893
0.000711494
0.000692169
0.000590127
0.000589049
0.000633391
0.00058738
0.000593229
0.000581565
0.000690708
0.000595059
0.000884422
0.000893215
0.00090296
0.000855772
0.000701188
0.000551342
0.000599698
0.000615288
0.000580983
0.000767331
0.000571124
0.000595916
0.000733384
0.000581275
0.000662925
0.000766898
0.000702289
0.000585843
0.000667545
0.000689999
0.00106049
0.000742064
0.000798337
0.000586136
0.000783098
0.000828821
0.000630916
0.000635552
0.000864334
0.000789249
0.000662287
0.000593735
0.000786752
0.000623965
0.000868697
0.000671536
0.000797399
0.00100085
0.000813632
0.000715532
0.00103856
0.000740833
0.000675953
0.000780767
0.000536118
0.000556471
0.000886136
0.000698587
0.000588313
0.000681141
0.000678319
0.000562291
0.00109537
0.00079703
0.00056672
0.000626459
0.000545592
0.000589337
0.000563279
0.000570744
0.000552324
0.000574084
0.000598737
0.000650657
0.000901954
0.000670253
0.00117509
0.000631671
0.00068262
0.000727508
0.00088391
0.00055677
0.000675096
0.000585209
0.000711352
0.00061581
0.000752102
0.000708509
0.000543722
0.000729904
0.000761252
0.000887749
0.00067524
0.000547395
0.00070257
0.000627836
0.000615186
0.000584151
0.000643431
0.000723913
0.000765385
0.000590573
0.000855663
0.000692314
0.000569793
0.000609178
0.000549131
0.000652401
0.000874684
0.000557034
0.000556201
0.000586566
0.00058784
0.000593876
0.000602979
0.000606013
0.000674411
0.000771275
0.000551864
0.00056532
0.000568203
0.000572675
0.000669006
0.000750864
0.000558396
0.000627425
0.000717113
0.000641635
0.000747183
0.0008609
0.000562973
0.000618417
0.000623524
0.000572005
0.000650719
0.000567423
0.000740381
0.000804688
0.000596406
0.000592176
0.000619459
0.00052651
0.0006782
0.000551133
0.000572086
0.000640769
0.000557535
0.000666419
0.000632384
0.00057335
0.000543377
0.000552899
0.000555752
0.000711223
0.000546524
0.000584013
0.000637268
0.000632163
0.000717139
0.00061238
0.000767279
0.00087288
0.000585904
0.000678728
0.000743248
0.000621259
0.000607271
0.000577775
0.000596125
0.000577821
0.000665339
0.000542421
0.000660961
0.000559025
0.000549703
0.000631768
0.000597067
0.000558268
0.000579948
0.000555555
0.000630491
0.00069476
0.00059861
0.000579641
0.000547339
0.000557599
0.000577098
0.000567728
0.000733881
0.000827256
0.00062474
0.000638042
0.000794558
0.00061804
0.000731748
0.000554396
0.000558193
0.000577608
0.000611221
0.000608697
0.000622034
0.000618814
0.000561422
0.000557229
0.000619088
0.000561246
0.0006644
0.000565053
0.000597755
0.000606624
0.000599827
0.000552858
0.000581731
0.000581227
0.000552999
0.000541409
0.000614204
0.000710331
0.00115161
0.000707078
0.000764401
0.000699779
0.000702171
0.000534154
0.000534866
0.000577877
0.000612831
0.000748917
0.000625082
0.000632003
0.000572344
0.000572253
0.000556546
0.00055516
0.000596937
0.000673352
0.000578899
0.0005375
0.000688234
0.000574764
0.000581662
0.000582271
0.000570711
0.000553251
0.000569124
0.000584703
0.000644525
0.000646972
0.000634722
0.000658787
0.000837053
0.000605108
0.00103906
0.0005597
0.000550081
0.000669311
0.000548246
0.000573639
0.000568328
0.000575022
0.000556366
0.000555376
0.000586697
0.000626721
0.00055425
0.000576802
0.000563549
0.000567459
0.000681117
0.000603444
0.000707651
0.000548971
0.000576967
0.000568953
0.000588365
0.000619275
0.000723187
0.000565908
0.00075194
0.000602192
0.000745618
0.000624454
0.000640289
0.00059469
0.000715808
0.000590336
0.000555023
0.000608806
0.00053608
0.000587845
0.000553764
0.000551889
0.000613406
0.000538532
0.000561421
0.000561894
0.000604945
0.000534104
0.000549222
0.000557475
0.000535135
0.000560739
0.000542603
0.000588775
0.000594212
0.000635379
0.000765726
0.000671096
0.000618958
0.000576918
0.000584343
0.000759723
0.000588937
0.000548852
0.000699413
0.000759732
0.000560456
0.000568301
0.000542803
0.000568171
0.000564521
0.000633756
0.000645159
0.000550277
0.000658564
0.000571708
0.000570868
0.000557185
0.000729365
0.000568278
0.000613796
0.000573761
0.000533262
0.000559665
0.000557084
0.000747244
0.000575409
0.000571021
0.000771205
0.000568113
0.00058223
0.000593686
0.000738741
0.000741962
0.000559374
0.000545355
0.000656886
0.000602063
0.000581204
0.000615787
0.000619557
0.000581331
0.000630342
0.000543015
0.000599214
0.000732255
0.000590854
0.000609758
0.000558597
0.000550734
0.000561278
0.000597334
0.000554198
0.00068513
0.000594733
0.000570806
0.000557622
0.000633837
0.000551969
0.000590711
0.000704791
0.00061091
0.000819503
0.000773198
0.00078843
0.000618817
0.000625998
0.00072777
0.00056964
0.000821239
0.000595177
0.000560354
0.000575272
0.000621244
0.000572206
0.000606577
0.000733876
0.00056371
0.000680397
0.000561354
0.000652245
0.0006636
0.000564864
0.00059269
0.000523499
0.000548416
0.000693163
0.000970639
0.000620517
0.000619925
0.000751567
0.000756255
0.000586294
0.000578391
0.000613787
0.000544689
0.000552212
0.000610511
0.000616316
0.000596467
0.000579336
0.000618393
0.000639642
0.000558293
0.000612427
0.000703506
0.000563001
0.000552159
0.000710735
0.000630974
0.000551142
0.000584863
0.000543708
0.00054673
0.000752686
0.000612155
0.000574051
0.000590802
0.000564478
0.000614995
0.000736082
0.000848805
0.00148249
0.000673822
0.00142295
0.000579856
0.000828219
0.00059906
0.000947781
0.00222924
0.000845436
0.000819855
0.00620451
0.00103541
0.00101054
0.000821148
0.000654364
0.00189269
0.000802218
0.0143481
0.00180087
0.000689338
0.00177971
0.000854744
0.000980123
0.00107026
0.000667702
0.000766432
0.000974998
0.000794505
0.000926951
0.000841409
0.00674177
0.00275191
0.000894216
0.00117927
0.00112211
0.000579008
0.00460378
0.000843477
0.00099224
0.000858461
0.000858928
0.000665766
0.000724754
0.000710964
0.0010945
0.00139992
0.000651404
0.00111315
0.00134933
0.00087327
0.000821931
0.000975515
0.000630706
0.000651979
0.000555916
0.000580536
0.000646152
0.000650439
0.000634696
0.000783128
0.000661193
0.000643636
0.000787389
0.000600364
0.000828875
0.000673578
0.000765375
0.000719302
0.000799078
0.000566997
0.000616405
0.000531572
0.000563627
0.000569529
0.000614962
0.000700357
0.00063491
0.000561462
0.000669153
0.000559486
0.000549915
0.000533285
0.000557883
0.000560654
0.000591523
0.000565795
0.000542313
0.000607323
0.00057523
0.000612916
0.00063301
0.000590036
0.000605559
0.000792816
0.000699517
0.000585444
0.000601082
0.000959727
0.000574087
0.000546729
0.00054324
0.000593677
0.000797157
0.000669047
0.000702271
0.000642452
0.000724572
0.000683527
0.000651884
0.00053693
0.000576205
0.00088756
0.000542203
0.000698133
0.000558968
0.000647686
0.000624569
0.000630824
0.000757197
0.000568279
0.000862227
0.000896341
0.000934987
0.000764591
0.000848903
0.000641481
0.00106199
0.00094495
0.000712817
0.000858622
0.000709696
0.000603353
0.000732303
0.00059454
0.000668115
0.000705889
0.000739836
0.000682555
0.000616247
0.000557454
0.000646098
0.000694225
0.00066863
0.000565185
0.000601328
0.000562196
0.000598568
0.000603803
0.00073005
0.000647223
0.000720433
0.000553797
0.000586262
0.000596243
0.000572864
0.000588554
0.000814119
0.0005634
0.000605496
0.000581491
0.000614467
0.000777779
0.000579509
0.000553126
0.000560973
0.000731297
0.000571561
0.00052807
0.000719092
0.000576666
0.000592956
0.000640298
0.000638225
0.00056915
0.000563168
0.000663769
0.000542214
0.000567462
0.000816284
0.000676517
0.000613687
0.000619971
0.00067408
0.000586782
0.000560536
0.000580933
0.000596286
0.000559418
0.000568519
0.000769531
0.000689293
0.000623919
0.000562846
0.000597811
0.000565569
0.000640558
0.000599654
0.000673884
0.000546975
0.000553801
0.000542645
0.000574034
0.000625551
0.000619185
0.000595581
0.000643123
0.000552419
0.000599502
0.000564405
0.000722711
0.000691179
0.000664395
0.000609388
0.0005826
0.000742198
0.000678798
0.000707465
0.00127779
0.000836425
0.000603282
0.000680313
0.000644616
0.00060991
0.000592245
0.000572417
0.000629766
0.000584209
0.000553101
0.000613427
0.000655762
0.000596023
0.000589779
0.00072819
0.000569254
0.000568892
0.000562522
0.000645664
0.000575587
0.000640669
0.000686605
0.000686966
0.000597836
0.000977617
0.000575648
0.00056032
0.000620448
0.000645916
0.000715142
0.000653103
0.000641054
0.000663463
0.000571243
0.000548096
0.000557415
0.000625153
0.00055242
0.000580385
0.000575255
0.000564653
0.000561244
0.000555129
0.000612611
0.000574466
0.000582906
0.000555456
0.000594349
0.000595783
0.000538699
0.000692554
0.000719176
0.000567098
0.000655238
0.000644078
0.000529574
0.000568671
0.000556359
0.000638168
0.000808629
0.000568239
0.000561058
0.000612089
0.000561386
0.000559895
0.000565208
0.000612262
0.000535163
0.0006783
0.000565512
0.000580904
0.0005626
0.000667136
0.000563378
0.000598974
0.000560623
0.000566552
0.000544469
0.000612783
0.000541438
0.000534949
0.00060881
0.000572011
0.000551516
0.000572541
0.000548314
0.000638322
0.000589387
0.000618195
0.000555153
0.000599848
0.000551107
0.00082061
0.000937446
0.000841308
0.000582883
0.000625326
0.00065849
0.000669979
0.000679214
0.000545784
0.000547525
0.000592828
0.000566808
0.000616695
0.00076297
0.000713121
0.000574234
0.000598538
0.000579909
0.000554219
0.000642777
0.000711232
0.000908346
0.000766219
0.000638694
0.000780567
0.000649393
0.000595909
0.000589742
0.00062172
0.00094691
0.000644493
0.00057854
0.000574916
0.000620337
0.000603227
0.000562158
0.000750627
0.000598158
0.000554215
0.000652531
0.000688802
0.00056683
0.000633412
0.000576276
0.000558457
0.000538329
0.000638374
0.000572038
0.000552634
0.000677001
0.000699235
0.000609391
0.000646964
0.000771219
0.000791941
0.000617723
0.000623637
0.000627968
0.000783918
0.000566722
0.000583503
0.000625843
0.000719782
0.000536238
0.000581547
0.000588748
0.000565491
0.000712495
0.000650727
0.0005604
0.000683899
0.000552037
0.000681589
0.000592365
0.000614247
0.000592974
0.000826574
0.000664807
0.00077736
0.000638378
0.000686508
0.000692905
0.000617467
0.000746867
0.000682749
0.000756258
0.000580395
0.000646524
0.000555945
0.000687938
0.00073952
0.000581975
0.000530666
0.000646583
0.000559719
0.000600617
0.000558648
0.000625582
0.000596238
0.000547485
0.000557106
0.00053767
0.000578136
0.000672383
0.000654813
0.000644086
0.000573998
0.000658261
0.000677404
0.000759036
0.00100567
0.000715077
0.000562504
0.000554596
0.000774498
0.000606302
0.000702101
0.000549641
0.000699287
0.000539238
0.000540983
0.000632185
0.000612146
0.000540395
0.000572477
0.000583148
0.000546846
0.000589622
0.000565781
0.00058449
0.000582411
0.000643611
0.000690675
0.000546502
0.000583427
0.000790847
0.000732066
0.000681297
0.000816599
0.000599063
0.000559081
0.000637054
0.000620319
0.000647098
0.000632647
0.000725546
0.000581775
0.000570948
0.000567916
0.000711
0.000596155
0.00057907
0.000539127
0.000629403
0.000553636
0.000574068
0.000567092
0.000680583
0.000568725
0.000558543
0.000602865
0.000559869
0.000618104
0.000617858
0.000637948
0.000851121
0.000801642
0.000858739
0.00102286
0.000860825
0.000563925
0.000559041
0.000880608
0.000711546
0.000555938
0.000668005
0.000552969
0.000635679
0.000555379
0.000560249
0.000597367
0.000836337
0.000593492
0.000549548
0.00056588
0.000565003
0.000580635
0.000711967
0.000548823
0.000588684
0.000566724
0.000572295
0.000638231
0.000636215
0.00057922
0.000802943
0.000958581
0.000779482
0.00116912
0.000747366
0.000667807
0.00059529
0.000571626
0.000843339
0.00058168
0.000609602
0.000598822
0.00057866
0.000591475
0.00062054
0.000568133
0.000537598
0.000555444
0.000606316
0.00062077
0.00073417
0.000566822
0.000606255
0.000554025
0.000551188
0.000622864
0.000585657
0.000740533
0.000611828
0.000571211
0.000772223
0.000683618
0.000574782
0.000626349
0.00053271
0.000671935
0.000582232
0.000546082
0.000596936
0.000564541
0.000645447
0.000647379
0.000623269
0.000628233
0.000645597
0.000525841
0.000539589
0.000559507
0.000542814
0.000648251
0.000590551
0.000598617
0.000559888
0.000537089
0.000557232
0.000559041
0.000548933
0.000629173
0.00067915
0.000721231
0.000662159
0.000597617
0.000557513
0.000597465
0.00061727
0.000586954
0.000570289
0.000577105
0.00067355
0.00061483
0.000709464
0.000579174
0.000580955
0.000576765
0.000550701
0.000573757
0.00061693
0.000602857
0.00066531
0.00056095
0.000564758
0.000596556
0.000593103
0.000563296
0.000744816
0.000537673
0.000578484
0.000562132
0.000566411
0.000550719
0.000769005
0.000687954
0.000607993
0.000538879
0.000618839
0.000593941
0.000581802
0.000605831
0.0005968
0.000648073
0.000692566
0.000580112
0.000718553
0.000613052
0.000634082
0.00058635
0.000586089
0.000593422
0.000574995
0.0005557
0.000817764
0.000824959
0.000678266
0.000545537
0.000572701
0.00056051
0.000559406
0.000566287
0.000722475
0.000747207
0.000619603
0.000656916
0.000552916
0.000543164
0.000575173
0.000537819
0.000633747
0.000601498
0.000591649
0.000536757
0.000569267
0.000539837
0.000572027
0.000581245
0.000526977
0.00053843
0.000649598
0.000683419
0.00058128
0.00071814
0.000617856
0.00057191
0.000526172
0.000820645
0.000559279
0.000570395
0.000557594
0.000605343
0.000545716
0.00053937
0.000566568
0.000539934
0.000583748
0.000761671
0.000604221
0.000566941
0.000575953
0.000812514
0.000621674
0.000573368
0.000631195
0.00055398
0.000609196
0.000573915
0.00056428
0.000580059
0.000563109
0.000749757
0.00068644
0.000542777
0.000564281
0.00056098
0.000580324
0.000550787
0.000544327
0.000557199
0.000567052
0.000552459
0.00054524
0.00059104
0.000561204
0.000654277
0.000591029
0.000590141
0.000847514
0.000596819
0.000586166
0.000566437
0.000726102
0.000578798
0.00063583
0.000607623
0.00055917
0.000715598
0.000564215
0.00059913
0.000562774
0.000666075
0.00088771
0.000773921
0.000585375
0.000571462
0.00069899
0.000549412
0.000553917
0.000714511
0.000563691
0.000660218
0.000608208
0.000553214
0.00061942
0.000553008
0.000565618
0.00057443
0.000560822
0.00056915
0.000656448
0.000579276
0.000573007
0.000559619
0.000614246
0.00054122
0.000587829
0.000692906
0.000572804
0.000558907
0.000748707
0.000586353
0.000573106
0.000567682
0.000589305
0.000530321
0.000782026
0.000603155
0.000562239
0.000728508
0.000544339
0.000571446
0.000537577
0.000607272
0.000608075
0.000547707
0.000556896
0.000662045
0.00062123
0.000529884
0.000621553
0.000624368
0.000560404
0.000581857
0.000584954
0.000589941
0.000538374
0.000535849
0.000507791
0.000616656
0.000723487
0.000671801
0.000903895
0.000993038
0.000567228
0.000705544
0.000829246
0.000871872
0.000730434
0.000676088
0.000576579
0.000550928
0.000599831
0.000581537
0.000551968
0.000570023
0.000736815
0.000607084
0.000562288
0.000669169
0.000554811
0.00062129
0.000815726
0.000606033
0.000676186
0.000613979
0.000597214
0.000714791
0.000875868
0.000708208
0.000569509
0.000563641
0.000570824
0.000580529
0.000869108
0.000734553
0.000605606
0.000570894
0.000607373
0.000581636
0.000562843
0.000610815
0.000590451
0.000636293
0.000602138
0.000576718
0.000686885
0.00060098
0.00061323
0.000693672
0.000547631
0.000681105
0.00056281
0.000689222
0.000567813
0.00062657
0.000694715
0.000674056
0.000612083
0.000596512
0.000596613
0.000689378
0.000880145
0.000675362
0.000665167
0.000586573
0.000562598
0.000557421
0.000647845
0.000581884
0.000658403
0.000682573
0.000641835
0.000715117
0.000702228
0.000554178
0.000766675
0.000873223
0.000643684
0.000797065
0.000592316
0.000560922
0.000570309
0.000585722
0.000697601
0.000701048
0.000618207
0.000582343
0.000580906
0.000654923
0.000576699
0.000573537
0.000605322
0.000582479
0.00056494
0.000583315
0.000578492
0.000542015
0.000649658
0.000607196
0.000630326
0.000632225
0.000713415
0.00059828
0.000575149
0.000593345
0.000586387
0.000731903
0.000567951
0.000550113
0.000632722
0.000559921
0.000569429
0.000627655
0.000710514
0.000628428
0.000553817
0.000600413
0.000573397
0.000610834
0.000655833
0.000541133
0.000597239
0.000570715
0.000570717
0.000549818
0.00056332
0.000596004
0.000535837
0.000590065
0.000556479
0.000556135
0.000556557
0.000585707
0.000592893
0.00054401
0.000546282
0.000603739
0.000647909
0.000641362
0.000545611
0.000547721
0.00056999
0.000548166
0.00056955
0.000633855
0.000578016
0.000641605
0.000554578
0.000767746
0.00059925
0.00055926
0.000595907
0.000597797
0.000613688
0.00058822
0.000620974
0.000688637
0.000785504
0.00077682
0.000951226
0.000686907
0.000708114
0.000625103
0.000629239
0.000746415
0.000772183
0.000582657
0.000554144
0.000541758
0.000552685
0.000553904
0.000636242
0.000706602
0.00061961
0.000575255
0.000565031
0.00057008
0.000576268
0.000755754
0.00056604
0.000739955
0.000551104
0.000592405
0.00054598
0.000578108
0.000582571
0.00054251
0.000564525
0.00054899
0.000541161
0.000546201
0.000686322
0.000609763
0.000538514
0.000636414
0.000607105
0.000609237
0.000660666
0.000560657
0.000793797
0.000568755
0.000557809
0.000733922
0.000634977
0.000727276
0.000574209
0.000565792
0.000618708
0.00058961
0.000738622
0.000592113
0.000581204
0.000557961
0.000572843
0.000571356
0.00056181
0.000609251
0.000757559
0.000730142
0.00069322
0.000554106
0.000950153
0.000576759
0.000561751
0.000635867
0.000581478
0.000877958
0.000592259
0.000640975
0.000586486
0.000559858
0.000624912
0.000656647
0.000694572
0.000621136
0.000538185
0.000552545
0.000538604
0.000620871
0.000556231
0.000886937
0.00054981
0.000561401
0.000575023
0.000584934
0.000588331
0.000573905
0.00079261
0.000585817
0.000591731
0.000543284
0.000644501
0.000566349
0.000551148
0.000617346
0.00055754
0.000662802
0.000649041
0.000567304
0.000607634
0.000558241
0.000601836
0.000574411
0.000677089
0.000595152
0.000585353
0.000556055
0.000707834
0.000585137
0.00057283
0.000573102
0.000727374
0.000560234
0.000659199
0.000593432
0.00055014
0.000546575
0.000563953
0.000571352
0.000702312
0.000568648
0.000573195
0.000597299
0.000606444
0.000648022
0.000639938
0.000543117
0.000890545
0.000559692
0.000601091
0.000548737
0.000564222
0.000609108
0.000815323
0.000604691
0.000569344
0.000575785
0.000566517
0.000714497
0.000718626
0.000573471
0.000712849
0.000579318
0.00054975
0.000588466
0.000588968
0.000557484
0.000694924
0.000745996
0.000578413
0.000589077
0.000688746
0.000617713
0.000556514
0.000702841
0.000598241
0.000626375
0.000806304
0.000660305
0.000559854
0.000568175
0.000573693
0.000616695
0.000694952
0.000600996
0.00057667
0.00054781
0.000579032
0.000775498
0.00071535
0.000569071
0.000559987
0.000532496
0.000591625
0.00070603
0.000628507
0.000720374
0.000821231
0.000800007
0.000999822
0.000580301
0.000611296
0.00069875
0.000744202
0.000659269
0.000584878
0.000651787
0.000609792
0.000670274
0.00059919
0.00068688
0.00063118
0.000715454
0.000575798
0.000592388
0.000560973
0.000619667
0.000592785
0.000556523
0.000581034
0.000586804
0.000550333
0.000572465
0.000572351
0.000663515
0.00057997
0.000543935
0.000556962
0.000650717
0.000556305
0.000567417
0.000610333
0.00060051
0.000650504
0.000581806
0.000575286
0.000735251
0.000632299
0.000625433
0.000655728
0.000697962
0.000605471
0.000561155
0.000570675
0.000551211
0.00061858
0.000571058
0.000574622
0.000553075
0.000588779
0.000581854
0.000551994
0.000575935
0.000561139
0.000882878
0.000568133
0.000551783
0.000546945
0.000655367
0.000652156
0.000604084
0.000612174
0.000652799
0.000610254
0.000578481
0.000587223
0.000677841
0.000636307
0.000643628
0.000795645
0.000769312
0.000590586
0.000570655
0.000563143
0.000738044
0.00061303
0.000604249
0.000592471
0.000572348
0.000560594
0.000560382
0.000568888
0.000597201
0.000571951
0.000582335
0.000576705
0.000560175
0.00063097
0.000584491
0.000719458
0.000572284
0.000583722
0.000590442
0.000548462
0.000626963
0.00058653
0.000724696
0.000599232
0.000774437
0.000885753
0.000647727
0.000596036
0.000646318
0.000593397
0.000644444
0.00057109
0.000787544
0.000723104
0.000564456
0.000583343
0.000556711
0.000584388
0.000537918
0.0005601
0.00058994
0.000566575
0.000815687
0.000645992
0.00056179
0.000607254
0.000598082
0.000543163
0.00057748
0.000568991
0.000555415
0.000588586
0.000793508
0.000722341
0.000607845
0.000669776
0.000572171
0.000579524
0.000570632
0.00056946
0.000640242
0.000616088
0.00061764
0.000792251
0.000578032
0.000656156
0.00059632
0.000571704
0.000568437
0.00056368
0.000647748
0.000792379
0.000610134
0.000576623
0.000568429
0.000561598
0.000571674
0.000566978
0.000694836
0.000552354
0.000576878
0.000726863
0.00060967
0.00079154
0.00063177
0.000630027
0.000579521
0.000610954
0.000548758
0.00055349
0.000754855
0.000672859
0.000744698
0.000693417
0.000643302
0.000563978
0.000712319
0.000763152
0.000554605
0.000571017
0.000717268
0.000679837
0.00061427
0.000683427
0.000535388
0.000618374
0.000560442
0.000545397
0.000583898
0.000718487
0.00080186
0.000745514
0.000584117
0.000630761
0.00068148
0.000674417
0.000589336
0.00054457
0.000654376
0.000570819
0.000694377
0.000606463
0.000544367
0.000550649
0.000638866
0.000644299
0.000674576
0.000582812
0.000540158
0.000562979
0.00056455
0.00055965
0.000606181
0.000723948
0.000840908
0.000555188
0.000550875
0.000554541
0.000584949
0.000573502
0.000724753
0.000681527
0.000603639
0.000746609
0.000555413
0.00070386
0.000568664
0.000550285
0.000554197
0.000532451
0.000574563
0.000533549
0.000574348
0.000554931
0.000725411
0.000586834
0.000635082
0.000531947
0.000698116
0.000531875
0.000580161
0.000564534
0.000606624
0.00058377
0.000715418
0.000592623
0.000547845
0.000568035
0.000515694
0.000673345
0.000664621
0.000549473
0.000755433
0.000577611
0.000590324
0.000662018
0.000551644
0.000546241
0.000603544
0.000648563
0.000597808
0.000624835
0.000805015
0.00073665
0.000538102
0.000566954
0.000591044
0.000548967
0.00065076
0.000606326
0.000629135
0.000608533
0.000582935
0.000651528
0.000701705
0.000570246
0.000577376
0.000584343
0.000546353
0.000731676
0.00089165
0.000912328
0.000975106
0.000766712
0.000562343
0.000611232
0.000955828
0.00056977
0.000679019
0.000699163
0.000623991
0.000742381
0.00070263
0.000581385
0.000912885
0.000691923
0.000698518
0.000676983
0.000827727
0.000614105
0.000561247
0.00067595
0.00064399
0.000819504
0.00093993
0.00083731
0.00059531
0.000728787
0.000613599
0.000652491
0.000630614
0.000568869
0.000813257
0.000646683
0.000800731
0.000663427
0.000812049
0.000590757
0.00058717
0.000593363
0.000795749
0.000553291
0.000577803
0.00053816
0.000633671
0.00066912
0.000597717
0.000734686
0.000793643
0.000619799
0.000648114
0.000638476
0.000644887
0.000728399
0.000667833
0.000643609
0.00073007
0.00058605
0.000689704
0.000768943
0.000928539
0.000879716
0.000670804
0.000572895
0.000684001
0.000752009
0.00094502
0.000673768
0.000578622
0.000538532
0.00055683
0.00067808
0.0005545
0.000573951
0.000564176
0.000662682
0.000584848
0.000842431
0.000555792
0.000588655
0.000575789
0.000582502
0.000604085
0.000714672
0.00070495
0.000752632
0.000571833
0.000555858
0.000603822
0.000577357
0.000552526
0.000603512
0.000552382
0.000595353
0.000565082
0.000724158
0.000562401
0.000553771
0.000558199
0.000560177
0.000621191
0.000671039
0.000597426
0.000550465
0.000632251
0.000603906
0.000547415
0.000572075
0.000686258
0.000559832
0.000609514
0.000591759
0.000590986
0.000583229
0.000838089
0.000591302
0.000556922
0.000587702
0.000520448
0.00058019
0.000537663
0.000572495
0.000566655
0.000537016
0.000619072
0.000692457
0.00065368
0.000624135
0.000552823
0.000550116
0.000559678
0.000586878
0.000605877
0.000568958
0.000585101
0.000562446
0.000553976
0.000574822
0.000579518
0.000629151
0.000596299
0.000572718
0.000657326
0.000561905
0.000661293
0.000838078
0.000582779
0.000614553
0.000556515
0.000569412
0.000633004
0.000606892
0.000545163
0.000539652
0.00068072
0.000593678
0.000575354
0.000576706
0.000576112
0.00053715
0.000547285
0.000751562
0.000559558
0.000539348
0.00062576
0.000572417
0.000540707
0.000681579
0.000587934
0.000569614
0.000590866
0.000615027
0.000592273
0.000558121
0.000582411
0.00054478
0.000569188
0.000715454
0.000585704
0.00055879
0.000546943
0.000539352
0.000669689
0.000556875
0.000638999
0.000598887
0.000592851
0.000611765
0.00072534
0.0006235
0.00057076
0.000578221
0.000532859
0.000568458
0.000598635
0.000558199
0.000566759
0.000576705
0.000546674
0.000551195
0.000545637
0.000626732
0.000592017
0.000937779
0.00090703
0.000753409
0.000848397
0.000554783
0.000549566
0.00060318
0.000588251
0.000548365
0.00052847
0.000605024
0.000576922
0.000868785
0.000554648
0.000572275
0.000568244
0.000577088
0.000550768
0.000624003
0.000576544
0.000652844
0.00054222
0.000657159
0.000554645
0.000542198
0.000533692
0.000671678
0.000611085
0.000552858
0.000572202
0.000526256
0.00057301
0.000695098
0.000592063
0.000728034
0.000729662
0.000582035
0.000568312
0.000593965
0.000605581
0.000611612
0.000571484
0.000669983
0.000562216
0.000565319
0.000555171
0.000593516
0.00067447
0.000553826
0.000588038
0.000535527
0.000561062
0.000569762
0.000547541
0.000556282
0.000544215
0.000551364
0.000551761
0.000545848
0.000574679
0.000576275
0.000698729
0.000635781
0.00066495
0.000615723
0.000553266
0.000590274
0.000613357
0.000552799
0.000579778
0.000562495
0.000583676
0.00077895
0.000559042
0.000843086
0.00074412
0.000595254
0.00062796
0.000577885
0.000676192
0.000560053
0.000567357
0.000584208
0.000561983
0.000589223
0.000556405
0.000571602
0.000613356
0.000642435
0.000550971
0.00056881
0.000602637
0.000549342
0.000532562
0.000618102
0.000602565
0.000599823
0.000556242
0.000547733
0.000753153
0.00056344
0.000547224
0.000559635
0.000596555
0.000565517
0.0006311
0.000546191
0.000601666
0.00056698
0.000553643
0.000599704
0.000594063
0.000570338
0.000588799
0.000577877
0.000641421
0.000532311
0.000559041
0.000545414
0.000730721
0.000594544
0.000716316
0.000561417
0.000598324
0.000548281
0.00056403
0.000713729
0.000769485
0.000589193
0.00062612
0.000589658
0.000602548
0.000547456
0.000516073
0.000568344
0.00062936
0.000570101
0.000694062
0.000596278
0.000629638
0.000586176
0.000551493
0.000575135
0.000569025
0.000527022
0.000593689
0.000532584
0.000564323
0.00060543
0.000579199
0.00055931
0.000544559
0.000628247
0.000570844
0.000555417
0.000601539
0.00060385
0.000670105
0.000738932
0.000731256
0.000558232
0.000592217
0.000544001
0.000545193
0.000546414
0.000625688
0.000553759
0.000721097
0.000619031
0.000591065
0.000672626
0.000646231
0.000565569
0.0005905
0.000580415
0.000550665
0.000576404
0.000559724
0.00071756
0.000568419
0.000544548
0.00054898
0.000543956
0.000601239
0.000584802
0.000563017
0.000557778
0.000636299
0.000821653
0.000798705
0.000651877
0.000550909
0.000812084
0.000663672
0.000560638
0.000557514
0.000579777
0.00100634
0.000852645
0.000596577
0.000602785
0.000599973
0.000532101
0.00057796
0.000548233
0.000829887
0.000597975
0.000562315
0.000607794
0.000544982
0.000561431
0.000561973
0.000704688
0.000549905
0.000551178
0.000580775
0.00058598
0.000565363
0.000576236
0.000642723
0.000755316
0.000571284
0.00057477
0.000576559
0.000607542
0.000591842
0.000568416
0.000620872
0.000622213
0.000671717
0.000596549
0.000630516
0.000902797
0.000575051
0.000572966
0.000690986
0.000619297
0.000591085
0.000539121
0.000588247
0.000547737
0.000550451
0.000571642
0.000598423
0.000560326
0.000551799
0.000556707
0.000546572
0.000592665
0.000597559
0.000637012
0.000582248
0.000535273
0.000628398
0.000565102
0.000547721
0.00063873
0.000552565
0.000583543
0.000627922
0.000589128
0.000575262
0.000663991
0.000600706
0.000541005
0.000540118
0.000691416
0.000551502
0.000563137
0.000528454
0.000612276
0.000589103
0.000606466
0.000591708
0.000559928
0.00059108
0.000597679
0.000547379
0.000568145
0.000574229
0.000558553
0.000574449
0.000661024
0.0006629
0.000551903
0.000584695
0.000608675
0.000597612
0.000569309
0.000596388
0.000552308
0.000699565
0.000616156
0.000556387
0.000533843
0.000596691
0.000551856
0.000549242
0.00057949
0.000588628
0.000548115
0.000577741
0.000566205
0.000567298
0.0007081
0.000649391
0.000556053
0.000560764
0.000570462
0.000558178
0.000569843
0.000514093
0.000566914
0.000604303
0.000650192
0.000575821
0.000607032
0.00063917
0.000703129
0.000553658
0.000566893
0.000549383
0.000641159
0.000630444
0.000615455
0.000700112
0.000626329
0.000557549
0.000547182
0.000570783
0.000588407
0.000549668
0.000626425
0.000553416
0.000594027
0.000640023
0.000749617
0.000598674
0.000589624
0.000553619
0.000591672
0.000590961
0.000546836
0.000624031
0.0005605
0.000679417
0.000643281
0.000558732
0.000629375
0.000552212
0.000547717
0.000602009
0.000558804
0.000898375
0.000548762
0.000797774
0.000666129
0.000654752
0.000563532
0.000760767
0.000554861
0.000593597
0.00054876
0.000727777
0.000584715
0.000527704
0.000540812
0.000669725
0.000622892
0.000614464
0.000586462
0.000580926
0.000555876
0.000585937
0.000600276
0.000746743
0.000603143
0.000734088
0.000748672
0.000571894
0.000567768
0.000599283
0.000552876
0.000779833
0.000779957
0.000613979
0.000553099
0.000551243
0.000569408
0.000560305
0.000561138
0.000567091
0.000544373
0.000817224
0.000555016
0.000561871
0.000653733
0.000570254
0.000559622
0.000577763
0.000565741
0.000527245
0.000548117
0.000700463
0.000580961
0.00062781
0.000672122
0.000644531
0.000573852
0.000641818
0.000580887
0.000553557
0.000561325
0.000789876
0.000597743
0.000650463
0.000658259
0.000565223
0.000557622
0.000792317
0.000582223
0.000561486
0.000670888
0.000562276
0.000568439
0.00056044
0.000538921
0.000749449
0.00056894
0.000614487
0.000585582
0.000581177
0.000534029
0.000652942
0.000596161
0.000706483
0.000614569
0.000578324
0.000535819
0.000562945
0.00054936
0.000580065
0.000552139
0.000568327
0.000590321
0.000694178
0.000619882
0.000717714
0.00063013
0.000576163
0.000638613
0.000568442
0.000532927
0.000573209
0.000759739
0.0006298
0.000594088
0.000558063
0.000538218
0.000571915
0.000576117
0.000642778
0.000603589
0.000561465
0.000711338
0.00055795
0.000553211
0.00066662
0.000789892
0.000686888
0.000650232
0.000724948
0.00084938
0.00063573
0.000579137
0.000625149
0.000712541
0.000585821
0.00060694
0.000548388
0.00076691
0.000628175
0.000551149
0.000578865
0.00056524
0.000570305
0.000552408
0.000782151
0.000617509
0.000549501
0.000654567
0.000608449
0.000555204
0.000578551
0.000583799
0.000547624
0.000635738
0.000591922
0.00064233
0.000582283
0.000693871
0.000599491
0.000602661
0.000573606
0.000611969
0.000547186
0.000654819
0.000640669
0.000597319
0.00069085
0.000767496
0.000574896
0.000561665
0.000573466
0.000565738
0.000559294
0.000587824
0.000576698
0.000703591
0.000614948
0.000550528
0.00053725
0.000564124
0.0005436
0.000541255
0.000601144
0.000546671
0.000570804
0.000552712
0.000600237
0.000655027
0.000691731
0.000584445
0.000616729
0.000568586
0.00055258
0.000580855
0.000809896
0.000577083
0.000565454
0.0005645
0.00056555
0.000656657
0.000588707
0.000592737
0.000606901
0.000557657
0.000572322
0.000562036
0.000618924
0.000614841
0.000678547
0.000580092
0.000542395
0.000549304
0.000579221
0.000666036
0.000641304
0.000547649
0.000573651
0.000648601
0.000623072
0.00055869
0.000582773
0.000576006
0.000831311
0.000591121
0.000593472
0.000556114
0.000635084
0.000562468
0.000548612
0.0006363
0.000583506
0.00062953
0.00055679
0.000543249
0.000573032
0.000570879
0.000573803
0.000655387
0.000632413
0.000589175
0.000597643
0.000564599
0.000694486
0.000568584
0.000559917
0.000536667
0.000582122
0.000642646
0.000574035
0.000654517
0.000742254
0.000590783
0.000645609
0.000577759
0.000600542
0.000526775
0.000615599
0.000634981
0.000592922
0.000541465
0.000582523
0.000677424
0.00054031
0.000576344
0.000563624
0.000551328
0.000618321
0.000572103
0.000731924
0.000618526
0.000567818
0.0006126
0.000562273
0.000551983
0.000552214
0.000574259
0.000558639
0.000560639
0.00053716
0.000549027
0.00057177
0.000586272
0.000596154
0.000543096
0.00065466
0.000583447
0.000654039
0.000844229
0.000568298
0.000591069
0.000606931
0.000560118
0.000752215
0.000564175
0.000582024
0.000588843
0.000552754
0.000552409
0.000558447
0.000677434
0.0005899
0.000544916
0.000549052
0.000539361
0.000540649
0.000668101
0.000690141
0.000592621
0.000563902
0.000566892
0.000553189
0.000543907
0.000587473
0.000606979
0.000539551
0.000588966
0.000821939
0.000588458
0.000604989
0.000551346
0.000601041
0.000593389
0.000643851
0.00056511
0.000575806
0.000558719
0.000822731
0.000535347
0.000564946
0.00060314
0.000590439
0.000542757
0.000557094
0.000558751
0.000752887
0.000585814
0.000638558
0.000549934
0.000556894
0.000535737
0.000583894
0.000553625
0.000531635
0.000587306
0.000580428
0.00072897
0.000664171
0.000973425
0.000681229
0.000562502
0.000578991
0.000673085
0.000791844
0.000661403
0.000684409
0.000754632
0.000614355
0.000808389
0.000639362
0.000586348
0.000669575
0.000587353
0.000561341
0.000624895
0.000570183
0.000650616
0.000538311
0.000547447
0.000529856
0.000552001
0.000571059
0.000560279
0.000530426
0.000559872
0.000551906
0.000723454
0.000636438
0.000737785
0.000579961
0.00060121
0.000643954
0.000606108
0.000565055
0.000556696
0.000919578
0.000546958
0.000558333
0.000572044
0.000631196
0.000619654
0.000713282
0.000759639
0.000557411
0.000567908
0.000549631
0.000558047
0.000547762
0.000689166
0.000564687
0.00055189
0.000708546
0.00057157
0.000594285
0.000556476
0.000553959
0.000764476
0.00061776
0.000610658
0.000593294
0.000540983
0.000548708
0.000641822
0.000622656
0.000552839
0.000632702
0.00061815
0.000562021
0.000527582
0.000543413
0.000623513
0.00063066
0.000819048
0.000695725
0.000795739
0.000548837
0.000617282
0.000575361
0.000744275
0.000619046
0.000565002
0.000571033
0.000579673
0.000534681
0.000617134
0.000589079
0.00057421
0.000842224
0.000658497
0.000890564
0.00062092
0.000577255
0.000561626
0.000772707
0.000584155
0.00059552
0.000545333
0.000549755
0.000542845
0.000534324
0.000565161
0.000570448
0.000597707
0.000774943
0.000645293
0.000686319
0.00053074
0.000565687
0.000559096
0.000593682
0.000566722
0.000639192
0.000540071
0.000555527
0.000582183
0.000560836
0.000591029
0.000562536
0.000632055
0.000626935
0.000647144
0.000799254
0.000579881
0.000593274
0.000620706
0.000563742
0.000562524
0.000554214
0.000603512
0.000558184
0.000555755
0.000571574
0.000544396
0.00055909
0.000665366
0.000931347
0.000575124
0.000557187
0.000547048
0.000550367
0.00097532
0.000637862
0.000622557
0.000605329
0.000580654
0.000589888
0.000639019
0.000547026
0.000712089
0.00059746
0.000608195
0.000573303
0.000601595
0.000584104
0.000587909
0.000690634
0.000554571
0.000561737
0.000570251
0.000551323
0.00058538
0.000619642
0.000536401
0.000641405
0.000671887
0.000555647
0.000637303
0.000564207
0.000556192
0.000544887
0.000620719
0.000676846
0.000651452
0.000579073
0.000597595
0.000562989
0.000630019
0.000663627
0.000574118
0.000580723
0.000545362
0.000547785
0.000816391
0.000660388
0.000572015
0.00060891
0.000544043
0.000702683
0.000557743
0.000650831
0.000677985
0.000548978
0.000674881
0.000688506
0.000735936
0.000790352
0.000619873
0.00060636
0.000550852
0.000557174
0.000678968
0.000576197
0.000562972
0.000702587
0.000566718
0.000544975
0.000565907
0.000536546
0.000527911
0.000545243
0.000564486
0.00055231
0.000724503
0.000670853
0.000646965
0.000583355
0.00060849
0.000560888
0.000548306
0.000626364
0.000561969
0.000559139
0.000536613
0.000565723
0.00059708
0.000608406
0.00064249
0.00062463
0.000598816
0.000597913
0.000546255
0.000563028
0.00080013
0.000657341
0.000589647
0.000586738
0.000529081
0.000609164
0.000535831
0.00054972
0.000555761
0.000562561
0.00058039
0.000678237
0.000558218
0.000581319
0.000607459
0.000577175
0.000612811
0.000558929
0.000532301
0.000825977
0.000548616
0.000554497
0.000598308
0.000582313
0.000563037
0.000792783
0.000600628
0.000636422
0.000538075
0.000556046
0.000555123
0.000562794
0.000635013
0.000566078
0.000561939
0.000553287
0.000614722
0.000549431
0.000601703
0.000623692
0.000569269
0.000559621
0.000703877
0.000639497
0.000623627
0.000555058
0.000668889
0.000542307
0.000549043
0.00057127
0.000543539
0.000571065
0.000563098
0.000551731
0.000592162
0.000607562
0.000911421
0.000620601
0.000597015
0.000564922
0.000550947
0.000560336
0.000687113
0.000599439
0.000585168
0.000541861
0.000578575
0.000573372
0.000563255
0.000617313
0.000571057
0.000553245
0.000552247
0.000590694
0.00059708
0.000570737
0.000535079
0.000651602
0.000559332
0.00059742
0.000628244
0.000631215
0.000563004
0.000725593
0.000545028
0.000545117
0.000602181
0.000685775
0.000623514
0.00060059
0.000704053
0.000583816
0.000627296
0.000575585
0.000548464
0.000540731
0.00055096
0.000550603
0.00056021
0.000681081
0.000578397
0.00054162
0.00057673
0.000555713
0.000541953
0.000552448
0.000590951
0.000558472
0.000590135
0.000633286
0.00055986
0.000562184
0.000674502
0.000595889
0.00057874
0.000568565
0.000595673
0.000567684
0.000566167
0.000819388
0.00057065
0.000582481
0.000578758
0.000596586
0.00077483
0.000613191
0.000550964
0.000587892
0.00057226
0.000543468
0.000531931
0.000616758
0.000530245
0.0005552
0.000625557
0.000541934
0.000555139
0.000567705
0.000651609
0.000605804
0.000727207
0.000567095
0.000555699
0.000584283
0.000537565
0.000567113
0.000574836
0.000708855
0.000582953
0.000807849
0.000953254
0.000613838
0.000573595
0.000662742
0.000620215
0.000560501
0.000632217
0.000778647
0.000611437
0.000589916
0.000550351
0.000553991
0.000570516
0.000699494
0.00068166
0.000634733
0.000687191
0.000607269
0.000617324
0.000666615
0.00055416
0.000649252
0.000717994
0.000565882
0.000716184
0.000545758
0.000702018
0.000570187
0.000697419
0.000644294
0.000575709
0.000562206
0.000553965
0.000680782
0.000626319
0.000591776
0.000693873
0.000564124
0.000548879
0.000563465
0.000565504
0.000621745
0.000642924
0.000590965
0.000751052
0.00056659
0.000713529
0.000573189
0.00075394
0.000694588
0.00055605
0.000813474
0.000562438
0.000629431
0.000575141
0.000708573
0.000610367
0.000764114
0.000704966
0.000571232
0.000538913
0.000588553
0.000732302
0.000597248
0.000541259
0.000575567
0.000562865
0.000557115
0.000633585
0.000582262
0.000547805
0.000592541
0.000588516
0.000833509
0.00069763
0.000661257
0.000745808
0.000595256
0.000618576
0.000650477
0.000620763
0.000602238
0.000541934
0.000602842
0.000595074
0.000580517
0.00112202
0.000605857
0.000611944
0.000576006
0.000580161
0.000558034
0.000675253
0.000688159
0.000588323
0.000587302
0.000541443
0.000559717
0.000578637
0.000538062
0.000574502
0.000755041
0.000567133
0.000662533
0.000673154
0.000599423
0.00055072
0.000647668
0.000690615
0.000537562
0.000570566
0.000568873
0.000608096
0.00057009
0.000561809
0.000680941
0.000527924
0.000587031
0.000584214
0.00055886
0.000561266
0.000567933
0.000797774
0.000598205
0.000595257
0.000597105
0.000551966
0.000541635
0.000683121
0.000531939
0.000571155
0.0005902
0.000650168
0.000607457
0.000595143
0.000563288
0.000603339
0.000544709
0.000586095
0.00060077
0.000833117
0.000554278
0.000527412
0.000537492
0.000562833
0.000604131
0.000626742
0.000579171
0.000624496
0.000714349
0.000572682
0.000598333
0.000651565
0.000546206
0.000571425
0.000552863
0.000625044
0.000556442
0.000567162
0.000642426
0.000550689
0.000651551
0.000571736
0.00065986
0.000797514
0.000825283
0.000659684
0.000533856
0.000768227
0.000617117
0.000918929
0.000614116
0.000604993
0.000593605
0.00066628
0.000719539
0.000666503
0.000643634
0.000557538
0.000589119
0.000550998
0.000761106
0.000562909
0.000859814
0.000585523
0.000568848
0.000571551
0.000583953
0.000598408
0.000574918
0.000696421
0.000586348
0.000908307
0.000937891
0.000698326
0.000582031
0.000572574
0.000638565
0.000683931
0.00061049
0.000547756
0.00073981
0.000576768
0.000622013
0.000636333
0.000545516
0.000579987
0.000547873
0.000590341
0.000724076
0.000618995
0.000554583
0.000610805
0.000797713
0.00074104
0.000636506
0.000577168
0.000587993
0.000703779
0.000554651
0.000555199
0.000605524
0.000691949
0.000552397
0.000602255
0.000567327
0.000674927
0.000736738
0.000661647
0.000546444
0.000574151
0.00059133
0.00067032
0.000904758
0.000960621
0.000601907
0.000586498
0.000569542
0.000553694
0.000695285
0.000752026
0.000693462
0.000557717
0.000556144
0.000652757
0.000605516
0.00059824
0.000619218
0.000582777
0.000720707
0.000688056
0.000889434
0.000772271
0.000648936
0.000550148
0.00058337
0.000552877
0.000695336
0.00063366
0.000627635
0.000596133
0.000557938
0.000774395
0.000691684
0.000600898
0.00062882
0.00063
0.000681591
0.000586485
0.000852451
0.000554105
0.000577099
0.000707765
0.000565044
0.000552814
0.00065343
0.000634924
0.000564899
0.000532559
0.000705499
0.000669984
0.000539343
0.000546902
0.000608542
0.000560774
0.000584251
0.000558894
0.000619287
0.000635129
0.000550955
0.000551771
0.000570615
0.000719134
0.000603938
0.00081768
0.000550699
0.000550252
0.000592559
0.000576529
0.00056118
0.000732931
0.000600529
0.000558222
0.000600631
0.00055472
0.000559673
0.000640804
0.000559796
0.000794921
0.000579825
0.000606976
0.000569753
0.00057533
0.000558157
0.000612885
0.00062145
0.000592848
0.000644517
0.000588724
0.000595136
0.00070796
0.000758229
0.000693018
0.000560366
0.000638299
0.000556152
0.000565071
0.000553898
0.000602771
0.000542195
0.000581412
0.000565068
0.000531627
0.000559814
0.000570675
0.000585189
0.000575881
0.000595934
0.000546955
0.00056422
0.00057785
0.000561852
0.000597593
0.000582656
0.000559259
0.00059347
0.000559259
0.000566081
0.000672474
0.000650463
0.000575086
0.000573733
0.000590006
0.000594147
0.000695315
0.000597777
0.000587285
0.000543084
0.000562136
0.000682929
0.000563452
0.000588146
0.00055105
0.000605643
0.000573255
0.00056343
0.000576867
0.000549459
0.000580516
0.000549224
0.00068431
0.000552419
0.000560055
0.000555143
0.000534171
0.000574294
0.000634443
0.00075685
0.000564619
0.000585214
0.000615254
0.000745601
0.000562172
0.000556948
0.000655614
0.00056176
0.00056067
0.000641661
0.000726788
0.000565181
0.000557466
0.000731616
0.000564072
0.000643389
0.000623138
0.000574967
0.000588592
0.000614037
0.00061216
0.000565775
0.000568398
0.000598067
0.000553761
0.000716215
0.000543872
0.000566076
0.000633459
0.000572794
0.000578334
0.000560139
0.000578777
0.000598014
0.000671785
0.000555354
0.000598625
0.000646832
0.000581416
0.000545857
0.000601617
0.000578349
0.000554759
0.00056323
0.000558831
0.000586828
0.000544636
0.000616274
0.000604881
0.000583452
0.000574621
0.000563074
0.000603932
0.000747124
0.000633564
0.000613185
0.000564319
0.000582633
0.000571954
0.000618927
0.000584772
0.000534859
0.000542694
0.000538999
0.000649398
0.000635164
0.000768453
0.000577759
0.000715069
0.000575575
0.000544188
0.000568155
0.000591066
0.000693686
0.000644414
0.000623731
0.000547567
0.000543058
0.00059132
0.000557532
0.000541376
0.000553257
0.000578783
0.000661345
0.00065873
0.000567369
0.000782884
0.000661517
0.000665956
0.000583647
0.00061659
0.000634769
0.000538997
0.000540038
0.000626149
0.00061036
0.000641977
0.000654241
0.000772079
0.000656748
0.000662457
0.00065135
0.00057904
0.000703135
0.000553105
0.000708337
0.000592359
0.000634615
0.000590262
0.000560036
0.000545863
0.000625248
0.000658746
0.000735504
0.000591171
0.000575618
0.000642753
0.000541778
0.000578577
0.000621214
0.000551042
0.000618987
0.000559443
0.000570007
0.000559288
0.000614076
0.000626592
0.000634891
0.000584208
0.000570586
0.000623246
0.000606426
0.000547998
0.000621825
0.00060907
0.000610028
0.000614717
0.00053219
0.000602201
0.000526066
0.00060595
0.000565359
0.000536878
0.000587342
0.00059647
0.000634459
0.000655907
0.0006203
0.000548991
0.000551025
0.000597009
0.000544469
0.000641723
0.000564838
0.000544773
0.000558832
0.000545825
0.000557656
0.00061633
0.000819769
0.000599136
0.000607136
0.000698924
0.000707551
0.000843381
0.000553483
0.000771432
0.000792294
0.000542427
0.000613595
0.000684712
0.000628086
0.00104076
0.000998549
0.000670457
0.000752494
0.000738428
0.000574644
0.000614493
0.000621221
0.000573949
0.000681068
0.000566975
0.000564421
0.000562464
0.000549124
0.000635594
0.000667639
0.000574624
0.000546787
0.000633693
0.000664462
0.000546343
0.0005736
0.000586308
0.000643962
0.000559234
0.000581991
0.000607085
0.00054488
0.000562769
0.000721555
0.000552531
0.000571922
0.000590378
0.000580263
0.000583269
0.000619259
0.000577464
0.000554619
0.000653225
0.000575241
0.000569876
0.000571508
0.000566255
0.000647694
0.000562139
0.000884458
0.000846869
0.000594176
0.000698398
0.00064461
0.000549538
0.000579053
0.000522183
0.000532213
0.000614305
0.000562319
0.000601794
0.00054664
0.000563207
0.000545392
0.000550337
0.000575977
0.00064084
0.000563559
0.000586054
0.000595335
0.000552787
0.000580263
0.000670573
0.000648746
0.000551294
0.000563417
0.000589019
0.000579444
0.000542563
0.000790549
0.000616593
0.000561852
0.000655443
0.000548168
0.000607845
0.000590155
0.000555681
0.000729359
0.000553422
0.000635054
0.00053385
0.000700271
0.000566749
0.000613299
0.000573612
0.000538201
0.000546649
0.000563428
0.000618346
0.000716022
0.00058058
0.000582931
0.000591303
0.000572714
0.000618011
0.00054263
0.000555755
0.000558442
0.000546015
0.000595508
0.00060085
0.000715135
0.000708441
0.000555198
0.000600936
0.000554727
0.00101938
0.000593513
0.00056691
0.000603201
0.000595743
0.000532016
0.000556319
0.000556853
0.000634616
0.000520396
0.000547455
0.000589037
0.00057707
0.000556126
0.000580037
0.000590244
0.000572709
0.000723056
0.000556175
0.000582902
0.000576408
0.000653346
0.000575379
0.000572355
0.000556826
0.000667772
0.000641061
0.000690954
0.000654474
0.000639345
0.000591879
0.000571826
0.000545049
0.000568203
0.000632409
0.000688855
0.000559505
0.000706647
0.000541305
0.000561289
0.000622527
0.000548528
0.000743333
0.000601584
0.000565333
0.000608621
0.000580356
0.000576222
0.000566021
0.00073326
0.000572912
0.000562821
0.000559519
0.000551843
0.000571665
0.000591973
0.000901671
0.000669706
0.000628452
0.000564532
0.000556935
0.00060345
0.0005789
0.000557527
0.000538707
0.000553379
0.000569305
0.000573414
0.000561548
0.000584818
0.000549744
0.000565691
0.000574074
0.000558756
0.00055485
0.00079038
0.000651854
0.000586374
0.000549498
0.000576733
0.000748826
0.000532111
0.000553884
0.000657138
0.00055695
0.000550195
0.000589246
0.000535194
0.000568395
0.000540901
0.00082625
0.00056299
0.000562266
0.000788407
0.000639938
0.000546012
0.000574109
0.000556557
0.000567845
0.000626474
0.000788892
0.000606478
0.000626868
0.00058731
0.000553709
0.000579406
0.000568077
0.000552922
0.00054899
0.00055544
0.000597959
0.00060542
0.00069771
0.000553804
0.00058988
0.000546282
0.000558958
0.000553221
0.000548974
0.000572411
0.000537756
0.000557899
0.000564603
0.000546322
0.00074304
0.000649874
0.000584888
0.000558359
0.000547454
0.00051829
0.000597745
0.000692004
0.000569766
0.000659655
0.000583026
0.000725773
0.000624381
0.000836997
0.000572972
0.000570144
0.000591275
0.000536836
0.000550515
0.000606842
0.000575707
0.000558249
0.000581319
0.000765418
0.000560548
0.000580958
0.00056744
0.000586561
0.000609211
0.000561659
0.000741988
0.000785352
0.000626257
0.000556106
0.000550179
0.000555395
0.000547371
0.000603753
0.000542716
0.000570343
0.000569845
0.000563432
0.000549048
0.000661367
0.000694227
0.000664636
0.000644505
0.000576994
0.000602663
0.000607639
0.000557751
0.00054977
0.000675433
0.000620841
0.000649229
0.000626723
0.000751112
0.000664698
0.000792902
0.000579298
0.000745236
0.000773849
0.000592408
0.000552056
0.000579366
0.000553127
0.000577751
0.000547712
0.000644793
0.000845476
0.000542357
0.000539771
0.000564551
0.000571042
0.000671953
0.000647769
0.000571991
0.000558283
0.000838929
0.00056028
0.000556745
0.00055579
0.000578017
0.00054963
0.000546866
0.000683966
0.000651215
0.000855787
0.00076122
0.000669683
0.000755089
0.000615287
0.000621905
0.000575851
0.000534204
0.000552661
0.000773335
0.000535584
0.000586146
0.000624075
0.000615486
0.000563966
0.0007197
0.000540258
0.000649929
0.000564302
0.000549631
0.000618386
0.000551426
0.000567178
0.000609428
0.000646886
0.000551058
0.000565814
0.000538966
0.000732037
0.000708519
0.00064388
0.000585406
0.000646113
0.00055997
0.000571078
0.000643976
0.000654058
0.000571105
0.00054089
0.000581159
0.000554713
0.00060115
0.000557028
0.000743762
0.000649633
0.00055411
0.000603874
0.000557007
0.000626934
0.00058039
0.000538294
0.000553692
0.000562623
0.000570415
0.00054615
0.000582755
0.000555352
0.000679491
0.000552921
0.000634983
0.000597784
0.000552922
0.000557012
0.000581811
0.000689025
0.000774151
0.000602156
0.000638606
0.000577723
0.000550323
0.000556548
0.000744423
0.000571868
0.000542544
0.000556291
0.000567676
0.000666833
0.000548351
0.000705777
0.000780982
0.000552328
0.000549413
0.000744206
0.000535526
0.000552599
0.000652916
0.000588388
0.000566199
0.000561938
0.00058027
0.000544672
0.00061194
0.000637666
0.000604997
0.000554061
0.00059598
0.000633658
0.000563256
0.000784149
0.000614058
0.000573454
0.000527715
0.000579502
0.000688866
0.000683771
0.000700116
0.00079006
0.000697815
0.000642054
0.000690334
0.000656486
0.000585205
0.000713325
0.000538564
0.000659108
0.000634474
0.000720993
0.000591734
0.000533881
0.000568965
0.000644415
0.000768365
0.000906362
0.000725034
0.000599384
0.000636889
0.000559942
0.000568732
0.000568097
0.000804874
0.000726875
0.00092275
0.000870943
0.000695435
0.000568865
0.00069416
0.000686791
0.000711316
0.000579022
0.000558757
0.000691155
0.000632176
0.000557087
0.000601302
0.000676025
0.000740476
0.000552955
0.000621257
0.000692553
0.000740273
0.000827736
0.000817242
0.000742216
0.000645948
0.000772593
0.000563676
0.000722362
0.000582865
0.000660685
0.000588947
0.000622514
0.000571867
0.000632987
0.000548754
0.000558713
0.000813298
0.000627482
0.000605139
0.000619525
0.000551269
0.000564928
0.000818947
0.000745562
0.00055018
0.000571966
0.000562942
0.000690605
0.000656246
0.000591388
0.000631506
0.00064322
0.000606807
0.000588719
0.000578776
0.000638396
0.0006828
0.000712714
0.000593079
0.000655997
0.000896944
0.000679507
0.00057182
0.000644545
0.000729564
0.000583598
0.000725217
0.000563285
0.000554906
0.000602016
0.000708054
0.000612522
0.000550009
0.000753481
0.000606121
0.000544447
0.000619291
0.000614782
0.000555832
0.000573571
0.000623526
0.000603124
0.000560593
0.000560338
0.000542888
0.00054659
0.000710735
0.000595276
0.000608578
0.000671627
0.000677591
0.000569861
0.000578208
0.000633733
0.000576708
0.000560118
0.00057119
0.000573214
0.000577396
0.000582655
0.000646839
0.000599298
0.000568232
0.000592286
0.000548622
0.000565196
0.000556506
0.000797108
0.000712971
0.000582499
0.000591389
0.000616691
0.000675948
0.000738043
0.000553666
0.000573721
0.000640227
0.000588743
0.000641077
0.000565596
0.000698705
0.000552297
0.000574024
0.000640539
0.0005799
0.000540693
0.000571095
0.000541108
0.000544328
0.000564083
0.000586488
0.000561963
0.00068949
0.00057417
0.000564074
0.000554774
0.000549406
0.000563254
0.000558706
0.000618761
0.00056488
0.000564489
0.000641895
0.000569359
0.000595061
0.000578704
0.00054321
0.000591242
0.000591126
0.000542537
0.00128304
0.000619433
0.000568325
0.000552829
0.000565993
0.000589549
0.000564686
0.000551325
0.000540232
0.000562793
0.000593258
0.000544422
0.000540687
0.000591212
0.000565328
0.000547889
0.000542866
0.000619711
0.00060637
0.000711689
0.000580761
0.000561808
0.000520372
0.000743135
0.000593337
0.000562406
0.00057284
0.00058695
0.000590279
0.000677071
0.000564531
0.000639084
0.00057555
0.000698273
0.000562772
0.000590001
0.000581735
0.000614138
0.000691079
0.000735464
0.000630002
0.000570018
0.00058485
0.000517139
0.000570566
0.000560854
0.000541732
0.000695412
0.000556492
0.000556247
0.000568475
0.000613432
0.000666993
0.000548599
0.000688647
0.000571251
0.00059176
0.000570524
0.000541455
0.000601198
0.000748985
0.000679754
0.000596081
0.000578077
0.000541421
0.00064256
0.000557432
0.000685176
0.000574589
0.000552956
0.000569906
0.000570797
0.000577501
0.000586042
0.000571604
0.000572544
0.000584165
0.000549996
0.000615143
0.000556272
0.000555193
0.000552914
0.000571565
0.000626022
0.000563449
0.000636886
0.000577699
0.000589146
0.000606214
0.000733406
0.000620035
0.000537764
0.000601465
0.000982654
0.000578758
0.00057049
0.000585458
0.00080676
0.000593552
0.000568132
0.000559402
0.000548741
0.000547364
0.000743779
0.00056648
0.000550123
0.000556944
0.000551417
0.000544492
0.000556571
0.000631101
0.000565821
0.000625325
0.000764281
0.000559295
0.000625972
0.000665395
0.000665375
0.000589608
0.000659267
0.000553543
0.000568175
0.000772241
0.000685921
0.00054523
0.000554196
0.000545175
0.000674945
0.000543293
0.000602293
0.000568232
0.000603204
0.00056649
0.000631741
0.000704926
0.000741483
0.000644646
0.00070614
0.000743832
0.000667254
0.000582556
0.000592554
0.000615134
0.000553317
0.000591905
0.000887056
0.000736091
0.000649508
0.000613634
0.000574799
0.000543099
0.000535268
0.000586822
0.000658229
0.000553885
0.00102202
0.000713553
0.000552116
0.000556992
0.000563211
0.000540184
0.000544718
0.000866825
0.000566555
0.000598215
0.000562642
0.00056428
0.000546245
0.000688673
0.000544831
0.00057372
0.00056147
0.000559033
0.000564627
0.000604639
0.00056211
0.000694973
0.000677252
0.000574425
0.000703558
0.00055051
0.000605971
0.000580026
0.000555406
0.000558836
0.000561416
0.00064905
0.000528804
0.000548914
0.000652948
0.000609856
0.000584506
0.000537407
0.000578818
0.000653241
0.000555691
0.000642881
0.000589803
0.000692671
0.000619734
0.00055723
0.000599419
0.000555736
0.000550362
0.000549049
0.000560789
0.000650419
0.000589562
0.000564523
0.000588979
0.000561582
0.000591112
0.000529382
0.000555898
0.000644089
0.000518559
0.000655516
0.000691096
0.000570699
0.000542107
0.000582729
0.000545899
0.000574486
0.00055632
0.000563302
0.000644157
0.000644401
0.000598952
0.000542736
0.000580066
0.000602998
0.00080975
0.000596565
0.000563709
0.000567017
0.000580608
0.000620064
0.000589276
0.000617896
0.000633904
0.000614013
0.000603663
0.000589718
0.000589234
0.00056322
0.000765846
0.000696001
0.000576157
0.000559941
0.000652132
0.000539541
0.000547223
0.000549288
0.000589291
0.000549168
0.000540883
0.000705146
0.00064835
0.000552939
0.000556655
0.000599961
0.000785377
0.000551603
0.000573765
0.000561567
0.000550358
0.000550933
0.000591312
0.00065582
0.000623728
0.000637093
0.000615775
0.000705373
0.000622805
0.000590962
0.000696963
0.000567188
0.00054664
0.00062788
0.000559493
0.000553664
0.000601975
0.000568188
0.000691479
0.000648498
0.000726852
0.000984699
0.000688077
0.000689523
0.000582985
0.000627114
0.000627248
0.000623794
0.000978402
0.000576595
0.000575117
0.000563609
0.000529244
0.000581842
0.000638057
0.000652423
0.000722035
0.00085811
0.000572491
0.000709544
0.000575304
0.000544201
0.000710714
0.000555609
0.00057348
0.00066243
0.000599165
0.000699185
0.00053802
0.000803386
0.000629943
0.000820512
0.000554942
0.000598147
0.000752651
0.000674903
0.000569593
0.00052591
0.000568192
0.000557076
0.000551873
0.000635975
0.000603479
0.000824603
0.000829037
0.000800436
0.000628926
0.00062932
0.000905499
0.000768565
0.000603915
0.000891644
0.000556459
0.000692253
0.00055819
0.000611391
0.000906278
0.000696632
0.000631455
0.000569167
0.000574517
0.000572023
0.000899628
0.000588466
0.000555441
0.000574424
0.000575964
0.000570375
0.000573975
0.000558772
