0.0175989
0.0155667
0.0140771
0.0150583
0.0142243
0.0147182
0.0138731
0.0139682
0.014608
0.0155045
0.0153619
0.0140871
0.014874
0.014629
0.0144933
0.0143742
0.0152905
0.0138509
0.0141325
0.0143268
0.0142407
0.0150714
0.0145814
0.0138922
0.0142328
0.013929
0.0140929
0.0144047
0.0135032
0.015536
0.0155522
0.0172721
0.0138431
0.0153598
0.014284
0.0142591
0.0137029
0.0142134
0.0145673
0.0138384
0.0147131
0.0137869
0.0144965
0.0145285
0.0145479
0.0140309
0.0144772
0.0144771
0.0139277
0.0170183
0.0156265
0.0162781
0.0141559
0.0147284
0.0141167
0.0147069
0.0138417
0.0146925
0.0147133
0.0134432
0.0156484
0.0154499
0.0182036
0.0137385
0.0179058
0.0141495
0.0146034
0.0139918
0.0155451
0.0139442
0.0146076
0.0141902
0.0135951
0.0140438
0.013796
0.0143679
0.0137198
0.0142993
0.0135958
0.0142059
0.013738
0.0138806
0.0143132
0.0136338
0.0148996
0.0138275
0.0141413
0.0141802
0.0140089
0.015129
0.0136491
0.0147646
0.0137531
0.0140236
0.0136352
0.014691
0.0144209
0.0144061
0.0148104
0.0136545
0.0150362
0.0143477
0.0141212
0.0139176
0.0138681
0.0170895
0.013412
0.0144912
0.0139301
0.0144577
0.0134767
0.0153801
0.0148456
0.014272
0.0145938
0.0152041
0.0147365
0.0133744
0.0155792
0.0142259
0.0145175
0.0144153
0.0146664
0.0141152
0.0135965
0.015521
0.0138898
0.0155238
0.0143916
0.0158464
0.0146745
0.0153584
0.0145304
0.0141371
0.0150497
0.0145673
0.014632
0.0148515
0.0150268
0.0138748
0.0150296
0.0148341
0.0150094
0.014539
0.0151428
0.0153503
0.0139264
0.0144229
0.01439
0.0152987
0.0135553
0.0137822
0.0141097
0.0135655
0.0151382
0.0148191
0.0140165
0.0141109
0.0143153
0.01339
0.0150074
0.014062
0.015301
0.013919
0.0148787
0.0148687
0.0145083
0.013971
0.0139205
0.0146461
0.0137982
0.0149947
0.0149012
0.0162217
0.0149667
0.0154531
0.0140432
0.0142144
0.0142863
0.0139602
0.014322
0.0138456
0.0147283
0.0158569
0.0265448
0.0140723
0.0145221
0.017551
0.0151506
0.0187555
0.0159211
0.0152894
0.0145294
0.0155352
0.0148647
0.0154072
0.0164327
0.0149658
0.0151433
0.0141841
0.0149389
0.0135819
0.014458
0.0134202
0.0138127
0.0139902
0.0141081
0.0150058
0.0135757
0.0150925
0.0139816
0.0147797
0.0138643
0.0145072
0.0137006
0.0137824
0.0153778
0.0141747
0.0142068
0.0138805
0.0150623
0.0141758
0.014811
0.0138803
0.0135673
0.0150203
0.0136744
0.0147496
0.0143313
0.0158813
0.0139972
0.0149244
0.0143325
0.0138975
0.0147188
0.0134318
0.0147055
0.0136127
0.014203
0.0138015
0.0139716
0.0146464
0.0137484
0.0149444
0.0136763
0.0151046
0.0145612
0.0141899
0.0146999
0.01428
0.0148267
0.0132628
0.0149034
0.0143091
0.0140235
0.0139736
0.0137362
0.0145149
0.01356
0.0146211
0.0134662
0.0143217
0.0137921
0.0143217
0.0145075
0.0144193
0.0146122
0.0140706
0.0144633
0.0140358
0.0139684
0.014089
0.0139848
0.014068
0.0138543
0.0143661
0.013856
0.0143024
0.014143
0.0136294
0.0141582
0.0148895
0.0140701
0.0141623
0.0143974
0.0138932
0.0136851
0.014311
0.0142809
0.0146053
0.0142403
0.0154105
0.0141904
0.0153829
0.0141082
0.015529
0.0141566
0.0161372
0.0152383
0.0172801
0.0143939
0.0168765
0.0144704
0.0161278
0.0140334
0.0146834
0.0147069
0.0149098
0.0141232
0.0135899
0.0148114
0.0136579
0.0146678
0.0137158
0.0148228
0.0147192
0.0141715
0.0143998
0.0141017
0.0151804
0.0139924
0.0154537
0.0139917
0.0143475
0.0135535
0.0141732
0.0142474
0.0141109
0.0148089
0.0138025
0.0158623
0.0141587
0.0154594
0.0140349
0.0151006
0.013967
0.0137396
0.0147615
0.0137662
0.0142274
0.0135406
0.0156968
0.0142701
0.0180561
0.0150599
0.0168583
0.0147612
0.0150118
0.0145298
0.0142794
0.0140445
0.0142292
0.0147074
0.0136276
0.0147871
0.0138559
0.0149598
0.0139583
0.013575
0.0146138
0.0135057
0.0145147
0.0135981
0.0147059
0.0138483
0.0149255
0.0155661
0.0145522
0.0142798
0.0134184
0.0145441
0.0138537
0.014344
0.0148061
0.0143843
0.0151615
0.0139532
0.0146402
0.0136383
0.0144839
0.015672
0.0149658
0.0136205
0.0158627
0.0148103
0.0138968
0.0147151
0.0135368
0.0143677
0.0136586
0.0144788
0.014027
0.0139194
0.0146857
0.0138007
0.0146485
0.0134897
0.0143748
0.0143285
0.0142167
0.0140217
0.0143537
0.013931
0.0133065
0.0142985
0.0134823
0.0140593
0.0137808
0.0148286
0.0146162
0.0135467
0.0146593
0.013478
0.0153018
0.0146794
0.0153081
0.0155054
0.0143141
0.0146246
0.0138678
0.0143994
0.014187
0.0142174
0.0138853
0.0147943
0.0138556
0.0141297
0.0138049
0.0141577
0.0138751
0.0136209
0.0146819
0.0141858
0.014199
0.0137294
0.0144834
0.0136261
0.0140964
0.0143613
0.0136668
0.0145475
0.0146089
0.0148455
0.013977
0.0146725
0.0147176
0.0140368
0.0140275
0.0137416
0.0152277
0.0139879
0.014687
0.0140175
0.0141204
0.0137844
0.0145311
0.0139605
0.0144345
0.0147645
0.013869
0.0153029
0.0155117
0.0148524
0.0141047
0.0145951
0.0139803
0.0139291
0.0145542
0.0139089
0.0144189
0.0135635
0.0142895
0.01395
0.0138277
0.0136796
0.0139511
0.0149398
0.0134019
0.0147809
0.0133323
0.014147
0.0137907
0.0136151
0.0151258
0.0134599
0.0148622
0.0136537
0.014166
0.0135163
0.0137625
0.0142053
0.0136299
0.015006
0.0137511
0.0142008
0.0140887
0.0145138
0.01412
0.0137794
0.0159595
0.0156692
0.0159772
0.013711
0.0158959
0.0136213
0.0144984
0.0146902
0.015201
0.014833
0.0138646
0.015569
0.0135781
0.0154069
0.0142581
0.0163455
0.0142789
0.0168225
0.0151589
0.0156687
0.0151542
0.013986
0.0148229
0.0139241
0.0162772
0.013831
0.0148967
0.0142212
0.0148087
0.0145405
0.0143263
0.0145342
0.0136959
0.0143478
0.0137735
0.0143798
0.0134646
0.0153464
0.015334
0.0139274
0.0144783
0.013852
0.0148379
0.0139388
0.0143143
0.0137339
0.0135599
0.0150813
0.014353
0.0141169
0.014555
0.0139498
0.0147015
0.0145534
0.0138152
0.0145875
0.0138622
0.0145206
0.0140501
0.0140546
0.0140608
0.0146318
0.0161182
0.0154681
0.0146929
0.0144926
0.0145008
0.0162277
0.0145879
0.0139492
0.0143516
0.0145354
0.0143257
0.0138405
0.0137773
0.0142478
0.0145725
0.0163284
0.0147867
0.0178396
0.0156555
0.0150413
0.0142489
0.0157799
0.0145744
0.0183265
0.0189786
0.0231583
0.0171657
0.0155267
0.0148088
0.0145113
0.014317
0.0144969
0.0135892
0.015471
0.0139951
0.0150282
0.0137139
0.0143427
0.0156395
0.0138904
0.0150635
0.0136602
0.0151231
0.0135959
0.0145029
0.013758
0.014266
0.013784
0.0136633
0.0141702
0.0133194
0.0149024
0.0137894
0.0143144
0.0141502
0.0138181
0.0150502
0.0137188
0.0144067
0.0142818
0.0143921
0.0142055
0.0144048
0.0149312
0.0136091
0.0145487
0.0138953
0.0147929
0.0138759
0.0143764
0.0139082
0.0132826
0.0145788
0.013565
0.0144069
0.013312
0.0142786
0.013898
0.0133238
0.0146153
0.0135739
0.0147188
0.01363
0.0150217
0.0148309
0.0137032
0.013951
0.0132709
0.015268
0.0139452
0.0163854
0.0138683
0.0143698
0.014634
0.0137454
0.0159474
0.0135277
0.0148447
0.013872
0.0139864
0.0141034
0.0149097
0.0140703
0.0153513
0.0145478
0.0135897
0.0149353
0.0140531
0.0139904
0.0139757
0.0148826
0.0153682
0.014635
0.0167713
0.0148033
0.0157844
0.015445
0.0161517
0.0170482
0.0150738
0.0157999
0.0154472
0.0151928
0.014904
0.0144403
0.0147372
0.0140346
0.0158031
0.0148157
0.0150507
0.0137907
0.0150917
0.0141546
0.0143345
0.0150464
0.0145766
0.0138319
0.013541
0.0145443
0.0137157
0.0143452
0.0135895
0.0141705
0.0143142
0.0138079
0.0143996
0.0136686
0.0151227
0.0134878
0.0145498
0.0136311
0.0138764
0.0140954
0.0137365
0.0158545
0.0141211
0.014866
0.0139354
0.0143013
0.0136404
0.0146835
0.014102
0.0138951
0.0146039
0.0137106
0.0144595
0.0142049
0.0149507
0.0139717
0.0143943
0.0144097
0.0136512
0.0143788
0.0132843
0.0154363
0.0133626
0.0147989
0.014355
0.0141378
0.014606
0.013504
0.0150523
0.0131352
0.0151414
0.0137051
0.0137125
0.0140057
0.0135059
0.0143376
0.0132706
0.0150185
0.0138671
0.0143119
0.0139921
0.0138637
0.0154577
0.01356
0.0148305
0.0138578
0.0139456
0.0144399
0.0135255
0.0157843
0.0146104
0.0149801
0.0141105
0.0145674
0.0140935
0.013709
0.0141604
0.0133415
0.0155717
0.0138083
0.0148763
0.0140084
0.0142617
0.013716
0.013739
0.0149527
0.0139375
0.0142783
0.0134495
0.014417
0.0142332
0.0149603
0.013687
0.0142055
0.0140609
0.0137199
0.0146054
0.0137428
0.0142135
0.0141052
0.0136508
0.0146085
0.0142236
0.0144469
0.0140459
0.0142202
0.0138263
0.0141736
0.0142576
0.0137654
0.0139429
0.0137447
0.0139857
0.0138625
0.0138979
0.0145699
0.0147624
0.0139031
0.014044
0.0141786
0.0132283
0.0147886
0.013482
0.0152475
0.0143549
0.0141349
0.0138831
0.0136296
0.013879
0.0146228
0.01475
0.013882
0.0143131
0.0137888
0.0136251
0.0141065
0.0140422
0.0139893
0.0141174
0.0152721
0.0135823
0.0141034
0.0135738
0.0140554
0.0140689
0.0135868
0.0146434
0.0138104
0.0144075
0.0134843
0.0135826
0.0142965
0.013674
0.0146418
0.0138123
0.0146861
0.0136309
0.0142442
0.0136184
0.0150018
0.0149951
0.0147072
0.017673
0.0143793
0.0143709
0.0142507
0.0155953
0.0139819
0.0146863
0.0139845
0.0159038
0.0143087
0.0145074
0.0146017
0.0141138
0.0152647
0.013672
0.0150515
0.0135905
0.0155281
0.0135548
0.0141483
0.0143392
0.0138828
0.0142994
0.0144346
0.0156883
0.0134426
0.0145313
0.013595
0.0141477
0.0140858
0.0139714
0.0182015
0.0137399
0.0150068
0.0135014
0.0148007
0.0136646
0.0141522
0.0143196
0.0135327
0.0151857
0.0137014
0.0148521
0.0141491
0.0149513
0.0140547
0.0137076
0.0142436
0.0138268
0.0144084
0.0137969
0.0146664
0.01375
0.0139546
0.0143161
0.0140166
0.014986
0.0135045
0.0144219
0.0150858
0.014291
0.0143369
0.0136548
0.0152923
0.0136032
0.0150121
0.0136684
0.0152226
0.0140366
0.0144551
0.0141887
0.0136382
0.0142283
0.0137738
0.0141543
0.0137793
0.0139821
0.0145911
0.0138971
0.014125
0.0136057
0.0142768
0.0145421
0.0143198
0.0134043
0.0150884
0.0140177
0.013905
0.0144558
0.0134534
0.0139959
0.0142544
0.0147276
0.0138234
0.0143221
0.0136685
0.0138503
0.0138971
0.0136165
0.0144199
0.0136254
0.0143752
0.0135634
0.0133104
0.0143934
0.0137958
0.0145037
0.0137551
0.0139766
0.0148904
0.013895
0.0140489
0.0135006
0.0144867
0.0141795
0.0144871
0.0142158
0.014023
0.0142997
0.0132817
0.0144907
0.0140393
0.0142661
0.0136233
0.0145162
0.0139037
0.014314
0.0140953
0.0136924
0.0144151
0.0137904
0.0149349
0.0141504
0.0170849
0.0140386
0.0164616
0.0149796
0.0151897
0.0138742
0.0143495
0.014218
0.0137224
0.0142271
0.014057
0.015523
0.0144851
0.015035
0.0141469
0.0137943
0.0144816
0.0144094
0.0141876
0.0134375
0.0144371
0.013707
0.0145448
0.0137961
0.0151049
0.0150212
0.0225681
0.0143525
0.014449
0.0140858
0.0146601
0.0144626
0.0142336
0.0146887
0.0138369
0.0149058
0.0138888
0.0142315
0.0140209
0.0146572
0.0146783
0.0142109
0.014666
0.0135191
0.0149343
0.0139154
0.0141052
0.0145853
0.0143882
0.013987
0.0142847
0.015081
0.0139197
0.0152584
0.0136142
0.0141771
0.0141326
0.015454
0.0152156
0.0151252
0.0154067
0.0144949
0.0168797
0.0140653
0.0150238
0.0135096
0.0156452
0.0138876
0.0143823
0.0138639
0.0145823
0.0148141
0.0137623
0.0145296
0.0135478
0.0158116
0.0144114
0.0146119
0.0138762
0.0142722
0.0149402
0.0139091
0.0146744
0.0134813
0.0152778
0.0139334
0.0141566
0.013823
0.0136158
0.0146347
0.013347
0.0147132
0.0134377
0.0142278
0.0138876
0.0144498
0.0139968
0.0138063
0.014402
0.0137358
0.0137551
0.0140711
0.0133442
0.0147494
0.0144533
0.0143107
0.0137304
0.0147987
0.0136743
0.0137992
0.0140706
0.0141259
0.0147728
0.0139856
0.0147753
0.0135858
0.0145009
0.0137451
0.0136956
0.0140124
0.0133653
0.0146627
0.0148145
0.0139426
0.0145681
0.0136943
0.0149331
0.0133568
0.0147339
0.013939
0.0143254
0.0139939
0.0143144
0.0140621
0.0144303
0.0162943
0.0143172
0.0148197
0.0141276
0.0151122
0.0138451
0.0148144
0.0137088
0.0146408
0.0138841
0.0141026
0.0144505
0.013964
0.0145064
0.0137654
0.0146941
0.0137719
0.015233
0.0140149
0.0141069
0.0145507
0.0140278
0.0141919
0.0142181
0.0150672
0.0138687
0.0145649
0.0133473
0.0139891
0.0140555
0.0136523
0.0139516
0.0135804
0.0146141
0.0143352
0.01345
0.0145291
0.0144158
0.0144501
0.0135093
0.0158581
0.0153642
0.0148364
0.0152674
0.0152624
0.0141646
0.0170938
0.0137321
0.0142714
0.0143757
0.0147957
0.0164931
0.0147672
0.014758
0.0139731
0.0148985
0.0137792
0.0151733
0.0137743
0.0143109
0.0142785
0.0140236
0.0151874
0.0143023
0.0148441
0.0138214
0.0154952
0.0139016
0.0148531
0.013793
0.01438
0.0148671
0.0139514
0.0145288
0.0139869
0.0149757
0.0137295
0.0144333
0.0141659
0.0780037
0.0243359
0.0270119
0.0153347
0.0145866
0.0148045
0.0160007
0.0138264
0.0148385
0.0139356
0.0152675
0.0137202
0.0146343
0.0140311
0.0136118
0.0149782
0.0137371
0.0146543
0.0135806
0.014695
0.0143316
0.0135239
0.0146429
0.01381
0.0142381
0.0134653
0.014044
0.0135225
0.0136291
0.0146561
0.0135043
0.0146644
0.0137842
0.0144637
0.0139525
0.0138398
0.0145377
0.0135565
0.0146584
0.0138057
0.0144661
0.0140339
0.0136991
0.0142323
0.0135585
0.0146542
0.0135585
0.0142765
0.0135527
0.0139172
0.0144035
0.0141043
0.0145991
0.0139998
0.0152835
0.0141735
0.0144348
0.0141862
0.0139918
0.0145937
0.0141061
0.0151552
0.0146328
0.0155843
0.0143905
0.0142747
0.0138065
0.0146236
0.013703
0.0142839
0.0140212
0.0140936
0.014377
0.0134374
0.0146063
0.0133064
0.0137168
0.014221
0.0135399
0.0141446
0.0138087
0.0136543
0.0142458
0.0150053
0.0142128
0.0140111
0.0138876
0.0142488
0.0147837
0.0137959
0.0145602
0.0137276
0.014572
0.0142917
0.0141916
0.0149566
0.0144968
0.0144888
0.0138451
0.0143956
0.0136127
0.0144116
0.0137923
0.0142892
0.0138067
0.0146033
0.0140185
0.0136466
0.0148008
0.0136168
0.0136912
0.0151257
0.0149305
0.0144733
0.0143595
0.0143579
0.0140694
0.0143945
0.0139773
0.0142321
0.0141949
0.0140342
0.01428
0.0139924
0.0153551
0.0137798
0.0141271
0.0139479
0.0146365
0.0141248
0.0140485
0.0143273
0.0136008
0.0140998
0.0137873
0.0150371
0.0136261
0.0139334
0.0142555
0.0134572
0.0136222
0.0135884
0.0135078
0.0143554
0.0135609
0.0145106
0.0136465
0.0144687
0.0139362
0.0142848
0.0141306
0.0138735
0.0143513
0.014007
0.0141555
0.0143737
0.014061
0.0136615
0.0135078
0.0145739
0.0137109
0.013905
0.014812
0.0140142
0.0138639
0.0142071
0.0137918
0.0138882
0.0143892
0.0141658
0.0146999
0.0138319
0.0147563
0.0135515
0.0140833
0.0138538
0.0139735
0.0135595
0.013627
0.0146447
0.0143341
0.0134765
0.0156048
0.0139369
0.0139535
0.0140115
0.0137519
0.0136565
0.0142432
0.0148993
0.0138427
0.0146378
0.0139227
0.0152562
0.0146547
0.0168857
0.0142277
0.014774
0.0141294
0.0149442
0.013743
0.014434
0.0139347
0.014128
0.0145752
0.0140514
0.0139836
0.0136022
0.0145729
0.0136953
0.0141773
0.0141103
0.0142463
0.0140122
0.0138344
0.0148419
0.013761
0.0149823
0.0146995
0.0150204
0.0152056
0.0152756
0.0148585
0.0148603
0.0145805
0.01384
0.0143273
0.013418
0.0149629
0.0154755
0.0154317
0.0138533
0.0141406
0.013987
0.0144119
0.0139838
0.0143314
0.0152315
0.0136132
0.0144834
0.0141825
0.0142956
0.0138383
0.013962
0.0151708
0.0138387
0.0155854
0.0158305
0.0141217
0.0135424
0.0145884
0.0140298
0.0137862
0.0141544
0.0139584
0.0142828
0.0134924
0.0153609
0.0139453
0.0144044
0.0144152
0.015444
0.0142228
0.016043
0.0143728
0.0145158
0.0173954
0.0144601
0.0149313
0.0136405
0.0146484
0.0141069
0.0148608
0.014442
0.0136115
0.0144499
0.0133716
0.0151226
0.0135751
0.0139461
0.0144778
0.0134413
0.0141032
0.0133579
0.0150951
0.0132438
0.015102
0.016232
0.0143921
0.0144636
0.0138488
0.0141824
0.0137756
0.0137856
0.0146612
0.0134073
0.0169546
0.0147053
0.0141461
0.0139671
0.0147212
0.0145562
0.0141001
0.0139004
0.0143206
0.0137655
0.0137602
0.0143296
0.0146229
0.0142856
0.0138503
0.0143896
0.0138355
0.0142241
0.0143089
0.0140016
0.0141852
0.0138407
0.0144373
0.0138404
0.0139555
0.013478
0.0139968
0.015141
0.0142875
0.0139372
0.0135764
0.0149809
0.0137455
0.0145091
0.0139311
0.0140528
0.0146923
0.014402
0.0141425
0.0138305
0.0142361
0.0136182
0.0143274
0.0137575
0.0142746
0.0137883
0.0137445
0.0142323
0.0133904
0.0147706
0.0136457
0.0140763
0.015132
0.014385
0.0146444
0.0141789
0.0155952
0.0146652
0.0153397
0.0136258
0.015744
0.0139752
0.0154185
0.0163252
0.0146229
0.0147873
0.014388
0.0140741
0.0144909
0.0155811
0.0142589
0.0148949
0.0134238
0.0147185
0.0155139
0.0156921
0.0142516
0.014752
0.0164233
0.0138355
0.0160708
0.014544
0.0180271
0.0149495
0.0249049
0.0208291
0.0158507
0.0178505
0.0146142
0.0160058
0.015345
0.0172304
0.0164685
0.017354
0.0154258
0.0186352
0.0144191
0.0155493
0.0142361
0.0164245
0.0142741
0.0146411
0.0151159
0.0145425
0.0161421
0.0143467
0.016171
0.0143105
0.0157647
0.0151099
0.0150903
0.0139138
0.0159126
0.0175153
0.015512
0.0147961
0.0140428
0.0144918
0.0137973
0.0142418
0.0136697
0.0153123
0.0137315
0.0142752
0.0139756
0.013349
0.0145236
0.0136817
0.0143541
0.0140648
0.0145785
0.0140134
0.0135091
0.0145197
0.013349
0.015147
0.0187695
0.0195129
0.015697
0.0197539
0.0218954
0.018404
0.0188665
0.0160966
0.0154366
0.0259149
0.0231257
0.0186584
0.0158927
0.0154533
0.0217309
0.0193362
0.0229585
0.0175422
0.0157491
0.0259626
0.0230379
0.0192421
0.0210332
0.0163267
0.0178309
0.0158775
0.0165518
0.0203901
0.0167795
0.0170163
0.0152445
0.0149025
0.015258
0.0167591
0.0149322
0.0157187
0.0156001
0.0156475
0.0153042
0.0150029
0.0157015
0.0156716
0.0160072
0.0142193
0.0149117
0.0180768
0.0193548
0.0189703
0.0182407
0.0203904
0.0162085
0.0154975
0.0170983
0.0150773
0.0143268
0.0152907
0.0172714
0.0156249
0.0145029
0.0152303
0.0214932
0.0163904
0.0158951
0.014648
0.0143381
0.0146103
0.0162043
0.0143301
0.0136343
0.0145419
0.0136813
0.0140995
0.0142898
0.0151677
0.014822
0.0169686
0.0147137
0.0166197
0.0149371
0.0166666
0.0156212
0.0161045
0.0147683
0.0150486
0.0153505
0.0167327
0.015564
0.0143287
0.0147547
0.0141398
0.0144556
0.0141995
0.0150529
0.0150152
0.0154941
0.017377
0.0146229
0.0164435
0.0147561
0.0151627
0.0155976
0.0152776
0.0137001
0.0155421
0.0141477
0.0147912
0.0148333
0.0140159
0.0146627
0.0137802
0.0145996
0.0139476
0.015355
0.0152282
0.0144753
0.0150306
0.0146621
0.014777
0.0136555
0.0151923
0.013879
0.0140734
0.0139343
0.0145113
0.014194
0.0137881
0.0146821
0.013565
0.0141532
0.0158312
0.015599
0.0177962
0.014082
0.0157012
0.0151774
0.0159842
0.0139302
0.0144467
0.0139737
0.0148387
0.0145636
0.0153724
0.0175561
0.0163191
0.0168887
0.0177156
0.0164719
0.0180057
0.0169762
0.0162049
0.0177691
0.018821
0.0158491
0.0169946
0.0149816
0.0168947
0.0150486
0.0151072
0.0145924
0.0146673
0.0174176
0.0199631
0.0173456
0.0165742
0.0172335
0.0146096
0.0164661
0.0154724
0.0156119
0.0163876
0.0162901
0.0153927
0.0153173
0.0146842
0.014312
0.0143685
0.0150283
0.015359
0.0146627
0.0145469
0.0154713
0.014089
0.016237
0.0142206
0.0159193
0.0146239
0.0164916
0.014484
0.0152578
0.0207641
0.0160441
0.0160288
0.0168602
0.0163558
0.0155393
0.0166763
0.0159395
0.0152533
0.014344
0.0143283
0.0146964
0.0157258
0.0150594
0.0150423
0.0145173
0.0158478
0.0139289
0.017636
0.0153559
0.0158834
0.0143624
0.0196941
0.01588
0.0166017
0.0158659
0.0168841
0.0156814
0.0155212
0.0154338
0.0153557
0.0153741
0.0158987
0.0161251
0.0175656
0.0147313
0.0147933
0.0146902
0.0157636
0.0160412
0.0153131
0.0145561
0.0157098
0.0146284
0.0154004
0.0143036
0.0151122
0.0149269
0.0139288
0.015208
0.0143748
0.0152427
0.0148449
0.0154825
0.0147647
0.014905
0.0147046
0.0145187
0.0144994
0.0149
0.0143455
0.0147494
0.0150965
0.0147799
0.0150839
0.0147273
0.0156673
0.0142444
0.0146711
0.0140353
0.01533
0.0144985
0.0156737
0.0139292
0.0151433
0.0151639
0.0147725
0.0149787
0.013987
0.0151095
0.0133452
0.0164308
0.0201315
0.0160631
0.0150361
0.0150445
0.0168277
0.0144269
0.0151532
0.0152666
0.0160622
0.0149625
0.0149689
0.0157167
0.015234
0.0162818
0.0170733
0.0174222
0.0163772
0.0160803
0.0155404
0.0163425
0.0162442
0.015813
0.0143925
0.0143045
0.0140805
0.0146444
0.0168451
0.0145069
0.0150512
0.0141383
0.0158058
0.014101
0.0150749
0.014947
0.0140576
0.0159993
0.0150703
0.0166291
0.0140887
0.0150101
0.0144097
0.014889
0.0145646
0.016268
0.0155067
0.017547
0.0144713
0.0171944
0.0141576
0.0155189
0.0143487
0.0139409
0.0146228
0.0138774
0.0142198
0.0138365
0.0143171
0.014732
0.0153125
0.0181247
0.01493
0.0141049
0.0140725
0.0161806
0.0138481
0.0153918
0.0147833
0.0145046
0.0148645
0.0141291
0.0145372
0.0135455
0.0155624
0.0150606
0.0149222
0.0143031
0.0162295
0.0153745
0.0169145
0.0187583
0.0179474
0.0181993
0.0209972
0.0169763
0.0179928
0.0160155
0.0160615
0.0211279
0.0193555
0.0155272
0.0137339
0.0160597
0.0136326
0.0147501
0.0139738
0.0138878
0.0147818
0.0136056
0.0141507
0.0138378
0.0156955
0.0144881
0.0148953
0.0148377
0.0141469
0.0144183
0.0141251
0.0147691
0.0144586
0.0144802
0.0145936
0.0139001
0.0141777
0.0146083
0.015226
0.0137774
0.0144222
0.0142405
0.0148573
0.013909
0.0142385
0.0150728
0.0137278
0.0153425
0.013676
0.0149463
0.0142028
0.0140049
0.0144487
0.0136295
0.0148598
0.0135846
0.0151362
0.0141442
0.0149366
0.0137927
0.0137549
0.0149058
0.013849
0.0156352
0.0143088
0.0144848
0.0155924
0.0141055
0.0154272
0.0156719
0.0172832
0.0159013
0.0159118
0.0161284
0.015951
0.016371
0.0195764
0.0177553
0.0170956
0.0166917
0.0163056
0.0178016
0.0178752
0.0174502
0.0168339
0.0162862
0.0159577
0.0175153
0.0155496
0.0155088
0.0153781
0.0147981
0.0151712
0.0162499
0.0161297
0.0145293
0.014808
0.0158737
0.0149848
0.01415
0.0167154
0.0145129
0.0150836
0.0141352
0.0159451
0.014725
0.0163556
0.0139422
0.015909
0.0150914
0.0165293
0.0170511
0.0142859
0.0145098
0.0138097
0.0149975
0.0137053
0.0147473
0.0148252
0.0148751
0.0140704
0.0144248
0.0148371
0.013853
0.0146428
0.0141165
0.0148923
0.014056
0.0141664
0.0140247
0.0137011
0.0152402
0.014005
0.015238
0.0139073
0.0151258
0.0145069
0.014023
0.0145355
0.0135835
0.0138134
0.0157516
0.0144103
0.0135643
0.0143251
0.0149858
0.0153353
0.0152391
0.0149543
0.0157513
0.0184109
0.0158301
0.0165476
0.0146315
0.0155649
0.0153106
0.0152876
0.0147505
0.0165626
0.0169184
0.0170638
0.0181257
0.0175413
0.0162205
0.0156776
0.0162163
0.0167575
0.018581
0.0170039
0.015246
0.0147747
0.0143178
0.0161079
0.0143085
0.0142268
0.0148295
0.013897
0.0148901
0.0134705
0.0147436
0.014221
0.0145353
0.0155493
0.0145122
0.0162226
0.0147462
0.0166105
0.0147436
0.015213
0.0145433
0.0148697
0.0144596
0.0153742
0.0145338
0.0159507
0.0148454
0.0168325
0.0149003
0.0165289
0.0147389
0.0147981
0.0152869
0.0161324
0.0154397
0.0151916
0.0159795
0.0156839
0.0146205
0.0159737
0.0142947
0.0140591
0.0164842
0.0151732
0.016767
0.0160616
0.0167929
0.0145408
0.0159141
0.0146025
0.0149536
0.0143029
0.0148118
0.0143283
0.015957
0.0156266
0.0184299
0.0157863
0.0167285
0.0155385
0.0164292
0.0159556
0.0176505
0.0152601
0.016624
0.0149396
0.0181219
0.0149852
0.0161542
0.0139917
0.0152035
0.0149807
0.015091
0.015021
0.0147482
0.0149418
0.0138045
0.0157481
0.0140697
0.0155909
0.0137833
0.015485
0.0143479
0.0140896
0.0143609
0.0140643
0.0140795
0.0136589
0.0145855
0.0144184
0.0170756
0.0150248
0.0161867
0.0148329
0.0150234
0.0147435
0.0151714
0.0145753
0.0143613
0.0156019
0.0137633
0.0154403
0.014115
0.0149758
0.0142966
0.0147945
0.0150937
0.0138075
0.0144055
0.0136563
0.0140049
0.0146219
0.0143879
0.0148988
0.015902
0.0176317
0.0174038
0.0196983
0.0295177
0.0308535
0.0640598
0.032273
0.0172616
0.0174793
0.0184779
0.0182384
0.017008
0.0197571
0.0183541
0.0185476
0.0211265
0.0178758
0.0230489
0.0200313
0.02301
0.0150582
0.0218307
0.0196733
0.0157601
0.0211081
0.021385
0.0264148
0.0414412
0.0227785
0.0254142
0.0218345
0.0184001
0.0220782
0.0170327
0.0196838
0.0182756
0.016024
0.0177706
0.0167393
0.0171835
0.0206872
0.0173986
0.0158082
0.0161854
0.016672
0.0161011
0.0190526
0.0185576
0.020132
0.0223623
0.0237944
0.0193535
0.0217698
0.0209812
0.0187857
0.0199097
0.0164576
0.0164192
0.017314
0.0175691
0.0204475
0.0164779
0.0163341
0.0146728
0.0170742
0.0163847
0.0166893
0.0160463
0.0164857
0.0163999
0.0159865
0.0141508
0.0155996
0.0151187
0.0175831
0.016376
0.0146076
0.0142194
0.0147096
0.0149262
0.0143997
0.0137918
0.0144193
0.0142844
0.014287
0.0153564
0.0141281
0.0145285
0.0172691
0.0174786
0.0187934
0.0160235
0.0150217
0.0156239
0.0200948
0.0162777
0.0148777
0.0162335
0.0163099
0.0159119
0.0163688
0.0148811
0.0164804
0.0157681
0.0173652
0.0155671
0.017235
0.016964
0.0171989
0.0165359
0.0164154
0.0180524
0.0193438
0.018612
0.0178669
0.0172929
0.0168718
0.0165079
0.0149865
0.015432
0.0157757
0.0161991
0.0149077
0.0155165
0.0148115
0.0149065
0.0142735
0.0158326
0.0142257
0.0142617
0.0142646
0.0144005
0.0145075
0.0137068
0.0147468
0.0143089
0.0145178
0.0139185
0.0140985
0.0145586
0.0144197
0.0215729
0.0234972
0.0231035
0.0262879
0.0268046
0.0259364
0.0221915
0.0184145
0.0214863
0.0292483
0.0256788
0.0240455
0.0256362
0.0277452
0.0245591
0.020203
0.0196311
0.0181476
0.0236758
0.0193207
0.0175424
0.113957
0.0884416
0.0321867
0.0361401
0.0364126
0.0214865
0.0269016
0.0271132
0.0257533
0.0250972
0.0186237
0.0236007
0.0251524
0.0199517
0.0200362
0.0210749
0.0203519
0.0233389
0.0251236
0.0261908
0.0191658
0.0247142
0.0211613
0.0174472
0.0209818
0.0218961
0.0216173
0.0205496
0.022012
0.0214856
0.0220228
0.0220943
0.0244884
0.0245735
0.0200409
0.020455
0.0186927
0.0170273
0.0207861
0.0171744
0.0171382
0.0168669
0.0195719
0.0180043
0.0185292
0.017832
0.0176867
0.0185732
0.0173675
0.0176026
0.0181116
0.0185145
0.016058
0.0181494
0.017258
0.0179595
0.0160358
0.0184317
0.0172148
0.0155965
0.0176268
0.0169431
0.0160537
0.0152913
0.0166225
0.0148361
0.0151954
0.0159742
0.0162013
0.0150268
0.0153712
0.0145133
0.0154167
0.015209
0.0143316
0.0152266
0.0151077
0.0147003
0.0146699
0.0167655
0.0161717
0.0147228
0.0143203
0.015194
0.0143518
0.0143705
0.0186497
0.0155882
0.0155793
0.0146679
0.0165186
0.014535
0.0143894
0.0149601
0.015379
0.0155632
0.0150824
0.0148426
0.0174338
0.0199771
0.0164272
0.0203728
0.019434
0.0198385
0.0199423
0.0156131
0.0181868
0.0152302
0.0156638
0.0184761
0.0157949
0.017136
0.0228354
0.0201767
0.0263056
0.0162948
0.0202872
0.0188901
0.0169524
0.0196355
0.0169637
0.0185833
0.0176992
0.0177157
0.0155123
0.0181204
0.0154425
0.0194752
0.0213739
0.0164934
0.016083
0.0157944
0.0178937
0.0160476
0.0173366
0.0162323
0.0169636
0.0161858
0.0155808
0.0153162
0.0156029
0.0161248
0.0155293
0.0171038
0.0144409
0.0168984
0.0157927
0.0186209
0.0186153
0.0235225
0.0174887
0.0147042
0.0155282
0.015902
0.0161473
0.0159224
0.0155238
0.017542
0.0190544
0.01803
0.0180369
0.0170672
0.0158494
0.0153049
0.0166414
0.0160741
0.016409
0.0158158
0.0161629
0.0167572
0.0161305
0.0156817
0.0162173
0.01648
0.0158614
0.0160086
0.0179064
0.0167719
0.0173677
0.0165084
0.0162452
0.0154664
0.0151451
0.0171707
0.0147221
0.0172374
0.0149516
0.0167096
0.0148905
0.0160318
0.0151109
0.0157603
0.0155064
0.0163622
0.015102
0.0166098
0.0157948
0.0163372
0.0155567
0.0159037
0.0149395
0.0174459
0.0145493
0.016866
0.0158637
0.0190552
0.0150496
0.0172729
0.0147031
0.0164365
0.0147161
0.0169933
0.0148299
0.0173748
0.0139869
0.0153111
0.0140714
0.0140476
0.014336
0.0152254
0.0147671
0.0137681
0.0145383
0.0137384
0.0140637
0.0139443
0.0146253
0.0147638
0.0145754
0.0162763
0.0135341
0.016642
0.0141218
0.0146113
0.0142561
0.0146627
0.0145707
0.0141668
0.0143128
0.0143499
0.0146752
0.0138842
0.0149113
0.0139895
0.0144949
0.0137875
0.0140822
0.0152084
0.014371
0.0160384
0.01508
0.0155528
0.0139491
0.0154985
0.013965
0.0166118
0.014599
0.0162952
0.014637
0.0163526
0.0143504
0.0149316
0.0158995
0.0152295
0.0146225
0.0138879
0.0166888
0.0149188
0.0172942
0.0154174
0.0188643
0.014492
0.0154665
0.0139305
0.016394
0.0151271
0.0156639
0.018115
0.014642
0.0140727
0.0146144
0.0143536
0.0148747
0.0152586
0.0155304
0.0147714
0.0172562
0.0172347
0.0161142
0.017993
0.017069
0.0172395
0.0166242
0.0179299
0.0144323
0.0163921
0.0141406
0.0157635
0.0150983
0.0147878
0.0159162
0.0144116
0.0153241
0.0137938
0.0151416
0.0140594
0.0150953
0.0143574
0.0149186
0.0148281
0.0140509
0.0156473
0.0150269
0.0171495
0.0146748
0.0158662
0.0153204
0.0150309
0.0141564
0.0144415
0.0150674
0.0144147
0.0141776
0.0145705
0.0139874
0.0149084
0.0141004
0.0139501
0.0145219
0.0147793
0.0151833
0.0142691
0.0137463
0.0143905
0.013672
0.0147461
0.0144439
0.0141603
0.0140725
0.0137552
0.0141158
0.0139045
0.0140686
0.0138964
0.0139849
0.0142182
0.0140051
0.0138206
0.0135977
0.0161874
0.0137614
0.0149242
0.0142597
0.0136725
0.0140614
0.0140793
0.0141832
0.0134877
0.0147355
0.013677
0.0138965
0.0144941
0.0136756
0.0145918
0.0135222
0.0148421
0.0137549
0.0140804
0.014331
0.0137049
0.0147414
0.0137893
0.0140301
0.0144966
0.0140751
0.0137672
0.013797
0.014529
0.0139458
0.0141673
0.0138048
0.0142265
0.0139948
0.0165709
0.0154879
0.0143577
0.0165292
0.0141973
0.0160044
0.013904
0.016121
0.0150993
0.0154594
0.0148049
0.0144264
0.0143522
0.0143092
0.0146271
0.0140214
0.0185255
0.0148661
0.0153387
0.0151415
0.0148031
0.0147353
0.0149167
0.0152362
0.0154794
0.0145075
0.0152191
0.0145835
0.0139202
0.0142587
0.0140658
0.0146019
0.0139983
0.0143501
0.0138034
0.0138626
0.0149775
0.013974
0.0145905
0.0140259
0.0145922
0.0142876
0.0148365
0.0176763
0.0161888
0.0162652
0.016131
0.0146273
0.0141178
0.0157728
0.0144554
0.0173375
0.0139145
0.014489
0.0146866
0.0145441
0.0141422
0.0143345
0.0143953
0.0142668
0.0136687
0.0142219
0.0141475
0.0138709
0.0142138
0.0138346
0.0138059
0.0143913
0.0144147
0.0137556
0.0136823
0.013872
0.0140073
0.0144299
0.0139106
0.014165
0.0140603
0.0139783
0.0141192
0.0141464
0.0138657
0.014189
0.0142915
0.0145091
0.0143831
0.0138201
0.0138848
0.0136187
0.0138801
0.0140548
0.0156566
0.0150694
0.0146021
0.0153564
0.0145814
0.0150493
0.014468
0.0163465
0.0145854
0.0154478
0.014788
0.0153125
0.0165291
0.0169601
0.0145318
0.018049
0.013971
0.0139424
0.0164447
0.0143047
0.0141573
0.0138479
0.0154885
0.0140448
0.0143617
0.0144519
0.014629
0.0141734
0.0139372
0.0143847
0.0136306
0.0146746
0.013714
0.0148871
0.0143481
0.0148602
0.0153934
0.0141576
0.0179875
0.0146642
0.0147537
0.0139743
0.0145921
0.013627
0.013661
0.013893
0.0146801
0.0143606
0.0135601
0.0141227
0.0136326
0.0137281
0.0143616
0.0135477
0.0141814
0.0145464
0.0140114
0.0136691
0.0138225
0.0143193
0.0139178
0.0143511
0.0146385
0.0140317
0.0144691
0.0145449
0.013889
0.0140813
0.0141093
0.0138484
0.0146178
0.0138994
0.0144265
0.0140106
0.0134556
0.0140142
0.0136044
0.0150171
0.0138887
0.0150504
0.0160673
0.0142442
0.0138728
0.0137297
0.0145552
0.0139654
0.0140094
0.0137405
0.0140426
0.014323
0.0142187
0.0145183
0.0134317
0.014165
0.0141894
0.0141438
0.0139382
0.0136139
0.0141968
0.0136873
0.0143916
0.0136056
0.0140861
0.0140415
0.0138796
0.0137973
0.0143136
0.0150878
0.013888
0.0138874
0.0145604
0.013956
0.0146493
0.0150804
0.0142244
0.0141146
0.0141419
0.0142709
0.0138938
0.0141294
0.0144154
0.0139626
0.0142479
0.0141111
0.0141126
0.0140116
0.0139552
0.0139063
0.0146474
0.0137531
0.0140339
0.014381
0.0137641
0.0135565
0.0137452
0.0138947
0.0136217
0.0137952
0.0142924
0.0134712
0.0145307
0.0137804
0.0141849
0.0137613
0.0144815
0.0142818
0.0140961
0.0149966
0.0133935
0.0145984
0.0139689
0.0141572
0.013911
0.0138685
0.0149573
0.013735
0.0141407
0.0140256
0.01419
0.0139766
0.0139385
0.0145144
0.0135314
0.0148902
0.0141175
0.0142477
0.0136325
0.0149232
0.0142381
0.0139381
0.0151656
0.0139351
0.0144587
0.0136249
0.0144478
0.0141618
0.013683
0.0143352
0.0138106
0.0149315
0.0137659
0.0145091
0.0137722
0.0138415
0.0138909
0.0148315
0.0161447
0.0139715
0.0141758
0.0137568
0.0138198
0.0137181
0.0150422
0.0151959
0.0140687
0.0152735
0.0161575
0.0148166
0.0139181
0.0144602
0.0137238
0.0133555
0.014292
0.0136368
0.0140879
0.0140111
0.0142472
0.0137749
0.013942
0.0156915
0.0139448
0.0143016
0.0136144
0.016226
0.0140629
0.0142679
0.0138641
0.0140103
0.0146124
0.0138764
0.0142906
0.0142798
0.0153005
0.0138319
0.0169359
0.0155022
0.0138873
0.0139983
0.0138564
0.0149109
0.0135736
0.0141693
0.014248
0.0140464
0.0142327
0.0136401
0.0145182
0.0134942
0.0143325
0.0142731
0.0138155
0.0143702
0.0148999
0.013822
0.0139404
0.0165254
0.0142015
0.0157174
0.0141093
0.0138031
0.0138751
0.0141325
0.0139345
0.013915
0.0137162
0.0138889
0.0139913
0.0141391
0.015253
0.0163533
0.0155577
0.0166663
0.0163876
0.0194453
0.0171606
0.0152697
0.0145068
0.0157006
0.0151677
0.0144265
0.0149083
0.0155791
0.0159441
0.0145618
0.0141633
0.0136549
0.0138871
0.0141288
0.0140791
0.0140417
0.0147125
0.0151039
0.0173796
0.0164635
0.0155644
0.0151991
0.0142828
0.0155265
0.014575
0.0157237
0.0144047
0.0149849
0.0141183
0.0141611
0.0144086
0.032894
0.0342543
0.0233165
0.0327914
0.0151451
0.0165855
0.0138702
0.0149062
0.0137359
0.0140312
0.0143004
0.0134956
0.0149772
0.0133834
0.0141855
0.0138991
0.0139932
0.0138819
0.0141376
0.0146837
0.013687
0.0142909
0.0137371
0.0151558
0.0149256
0.0150452
0.0145339
0.0141156
0.0140592
0.0136531
0.0147242
0.013984
0.013982
0.0143554
0.0137025
0.014429
0.0140597
0.0142686
0.0138444
0.0138183
0.01419
0.0136107
0.0143137
0.0137285
0.0139772
0.0136615
0.013635
0.0144619
0.0142046
0.0147689
0.0139329
0.0145209
0.0139872
0.0138662
0.0141323
0.0136245
0.0147192
0.0137525
0.0140011
0.0141284
0.0137165
0.0145393
0.0135829
0.0138312
0.0138209
0.0138269
0.0141941
0.0137162
0.0146877
0.0145377
0.0144663
0.0137817
0.0144476
0.0141381
0.0138255
0.014768
0.0135038
0.0142733
0.0135939
0.014155
0.0146847
0.0140076
0.0135274
0.0139158
0.0138618
0.0139731
0.0135598
0.0143645
0.0139122
0.0139297
0.0138581
0.0138711
0.0135951
0.0136727
0.0142586
0.0140644
0.0141211
0.014196
0.0142371
0.0143333
0.014076
0.0143037
0.0144117
0.0142752
0.0139941
0.0138767
0.0139653
0.0142334
0.0139786
0.013562
0.0144547
0.0144976
0.0155278
0.0141772
0.0141025
0.0146046
0.0139803
0.0151701
0.0141004
0.0146525
0.0138835
0.0155427
0.0141664
0.0141212
0.0147086
0.013994
0.0143615
0.0135743
0.0151694
0.0137425
0.0142498
0.0150078
0.0141307
0.0141849
0.0136827
0.0150056
0.0135567
0.0143527
0.0141809
0.0143212
0.0136818
0.0138639
0.0146985
0.0138568
0.0146672
0.0135479
0.01378
0.0138235
0.0139842
0.0141752
0.013837
0.0154567
0.0136459
0.0139837
0.0141334
0.0141027
0.0140612
0.0136448
0.0144624
0.0138759
0.0144064
0.0137665
0.0135064
0.0144043
0.0139697
0.0140758
0.0141279
0.0144498
0.0140249
0.0143544
0.0151552
0.0147969
0.0146989
0.0140941
0.0142574
0.013965
0.0145643
0.0141529
0.0135802
0.0145107
0.0137363
0.0141845
0.0140919
0.0140211
0.0141528
0.0135466
0.0147588
0.0136525
0.0136926
0.0139547
0.0139701
0.0142681
0.0136332
0.014212
0.0140917
0.0137817
0.0144395
0.0137129
0.0142107
0.0134998
0.0140531
0.0142465
0.0146022
0.0147729
0.0139683
0.0136784
0.0143299
0.0140729
0.0141432
0.0137868
0.0138131
0.0139093
0.0149788
0.0151844
0.0146363
0.0138574
0.0138582
0.0138992
0.014802
0.0143302
0.0135822
0.0140387
0.0138677
0.0137342
0.0143709
0.0138781
0.013749
0.0140128
0.0140949
0.0138709
0.0139399
0.0151131
0.0138049
0.014009
0.0138618
0.0150583
0.0137352
0.0140681
0.014278
0.0136691
0.0140182
0.0136179
0.0144754
0.0138711
0.0144535
0.0139827
0.0140208
0.0144388
0.0134713
0.0145455
0.0136646
0.0141256
0.0136802
0.0141448
0.0142058
0.015594
0.0143391
0.0144652
0.0143392
0.0137004
0.015241
0.0141763
0.0150177
0.0155538
0.0143453
0.015703
0.0142239
0.0159008
0.0146352
0.0154663
0.014355
0.016019
0.0144365
0.0152304
0.0149378
0.0139858
0.0148915
0.0150802
0.0162183
0.0136063
0.014444
0.0135456
0.0138246
0.0141218
0.0136884
0.0139089
0.0139242
0.0143912
0.0134111
0.0149011
0.0138403
0.0139671
0.0141329
0.0141449
0.0143116
0.0137296
0.0136332
0.0147282
0.0134297
0.0143193
0.0136793
0.014456
0.014299
0.0137792
0.0143418
0.0138029
0.0142778
0.0139888
0.0143711
0.0140855
0.0135617
0.0145705
0.0138501
0.0139642
0.0141205
0.014151
0.0137356
0.0137782
0.014523
0.0148217
0.0138021
0.0138445
0.0145939
0.0138886
0.0139995
0.0144802
0.0134093
0.0140725
0.0140535
0.0136598
0.0152777
0.0143827
0.0136437
0.014763
0.0137155
0.0142463
0.013712
0.0142111
0.013819
0.0142103
0.0144927
0.0146393
0.013968
0.0141412
0.0184535
0.0154548
0.0267552
0.0151618
0.0147041
0.0141255
0.0138189
0.0138641
0.0147442
0.0144135
0.0145704
0.013715
0.0164215
0.0138409
0.0152364
0.014226
0.0146175
0.0140953
0.0138376
0.0137187
0.0136441
0.0148762
0.0136605
0.0144356
0.0149165
0.0144507
0.0142306
0.0139485
0.0147267
0.013723
0.0142293
0.0142967
0.0145531
0.0139055
0.0136398
0.0145455
0.0136343
0.0143409
0.0137614
0.0147068
0.0138463
0.0183729
0.0143992
0.0142212
0.0143457
0.013813
0.0145656
0.0147129
0.0147471
0.0143565
0.0140386
0.0146666
0.0146031
0.0146163
0.0136912
0.0146683
0.0132515
0.0144602
0.0140197
0.0143222
0.0137423
0.0136336
0.0145589
0.0136745
0.014836
0.0138659
0.0139706
0.014056
0.0141963
0.0141546
0.0138461
0.0150211
0.0137035
0.0140009
0.0138865
0.0141739
0.0146322
0.013477
0.0145749
0.0135975
0.0143987
0.01358
0.0138481
0.0143779
0.0138761
0.0143712
0.0136788
0.0144221
0.0133492
0.0146881
0.0140977
0.013994
0.0141152
0.0140848
0.0136651
0.0134801
0.014488
0.0139332
0.013904
0.0142701
0.0139019
0.0144141
0.0139153
0.0138112
0.0138485
0.0141181
0.0142454
0.013603
0.0143225
0.0140351
0.0134621
0.0151373
0.0142237
0.0141354
0.0140207
0.0140081
0.0139863
0.0136613
0.0139652
0.0137143
0.0143572
0.0138205
0.014396
0.0140672
0.0137742
0.0141405
0.0144472
0.0141427
0.0143694
0.0137376
0.0140666
0.0139799
0.0140348
0.0146097
0.0137966
0.0138031
0.0141828
0.0143459
0.0137575
0.0140663
0.0140938
0.0139849
0.0139589
0.0136928
0.0146317
0.014199
0.0142019
0.0138362
0.014543
0.0140367
0.0140219
0.0146523
0.0138751
0.0140491
0.0135532
0.0138822
0.0139292
0.0141766
0.0140197
0.0135557
0.0141913
0.0136292
0.0151269
0.014071
0.0139836
0.0141978
0.0137994
0.0142949
0.0140211
0.0145562
0.0139631
0.0147018
0.0141609
0.0139292
0.0141094
0.0134275
0.0150351
0.0134489
0.0145975
0.014061
0.0138964
0.0143339
0.013467
0.0146181
0.0141094
0.0153763
0.0147543
0.0153981
0.0150853
0.0144684
0.0144734
0.015014
0.0153502
0.0151816
0.0182452
0.0145291
0.0143835
0.0139534
0.0149706
0.0135307
0.0152156
0.013594
0.0138534
0.0141977
0.0133647
0.0149206
0.0134873
0.0139162
0.0914581
0.0241312
0.0183969
0.0139911
0.0149079
0.0138036
0.0138492
0.0141455
0.013631
0.0143938
0.0134822
0.0149663
0.0139891
0.014571
0.0144044
0.0146834
0.0145761
0.0137863
0.0144492
0.0133183
0.0145417
0.0141642
0.013935
0.0144121
0.0139316
0.0139554
0.0135476
0.0139524
0.0138756
0.0138406
0.0139808
0.0138486
0.0142944
0.0138155
0.0145482
0.013925
0.0141043
0.014096
0.0138543
0.0138421
0.0136296
0.0165772
0.0295541
0.0311353
0.0201458
0.0187048
0.0170236
0.0152144
0.0137063
0.0148183
0.0144098
0.0155568
0.013689
0.0144385
0.0139759
0.0137234
0.0169226
0.0143984
0.0139767
0.0137385
0.0150138
0.0146874
0.0145136
0.014693
0.0146362
0.0153683
0.0141787
0.0150742
0.0138226
0.0143578
0.0139992
0.0140491
0.0145297
0.0139393
0.0143655
0.013513
0.0146658
0.0139445
0.0138072
0.0144966
0.0145005
0.0140678
0.0138739
0.0139291
0.0142062
0.0141623
0.0141811
0.0137847
0.0143512
0.0140397
0.0144801
0.0141276
0.0136015
0.0144347
0.0134
0.0152807
0.0153375
0.0174149
0.0149811
0.0172119
0.015419
0.0176817
0.015125
0.0141693
0.014809
0.0140191
0.0142693
0.0139304
0.013966
0.0149694
0.0139504
0.014612
0.0138857
0.014452
0.0136461
0.0142525
0.0144791
0.0166259
0.0149322
0.0136169
0.0144316
0.0139893
0.0141707
0.0142968
0.0144605
0.013961
0.01357
0.0143763
0.0137866
0.014166
0.0141036
0.0144714
0.0142235
0.0147119
0.0142754
0.0148992
0.0148614
0.0143929
0.0153873
0.014014
0.0154226
0.0140485
0.0152093
0.0136202
0.0141195
0.0142205
0.0142522
0.014795
0.013732
0.0146441
0.0135226
0.0153106
0.0140244
0.014269
0.0138556
0.0139175
0.0143454
0.0132892
0.0150259
0.0136229
0.0153442
0.0138088
0.0156277
0.0147545
0.0139608
0.0155938
0.0135032
0.0158272
0.0142118
0.0151534
0.0143529
0.0152639
0.0155056
0.0156511
0.0145748
0.0146211
0.0147927
0.0136127
0.0158122
0.0139242
0.0147823
0.0139627
0.0163672
0.0148183
0.0150609
0.0158864
0.0150405
0.0147654
0.0144925
0.0152225
0.0141247
0.0152085
0.0141191
0.0148788
0.0137927
0.0151559
0.0151533
0.0145164
0.0145395
0.0138605
0.0139996
0.0137225
0.0145136
0.0140727
0.0136486
0.0146607
0.0139854
0.014781
0.0150327
0.0149642
0.0156932
0.0143018
0.014008
0.0145394
0.014465
0.013876
0.0143887
0.0143717
0.0145452
0.0139778
0.0141197
0.014338
0.0137813
0.0144723
0.0141898
0.014765
0.0137896
0.0142335
0.0144356
0.0138444
0.0145253
0.0141538
0.0146124
0.0140452
0.0138518
0.0165862
0.014496
0.0133969
0.0150363
0.0136307
0.0144342
0.0139423
0.0146686
0.0144141
0.0140872
0.0144512
0.0141997
0.0146396
0.014383
0.0149969
0.0139382
0.014695
0.0141324
0.0145036
0.0137292
0.0141852
0.0146624
0.0135035
0.0144091
0.0136966
0.014634
0.0141169
0.014711
0.0149181
0.0142086
0.0151637
0.0141538
0.0154431
0.0140681
0.015078
0.0139937
0.014596
0.0143869
0.0139323
0.0149186
0.0147599
0.015554
0.0136084
0.0157798
0.0141193
0.0171289
0.0140317
0.0162949
0.0142195
0.0169127
0.0258208
0.014992
0.0153636
0.0149476
0.0134027
0.0145251
0.0170439
0.019118
0.0163061
0.0180342
0.0145223
0.0146807
0.0134783
0.0139607
0.0137426
0.0167414
0.0137037
0.0135873
0.0154649
0.0137785
0.0153654
0.0139982
0.0153733
0.0142386
0.0149372
0.0141326
0.0151391
0.0143407
0.0163975
0.0150934
0.0142837
0.0152604
0.0196618
0.0177658
0.014742
0.0242037
0.0197078
0.0137328
0.0150335
0.0140163
0.0157078
0.0167139
0.0148373
0.0139625
0.0155009
0.0147874
0.0148287
0.0146524
0.0142145
0.015703
0.0136099
0.0150585
0.0140306
0.0152192
0.0138175
0.0147627
0.0148346
0.0153954
0.0146544
0.0146459
0.0154056
0.0147632
0.0160945
0.0135358
0.0148695
0.0137906
0.0154085
0.0143501
0.0143624
0.0148103
0.0138284
0.015064
0.0135636
0.0159892
0.0142756
0.016785
0.0143259
0.0139879
0.0144985
0.0156252
0.0143881
0.0151052
0.0180738
0.0153294
0.0143245
0.0138405
0.0150677
0.0136462
0.0152004
0.01414
0.0148359
0.0154016
0.0149125
0.0156408
0.0178015
0.017573
0.0158515
0.0162567
0.0183762
0.0148842
0.0176997
0.016861
0.0177672
0.0199455
0.0176111
0.0165636
0.0193647
0.0235569
0.021393
0.0198334
0.0153477
0.0148367
0.0153804
0.0142362
0.0154684
0.0141089
0.0141204
0.0147781
0.0143389
0.0182587
0.0140059
0.0177612
0.0149727
0.0178587
0.0149182
0.017794
0.0159594
0.0154948
0.0143405
0.0174433
0.0138434
0.0169994
0.0199688
0.016282
0.0143194
0.017325
0.0137045
0.0145261
0.014014
0.0152489
0.0139332
0.015316
0.0144193
0.0145388
0.014485
0.0136492
0.0149832
0.0138541
0.0149177
0.0138088
0.0145211
0.0139113
0.0139227
0.0153856
0.0143018
0.0164483
0.0148838
0.0179311
0.0157791
0.0170868
0.0149062
0.0159759
0.0144743
0.0155334
0.0309798
0.0149167
0.0151402
0.0277243
0.0157313
0.028484
0.0488034
0.0262688
0.0170595
0.0198638
0.0194804
0.0168934
0.0174287
0.0178361
0.0193171
0.0241236
0.0143699
0.02926
0.0404723
0.0205008
0.0263914
0.0147701
0.0265104
0.031576
0.0155092
0.0164474
0.0174318
0.0235834
0.0205442
0.0156741
0.027291
0.0173718
0.0183735
0.016787
0.0195551
0.0150426
0.0160693
0.0184881
0.0149922
0.0174645
0.0136917
0.0179907
0.016202
0.014962
0.0170046
0.016575
0.0160046
0.0236314
0.0149955
0.022036
0.0265267
0.015636
0.0271365
0.0151522
0.015155
0.0226927
0.0143352
0.0187361
0.0176205
0.0287653
0.0298856
0.0202166
0.0143283
0.0217848
0.0293536
0.0142166
0.0235784
0.016193
0.0150365
0.016406
0.0287295
0.0139842
0.0260624
0.0137124
0.0211638
0.0297027
0.0147997
0.0161745
0.014233
0.0142235
0.0234513
0.0186505
0.0166664
0.0153083
0.0210146
0.0142906
0.0265813
0.0192284
0.0316778
0.0147226
0.0177928
0.0152331
0.0151749
0.0164143
0.0163182
0.0182801
0.0211028
0.0148526
0.0170524
0.0143787
0.0168296
0.0159995
0.0181857
0.0286171
0.0143337
0.0159782
0.0149473
0.0277189
0.0320444
0.0150959
0.0157137
0.0187548
0.0205184
0.0257564
0.0150385
0.0301912
0.0194149
0.0172913
0.016683
0.0143321
0.0154012
0.0138559
0.0149241
0.037833
0.0222447
0.0175361
0.0252227
0.0154975
0.0188447
0.0174659
0.0170068
0.028499
0.0238709
0.0227901
0.0388658
0.017251
0.0248025
0.0147768
0.0267065
0.0172152
0.0342564
0.0159924
0.0147735
0.0152384
0.0158777
0.0236489
0.0169949
0.0187321
0.0163235
0.0250397
0.014695
0.0234508
0.0147842
0.0211572
0.0297191
0.0208418
0.0173615
0.0211298
0.0191105
0.0189972
0.0213441
0.0213349
0.0216453
0.01983
0.018467
0.0284772
0.0197767
0.0207404
0.0281301
0.0261518
0.0200485
0.0175888
0.031228
0.0180337
0.0346813
0.0236474
0.033759
0.0231651
0.029489
0.0480659
0.0462212
0.021488
0.0235562
0.0202982
0.0214506
0.0266277
0.023414
0.0196664
0.0144201
0.0233935
0.0213537
0.021918
0.0269521
0.0227291
0.0268358
0.0229215
0.0180036
0.0224051
0.0233687
0.0289335
0.0185694
0.018653
0.0186792
0.015286
0.0199848
0.0158054
0.0165224
0.0179367
0.0248803
0.0268601
0.025272
0.0179446
0.0191576
0.0283795
0.0249174
0.0140211
0.0339776
0.0165754
0.0162056
0.0182815
0.0172694
0.0187085
0.025035
0.0189947
0.016923
0.0156361
0.0164122
0.0144807
0.0161389
0.0151091
0.015942
0.0143581
0.0166276
0.0145146
0.0168056
0.0145398
0.0157667
0.0149584
0.0172677
0.0146981
0.0162386
0.0151119
0.0175728
0.0143799
0.0186267
0.0175378
0.0188722
0.0215884
0.0179521
0.0187719
0.0143715
0.0187052
0.0182181
0.0224061
0.0241529
0.0192981
0.0268446
0.0195387
0.0268547
0.0170831
0.0204777
0.0155757
0.018717
0.0203607
0.0200792
0.0195532
0.0344595
0.0199434
0.0164489
0.0283415
0.0210468
0.0291261
0.0177966
0.0142054
0.0168679
0.0146402
0.0179509
0.0143282
0.0240626
0.0202081
0.0211995
0.0169198
0.0178589
0.0195371
0.0234611
0.0197955
0.0208579
0.0146337
0.0234463
0.0158176
0.018257
0.017795
0.0162908
0.0248602
0.0198672
0.0214597
0.0134833
0.0191077
0.0301823
0.0161568
0.0240281
0.0389547
0.0191832
0.014235
0.0176109
0.0147244
0.0160653
0.015031
0.0167219
0.0154612
0.0165871
0.0248329
0.0181825
0.0168203
0.0320532
0.0170039
0.0222789
0.0164322
0.0192086
0.0162377
0.0166463
0.0280942
0.0163726
0.0151975
0.018953
0.0177001
0.0260434
0.0198776
0.028719
0.0237393
0.0179059
0.0193581
0.0182952
0.0147235
0.0349062
0.0210246
0.0172064
0.0175222
0.0179176
0.0141053
0.017004
0.0146092
0.0359518
0.0243348
0.0180712
0.0150738
0.0264797
0.0360166
0.0318025
0.0167506
0.0275625
0.0202662
0.0267608
0.0300688
0.0152191
0.0204331
0.0183227
0.0215755
0.0199109
0.0283688
0.0172594
0.0219966
0.0151204
0.0210027
0.0198536
0.0168238
0.0299751
0.0243769
0.0165474
0.0295022
0.0165127
0.0180438
0.0166738
0.018999
0.0191149
0.0142774
0.0179585
0.0160573
0.0198222
0.0199949
0.0184544
0.0194806
0.0187924
0.0188738
0.0288331
0.0170085
0.0224958
0.0209392
0.0220634
0.0155637
0.0197367
0.0220377
0.017614
0.0158395
0.015885
0.0151643
0.0212375
0.0174345
0.0247182
0.0159925
0.0155138
0.0153015
0.0149773
0.015244
0.0152256
0.0161068
0.0156116
0.034039
0.0187361
0.0145037
0.0167545
0.0150526
0.0225745
0.0229069
0.0173354
0.027277
0.0185414
0.0171882
0.0180215
0.0217071
0.0177519
0.0236496
0.0235056
0.0192495
0.0240369
0.0150644
0.0196785
0.0211603
0.022864
0.0185534
0.0205812
0.020541
0.0178456
0.0331186
0.0218945
0.0214131
0.0160306
0.0152987
0.0162298
0.0151744
0.0154362
0.016187
0.0155734
0.0163023
0.0147332
0.0162427
0.0140259
0.0161392
0.0135139
0.0178759
0.0143051
0.0172902
0.0138551
0.0166623
0.0145076
0.0176533
0.0145855
0.0169052
0.0152362
0.015753
0.0277687
0.0217502
0.0184794
0.0152794
0.0155195
0.0140458
0.0271764
0.0140311
0.0195055
0.0148801
0.0341589
0.0173843
0.019609
0.0252605
0.0164745
0.0148208
0.0161569
0.0150392
0.0218845
0.0249871
0.0148537
0.0177329
0.0185597
0.0187666
0.0186127
0.0229638
0.0238091
0.0247695
0.0213672
0.0178255
0.0170599
0.0253698
0.0143078
0.0300292
0.0144844
0.0159112
0.022485
0.0177089
0.0154197
0.0218371
0.0150725
0.0194053
0.0203603
0.0229559
0.016324
0.0272664
0.0156725
0.015423
0.0220562
0.0197413
0.0238379
0.0163131
0.0193199
0.0153046
0.0218354
0.0156827
0.0150042
0.0436146
0.0154884
0.015843
0.0144241
0.0160935
0.0144407
0.0148146
0.0156122
0.0145494
0.0149535
0.0151903
0.0147007
0.0152549
0.0138398
0.015392
0.0141967
0.0150911
0.0145448
0.0149664
0.0155423
0.0156959
0.0145846
0.0147657
0.0151964
0.0155189
0.0144962
0.0149392
0.0157126
0.0148996
0.0157591
0.0144946
0.0157353
0.0144811
0.0151625
0.0145799
0.0160772
0.0145301
0.0147869
0.0144979
0.0148203
0.0147219
0.0144966
0.0156192
0.0146978
0.0159166
0.015487
0.0158848
0.0141524
0.0150068
0.0149384
0.0152847
0.0155891
0.0153871
0.014774
0.0155168
0.0144783
0.0144044
0.0155094
0.0149173
0.0156245
0.0147442
0.0152346
0.014384
0.0162197
0.0141993
0.0160811
0.0144607
0.016857
0.0149148
0.0177548
0.0154453
0.0150398
0.0150103
0.0152443
0.0149054
0.0152351
0.0152743
0.0146909
0.0151887
0.0138999
0.0157093
0.0144453
0.0159005
0.0147731
0.0168584
0.0146025
0.0146152
0.0148133
0.0146686
0.0148107
0.0141237
0.0158236
0.014198
0.0154734
0.0147764
0.0159674
0.0146254
0.0151128
0.0146534
0.0161606
0.0147002
0.014911
0.0154454
0.0141605
0.0161197
0.0151134
0.0154117
0.0148731
0.0152052
0.0144066
0.0158563
0.0147188
0.0151591
0.0151586
0.0141136
0.0153573
0.0145804
0.0156283
0.0140217
0.0149501
0.0143309
0.0153788
0.0180513
0.0156809
0.0145723
0.0149484
0.0156973
0.0143441
0.0146764
0.0158308
0.0147084
0.0158261
0.0147706
0.0152664
0.0147953
0.0144835
0.0158432
0.0142682
0.0152005
0.0144229
0.0162917
0.0142411
0.0157379
0.01468
0.0153812
0.0147922
0.0153187
0.0154284
0.0147951
0.01498
0.0150576
0.0154738
0.0150381
0.0152229
0.0144504
0.0155487
0.0153963
0.0153024
0.0146463
0.0158513
0.0142798
0.0157776
0.0144587
0.0170718
0.0146087
0.014866
0.0146078
0.0147241
0.0149984
0.0145756
0.0156294
0.0143223
0.0158859
0.0146215
0.0152987
0.0136634
0.0152067
0.0138949
0.0146565
0.0146432
0.0140984
0.0150129
0.0136116
0.0146599
0.0138839
0.0151106
0.0139035
0.0159284
0.0143867
0.0147393
0.0141497
0.0137861
0.01493
0.0134822
0.0145798
0.0132797
0.014732
0.0138366
0.014097
0.0144026
0.0143858
0.0160151
0.0134846
0.0169981
0.0138146
0.0165226
0.0145257
0.0164011
0.0146077
0.0151527
0.0147165
0.0150083
0.0151547
0.0151254
0.0162917
0.0142386
0.0150742
0.013876
0.0158685
0.0141646
0.0151653
0.0141592
0.0153551
0.0148033
0.0149603
0.0151211
0.0181162
0.0159493
0.0164126
0.0206972
0.0183812
0.0193575
0.0307652
0.0213625
0.0144089
0.0171483
0.0324026
0.0166589
0.0190807
0.0194395
0.0196149
0.0272032
0.0147309
0.0154152
0.0191021
0.0300317
0.0211354
0.0218389
0.022611
0.0157996
0.0299509
0.0152412
0.0192002
0.0219171
0.0142721
0.0198829
0.0147076
0.0148954
0.0143975
0.0153871
0.0141058
0.0163418
0.0164122
0.0176926
0.0185217
0.0198131
0.0261342
0.0226549
0.0162974
0.0220943
0.037257
0.0291124
0.0159135
0.0162634
0.0156432
0.0153758
0.0152586
0.0165843
0.0159763
0.0147599
0.0138939
0.014395
0.015221
0.0141548
0.0155432
0.0154021
