6.85083
8.26028
6.51038
6.88286
6.68034
6.90231
6.92706
6.97909
6.72496
6.60505
6.62066
6.60941
6.43082
6.57768
6.81715
7.34912
6.5089
6.49051
6.59866
6.58976
6.60184
6.63093
7.04974
6.497
6.70425
6.75913
6.5849
6.63142
6.52511
6.77099
6.66559
7.06509
6.7856
6.80429
6.5876
6.62904
6.63917
6.68645
6.5593
6.74017
6.62455
6.45802
6.85079
6.53834
6.66182
7.02893
6.77876
6.57303
6.68844
6.66838
7.257
6.38894
6.49901
6.71108
6.90227
6.96402
10.1223
6.96749
11.529
10.4908
6.63021
6.79753
6.63012
6.68543
6.64633
6.58954
6.72473
6.87774
6.79469
6.4047
6.51662
6.98544
7.13236
6.79306
6.72574
7.10917
6.90921
7.13103
6.70523
6.70045
6.63871
6.87363
6.64171
7.00104
6.77965
7.38979
6.67901
6.4481
6.53383
6.76453
6.60278
6.51254
6.54226
6.93406
7.01863
7.10288
6.90164
6.7008
6.77558
6.86021
