1256.89
1380.23
1437.34
1242.54
1207.5
1232.39
1235.49
1241.63
1225.39
1226.35
1224.6
1226.34
1256.01
1227.4
1249.49
1215.78
1216.87
1225.44
1225.03
1244.59
1240.64
1201.29
1212.65
1233.51
1232.34
1226.23
1231.42
1233.61
1394.63
1248.55
1380.56
1424.05
1427.43
1405.24
1474.58
1226.67
1328.08
1259.01
1367.09
1323.33
1268.38
1288.62
1279.07
1369.02
1289.5
1270.07
1412.97
1438.63
1384.79
1316.6
1326.83
1265.38
1280.97
1265.46
1279.56
1289.47
1487.15
1286
1295.23
1652.15
1318.31
1300.89
1456.41
1323.14
1517.26
1262.05
1259.07
1258.04
1273.47
1267.16
1241.21
1220.31
1265.1
1329.4
1365.64
1444.08
1370.07
1445.15
1251.24
1403.09
1447.36
1231.46
1270.74
1221.72
1252.47
1286.53
1307.86
1284.64
1255.16
1308.46
1821.54
1227.64
1240.12
1234.05
1290.21
1232.67
1215.3
1239.65
1232.75
1202.66
