0.0141527
0.0145153
0.0220016
0.0140224
0.0145096
0.0161137
0.0145774
0.0141983
0.0172824
0.0143525
0.0135818
0.0192333
0.0156166
0.0142133
0.0215652
0.0140809
0.0180757
0.017025
0.0153878
0.0208392
0.0141216
0.0139107
0.0218982
0.0140986
0.0146243
0.0190001
0.0148262
0.0142147
0.0210339
0.013985
0.0165217
0.0190972
0.0136923
0.018058
0.0165103
0.014272
0.0205505
0.0147122
0.0139323
0.0223751
0.0140633
0.0151325
0.0216016
0.0139789
0.0150446
0.0193399
0.014532
0.0187919
0.0168155
0.0139811
0.0204951
0.0140584
0.0144768
0.0221034
0.0145462
0.0139845
0.0217347
0.0148715
0.0168423
0.0192166
0.0148729
0.0215121
0.0139117
0.0140096
0.0219829
0.0139791
0.0137726
0.0218297
0.013849
0.014202
0.021191
0.0141278
0.018049
0.0177899
0.0140487
0.019155
0.0156722
0.0140106
0.0217825
0.0143764
0.014437
0.0223388
0.0138547
0.0137696
0.0212844
0.0145781
0.0164348
0.0190331
0.0142359
0.0199298
0.0147115
0.014056
0.0211779
0.0141621
0.0136107
0.0221614
0.0139529
0.0143695
0.0220917
0.013747
0.0145638
0.0200664
0.0141846
0.0162199
0.0191579
0.0141146
0.0199583
0.0148534
0.0138147
0.0212221
0.014589
0.0151707
0.022184
0.0149509
0.0152401
0.0204228
0.0146626
0.0191022
0.0160052
0.0139802
0.0211434
0.0141584
0.01385
0.0219534
0.0137343
0.0142075
0.0219352
0.013794
0.0146541
0.0201602
0.0139974
0.0167435
0.018901
0.0137228
0.0191863
0.0157937
0.0142829
0.0215049
0.015062
0.0140084
0.022288
0.0137299
0.0145403
0.0206129
0.0136271
0.0160851
0.0184031
0.0143672
0.0180347
0.0166015
0.0136934
0.0197727
0.0151757
0.0145278
0.0227134
0.0139622
0.013722
0.0220478
0.0145423
0.0150662
0.0237478
0.0146358
0.0220226
0.0140614
0.0150783
0.0219823
0.0141058
0.0146751
0.0206084
0.014195
0.0165129
0.0187669
0.013967
0.0193507
0.0156813
0.0144992
0.0218044
0.0142836
0.0136496
0.0220415
0.0137782
0.0141041
0.0216176
0.0138271
0.0150065
0.0193116
0.0144512
0.0177489
0.0177776
0.0139333
0.0206001
0.0142568
0.0144559
0.0219334
0.014775
0.0137398
0.0218512
0.0139074
0.0143234
0.0205048
0.013845
0.0169328
0.018149
0.0139021
0.0185213
0.0162628
0.0137719
0.0209607
0.0165706
0.0146135
0.0229374
0.0152384
0.0175506
0.0179348
0.0143853
0.0197157
0.0152151
0.0138058
0.0216358
0.0138291
0.0144369
0.022118
0.014224
0.0138241
0.0214998
0.0140572
0.0154296
0.0194859
0.0137343
0.0172955
0.0172304
0.0140697
0.0191112
0.0170839
0.0139758
0.0221686
0.0146858
0.0142774
0.0220268
0.0138388
0.0148185
0.0195
0.0141263
0.0173393
0.0177271
0.0137661
0.0193785
0.0156022
0.014464
0.0217118
0.0140834
0.0137777
0.0220424
0.0137082
0.0139633
0.0219854
0.0138307
0.0143354
0.0201037
0.0142206
0.0164347
0.0182019
0.0138442
0.0184322
0.0160336
0.014237
0.0203183
0.0144388
0.0137342
0.022132
0.0138161
0.0141864
0.0221777
0.0144921
0.0143405
0.0202691
0.0144589
0.0172461
0.018194
0.0139218
0.0198896
0.0156412
0.0145331
0.0220145
0.0139953
0.0137178
0.0220969
0.0139249
0.0140803
0.0215997
0.0137
0.0163974
0.0183549
0.0141107
0.0181033
0.0165857
0.013828
0.0202769
0.0143081
0.0140271
0.0215565
0.014678
0.0139593
0.0222007
0.0137727
0.0142276
0.0209279
0.0138054
0.0155675
0.0189596
0.0140032
0.0178544
0.0171
0.0139874
0.0200533
0.0149269
0.0141856
0.0217611
0.0146865
0.013915
0.0219108
0.0142428
0.0146655
0.0210168
0.0142588
0.0178551
0.0165095
0.0141969
0.0193176
0.0160105
0.0136066
0.0219802
0.0138699
0.0142314
0.0218322
0.0143216
0.0139307
0.0212494
0.0143703
0.0175443
0.0181968
0.0139006
0.0195161
0.0156006
0.0142792
0.0219358
0.0180494
0.0185239
0.0184894
0.0143588
0.0187328
0.0162223
0.013751
0.0204403
0.0140481
0.0141904
0.0217537
0.0143416
0.0138058
0.0225726
0.0137016
0.0143584
0.0214191
0.0139777
0.0164861
0.0182241
0.0141384
0.0184258
0.016723
0.013728
0.0210229
0.0155223
0.0207748
0.0198795
0.0140656
0.0200954
0.0146361
0.0145678
0.0217199
0.0156655
0.0138403
0.0219987
0.0142947
0.0149526
0.0203397
0.0142095
0.0176033
0.0177387
0.0148189
0.0206322
0.0145051
0.0140408
0.022027
0.013697
0.0145019
0.0221628
0.0138733
0.014668
0.0197438
0.0141463
0.0168474
0.0184613
0.0137904
0.019206
0.0152487
0.0145154
0.0212115
0.0145541
0.0138574
0.0214972
0.0137007
0.0142235
0.0207454
0.013989
0.0139645
0.0212276
0.0141507
0.0156117
0.0192417
0.013883
0.0179511
0.0169041
0.0145417
0.0206967
0.0143877
0.0137751
0.0170445
0.0152034
0.0142951
0.0218718
0.0145496
0.0136578
0.0220877
0.0137373
0.0154478
0.0204088
0.013932
0.0176269
0.0172822
0.0143102
0.0198387
0.015397
0.0139473
0.0221997
0.0144643
0.0159602
0.0218104
0.0147679
0.0170604
0.0177907
0.0147033
0.0201253
0.0153134
0.0138506
0.0223586
0.0136224
0.0143726
0.0223995
0.014232
0.015118
0.0195954
0.0141851
0.0171098
0.0178536
0.0138206
0.0191096
0.0152185
0.0143652
0.021183
0.0143466
0.0136137
0.0222314
0.0137613
0.0141354
0.0219409
0.0139395
0.0138793
0.0210397
0.0138961
0.0162486
0.0185876
0.0137404
0.0177472
0.0165896
0.0144987
0.0197248
0.0151557
0.0136378
0.0218619
0.0137686
0.0144593
0.0217461
0.0146485
0.0140631
0.0209465
0.0140589
0.0167038
0.0189018
0.0139845
0.0200352
0.0155568
0.0145546
0.0222593
0.0147365
0.0139421
0.0222031
0.0139738
0.0165835
0.0199109
0.0139696
0.0189368
0.01641
0.0156513
0.0229724
0.0145906
0.0143205
0.0215009
0.0141768
0.0171259
0.0184036
0.0142156
0.0195217
0.0156203
0.0140707
0.0218696
0.0143985
0.0136996
0.0220941
0.013778
0.0140871
0.0217587
0.0140992
0.0149661
0.0195866
0.0139198
0.0168207
0.0188901
0.0137682
0.0198225
0.0144503
0.0144979
0.0216369
0.014511
0.0135576
0.0219564
0.0139386
0.0143505
0.0211768
0.0136923
0.0156578
0.0188647
0.0143554
0.0176497
0.0170594
0.0136424
0.0184957
0.0141824
0.0140596
0.0194794
0.0157457
0.0139086
0.0213234
0.0142161
0.0145889
0.0215341
0.0144097
0.0138092
0.0219788
0.013599
0.0151449
0.020065
0.0135831
0.0167676
0.0179482
0.0139565
0.0181816
0.0162426
0.0139734
0.0203436
0.01438
0.0145381
0.0220771
0.0141623
0.013917
0.0225022
0.0137331
0.015056
0.0201098
0.0138059
0.0163195
0.0180224
0.0138017
0.0179371
0.0176626
0.0136598
0.0209601
0.013751
0.014111
0.0217413
0.014379
0.0142767
0.0217707
0.0135927
0.0148402
0.0206064
0.0139626
0.0158753
0.0186956
0.0140906
0.0177956
0.0172409
0.0140773
0.0206195
0.0138407
0.0141779
0.0219083
0.0143295
0.0138329
0.0219862
0.0139931
0.0146573
0.0208261
0.0143644
0.0168994
0.0178343
0.0140765
0.0187454
0.0168706
0.0140442
0.0218035
0.0137209
0.0142174
0.0218522
0.0145675
0.0137194
0.0220389
0.0136394
0.0158233
0.0197554
0.0137647
0.0178497
0.0172672
0.0143183
0.0205831
0.0145892
0.0137998
0.021802
0.0136821
0.0139743
0.0218785
0.014221
0.0136189
0.0211071
0.0137335
0.0155161
0.0198938
0.0136343
0.0174517
0.016985
0.0141412
0.0195795
0.0155041
0.0138156
0.0217483
0.0140695
0.0142441
0.0219004
0.0143757
0.0138094
0.0210895
0.0136281
0.0155133
0.0194369
0.0138548
0.0176744
0.0168381
0.014459
0.020474
0.0152076
0.013721
0.0218465
0.0138253
0.0141316
0.0220447
0.0138994
0.0136511
0.021179
0.0137013
0.0151548
0.0196457
0.0136747
0.0169339
0.0178329
0.0142229
0.0199859
0.0152345
0.0136263
0.0216576
0.0136857
0.0144605
0.021652
0.0144881
0.0136654
0.0218177
0.0136319
0.0149409
0.0202414
0.0138029
0.0160694
0.0183596
0.0139284
0.0185876
0.0192833
0.0138376
0.0219882
0.014904
0.0146917
0.0215045
0.0143796
0.0167196
0.0185954
0.0143261
0.0192301
0.0158666
0.0139608
0.0214726
0.0138064
0.0141413
0.0216934
0.014437
0.0142041
0.0223827
0.0140208
0.0157416
0.0191336
0.0139312
0.0175591
0.016973
0.0139364
0.0201649
0.0151933
0.0136262
0.0219428
0.0137095
0.0143279
0.0217788
0.0142431
0.013638
0.0217001
0.01373
0.0165148
0.0191368
0.0139127
0.017622
0.017091
0.0139241
0.0195708
0.0153088
0.0138218
0.0218108
0.0138959
0.014075
0.021745
0.0142345
0.0136423
0.0220373
0.0137311
0.0152837
0.0200161
0.0138987
0.0168482
0.0174204
0.0141053
0.0184677
0.0165742
0.0136645
0.0210644
0.0193385
0.0144602
0.021174
0.0140723
0.018578
0.0165594
0.0139015
0.0204501
0.0145025
0.0141188
0.0220238
0.0136631
0.0142433
0.0216539
0.0138994
0.0139282
0.0211072
0.013517
0.0158153
0.0194662
0.0137825
0.0178069
0.0166899
0.0141052
0.0203196
0.0151668
0.0135475
0.0221516
0.0137579
0.0140392
0.0217493
0.0138752
0.0136203
0.0219136
0.0136967
0.0152913
0.0195473
0.0139962
0.0176073
0.0174354
0.0140578
0.019874
0.0150895
0.0139512
0.021909
0.013885
0.0140744
0.0222478
0.014353
0.0136729
0.0215401
0.0137402
0.016276
0.0187891
0.0136071
0.0172298
0.0171854
0.0138768
0.0197064
0.015529
0.0138392
0.0219522
0.0136469
0.0144648
0.0217233
0.0143808
0.0138819
0.0210612
0.0136854
0.0164459
0.0189352
0.0138304
0.0181908
0.0162203
0.0139071
0.0200016
0.0147163
0.0137084
0.0219436
0.0136823
0.0145067
0.0218293
0.014103
0.013749
0.0210111
0.0138738
0.0160361
0.019229
0.0140779
0.0193674
0.0158339
0.0139941
0.0209092
0.0141441
0.0135375
0.0220109
0.0137343
0.0141207
0.0220963
0.0139938
0.0137102
0.0209967
0.0137568
0.0156701
0.0194897
0.0138114
0.0177769
0.0167567
0.0143629
0.0205593
0.0143485
0.0137005
0.0219505
0.013821
0.014042
0.0217145
0.0142377
0.0136512
0.021786
0.0136125
0.0148134
0.020297
0.0142982
0.0173451
0.0175494
0.0140746
0.0194445
0.0154637
0.0138429
0.0217305
0.0139934
0.0140207
0.0216699
0.0143657
0.013556
0.0221534
0.0137924
0.0149798
0.0199302
0.0139971
0.0170957
0.0180324
0.0139288
0.0195592
0.0152982
0.0139856
0.0218091
0.0137771
0.0140999
0.0217778
0.0146747
0.01369
0.0218837
0.01374
0.0149326
0.0199047
0.013974
0.0170058
0.0179833
0.0143777
0.0193999
0.0157719
0.0136802
0.0215517
0.013649
0.0141327
0.0218228
0.0140737
0.0136678
0.0220603
0.013775
0.0143211
0.0206926
0.0142233
0.0163798
0.0181081
0.0138841
0.019454
0.0161292
0.0139806
0.0218648
0.0137248
0.0139683
0.0219734
0.0143524
0.0139661
0.0221257
0.0141381
0.0160325
0.0190465
0.0140657
0.0174736
0.017063
0.0144539
0.0200775
0.0150247
0.0137005
0.0217022
0.0137904
0.0142481
0.0218453
0.0141287
0.0136329
0.0219339
0.0137097
0.0152144
0.0198743
0.0140002
0.0164884
0.0178965
0.0138987
0.0180975
0.0166266
0.0136729
0.0201723
0.014529
0.014226
0.0217851
0.0140923
0.013584
0.0218114
0.0136741
0.0141975
0.0207824
0.0141583
0.0136506
0.0196774
0.013624
0.0145271
0.0196123
0.0143836
0.0151865
0.0180279
0.013841
0.0170251
0.0178016
0.0140914
0.0196015
0.0153829
0.0140204
0.0220038
0.0139546
0.014225
0.0218445
0.0138208
0.0141399
0.0215435
0.0141866
0.0148212
0.0198933
0.0136805
0.0175539
0.0174787
0.0141827
0.0194832
0.0153614
0.0143404
0.0219327
0.0143756
0.0139889
0.02202
0.0138455
0.0142753
0.0210358
0.0141196
0.0155333
0.0201817
0.0142147
0.0196503
0.0164046
0.0138457
0.0218845
0.0136274
0.0139613
0.0218659
0.0140394
0.013557
0.022036
0.013925
0.0158378
0.0207424
0.0138821
0.0198733
0.0149036
0.014377
0.0218574
0.0141961
0.0136693
0.0222435
0.0138954
0.0141235
0.0212418
0.01429
0.0152669
0.0193425
0.0137152
0.017419
0.0177378
0.0139726
0.0194209
0.0151095
0.0141127
0.0214826
0.0142629
0.013502
0.0218657
0.0136646
0.0142447
0.0217448
0.0141178
0.014107
0.0209762
0.0137159
0.0196852
0.0177124
0.0140742
0.0209778
0.0137827
0.0139813
0.0217197
0.0142799
0.0136448
0.0218041
0.0137266
0.0138023
0.0221359
0.0141331
0.0155563
0.018846
0.0136437
0.0168871
0.017896
0.0136695
0.0187691
0.0154955
0.0140009
0.0214798
0.0137658
0.0139147
0.0219839
0.0142138
0.0144017
0.0225685
0.0144973
0.0157547
0.0199017
0.0137655
0.019078
0.0162606
0.01383
0.0209792
0.0136365
0.0145659
0.0217293
0.0142467
0.0135984
0.0218773
0.0136488
0.0142725
0.0206008
0.0141975
0.015317
0.0191886
0.0139237
0.0179645
0.0171764
0.0138721
0.0199871
0.0148381
0.0141688
0.0218706
0.0142222
0.0139102
0.0221653
0.0138723
0.014445
0.0209808
0.0141389
0.0156932
0.0188446
0.0138773
0.0180759
0.0167491
0.0139459
0.0190272
0.0144038
0.0139402
0.0147104
0.0138632
0.0142
0.0157575
0.0189772
0.0142629
0.0183507
0.0164026
0.0137601
0.0204192
0.0142365
0.0139119
0.0218264
0.0147672
0.0136315
0.0183379
0.0140056
0.0139327
0.0139596
0.0139675
0.0141316
0.0139829
0.0152012
0.0137468
0.0155272
0.0188175
0.0141411
0.0166996
0.0176616
0.0138069
0.0171997
0.0167822
0.0140128
0.0189579
0.0156833
0.0139968
0.021903
0.0146126
0.0138522
0.0218615
0.0140565
0.014061
0.0215532
0.014481
0.0151076
0.0201307
0.014172
0.0184056
0.0174085
0.0137384
0.0212341
0.0146966
0.0148419
0.0221216
0.0143346
0.013872
0.0211235
0.0141636
0.0168809
0.018044
0.0139577
0.0185549
0.0163465
0.0140235
0.0170934
0.0150522
0.0137842
0.0193657
0.0153039
0.0141539
0.0216574
0.0143897
0.0140084
0.0219241
0.013744
0.0141457
0.0215202
0.0142088
0.0151192
0.0187523
0.0138812
0.0173914
0.0168599
0.0139992
0.0146143
0.0140629
0.01362
0.0142348
0.0138408
0.0141847
0.0137356
0.0219613
0.0137191
0.0142926
0.0218205
0.0145397
0.0140593
0.0207253
0.0137409
0.0162977
0.0186398
0.0140632
0.017246
0.0170878
0.0138359
0.0197875
0.0155273
0.0136268
0.0219759
0.0138441
0.0138685
0.021907
0.0145314
0.013721
0.0218077
0.0137486
0.0155348
0.0193293
0.0140498
0.0167011
0.0184368
0.0138329
0.0202275
0.0152216
0.0135552
0.0214805
0.0137273
0.0140055
0.0224983
0.01415
0.0137411
0.0220429
0.0136178
0.014949
0.0198033
0.0142668
0.0165414
0.0183398
0.0137617
0.0194531
0.0160026
0.0139125
0.021824
0.0141141
0.0139102
0.021748
0.0145768
0.0136664
0.0218676
0.0140111
0.0153061
0.0186779
0.01416
0.0167472
0.0188135
0.0138105
0.0194001
0.0156714
0.0140641
0.0212972
0.0141784
0.0142332
0.0218679
0.0144573
0.0136424
0.0226699
0.0136577
0.0152624
0.019455
0.0141476
0.0169638
0.0176397
0.0137586
0.0193533
0.0155484
0.0136667
0.0213915
0.0138788
0.0138554
0.0218762
0.0142697
0.0135973
0.0219119
0.0136473
0.014222
0.021051
0.0140186
0.0159453
0.0186308
0.0137202
0.0182212
0.0168313
0.0138944
0.0200093
0.0142251
0.013982
0.0223237
0.0143596
0.0140019
0.0220224
0.0137047
0.0141441
0.0211697
0.0138121
0.0154497
0.0190065
0.0138309
0.0181535
0.0161983
0.014201
0.0185452
0.015917
0.0138843
0.0213427
0.0142231
0.01352
0.0217992
0.0138296
0.0141921
0.0216758
0.0141949
0.0136472
0.0214396
0.0139977
0.0165367
0.0189827
0.0142514
0.0191184
0.0154159
0.0140005
0.0215966
0.0145819
0.0135773
0.0217839
0.0139939
0.0141467
0.0219673
0.0140144
0.0143629
0.0201322
0.0135861
0.0168986
0.0182159
0.0140438
0.0184631
0.0160649
0.0136522
0.0203735
0.0148285
0.0141493
0.0220032
0.0142081
0.0142651
0.0220192
0.0140998
0.0149509
0.0202189
0.0138867
0.0178127
0.0170159
0.0143122
0.0193595
0.0151607
0.0138696
0.0217262
0.0140695
0.0141054
0.0218733
0.0136061
0.0140364
0.0221056
0.0142776
0.0145551
0.0201053
0.0139079
0.0177285
0.0169754
0.0140924
0.0160433
0.0148762
0.0137393
0.0169451
0.0178116
0.0140276
0.0181838
0.0160508
0.0139229
0.0199085
0.0139411
0.0137941
0.0137221
0.015324
0.0140762
0.0159267
0.0139431
0.0141949
0.0136315
0.0154069
0.0139568
0.0140607
0.0140897
0.0137906
0.0143055
0.0185246
0.0161167
0.0137961
0.0186062
0.0151587
0.0140867
0.0200731
0.0136808
0.013857
0.0212435
0.0138343
0.0136006
0.0218591
0.0137445
0.0139454
0.021655
0.0141493
0.0140833
0.0205312
0.0136575
0.0163662
0.0185562
0.0141301
0.0177999
0.0167624
0.0136316
0.0199916
0.014937
0.0142687
0.0217156
0.0137182
0.0139707
0.0218054
0.0146756
0.0137653
0.0213422
0.0138444
0.0155574
0.015309
0.0140745
0.0138715
0.0185306
0.0140205
0.0142944
0.0210923
0.0144498
0.0161023
0.0189626
0.0141096
0.0192737
0.0157801
0.0143592
0.0213053
0.0141539
0.0138542
0.0223906
0.0144588
0.0137615
0.0219701
0.0137229
0.0159615
0.019414
0.0142128
0.0177102
0.0170059
0.0139631
0.0202602
0.0148978
0.0138492
0.0218861
0.0137073
0.0139656
0.0231919
0.013966
0.0135967
0.021231
0.0141231
0.0168276
0.0185795
0.0143316
0.0185913
0.0158323
0.013667
0.0164576
0.0141762
0.0144255
0.0178439
0.0168105
0.0139438
0.0202133
0.0147023
0.0141219
0.0220288
0.013747
0.0137522
0.0198374
0.0142832
0.0136849
0.0213637
0.01418
0.0141984
0.0200815
0.0141272
0.0145786
0.0169296
0.0138198
0.0145605
0.0196932
0.0142129
0.0140814
0.0189335
0.0137085
0.0144534
0.0156604
0.0143761
0.0137949
0.0165268
0.0138871
0.0138101
0.0184761
0.0148112
0.0138629
0.0230978
0.018012
0.0172431
0.0198021
0.0153682
0.0218143
0.0137899
0.0138774
0.021704
0.014748
0.0136509
0.0214127
0.0140405
0.0177383
0.018236
0.0140111
0.0194042
0.0152383
0.0138248
0.0210287
0.0144654
0.0139851
0.0224816
0.0142046
0.0145324
0.0210236
0.0141691
0.0166789
0.0189881
0.0138997
0.0192817
0.0158487
0.0144287
0.0216063
0.0138411
0.01414
0.0220178
0.0142585
0.0136755
0.0223292
0.014037
0.0156242
0.0192998
0.0142537
0.0170261
0.0177723
0.0138524
0.0193142
0.0149657
0.0139852
0.0206192
0.014186
0.0136972
0.0220276
0.0145438
0.0139779
0.0225975
0.0140473
0.0158021
0.0193641
0.0140921
0.0163641
0.0176952
0.0144345
0.0191237
0.0162836
0.0140591
0.0215221
0.017787
0.0175868
0.0193787
0.0142123
0.0174976
0.0169471
0.0138918
0.0196676
0.0148751
0.0142411
0.0223578
0.013811
0.0140309
0.0219089
0.0140975
0.0136584
0.0218201
0.0138475
0.0160953
0.0192046
0.0141124
0.0179214
0.0171625
0.013697
0.0201499
0.0145651
0.0141393
0.0218058
0.01388
0.0138595
0.0220248
0.0141333
0.0136319
0.0217087
0.0138912
0.0152623
0.0197728
0.0140255
0.0170143
0.0177628
0.0139585
0.0196457
0.015166
0.0140136
0.0215464
0.0144516
0.0139487
0.0221952
0.0142065
0.0137658
0.0217943
0.0139699
0.0156557
0.0190212
0.0139197
0.0174019
0.0180769
0.0138083
0.0204254
0.0143932
0.0143388
0.0219564
0.0140863
0.0137749
0.0222214
0.0142399
0.013982
0.0209653
0.0139044
0.0163498
0.0186616
0.0140854
0.0179271
0.0166854
0.0136921
0.0199538
0.0151805
0.0139618
0.0216647
0.0135935
0.0140513
0.0218477
0.0141653
0.0135976
0.0218723
0.0136885
0.0155307
0.0191751
0.0142124
0.01666
0.0185852
0.0138767
0.0187428
0.0150149
0.0140526
0.0179683
0.0160164
0.014035
0.0202997
0.0147902
0.0139021
0.0205512
0.013885
0.0139841
0.0173754
0.0143096
0.0141377
0.0199546
0.0146014
0.0137686
0.0200995
0.0137315
0.0138893
0.0200498
0.0136193
0.0141178
0.0202447
0.0141066
0.0136252
0.0201072
0.014105
0.0141173
0.0184247
0.0141149
0.0136768
0.0229169
0.0139027
0.0166773
0.0154319
0.0142375
0.015421
0.0195587
0.0139934
0.0181478
0.0166773
0.0141499
0.0197935
0.0148159
0.0137487
0.0221299
0.0141183
0.0135194
0.0221988
0.0140173
0.0144441
0.0207199
0.0142524
0.0166391
0.0181743
0.0137158
0.0180515
0.0165984
0.0140866
0.0202947
0.0146694
0.0140531
0.0220871
0.0141316
0.0141709
0.0227413
0.0142929
0.0160709
0.019194
0.0143521
0.0183531
0.0169905
0.0139631
0.0196141
0.0140446
0.0140124
0.0162297
0.0145703
0.0137615
0.0150982
0.0140462
0.0142257
0.0156244
0.0195727
0.0138895
0.018245
0.0166079
0.014431
0.0199863
0.0148379
0.0136917
0.0219024
0.0140842
0.0137443
0.0219948
0.0138769
0.01404
0.0211486
0.0141764
0.0153396
0.020904
0.0142601
0.0201211
0.0149794
0.0141601
0.0221713
0.0142904
0.0140386
0.0221475
0.0140662
0.0138275
0.0208439
0.0136326
0.0159857
0.01945
0.0146811
0.0191305
0.0158926
0.0139019
0.0218944
0.0138132
0.0140368
0.0221787
0.0137079
0.0139142
0.021822
0.0141702
0.014335
0.020552
0.0136234
0.0177368
0.0176965
0.0139614
0.0194239
0.0156339
0.0137583
0.0218297
0.0137395
0.0139718
0.0219461
0.0139521
0.0142567
0.0221522
0.0143465
0.0155952
0.019633
0.0137231
0.0173676
0.0172949
0.0141542
0.0195815
0.0152108
0.0137134
0.0212153
0.0137027
0.0139728
0.0141554
0.0142337
0.0136705
0.0187895
0.0163529
0.0139786
0.0211814
0.0140214
0.013993
0.021923
0.0139977
0.0140548
0.0218716
0.0139597
0.0147848
0.0205278
0.0141523
0.0165933
0.0182525
0.0136389
0.0185711
0.0159304
0.0141535
0.0203778
0.0142394
0.013695
0.0221041
0.0151266
0.0136483
0.0222792
0.0137065
0.0141077
0.0207115
0.0138996
0.0162118
0.0187074
0.014093
0.0197092
0.0154733
0.0141807
0.0210867
0.0138963
0.0137929
0.0191104
0.0137803
0.0140496
0.0150432
0.0145581
0.0139368
0.0194464
0.0153053
0.0140269
0.0213282
0.0139092
0.0136274
0.0219459
0.0140179
0.0143447
0.021924
0.0136828
0.0141974
0.020696
0.0141354
0.0162641
0.0185956
0.0140636
0.0185847
0.0166686
0.0140718
0.0208538
0.0140464
0.0137545
0.0221141
0.0141022
0.0139897
0.0220896
0.0136331
0.0139089
0.0211303
0.014267
0.0160095
0.0189133
0.0137446
0.018415
0.0161591
0.0141686
0.020606
0.0145444
0.0138839
0.0221564
0.0140968
0.0138952
0.0223849
0.0138073
0.0143704
0.0207569
0.0140814
0.0167203
0.0180617
0.0139482
0.018484
0.0162055
0.0140021
0.0208025
0.0142417
0.0139873
0.0221074
0.0143161
0.0146295
0.0223416
0.0143634
0.0154169
0.0192914
0.0141749
0.0178365
0.0173129
0.0139003
0.0200735
0.0149252
0.0150278
0.0222023
0.0138806
0.0139255
0.0221779
0.013871
0.014289
0.0204464
0.0137163
0.0162467
0.0186907
0.0139128
0.0183464
0.0166654
0.0139977
0.0207652
0.0139336
0.0141546
0.0225148
0.0137665
0.013654
0.0218121
0.0140603
0.0137468
0.02093
0.0135237
0.0151579
0.0195559
0.0148513
0.0179866
0.0166477
0.0137934
0.0183617
0.0142667
0.0139999
0.0139987
0.0139292
0.0138181
0.0141682
0.0137711
0.01356
0.0140828
0.0219507
0.0142643
0.0139265
0.0219792
0.0140328
0.0142495
0.0173386
0.013689
0.0138162
0.0139904
0.0137925
0.0140745
0.0142065
0.0140504
0.0137774
0.0151919
0.0169108
0.0139258
0.0147994
0.0205466
0.0141827
0.0187006
0.016477
0.0139416
0.0204531
0.014607
0.0138214
0.0217859
0.0138648
0.0138908
0.0222755
0.0140974
0.0136551
0.0215742
0.0141286
0.016676
0.0187486
0.0137601
0.0186504
0.0161311
0.0143151
0.0207406
0.0141754
0.0136809
0.0219163
0.013813
0.0142298
0.0240594
0.0156607
0.0181247
0.0231444
0.0153786
0.0211923
0.0137955
0.0163551
0.0180239
0.013793
0.0180341
0.0171153
0.0141337
0.0207279
0.013928
0.0142154
0.0219153
0.0140218
0.0138619
0.0217736
0.0139908
0.0138945
0.0214859
0.01366
0.0156404
0.0194498
0.01482
0.0264005
0.0152254
0.0173823
0.0220393
0.0180104
0.02233
0.0139027
0.0146105
0.0220507
0.0147983
0.018957
0.0166665
0.0145897
0.0220236
0.0150598
0.0157432
0.023485
0.015127
0.0202837
0.0161897
0.0152992
0.0222199
0.0145894
0.0137461
0.0222738
0.0145946
0.0152314
0.0200398
0.0137586
0.0180262
0.0169133
0.0142167
0.0201223
0.0145121
0.0138702
0.0218573
0.0139858
0.0140069
0.0220263
0.0139643
0.0139083
0.0211077
0.0140056
0.0150862
0.0194017
0.0136104
0.0170429
0.0179094
0.0138123
0.0190168
0.0160771
0.0139005
0.0213383
0.018399
0.0154882
0.0202431
0.0142986
0.0174746
0.0174648
0.0140037
0.0190761
0.0154967
0.0140751
0.0216086
0.0142534
0.0139227
0.0220826
0.0139065
0.0144376
0.0215857
0.0146831
0.0159357
0.0190223
0.0141324
0.0188072
0.0158319
0.0146782
0.0216989
0.0142534
0.0136002
0.0220171
0.013875
0.014158
0.022159
0.0136453
0.014298
0.0210833
0.0141292
0.0172476
0.0180021
0.0137589
0.0196752
0.015155
0.0143366
0.0215275
0.0140143
0.0138702
0.0221722
0.013896
0.0139659
0.0221795
0.0136973
0.0155959
0.0189833
0.013997
0.0173362
0.0172834
0.0137003
0.0176807
0.0165947
0.0141509
0.0202798
0.0152132
0.0141254
0.0228232
0.022387
0.03594
0.0159076
0.0252345
0.017683
0.0228078
0.0184728
0.0172304
0.02107
0.0169481
0.0242354
0.0160112
0.0192634
0.0182234
0.0143399
0.020662
0.016118
0.0138081
0.0219297
0.0139392
0.0139001
0.0216624
0.0136804
0.0151362
0.0192422
0.0138615
0.0168227
0.0172679
0.0138858
0.0181852
0.0149436
0.0140612
0.01682
0.0145158
0.0139617
0.0143481
0.0139835
0.0138314
0.014108
0.0160697
0.0143607
0.0138998
0.0147989
0.0141302
0.0140396
0.0140079
0.0148674
0.0136993
0.0157316
0.0194058
0.0140331
0.0167927
0.0171084
0.0140034
0.0182709
0.0161331
0.0144227
0.0199202
0.0153489
0.0137014
0.0220052
0.0140505
0.0143076
0.0221392
0.0143095
0.0140364
0.0208846
0.013995
0.016605
0.0193438
0.0142966
0.0208414
0.0144205
0.0142341
0.0217858
0.014212
0.013993
0.0220327
0.0142326
0.0151319
0.0203811
0.0140567
0.0166962
0.0182883
0.0139569
0.0187774
0.0157944
0.0137564
0.0207579
0.0143337
0.0143367
0.0194888
0.0142764
0.0138376
0.0205979
0.0141507
0.0145256
0.0219907
0.0140225
0.0144389
0.0202909
0.0138728
0.0160622
0.0185727
0.0139889
0.017747
0.0164121
0.0144286
0.019599
0.0148023
0.0138859
0.0219133
0.0139663
0.0143307
0.0219583
0.0142844
0.0139781
0.0213271
0.01395
0.0155989
0.0199902
0.0141597
0.0190946
0.0161064
0.0143568
0.0218392
0.0144736
0.0143166
0.021953
0.0140595
0.0143975
0.0215419
0.014016
0.0172458
0.0176981
0.0144135
0.0196251
0.015254
0.0141745
0.0221275
0.0139683
0.0138857
0.0219975
0.0137264
0.0138368
0.0216309
0.0142694
0.0164585
0.019523
0.0139504
0.0198037
0.0153858
0.0147773
0.0220193
0.0144266
0.0140596
0.0221553
0.0137357
0.0148258
0.0200638
0.0138216
0.0161648
0.0185068
0.0140993
0.0191381
0.0160349
0.0143293
0.0220628
0.0140196
0.0141079
0.0224018
0.0142897
0.0142903
0.0209682
0.0140734
0.0161207
0.0192164
0.014032
0.0191791
0.0154878
0.01471
0.0220238
0.0145377
0.014108
0.0221159
0.0142581
0.0146376
0.0208281
0.0139024
0.017107
0.0179951
0.0142739
0.0192177
0.0158547
0.0143599
0.0222061
0.0137084
0.014126
0.022416
0.0139627
0.0141545
0.0207082
0.0142599
0.0166754
0.0192083
0.0147298
0.0206696
0.0145982
0.0142614
0.0219167
0.0143107
0.0138344
0.0218119
0.0140253
0.014745
0.0209902
0.0140289
0.017214
0.0176218
0.0142013
0.0191356
0.015461
0.0143403
0.0209552
0.0140397
0.014119
0.0217398
0.0147598
0.0141272
0.022
0.0143316
0.0172493
0.0184396
0.0138719
0.0186188
0.0165012
0.0141441
0.0216107
0.0146994
0.0137503
0.0218132
0.0141857
0.0140607
0.0191789
0.0142053
0.0136285
0.0221062
0.0143562
0.0170738
0.0211097
0.0140515
0.0217372
0.0139136
0.0141409
0.0216418
0.0141877
0.0136141
0.0213679
0.0137729
0.0165091
0.0189306
0.0137973
0.0148702
0.0159151
0.0141296
0.0172232
0.0153755
0.0138022
0.0157307
0.0180181
0.0138534
0.0167998
0.0186332
0.0143534
0.0199063
0.0145853
0.014603
0.0219122
0.0140649
0.0141325
0.0218328
0.0136652
0.0142236
0.0213766
0.0138353
0.0162456
0.0189168
0.0139278
0.0184871
0.0164706
0.0139891
0.0210573
0.0142782
0.0139981
0.0219327
0.0144616
0.0138397
0.0210635
0.0140526
0.0150233
0.019352
0.0143229
0.0154195
0.0174539
0.0141113
0.0161452
0.01808
0.0138951
0.0175254
0.0163741
0.0141022
0.0166006
0.0143144
0.0138086
0.0145857
0.0149439
0.0136421
0.0140838
0.0212385
0.0139417
0.0144409
0.02025
0.0138508
0.01625
0.0184716
0.013787
0.0179361
0.0168853
0.0149861
0.0212968
0.0140527
0.0138974
0.022849
0.0138651
0.0139882
0.0221267
0.0138149
0.0151876
0.0198546
0.0137953
0.0173183
0.0175114
0.0136989
0.0194437
0.0150839
0.0138732
0.0209431
0.0138667
0.0138362
0.0217868
0.0138093
0.0140723
0.0217804
0.0140768
0.0141398
0.0210278
0.0144201
0.0163114
0.0188138
0.013654
0.0181416
0.0165904
0.0139606
0.0203248
0.014857
0.0139069
0.0219916
0.013958
0.0139958
0.0220443
0.0141588
0.0141651
0.0207692
0.0136693
0.0158133
0.0189613
0.0137452
0.0179767
0.0168366
0.0140393
0.0198473
0.0148244
0.0135773
0.0212025
0.0138743
0.0138955
0.0216521
0.0143839
0.013808
0.022214
0.013717
0.0144606
0.0205807
0.013849
0.0164051
0.0182209
0.0137521
0.0182649
0.0168307
0.0138707
0.020546
0.0144178
0.0142938
0.0218929
0.0141716
0.013742
0.0218125
0.0140165
0.0146782
0.0205212
0.0138065
0.0165615
0.0190933
0.0144836
0.0197223
0.0153872
0.0138028
0.0217427
0.0138794
0.0142003
0.0184631
0.0146965
0.013917
0.0143486
0.0140327
0.0141166
0.0196805
0.0160472
0.0138826
0.0220324
0.0136836
0.0142769
0.0220785
0.0141677
0.0139555
0.0210337
0.0138254
0.0167199
0.0190081
0.0140983
0.0199563
0.015433
0.0148363
0.0221936
0.0153355
0.0140583
0.0217553
0.0137273
0.0160096
0.0199099
0.0139943
0.0183887
0.0164103
0.0142
0.0219764
0.0147639
0.01376
0.021833
0.0140932
0.014364
0.0221531
0.0142976
0.0164645
0.018559
0.01416
0.0190317
0.016105
0.0138515
0.0219251
0.0139709
0.0140546
0.0216859
0.014114
0.0138827
0.0220343
0.0139241
0.0147649
0.0207698
0.0138748
0.0178622
0.0169971
0.0140923
0.0194953
0.0156634
0.0139191
0.0219105
0.0139848
0.0140266
0.022121
0.015124
0.0145929
0.0201228
0.0137444
0.0171965
0.0183097
0.0139327
0.0187739
0.0156249
0.0141032
0.0206873
0.0139749
0.013652
0.0219763
0.0137533
0.0140135
0.0216925
0.0140261
0.0138795
0.0210876
0.0136037
0.0153087
0.019231
0.013889
0.0167535
0.0178657
0.0138602
0.0192773
0.0154789
0.0139076
0.0210258
0.0136789
0.0139555
0.0218215
0.0143934
0.0138302
0.022096
0.0137461
0.0146004
0.0207
0.0140504
0.0160129
0.0185573
0.0140285
0.0187809
0.016224
0.0138753
0.0211974
0.013755
0.0141081
0.0218472
0.0142333
0.0141871
0.0219056
0.0138568
0.0144407
0.0204857
0.0143717
0.0168014
0.0182323
0.0138479
0.0183503
0.0164419
0.0137916
0.0190335
0.0138617
0.0142395
0.0151864
0.016515
0.0140514
0.0143476
0.0166132
0.0138323
0.0180791
0.0175945
0.0141104
0.019998
0.0150959
0.0138421
0.0219482
0.0142078
0.0139181
0.0219824
0.0138517
0.0147524
0.0207517
0.0142189
0.0161013
0.0188591
0.0141725
0.0189154
0.015975
0.0139147
0.021226
0.0138505
0.0139311
0.0216272
0.0143605
0.0138315
0.0220701
0.0137961
0.0148249
0.0206911
0.0143527
0.0168735
0.017772
0.0138815
0.0183483
0.0165935
0.0139856
0.0212394
0.013781
0.0137313
0.0216018
0.0143475
0.0136603
0.0218317
0.0138581
0.0144993
0.020834
0.0138954
0.0156089
0.0191222
0.0137342
0.0185297
0.0166969
0.013964
0.0198955
0.0145969
0.0140375
0.0214958
0.0140017
0.013858
0.0217169
0.0137966
0.0138641
0.0223366
0.0139726
0.0149249
0.0201941
0.0139931
0.0186666
0.0170739
0.0138145
0.0200915
0.0150965
0.0144881
0.0220532
0.0143959
0.0137647
0.0219713
0.0139434
0.0141643
0.0205732
0.0141584
0.0162745
0.0175005
0.0135597
0.0165524
0.0178052
0.0142375
0.0188299
0.0159635
0.0139099
0.020676
0.014047
0.0140589
0.0220683
0.0137626
0.0144003
0.0222149
0.014347
0.0149523
0.0203219
0.013802
0.0184555
0.0172734
0.0140684
0.0200338
0.0146853
0.0140375
0.0217832
0.0145265
0.0137342
0.021965
0.014095
0.0143839
0.0209563
0.0139538
0.0164447
0.0183877
0.0137735
0.0181847
0.0165852
0.0138014
0.0196588
0.0152472
0.0142434
0.0219023
0.0138945
0.0137645
0.0217906
0.0141637
0.0140014
0.0210017
0.0143498
0.0155855
0.0190831
0.0140585
0.0188446
0.0165879
0.0137755
0.0207836
0.0144175
0.0142786
0.0218007
0.0140601
0.013881
0.0217359
0.0140033
0.0139577
0.0208157
0.0144963
0.0158896
0.0187933
0.0138815
0.0183409
0.0168838
0.0137595
0.0201049
0.0147408
0.0141393
0.021821
0.0139375
0.0136956
0.0219776
0.0139706
0.0139311
0.0211074
0.0140323
0.0151017
0.0196589
0.013787
0.0177772
0.017184
0.013929
0.0192501
0.0154532
0.0139155
0.0213337
0.0140417
0.0137309
0.0221104
0.0139438
0.0141926
0.022518
0.0143618
0.0167111
0.0198429
0.0139487
0.0199966
0.0172245
0.014027
0.022643
0.0145137
0.0148634
0.020749
0.0139576
0.0166039
0.0180997
0.0137841
0.0194181
0.0183999
0.0141821
0.0225954
0.0149184
0.0143519
0.0208037
0.0144629
0.0160396
0.0186621
0.0136282
0.0187934
0.0163639
0.0140131
0.0209951
0.0137702
0.0142146
0.0217158
0.0142404
0.0136383
0.0219911
0.0137249
0.0141333
0.0209261
0.0139521
0.0154242
0.0194732
0.0136947
0.0175938
0.0172634
0.0142514
0.0196027
0.0152839
0.0136822
0.0215874
0.0138104
0.0137519
0.0216517
0.0140395
0.0141172
0.0206351
0.0143399
0.0138596
0.020789
0.0137532
0.0151432
0.0186941
0.0138584
0.0158233
0.0163185
0.0136691
0.014156
0.0140528
0.0140918
0.013687
0.0220871
0.0139439
0.0138723
0.0214171
0.0141368
0.0148459
0.0199014
0.0137391
0.0170402
0.0182107
0.014214
0.0197233
0.0155066
0.0138952
0.0218381
0.0142671
0.013702
0.021916
0.0140076
0.0139757
0.0215472
0.0140544
0.0151366
0.0197801
0.0136134
0.0175398
0.0175503
0.0136803
0.0190269
0.0155099
0.013761
0.0210193
0.0139082
0.01404
0.0205015
0.0138691
0.0139392
0.0142064
0.0137873
0.0139663
0.0136978
0.0144586
0.0142907
0.0154804
0.0198138
0.0145484
0.0173371
0.0171509
0.0136661
0.0202995
0.0154737
0.0139815
0.0218724
0.0136895
0.0140055
0.0222632
0.014234
0.0139327
0.0211375
0.0136954
0.0159537
0.0186858
0.0140736
0.017407
0.0171503
0.0135807
0.0200906
0.0154078
0.0138778
0.021723
0.0137584
0.013685
0.0219887
0.0141099
0.0136445
0.0218029
0.0139046
0.014934
0.0203561
0.014478
0.0166515
0.0179031
0.0136366
0.0189889
0.0158052
0.0138185
0.0207842
0.0139384
0.0140453
0.0218678
0.0141012
0.0139872
0.0218547
0.013916
0.0139901
0.0210426
0.0140918
0.0161054
0.0186369
0.0138953
0.0179103
0.0170586
0.0139033
0.0199421
0.0147727
0.0138639
0.0214642
0.0142167
0.0139644
0.022021
0.0138815
0.0139758
0.0216893
0.0139244
0.0145246
0.0201173
0.0137482
0.0171773
0.0180235
0.0145751
0.0197115
0.0148676
0.013897
0.0219913
0.0139848
0.013819
0.0220192
0.0136921
0.0149302
0.0215572
0.0142275
0.0157124
0.0191976
0.0137136
0.0177793
0.0173768
0.0138038
0.0191937
0.0152928
0.0136632
0.0215554
0.0141804
0.0138854
0.0218924
0.0141879
0.0142126
0.0219303
0.0143735
0.0154741
0.019646
0.0137615
0.0182143
0.0168397
0.014203
0.0196048
0.0149991
0.0139883
0.0218239
0.0140865
0.0139412
0.0224513
0.0137082
0.01414
0.0211607
0.0140915
0.0148602
0.0194855
0.0137405
0.0171857
0.0176393
0.0142865
0.0190828
0.0154324
0.0141097
0.022102
0.0142488
0.0137933
0.0216816
0.0139211
0.0139702
0.0217867
0.01414
0.0142813
0.0204163
0.0135968
0.016639
0.0190857
0.0141052
0.0199785
0.0143032
0.0138357
0.0218141
0.0141016
0.0140487
0.0219064
0.013932
0.0140064
0.0214928
0.0139971
0.014604
0.0197934
0.0139982
0.0169865
0.0176552
0.0142283
0.0187073
0.0159411
0.0137614
0.0211292
0.0140307
0.0137491
0.0219078
0.0137007
0.0138634
0.0233097
0.0140295
0.014509
0.0206983
0.0140215
0.0179451
0.0175647
0.0142489
0.019809
0.0145265
0.0138935
0.0213721
0.0141866
0.0137221
0.0198583
0.0138644
0.0143067
0.0222195
0.0140719
0.0138836
0.0214197
0.014087
0.0157644
0.0195145
0.0141205
0.0187243
0.0162896
0.0136699
0.0213944
0.0143153
0.0139587
0.0221487
0.014283
0.0144931
0.0209606
0.0144009
0.0154048
0.0181601
0.0137206
0.0154638
0.0186114
0.0141246
0.0146117
0.0190091
0.0138492
0.016746
0.0177456
0.0153416
0.0210857
0.0139416
0.0139665
0.0216744
0.0140767
0.0137857
0.0221373
0.0141213
0.0141429
0.0204047
0.0143287
0.0161429
0.0184201
0.0138407
0.0174294
0.0145247
0.0142918
0.0146051
0.0193094
0.013958
0.0174031
0.0180148
0.0147518
0.0214917
0.0227919
0.024518
0.0185267
0.0146393
0.0202663
0.0144859
0.0177656
0.0178759
0.0144196
0.0203381
0.0142582
0.0137712
0.0221004
0.0143597
0.0137826
0.0216381
0.0138841
0.0140818
0.021597
0.014315
0.0158166
0.019118
0.014098
0.0188481
0.0161016
0.0139319
0.0208647
0.0141212
0.0138667
0.0226207
0.0154458
0.0140646
0.0210054
0.0138427
0.0158753
0.0186629
0.0141916
0.0172658
0.0175744
0.0137776
0.0200045
0.0147225
0.0138444
0.0214827
0.0139064
0.0141096
0.0219373
0.0139122
0.0140454
0.022325
0.0138083
0.0149306
0.0197189
0.014077
0.0176445
0.0173749
0.0136464
0.0200633
0.0156924
0.0141176
0.0219412
0.0141182
0.0142269
0.0222181
0.0143274
0.013848
0.0213185
0.0139191
0.0173978
0.0177133
0.0143786
0.0187412
0.0156608
0.0136626
0.0214308
0.014115
0.0137917
0.0218068
0.0137313
0.013837
0.0217125
0.0139822
0.0137302
0.0212413
0.0136996
0.0155456
0.0193131
0.0141266
0.0168343
0.0178532
0.0135673
0.0193454
0.0154833
0.0141724
0.0214236
0.0137019
0.0137915
0.021991
0.0142155
0.0139272
0.0218027
0.013976
0.0141708
0.0153571
0.013951
0.0138262
0.0140908
0.0141484
0.0139168
0.0141274
0.0138161
0.0139639
0.0138872
0.0141227
0.0136545
0.0137661
0.0141063
0.0138872
0.0140456
0.0136426
0.0155087
0.0138471
0.0144182
0.016625
0.0141705
0.0139445
0.0209315
0.0138736
0.0139726
0.0162007
0.0141143
0.0137023
0.0193063
0.0137651
0.0137367
0.0139468
0.015238
0.0139413
0.0210389
0.0138607
0.0137449
0.0222444
0.013873
0.0139196
0.022201
0.0137753
0.013893
0.0209745
0.0139293
0.0161715
0.018935
0.0136558
0.0182979
0.0167338
0.0145135
0.0210082
0.0137163
0.0141417
0.0219078
0.0142711
0.013923
0.0220313
0.0139514
0.0151202
0.0201997
0.0145096
0.0168427
0.0177313
0.0137865
0.0190672
0.0154995
0.0138988
0.0206965
0.0138711
0.0139316
0.0217637
0.0139771
0.0140586
0.0219306
0.0137195
0.0139477
0.020921
0.0141472
0.0156372
0.0192405
0.0135831
0.0179149
0.017028
0.0143297
0.0198619
0.015266
0.0137959
0.0219734
0.0138526
0.0137328
0.0216704
0.0138052
0.0141178
0.0216804
0.0140022
0.0146395
0.0202309
0.0139236
0.017521
0.0174795
0.0142398
0.0192494
0.0154861
0.013606
0.0219476
0.0138906
0.0139779
0.022031
0.0141904
0.0139218
0.0219829
0.013945
0.0147425
0.0202183
0.0141108
0.0174325
0.0141619
0.0143676
0.0145946
0.0158238
0.0138665
0.0142478
0.0142887
0.0140748
0.0141041
0.0222212
0.0139689
0.0138268
0.0218247
0.0143281
0.0144004
0.020394
0.0136794
0.0166111
0.0179931
0.0140186
0.0178365
0.0169953
0.0136456
0.0202851
0.0145048
0.014272
0.0219936
0.0137119
0.0138313
0.0223277
0.0141299
0.0139564
0.0211678
0.0136524
0.0164436
0.0186205
0.0141205
0.0177557
0.0163119
0.0137977
0.015791
0.0136893
0.0145814
0.0169662
0.0181902
0.0137417
0.0192172
0.0156337
0.0140766
0.0208616
0.0137535
0.0136987
0.0221494
0.013847
0.0138953
0.0216551
0.013875
0.0143169
0.0207896
0.0141967
0.0159172
0.0189569
0.0137327
0.0188639
0.016052
0.0140451
0.020255
0.0143206
0.0138192
0.0222814
0.0139905
0.0140341
0.0217424
0.0138416
0.0139787
0.01973
0.0140785
0.0141786
0.0142948
0.013689
0.013774
0.013946
0.0138086
0.0141273
0.0181281
0.0164144
0.013647
0.0199969
0.014585
0.0141618
0.0218392
0.0139409
0.0136538
0.0219356
0.0141633
0.0136799
0.0218038
0.0137973
0.0151389
0.0198476
0.014278
0.01688
0.0183216
0.0137682
0.0204971
0.0145642
0.01394
0.0224444
0.0143575
0.0138032
0.0221613
0.0138918
0.0140323
0.0213128
0.0139497
0.0169119
0.0179345
0.0143508
0.0185359
0.0158175
0.0136473
0.0213325
0.01401
0.0141233
0.0222306
0.0138769
0.0138623
0.0218876
0.0141815
0.0140973
0.0209923
0.0138231
0.016618
0.0170168
0.0141513
0.0150924
0.0174593
0.0136164
0.0171544
0.0140243
0.0141024
0.0137338
0.0159344
0.0138789
0.0141806
0.0222198
0.0146415
0.0142486
0.0218174
0.0137985
0.0180875
0.0167904
0.0144227
0.0202098
0.0145595
0.0137995
0.022268
0.0138672
0.0142021
0.022264
0.0138814
0.0136482
0.0211424
0.0140807
0.0154352
0.0196289
0.0139331
0.017982
0.0167809
0.0143235
0.020778
0.0138628
0.0137739
0.0225264
0.0137994
0.013878
0.0219904
0.0139286
0.0145654
0.0213147
0.0142636
0.0170061
0.0179799
0.0148195
0.0206052
0.0141182
0.0142106
0.0221014
0.0138968
0.0139311
0.0223573
0.0139618
0.0139786
0.0209384
0.0139828
0.0162644
0.0201074
0.0141081
0.0199294
0.0152566
0.0137801
0.0221166
0.0141377
0.0141182
0.018976
0.013641
0.0135969
0.0143768
0.013704
0.014496
0.0193279
0.0153761
0.0137229
0.0212212
0.01361
0.0142269
0.0221263
0.0138123
0.0137271
0.0219588
0.014109
0.0139077
0.0211618
0.0137978
0.0163422
0.0182814
0.0139443
0.0178991
0.0169538
0.0136571
0.0195957
0.0151069
0.0143696
0.0219389
0.0139072
0.0136312
0.0221171
0.0144148
0.0140173
0.0211793
0.0137252
0.0158343
0.019076
0.014176
0.0178096
0.0170766
0.0136618
0.020845
0.014317
0.0140213
0.0221023
0.0138406
0.0135441
0.0205828
0.0136312
0.0138195
0.0157177
0.0140794
0.0137128
0.02116
0.0137972
0.0139361
0.0220955
0.0136932
0.0137051
0.0213054
0.0139074
0.0139832
0.0211408
0.01403
0.0158261
0.0196368
0.0145947
0.0190472
0.0167992
0.0138215
0.0221357
0.0148353
0.0140993
0.0224892
0.0144453
0.0161207
0.019086
0.0141302
0.0175072
0.0171436
0.0138661
0.0197446
0.0147792
0.0142421
0.0216315
0.0139687
0.0137095
0.0224881
0.0139638
0.0136903
0.0221031
0.013827
0.0147632
0.0199567
0.0141342
0.0167478
0.0183493
0.0139331
0.0192316
0.0155426
0.0145918
0.0214116
0.0143504
0.014033
0.0219276
0.0140785
0.013655
0.0221077
0.0138472
0.0146305
0.0201871
0.0138465
0.0166139
0.0182867
0.0137887
0.0191583
0.0155926
0.0142728
0.0207313
0.0139285
0.0136037
0.0219795
0.0139389
0.0142773
0.02142
0.0139423
0.0145277
0.0208212
0.014475
0.0164084
0.0190371
0.0139148
0.0164419
0.0138027
0.0142652
0.0137975
0.0142172
0.0140506
0.0139309
0.0220688
0.0140743
0.0147041
0.0198648
0.0136867
0.016244
0.0183366
0.0141798
0.0173908
0.0173089
0.0135963
0.0198976
0.0148913
0.0145554
0.0212478
0.0139613
0.0138957
0.0217193
0.013761
0.0142394
0.0221279
0.0137121
0.0144805
0.0200826
0.0141668
0.0168431
0.0203418
0.0139057
0.0210041
0.0190041
0.0141846
0.0210359
0.0136893
0.0169357
0.0179647
0.0143707
0.0183972
0.0162147
0.0136799
0.0201877
0.0141996
0.0144425
0.0221628
0.0140413
0.0136532
0.0220373
0.0139957
0.0140901
0.0206819
0.0140027
0.0159205
0.018523
0.0139062
0.0174679
0.0173596
0.0137811
0.0196447
0.0156118
0.0144855
0.0220897
0.0145517
0.0137752
0.0227906
0.0143284
0.015637
0.0202436
0.0141174
0.018711
0.0158886
0.0143196
0.0211543
0.0141701
0.0137978
0.0219466
0.0137008
0.0138473
0.0219089
0.0138671
0.0141446
0.0206139
0.0139093
0.0157197
0.0189987
0.0138396
0.0172354
0.0171004
0.014056
0.0185889
0.0158601
0.0140946
0.0212284
0.0139146
0.0140738
0.0220141
0.0138985
0.0137961
0.0220967
0.0145536
0.0146998
0.020685
0.0138017
0.0171549
0.0174804
0.0141158
0.019572
0.0155576
0.0138719
0.0218531
0.0136688
0.0144745
0.0218459
0.0141299
0.0136768
0.0221816
0.013826
0.0146528
0.0201597
0.0137213
0.0169241
0.0178384
0.014051
0.0186053
0.0163185
0.0136507
0.0207507
0.0139329
0.0143185
0.0220417
0.0141818
0.0137813
0.0219013
0.0138655
0.0142461
0.021069
0.0137391
0.0164593
0.0184693
0.0139857
0.0183133
0.0164204
0.0137509
0.0202976
0.0144251
0.0144641
0.0218081
0.0138769
0.0136317
0.021931
0.0137967
0.0140386
0.0221127
0.013878
0.0151401
0.0197993
0.0141194
0.0173732
0.0176773
0.0137386
0.0195694
0.0148957
0.0144127
0.0220696
0.0142577
0.0136968
0.0222607
0.013987
0.0143332
0.0214905
0.013747
0.0162096
0.0184358
0.0138452
0.0184128
0.016374
0.0136371
0.0204051
0.0143762
0.0141584
0.0219493
0.0141625
0.013702
0.021588
0.0140201
0.0147862
0.020699
0.0138115
0.014723
0.0183281
0.0140785
0.0155488
0.019179
0.0136034
0.0173009
0.0174948
0.0141079
0.0192637
0.0153639
0.0138272
0.0215803
0.0138699
0.0141102
0.0218044
0.0140366
0.0136628
0.0220277
0.014191
0.0150115
0.0199225
0.0137855
0.0168513
0.0174209
0.0142336
0.0183637
0.0164938
0.013769
0.0207351
0.0138947
0.0142514
0.0220262
0.0139092
0.0138932
0.02229
0.0137375
0.0143642
0.0211337
0.0138361
0.016017
0.018317
0.0139588
0.0174829
0.0176988
0.0136136
0.0200285
0.0145118
0.01415
0.0219074
0.0141599
0.0135424
0.0220829
0.0139877
0.0141209
0.0218156
0.0140967
0.0157335
0.0187601
0.0143401
0.0169089
0.0142792
0.0137636
0.0153642
0.0145618
0.0137859
0.0139275
0.0139137
0.0139508
0.013737
0.0149637
0.0153873
0.0141013
0.015725
0.0176712
0.0136456
0.0179262
0.0163323
0.0138519
0.0149977
0.0140137
0.0137698
0.0150631
0.0148264
0.0137518
0.0141353
0.0213105
0.0137051
0.0146838
0.0199795
0.0140673
0.0167361
0.0178548
0.0137496
0.0189944
0.015684
0.0141332
0.0216877
0.0140975
0.0138347
0.0218163
0.0138446
0.0140493
0.0224957
0.01405
0.0162168
0.0191862
0.0143454
0.0182017
0.0169253
0.0139567
0.0210301
0.0142108
0.0143233
0.0221981
0.0143459
0.013663
0.0186977
0.0144737
0.0141317
0.0221391
0.0136872
0.0147066
0.0200606
0.0143214
0.017314
0.0175582
0.0137839
0.019401
0.0151423
0.0141236
0.0212136
0.0140196
0.0137197
0.0218469
0.0136551
0.0140898
0.0210843
0.013815
0.0136977
0.0214457
0.0138782
0.0139404
0.0154318
0.0140671
0.0137258
0.0159753
0.0136427
0.0139981
0.0145161
0.015137
0.0137218
0.0159516
0.0146403
0.0138901
0.014608
0.0225825
0.0139828
0.0191499
0.0255097
0.0173655
0.0175929
0.0138164
0.0199572
0.0146366
0.0143107
0.0207295
0.014215
0.0135692
0.022211
0.0137643
0.014682
0.0223819
0.0139366
0.015474
0.0192205
0.0137671
0.0177241
0.0193701
0.0137416
0.0217427
0.0148738
0.0143763
0.0221558
0.0141973
0.01368
0.0207059
0.0139138
0.0158464
0.0190303
0.0137163
0.0176989
0.0167931
0.0139618
0.0189248
0.0160124
0.0137177
0.0214452
0.0135873
0.0140666
0.0216452
0.0140678
0.0138827
0.0223822
0.0143518
0.0147934
0.0201777
0.0139494
0.0168954
0.0176864
0.014504
0.0191805
0.0154889
0.0141466
0.020933
0.013781
0.0142715
0.0199575
0.0139258
0.0135933
0.0206021
0.0138342
0.0141934
0.0178477
0.014335
0.0137564
0.0155143
0.0140788
0.0141561
0.0170241
0.0146325
0.0137237
0.0147474
0.0142252
0.0138979
0.0143665
0.0181499
0.014417
0.0147017
0.018702
0.013951
0.0152716
0.0194287
0.0138903
0.0161144
0.0144178
0.0139524
0.015332
0.0200801
0.0137463
0.0169126
0.0171367
0.0139901
0.018613
0.0160212
0.0136853
0.0197467
0.0146788
0.0144363
0.0219997
0.0147108
0.0138265
0.0257712
0.0158133
0.0196963
0.0212539
0.0138773
0.0205124
0.0144521
0.0168182
0.0184309
0.0138527
0.0186401
0.0159369
0.0140681
0.0206771
0.0151856
0.0139353
0.0223701
0.0144757
0.014111
0.0214227
0.0139481
0.0157014
0.0163663
0.0141445
0.0141517
0.0138398
0.0146614
0.0136822
0.0147633
0.0138196
0.0141414
0.020983
0.0142843
0.0137132
0.0220297
0.0141331
0.0141059
0.0222879
0.0138592
0.0141315
0.0207893
0.0142613
0.016645
0.0159594
0.0137724
0.0155982
0.0194173
0.0139273
0.0185472
0.0183104
0.0142705
0.0217724
0.013668
0.0143975
0.0218889
0.0143112
0.0137736
0.0198783
0.0138682
0.0148212
0.0193045
0.0147289
0.0157302
0.0193882
0.0144295
0.0199673
0.0150504
0.013861
0.0185044
0.0139564
0.0141967
0.0148449
0.0142005
0.0138963
0.0138522
0.014231
0.0137635
0.013986
0.0195588
0.0153647
0.013805
0.0210552
0.0143211
0.0158396
0.0186919
0.0141105
0.0189753
0.0158258
0.0142815
0.0206664
0.0151096
0.0136714
0.021992
0.0139115
0.0144072
0.0215483
0.0142781
0.0152716
0.0189381
0.0142766
0.017089
0.017521
0.0138207
0.0191544
0.0155515
0.013864
0.0213427
0.0143777
0.0136127
0.0221627
0.0137484
0.0142754
0.0218549
0.0138978
0.014327
0.0201032
0.0139457
0.0162271
0.0183591
0.0138383
0.018318
0.0167588
0.0139396
0.0205912
0.0146863
0.0137541
0.0219893
0.0138089
0.0143823
0.0219536
0.0141905
0.014036
0.020789
0.0137773
0.0166976
0.0182156
0.0135863
0.0156796
0.0139215
0.013928
0.0140721
0.0138169
0.014865
0.0137617
0.0218862
0.0137782
0.0141242
0.0218458
0.0146229
0.016383
0.0183396
0.0143744
0.0193734
0.0161867
0.0138253
0.0216721
0.014075
0.0146585
0.0218094
0.0145085
0.014189
0.0206808
0.0142862
0.0164827
0.0191496
0.0138785
0.0204782
0.0145961
0.0142157
0.0212673
0.0142905
0.0137902
0.0220675
0.0139065
0.014613
0.0216136
0.0141512
0.0159771
0.0190835
0.0140952
0.0183595
0.0163858
0.0140435
0.020447
0.014253
0.0145863
0.0219021
0.0146014
0.0138478
0.0222966
0.013656
0.0151054
0.020196
0.013709
0.0167524
0.0174834
0.014091
0.0185079
0.0162383
0.013613
0.0198956
0.0142898
0.0143379
0.0216951
0.0145782
0.0139145
0.0219259
0.0136849
0.0139723
0.0212523
0.0141714
0.0153967
0.0196398
0.0138792
0.0176057
0.0170668
0.013734
0.0192327
0.0156025
0.0140109
0.0212617
0.0142878
0.0137877
0.0219468
0.0136147
0.0140484
0.022055
0.0138716
0.0139905
0.020849
0.0138069
0.0162024
0.019245
0.0137326
0.018642
0.0158397
0.0139986
0.0204
0.0145399
0.0137414
0.0221243
0.0139115
0.0146062
0.0218829
0.0142788
0.0148814
0.0199223
0.0140684
0.0169046
0.0184988
0.0136117
0.0196365
0.0150463
0.0141125
0.0209807
0.0141949
0.0136816
0.0216293
0.0138349
0.0145326
0.0217146
0.0141254
0.0139199
0.0208032
0.0136194
0.0160783
0.0191396
0.0136595
0.0173185
0.0170519
0.0141101
0.0207351
0.0148044
0.0137492
0.0218656
0.0136391
0.0140629
0.0217617
0.0142914
0.0137506
0.0223208
0.0138607
0.01624
0.0196814
0.0137893
0.0178162
0.0165315
0.0143624
0.0199494
0.0149195
0.0137133
0.0220018
0.0137131
0.0143076
0.0189358
0.0143725
0.0138173
0.0166815
0.0139261
0.0142956
0.0138242
0.0140386
0.0202441
0.0159276
0.0136139
0.0138751
0.0136818
0.0137458
0.0142143
0.0144454
0.0203016
0.0140413
0.0168504
0.0178748
0.0137769
0.018504
0.0149232
0.0141023
0.0144306
0.0139059
0.0140843
0.0150358
0.018974
0.0138663
0.015157
0.0152526
0.0144799
0.0141888
0.0167972
0.014162
0.0142739
0.0195196
0.014342
0.0136184
0.0212785
0.0138452
0.0147538
0.0206428
0.01381
0.0165725
0.0182175
0.0139838
0.0179667
0.0163371
0.0139402
0.0203948
0.0151888
0.0142795
0.0218014
0.0145472
0.0139894
0.0225505
0.0145413
0.0159278
0.019542
0.013955
0.0181684
0.0169645
0.0142098
0.0206736
0.0145928
0.0137356
0.0219437
0.0138557
0.0142163
0.0220117
0.0141337
0.0141141
0.0203807
0.013911
0.0168539
0.0182991
0.0136766
0.0188559
0.0157147
0.0140597
0.020713
0.0144701
0.0137805
0.0221037
0.0139776
0.0141317
0.0198782
0.0141775
0.0134926
0.0147674
0.0138503
0.0144291
0.0140094
0.0139861
0.0139198
0.0138692
0.0142437
0.0140948
0.0142289
0.0218993
0.0138887
0.0144493
0.020106
0.0137707
0.0170341
0.0180867
0.0136446
0.0186826
0.0158273
0.0143178
0.0204444
0.0142463
0.0136107
0.0219655
0.0135795
0.0140967
0.0216631
0.0141123
0.0137384
0.0212049
0.0137967
0.016583
0.0187474
0.0139089
0.0180581
0.0166085
0.0139783
0.0198679
0.0146855
0.0135508
0.0215628
0.0137079
0.0140062
0.0216344
0.0141744
0.0136749
0.0219222
0.013869
0.0146285
0.0206484
0.0139895
0.0159396
0.0183718
0.013935
0.0182436
0.0168119
0.0139607
0.0207065
0.014315
0.0141486
0.0218376
0.0141129
0.0137831
0.0218732
0.0141885
0.0151388
0.0200684
0.0139724
0.0162376
0.0181468
0.0139125
0.0184184
0.0169304
0.0138901
0.0209997
0.013854
0.0141342
0.0217337
0.0142537
0.0136472
0.0222708
0.0136679
0.0143263
0.0162881
0.014123
0.0137578
0.0215005
0.0137121
0.0140028
0.020309
0.014396
0.0150224
0.018961
0.0137918
0.0173931
0.0181783
0.013527
0.0169985
0.0159433
0.013964
0.0179217
0.0153686
0.0137153
0.0138965
0.0151222
0.0139201
0.0145128
0.0185123
0.0142291
0.0148538
0.0180199
0.0138667
0.0163952
0.0155325
0.0140917
0.0152846
0.0197534
0.0142151
0.0188055
0.0215825
0.0138052
0.0236505
0.0173661
0.0191279
0.0222445
0.0139997
0.0208624
0.0137724
0.0167079
0.0184904
0.0138196
0.0177394
0.0169082
0.0140209
0.0199201
0.0155725
0.0137211
0.0218764
0.0136295
0.0141682
0.0219041
0.0145047
0.01432
0.0205478
0.0136586
0.0158977
0.019107
0.0138827
0.0172874
0.0172588
0.0139695
0.019665
0.0151807
0.0136529
0.0213071
0.0140475
0.014524
0.0219849
0.0140891
0.0138404
0.0219585
0.0140116
0.0154483
0.0195569
0.0139476
0.0174086
0.0175233
0.0138596
0.0198811
0.0155109
0.013747
0.0160531
0.0136854
0.0146308
0.0141177
0.0144288
0.0142039
0.0135883
0.0166713
0.0136168
0.014167
0.0219994
0.0140339
0.013689
0.0209809
0.0136924
0.0159334
0.0189629
0.0138525
0.0169206
0.0176058
0.0138724
0.0194718
0.0169105
0.0137239
0.0218905
0.0136952
0.0145877
0.021943
0.0143882
0.0143477
0.0212312
0.0137187
0.017193
0.0183332
0.0144577
0.0201528
0.0145793
0.0143267
0.0216436
0.0144801
0.0137867
0.0217823
0.0135725
0.0144266
0.021259
0.0142598
0.0151438
0.0193859
0.0137628
0.0183684
0.0171888
0.0136121
0.0194314
0.0149664
0.0142092
0.0215611
0.0142322
0.0140189
0.0218056
0.0136132
0.0144096
0.0212456
0.0144281
0.0147828
0.0193281
0.0136398
0.0173591
0.0182751
0.0137558
0.018525
0.0155692
0.0143805
0.0210859
0.0148885
0.0136537
0.0219808
0.0140921
0.0141655
0.0214822
0.0144676
0.0155372
0.019145
0.0137059
0.0179435
0.0177368
0.0141089
0.0206595
0.0144412
0.0141005
0.0218298
0.0144258
0.0138319
0.0219513
0.0138378
0.015294
0.0197542
0.0140931
0.0160542
0.0185422
0.0138295
0.0186998
0.0162055
0.0138632
0.0203859
0.0141193
0.0141771
0.0218663
0.0144731
0.0139469
0.0220835
0.0138975
0.0144821
0.020843
0.0143176
0.0168141
0.0176909
0.0138795
0.0194988
0.0154079
0.0136806
0.0208653
0.0137928
0.0140261
0.0217327
0.0141443
0.0136037
0.0219732
0.0138007
0.0139364
0.0167334
0.0140777
0.0137033
0.0148401
0.0137335
0.0140419
0.013876
0.0138256
0.0140749
0.0152508
0.0193584
0.0136574
0.0178161
0.0174821
0.014059
0.0185888
0.0154568
0.0140659
0.020806
0.0142351
0.0138427
0.02201
0.0138043
0.0148588
0.0218175
0.0143396
0.0150852
0.0194984
0.0137309
0.0175225
0.0175152
0.0138854
0.0191607
0.0155177
0.0140713
0.0219361
0.0141626
0.0138322
0.0222717
0.0136304
0.0139441
0.0217824
0.0146512
0.015093
0.0198623
0.0137554
0.0177968
0.0170754
0.0136749
0.0189239
0.0152632
0.013854
0.0208674
0.0141734
0.0138969
0.0221846
0.0140544
0.0140549
0.0221447
0.0144346
0.0149379
0.0203074
0.0138687
0.0183353
0.0174605
0.0138751
0.0207767
0.0140427
0.0141296
0.0220398
0.013844
0.0140481
0.0220902
0.0136664
0.0148658
0.0167747
0.0140093
0.0136936
0.0154202
0.0136739
0.0138874
0.013736
0.0136729
0.0141873
0.0138798
0.0155584
0.0136018
0.0142064
0.0148101
0.0142302
0.0136901
0.0141694
0.0137424
0.0138012
0.0143784
0.0198655
0.0140003
0.0174716
0.0172333
0.0139467
0.0204606
0.0149123
0.0137862
0.0220163
0.0137594
0.0140363
0.0221221
0.0139256
0.0138207
0.0213372
0.0137022
0.0154763
0.019038
0.0140474
0.0171965
0.017487
0.014123
0.0197153
0.0152237
0.0137174
0.021513
0.0137173
0.0146965
0.0219082
0.0144311
0.0136702
0.0218308
0.0136938
0.0147854
0.0203521
0.0141404
0.0166837
0.0180873
0.0137238
0.0192273
0.016008
0.0136016
0.0211639
0.0136232
0.0139379
0.0217712
0.0141229
0.0137029
0.0218862
0.0136317
0.0140885
0.021132
0.0144584
0.0155837
0.0193527
0.0135818
0.0186579
0.0167575
0.0139445
0.0210365
0.014392
0.0143559
0.0219584
0.0142025
0.0142044
0.0212265
0.0142208
0.0151739
0.0181765
0.0141611
0.015981
0.0171283
0.0136944
0.0145076
0.014475
0.0140629
0.0137947
0.0162606
0.0137392
0.0140074
0.0136946
0.0147828
0.013867
0.0173889
0.0154364
0.0137091
0.0168901
0.0174972
0.0141028
0.0190586
0.0159746
0.0140258
0.0216872
0.0144537
0.0139358
0.0220409
0.0135773
0.0140448
0.0219352
0.0140555
0.0141431
0.0205946
0.0136168
0.0162675
0.0185523
0.0137293
0.0178887
0.0168628
0.0139473
0.0205823
0.0160985
0.0139553
0.0227676
0.0147636
0.0148201
0.0202021
0.0140144
0.0159803
0.0187175
0.0136456
0.0186411
0.0169272
0.0138626
0.0209159
0.0138554
0.0139436
0.0218303
0.0140411
0.0138552
0.0243971
0.0141674
0.0171631
0.0201521
0.0145951
0.021528
0.0135816
0.0142241
0.0219195
0.0141153
0.0136322
0.0217688
0.0136461
0.014366
0.0179832
0.0145174
0.0136842
0.015252
0.0138026
0.0139749
0.0220243
0.01425
0.0137393
0.0224556
0.0136368
0.0157933
0.0193503
0.0140531
0.0174361
0.0172512
0.0139251
0.0207289
0.0147066
0.0138066
0.0214177
0.0141695
0.0145242
0.0179828
0.0138627
0.0140451
0.0195274
0.0142876
0.0142191
0.0152634
0.0142066
0.0139682
0.0202265
0.0146062
0.0143564
0.021849
0.014694
0.013771
0.022023
0.013692
0.0142566
0.0204311
0.0140633
0.0145624
0.0151529
0.0137467
0.0140917
0.0154998
0.0143679
0.0136526
0.0150693
0.014562
0.0138541
0.0145839
0.0137825
0.014457
0.0136498
0.0140844
0.0135455
0.0140548
0.0145544
0.0137211
0.0140279
0.0138654
0.0165253
0.0138838
0.0166863
0.0182199
0.0142121
0.0183339
0.0162294
0.0137911
0.0179983
0.0140969
0.0140964
0.0141555
0.0152205
0.0138757
0.0141572
0.0141704
0.0140431
0.013701
0.0157281
0.0138383
0.0139434
0.0187178
0.015681
0.0137394
0.0154859
0.0154947
0.0138954
0.0207379
0.0143785
0.0136896
0.0200904
0.0142628
0.013933
0.0167694
0.0141681
0.0137791
0.0214604
0.0137845
0.013932
0.0220004
0.0139739
0.0136761
0.0221294
0.0139003
0.0141733
0.0202652
0.0139322
0.0152009
0.0192207
0.013922
0.0179731
0.0170799
0.0139874
0.0199394
0.0152073
0.013997
0.0218022
0.0139196
0.0141358
0.0219007
0.0139317
0.0142617
0.0208939
0.014371
0.0157618
0.0191352
0.0136929
0.0178078
0.0169454
0.0140461
0.0193561
0.0150025
0.0139756
0.0215634
0.0144078
0.0137261
0.0217322
0.0137805
0.0142096
0.0217224
0.0145816
0.0147592
0.0204485
0.0135311
0.0173202
0.0175862
0.0138445
0.0188899
0.0159867
0.0136281
0.0214478
0.0140751
0.0138748
0.0223199
0.0139536
0.0139714
0.0217468
0.0143141
0.014107
0.0206026
0.0137276
0.0162826
0.0185689
0.0142578
0.0176305
0.0162734
0.014178
0.0147789
0.0174094
0.0139981
0.0156539
0.016711
0.0137307
0.0180875
0.0146379
0.0139157
0.0147964
0.0156664
0.0140083
0.0151543
0.0149512
0.0142389
0.013562
0.0152532
0.0141154
0.0138205
0.0164254
0.0140445
0.014206
0.0141006
0.0162333
0.0141157
0.0185692
0.0169015
0.013859
0.0182491
0.0168002
0.014345
0.0195637
0.0142898
0.0137056
0.0205101
0.0141859
0.0138018
0.0242052
0.0183744
0.0204563
0.018092
0.0140382
0.0217233
0.0143007
0.0147345
0.0197982
0.0142674
0.018106
0.0174273
0.0140492
0.020807
0.0144181
0.014175
0.0220094
0.0140781
0.013866
0.0219325
0.0139013
0.0146853
0.0200019
0.0140636
0.0150437
0.0189878
0.0137133
0.0179616
0.017521
0.014079
0.0202079
0.0147686
0.0138389
0.0216912
0.014186
0.0136394
0.0215044
0.0135645
0.0140701
0.0189035
0.0140981
0.0137879
0.0202868
0.0140759
0.0141616
0.0167072
0.0146538
0.0137397
0.0193595
0.0138273
0.0142715
0.0195382
0.014083
0.0135111
0.0210605
0.0144586
0.0141835
0.0200863
0.014645
0.0156741
0.0182684
0.0136261
0.0157567
0.0174193
0.0142217
0.0151822
0.017454
0.0138225
0.0166357
0.0178386
0.0141274
0.0170406
0.0165562
0.0137422
0.0177277
0.0166617
0.0138119
0.017663
0.0159988
0.0139214
0.021653
0.0142572
0.0137178
0.0223613
0.0140993
0.0141481
0.0216656
0.0161407
0.0167755
0.0178569
0.0137832
0.0194374
0.0152668
0.0138513
0.0211595
0.0139252
0.0140844
0.0219415
0.0140235
0.0136617
0.0221742
0.0141464
0.0148421
0.0197103
0.0142725
0.0163661
0.0183251
0.0139956
0.0195559
0.0160681
0.0139757
0.0217388
0.0146005
0.0139494
0.022048
0.014485
0.0143291
0.0210943
0.0138813
0.0162687
0.0185617
0.0140727
0.0186138
0.0167673
0.0137693
0.0213809
0.014027
0.0136419
0.0218663
0.0136927
0.0143007
0.0216366
0.0145645
0.0138317
0.0210992
0.0139628
0.0168174
0.0184417
0.0138275
0.018324
0.0164188
0.0137842
0.0206156
0.0147342
0.0138521
0.0216406
0.0141165
0.0141624
0.0221876
0.0150725
0.014704
0.0200081
0.013872
0.0179537
0.0172549
0.0140335
0.0187452
0.0158754
0.0137859
0.0214865
0.01421
0.0139069
0.0219976
0.0136263
0.0143204
0.0221396
0.0141654
0.0144786
0.0201281
0.0138344
0.0175618
0.0175963
0.0141512
0.0189122
0.0156739
0.0138235
0.0215087
0.0144612
0.0138649
0.0217673
0.013728
0.014148
0.0199433
0.0145973
0.0136535
0.0210194
0.0137622
0.0147038
0.0199171
0.0141384
0.0159085
0.0189482
0.0140455
0.0182778
0.0160206
0.0138994
0.015422
0.0161026
0.0140488
0.0185626
0.0145801
0.0140258
0.0146227
0.0171562
0.0138295
0.017464
0.0182276
0.0158622
0.022171
0.0196462
0.0176898
0.0176262
0.0139107
0.0194643
0.0164684
0.013675
0.0222865
0.0147689
0.0142049
0.0226047
0.0140748
0.0161192
0.0204881
0.0151442
0.019705
0.0151084
0.0141839
0.0226092
0.0153392
0.0140284
0.021607
0.0142107
0.0179662
0.0175844
0.0145695
0.0193626
0.0154914
0.0143732
0.0224912
0.0146989
0.0135972
0.0218812
0.0136015
0.0147757
0.0177264
0.0141781
0.0135304
0.014858
0.0139373
0.0138494
0.0171107
0.0139338
0.014073
0.0153059
0.014651
0.0137456
0.0176319
0.017433
0.0148375
0.0213926
0.0143049
0.0142249
0.0220855
0.0146728
0.0136574
0.0213633
0.0137606
0.015888
0.0156818
0.0145748
0.015442
0.0171367
0.0145517
0.0148611
0.0151927
0.0139274
0.0136937
0.014392
0.014514
0.0140848
0.0145631
0.0139102
0.0141302
0.0136705
0.0146739
0.0136711
0.0139221
0.0142589
0.0138285
0.0142307
0.0140514
0.013951
0.0139575
0.0140592
0.0135648
0.0140779
0.0136985
0.0138635
0.0142274
0.0139681
0.0150186
0.0146218
0.0140661
0.0146953
0.0179369
0.0137389
0.0158582
0.0171434
0.0146341
0.0140909
0.0159798
0.0137559
0.0141494
0.0140609
0.013909
0.0143518
0.0138279
0.0139124
0.0138695
0.0141897
0.013754
0.0142652
0.0140771
0.0141053
0.013869
0.0138812
0.0150317
0.0140218
0.0141361
0.0136753
0.0142134
0.0136148
0.0139512
0.0181233
0.0139023
0.0139224
0.0220139
0.0136014
0.014825
0.019866
0.0141714
0.0162943
0.0185042
0.0139093
0.0184681
0.016363
0.0142821
0.0199371
0.0145667
0.0138216
0.0140736
0.0138479
0.0140001
0.0137217
0.0141098
0.013964
0.0139531
0.0198391
0.01429
0.0140749
0.0217613
0.0137138
0.0146582
0.0198177
0.0146685
0.0169566
0.0176336
0.0140259
0.0187008
0.0156662
0.0140337
0.0154722
0.0165203
0.0138944
0.0187213
0.0154336
0.0142187
0.0174812
0.0145205
0.0138544
0.0141068
0.0139636
0.0142802
0.014417
0.0140558
0.0139304
0.0138523
0.0138896
0.0138924
0.0143243
0.0137718
0.0160427
0.014436
0.0154468
0.0160081
0.0148536
0.0145028
0.0151932
0.0145038
0.0140385
0.0136514
0.0138324
0.0142917
0.0138932
0.0139183
0.0135919
0.0142381
0.0137198
0.0139938
0.013965
0.0139358
0.0173061
0.0140514
0.0227297
0.0158239
0.0159603
0.0186932
0.0144223
0.0156169
0.0142313
0.0143598
0.0143085
0.0148801
0.0137822
0.0136409
0.0142264
0.0138675
0.0143725
0.0139141
0.0144028
0.0136183
0.0148389
0.0136834
0.0140068
0.0140269
0.0222178
0.0137065
0.0146251
0.0205069
0.0140309
0.0152651
0.019181
0.0137907
0.0172117
0.0173574
0.0141902
0.0186598
0.0159448
0.0136771
0.0145992
0.0137589
0.0143074
0.0137966
0.0142097
0.0136486
0.0136872
0.0142871
0.0138004
0.0141718
0.0201557
0.015248
0.0142842
0.0218784
0.0137959
0.01397
0.018708
0.0138772
0.0143469
0.01583
0.0137143
0.0139097
0.0142973
0.014191
0.0136299
0.015061
0.0137906
0.0139882
0.0139218
0.022218
0.0139194
0.0148731
0.0198085
0.0141487
0.0161552
0.0180641
0.0137584
0.0155815
0.01435
0.0144937
0.013909
0.0141813
0.013779
0.0138053
0.0152988
0.0145627
0.0139388
0.0138854
0.0140944
0.0138141
0.0142203
0.0137976
0.0145081
0.0145005
0.0147447
0.0139774
0.013651
0.0140926
0.0137354
0.014459
0.0138095
0.0139456
0.0139848
0.0137907
0.014383
0.0139724
0.0142731
0.0147435
0.0142673
0.0139261
0.0149819
0.0145012
0.0138563
0.0142858
0.019234
0.0136681
0.0139969
0.0216856
0.0144765
0.014151
0.020209
0.0136334
0.0161755
0.0185229
0.0140063
0.0163469
0.0148724
0.0138311
0.0168312
0.0163926
0.0144924
0.016641
0.0181003
0.0140111
0.0196383
0.0151235
0.0141165
0.0215291
0.0139279
0.0138357
0.0219394
0.0142982
0.0139207
0.0227409
0.0137765
0.015098
0.0206661
0.0141034
0.0178261
0.0170155
0.0137028
0.0200708
0.0147158
0.0143916
0.0228751
0.0147899
0.014015
0.0211947
0.014063
0.0152905
0.0194951
0.0137582
0.0180049
0.0170017
0.014641
0.0191605
0.0157838
0.0139774
0.0160696
0.0143856
0.0139866
0.0138776
0.0145661
0.0137276
0.014258
0.0169112
0.0140415
0.0140855
0.0187017
0.0136264
0.0140474
0.0218802
0.0142182
0.013859
0.0210117
0.0137866
0.016557
0.0175328
0.0141586
0.0137943
0.0155436
0.0139953
0.014387
0.0168076
0.0139509
0.0138973
0.0210336
0.0137477
0.0137066
0.0212186
0.0142331
0.0155923
0.0196721
0.0138531
0.0180871
0.016998
0.0142027
0.0208332
0.0147657
0.013854
0.0219778
0.0137385
0.0140258
0.0219919
0.0138981
0.0149922
0.0200777
0.014265
0.0164115
0.0156361
0.0136641
0.0149772
0.0172007
0.0141097
0.0149884
0.0191
0.0138473
0.0172963
0.0181008
0.0140674
0.0187192
0.0157155
0.0139503
0.0208114
0.0139356
0.0142178
0.0213984
0.0137594
0.0139365
0.0188117
0.0138774
0.0141524
0.0177266
0.0150814
0.0144266
0.0220496
0.0141811
0.0138999
0.0220016
0.0137674
0.0157855
0.0184207
0.014245
0.0157543
0.016863
0.0137752
0.0157647
0.0162103
0.014431
0.0163455
0.0202363
0.0138876
0.0189699
0.0141583
0.0139772
0.0164626
0.0154611
0.0141295
0.0182145
0.0143855
0.014166
0.0181006
0.0154804
0.0137859
0.0201566
0.0154057
0.014273
0.0230487
0.0144469
0.0144447
0.0253536
0.0145582
0.0214987
0.0149006
0.0137949
0.0220411
0.014206
0.0139445
0.0212278
0.01368
0.0154152
0.0196495
0.0142586
0.0180605
0.0169147
0.013707
0.0203042
0.0144711
0.014541
0.0217978
0.0141296
0.0138527
0.0220017
0.0142359
0.0145083
0.0204931
0.0139431
0.0164065
0.0185521
0.0141867
0.0174369
0.0154157
0.0145834
0.0165716
0.0136837
0.0140215
0.0139544
0.014478
0.0139992
0.0137399
0.0142731
0.013719
0.0142411
0.0137932
0.0141972
0.0137968
0.014129
0.0137747
0.0138165
0.0138224
0.0139189
0.0141632
0.0136811
0.0160929
0.0154883
0.0141649
0.0142309
0.0177384
0.0137271
0.017163
0.0168872
0.0140891
0.0175935
0.0177803
0.0137796
0.0202782
0.0152394
0.0139816
0.0217406
0.013908
0.0137546
0.0218677
0.0138598
0.0139534
0.0167609
0.0137739
0.0141236
0.0151325
0.0137342
0.0142072
0.0139135
0.0139862
0.0139117
0.0145687
0.0176202
0.0141284
0.0154836
0.0188236
0.0137507
0.0178614
0.0163651
0.0141096
0.0164621
0.0154787
0.0137133
0.0153162
0.0141176
0.0140291
0.0146107
0.0187982
0.0137893
0.0152121
0.0197557
0.0141405
0.016611
0.0178016
0.0137327
0.0187468
0.0167319
0.0138266
0.0208508
0.0143395
0.0138161
0.0218356
0.0139117
0.0141939
0.0155562
0.0149357
0.0141449
0.0153201
0.0142836
0.0147457
0.0142471
0.0140895
0.0140554
0.014798
0.0143586
0.0136849
0.0144846
0.0140874
0.0145968
0.013655
0.0145933
0.0137693
0.013979
0.0140002
0.0139698
0.0140511
0.0141408
0.0147908
0.013928
0.0141608
0.0138091
0.0143491
0.013832
0.0138057
0.0142852
0.0137277
0.014165
0.013644
0.01423
0.0135998
0.0146983
0.0136442
0.0143934
0.013694
0.0137133
0.0140442
0.0137174
0.0141534
0.0139592
0.0138953
0.013786
0.0140455
0.0135589
0.014241
0.01502
0.0138238
0.0141204
0.0138989
0.0141133
0.0137259
0.0159341
0.015729
0.0139608
0.0174457
0.0171851
0.0137266
0.0194036
0.0152716
0.0236844
0.0180288
0.0195876
0.0211721
0.0140866
0.0146949
0.0221061
0.0147587
0.0145459
0.0224323
0.0139668
0.0157396
0.014687
0.0138367
0.0138187
0.0143068
0.0138676
0.0147479
0.0139518
0.0140049
0.013852
0.0140953
0.0139558
0.0141909
0.0141607
0.0142101
0.0139631
0.0137481
0.0141599
0.0137971
0.0140946
0.0139057
0.0183396
0.0143144
0.019448
0.014908
0.0141152
0.0204785
0.0140705
0.0139004
0.01772
0.0148666
0.0144156
0.0141431
0.0158442
0.014281
0.0172786
0.0162925
0.0144965
0.0201856
0.0148373
0.0139397
0.021439
0.0154047
0.0140916
0.0208833
0.0163922
0.0180574
0.0160662
0.0141076
0.0149426
0.0141987
0.0138234
0.0137684
0.0143279
0.0138303
0.0142541
0.0141722
0.0142773
0.0137529
0.014403
0.0136876
0.0137929
0.0140479
0.0138595
0.0147476
0.0139571
0.0144953
0.013801
0.0139115
0.0138462
0.0195365
0.0140953
0.017295
0.0165207
0.0143977
0.0174636
0.0155994
0.0138847
0.0203169
0.0143136
0.0138491
0.0213774
0.0148008
0.0138977
0.0220046
0.0141956
0.0141777
0.0211525
0.0138449
0.0156833
0.0155457
0.013999
0.0138595
0.0138065
0.0142352
0.0137767
0.0143109
0.013779
0.014199
0.0138475
0.0140317
0.0140106
0.0137967
0.0213786
0.0143057
0.0157657
0.0189804
0.0136316
0.0174938
0.0173012
0.0138974
0.0191579
0.0160082
0.0140234
0.0219575
0.0137864
0.0147845
0.0221065
0.0138673
0.0140807
0.0200019
0.0142715
0.0139944
0.0143234
0.0146905
0.0140549
0.0145393
0.01402
0.0141571
0.013809
0.0141995
0.0142176
0.0140043
0.0147174
0.0139931
0.0142964
0.0141396
0.0141969
0.0136043
0.0140599
0.0142915
0.0139986
0.014123
0.0140141
0.0142082
0.013728
0.0143976
0.0140328
0.0139752
0.0137497
0.0142775
0.0139353
0.0142185
0.01393
0.0137608
0.0139615
0.0138646
0.0144533
0.0137506
0.0158764
0.0160666
0.0140116
0.016564
0.017436
0.0141208
0.0166064
0.0143703
0.0140283
0.0142948
0.0142472
0.0141188
0.0140981
0.0146349
0.0143229
0.0142467
0.0137071
0.0141696
0.0141303
0.0194293
0.0154419
0.0141234
0.0214708
0.0142282
0.0138557
0.0218315
0.0140048
0.0140288
0.0222263
0.0141344
0.0148474
0.0196695
0.0138204
0.0166651
0.01825
0.0136164
0.0185752
0.0162355
0.0139059
0.0202796
0.0145972
0.0139368
0.0220963
0.013755
0.0139685
0.022197
0.0140041
0.0139324
0.0206524
0.0141781
0.0160629
0.0188228
0.0137442
0.0180076
0.0166341
0.0139596
0.0198465
0.0153806
0.013841
0.0218767
0.0138094
0.013898
0.0216704
0.0139166
0.0139817
0.0215139
0.0141919
0.015918
0.0190119
0.0136104
0.0183813
0.0178599
0.0142209
0.0210573
0.01432
0.013769
0.0219733
0.0140551
0.0143048
0.022171
0.0144125
0.0154588
0.0196664
0.0140252
0.0182303
0.0171432
0.0138357
0.0204155
0.0141981
0.0140139
0.0216835
0.014091
0.0138385
0.021999
0.013848
0.013968
0.0215596
0.0142191
0.0149915
0.0194383
0.0140171
0.0175003
0.0180153
0.0137003
0.0199542
0.0146483
0.014152
0.0215808
0.0141427
0.0138778
0.0219545
0.0136649
0.014155
0.0219894
0.0141222
0.0146613
0.0195923
0.0140039
0.0167688
0.0180283
0.0141343
0.0190621
0.0153349
0.0139947
0.0197415
0.0149476
0.0138926
0.0222596
0.013992
0.0141541
0.0211476
0.0141199
0.0140466
0.0197136
0.0137777
0.0142766
0.0169635
0.0140149
0.0138675
0.0213169
0.0141117
0.0147204
0.0202431
0.0136933
0.0164367
0.0175332
0.0163401
0.0226671
0.0154976
0.0139276
0.0221551
0.0142095
0.0152533
0.0179167
0.0139339
0.0142166
0.0205281
0.013866
0.0164728
0.0182191
0.0136822
0.0185036
0.0165377
0.0141875
0.0174775
0.0155507
0.0139955
0.0207125
0.0145268
0.0144382
0.0221781
0.0149325
0.0138929
0.0207961
0.0139767
0.0162875
0.0184113
0.0141497
0.0181082
0.0172451
0.0139311
0.0210774
0.0158185
0.0138135
0.0218012
0.0142524
0.0140466
0.0205593
0.0140279
0.015136
0.020169
0.0142465
0.0177016
0.0174225
0.0138001
0.0197681
0.0146808
0.0138487
0.0216103
0.0141228
0.0137002
0.0224292
0.0148326
0.0141637
0.0208851
0.0138826
0.0155168
0.0187394
0.0139614
0.0175097
0.0170585
0.0139441
0.0193453
0.0157948
0.0141772
0.0222675
0.0141459
0.0139969
0.0221909
0.0143279
0.0146949
0.0203456
0.0139518
0.0166795
0.0181395
0.0137667
0.0184055
0.016183
0.0136987
0.0202391
0.0145624
0.014148
0.0222604
0.0140384
0.0137561
0.0219854
0.0137411
0.0145017
0.0206681
0.0140648
0.015833
0.0190026
0.0138422
0.0185441
0.0165458
0.0137959
0.0202362
0.0144016
0.0142161
0.0179272
0.0146203
0.0137824
0.0158505
0.0141794
0.0138453
0.0139145
0.0139009
0.0141807
0.0138115
0.0169909
0.0139865
0.0139833
0.0165819
0.014365
0.0139792
0.0219111
0.0136708
0.0139774
0.021801
0.014111
0.013859
0.0217527
0.0137671
0.0155081
0.0214209
0.01519
0.0203676
0.014832
0.0139502
0.0218399
0.0143836
0.01398
0.0219814
0.0136573
0.0144481
0.0217241
0.0140416
0.0184084
0.0177596
0.0140662
0.0209365
0.0139631
0.0139507
0.0219248
0.0137351
0.0139214
0.021736
0.0138926
0.0140907
0.0207731
0.0139496
0.0156897
0.0189796
0.0135769
0.0177328
0.0171694
0.0141416
0.0198457
0.0152569
0.0139693
0.0217733
0.0140551
0.0140377
0.0221501
0.0192564
0.0202544
0.0241831
0.016623
0.0183691
0.0138218
0.0181765
0.0166731
0.0138252
0.0201056
0.0148736
0.0139184
0.0217454
0.0138307
0.0139304
0.0217447
0.0142263
0.0138498
0.0219756
0.0139569
0.0153133
0.0198587
0.0138819
0.0168029
0.0166811
0.0140807
0.0154887
0.016026
0.0139589
0.0148227
0.0174889
0.0138805
0.0147259
0.0173513
0.014019
0.0139508
0.0173604
0.0137055
0.0143148
0.0144853
0.0139902
0.0139152
0.0178398
0.0160269
0.0139834
0.0191238
0.0174953
0.0137475
0.018268
0.0137314
0.014395
0.0150216
0.0142389
0.0142862
0.0178438
0.0143131
0.0140499
0.0220792
0.0154018
0.0137496
0.0222123
0.013815
0.0152042
0.0210249
0.0143094
0.0182268
0.0173183
0.0144314
0.0211158
0.0156268
0.0141121
0.0218688
0.0140397
0.0140387
0.0208764
0.0140902
0.0154005
0.0192417
0.0137779
0.0176909
0.0179904
0.0139207
0.0204135
0.0142467
0.0140711
0.0217748
0.0139727
0.0136149
0.0219645
0.0138381
0.0140569
0.021405
0.0144
0.0148742
0.0196334
0.0137854
0.017105
0.0179073
0.0137006
0.0190959
0.0159716
0.0139504
0.0208937
0.0139995
0.0137638
0.0218187
0.0137472
0.0140227
0.0226679
0.0143584
0.0143279
0.0206672
0.0138148
0.0169718
0.0182054
0.0135938
0.0185212
0.0160128
0.0139181
0.0200598
0.0146167
0.0139557
0.0202478
0.0138266
0.0140387
0.0180663
0.0147321
0.0137836
0.0218704
0.0140744
0.0141746
0.0219798
0.0143021
0.0150765
0.0201709
0.0140292
0.0176767
0.0169444
0.0136917
0.0148214
0.0149149
0.0138746
0.0162867
0.0170386
0.0140853
0.014971
0.0182327
0.0137831
0.0150751
0.0173411
0.0144055
0.0143841
0.0177889
0.0140199
0.0162801
0.0194482
0.0137634
0.0191082
0.0158946
0.0139008
0.0203324
0.0142984
0.0139466
0.0216661
0.0138601
0.0152025
0.0218336
0.0145922
0.0144439
0.0203078
0.013868
0.0174689
0.0183074
0.0139228
0.0196363
0.015038
0.0143346
0.0215361
0.0140073
0.0139495
0.0217744
0.013673
0.0141059
0.0193886
0.01423
0.013822
0.0177806
0.0142307
0.0142928
0.0200422
0.014028
0.0138257
0.017
0.0138496
0.0139452
0.0199336
0.0138459
0.0137195
0.018251
0.0138585
0.014319
0.0163445
0.0147268
0.0137859
0.0144706
0.0152582
0.0137929
0.0147403
0.0182583
0.0142965
0.0153976
0.0223136
0.0140316
0.0214828
0.015191
0.0140397
0.0237073
0.0163795
0.0182262
0.0173966
0.0137953
0.0209313
0.0140245
0.0139345
0.022426
0.0145601
0.0140206
0.0218915
0.013936
0.0148722
0.0197889
0.0140424
0.0162067
0.0181944
0.0135626
0.0181875
0.0164686
0.0141432
0.0201941
0.0146731
0.0138959
0.0221827
0.0140155
0.0137773
0.0221134
0.0137133
0.0139444
0.0210774
0.0141183
0.015549
0.0191773
0.0138137
0.0174024
0.017547
0.0137031
0.0192394
0.0155266
0.0143033
0.0214608
0.0143315
0.0137317
0.0218313
0.0137781
0.0143317
0.0214188
0.0143843
0.0147459
0.0202916
0.0136552
0.0174381
0.0174275
0.0142847
0.0208111
0.0145334
0.0140715
0.021939
0.0141344
0.0137611
0.0216782
0.0138145
0.0141765
0.0178102
0.0140816
0.0138182
0.0152067
0.0139464
0.0140835
0.0143258
0.0137984
0.0139666
0.0138894
0.0149074
0.0137357
0.0140098
0.0192395
0.014282
0.0141155
0.0227087
0.0156567
0.0191181
0.0160391
0.0142305
0.0210987
0.0144376
0.0142323
0.0192123
0.0143555
0.0139483
0.0209395
0.0141477
0.0142479
0.015617
0.014212
0.0138883
0.0155379
0.0137032
0.0137204
0.0189139
0.0166619
0.0146181
0.0229269
0.017801
0.015439
0.0236698
0.0140942
0.021859
0.0140838
0.0140615
0.0216791
0.0140309
0.013662
0.0221299
0.0139795
0.0152888
0.0195472
0.0140084
0.0168746
0.0177841
0.0138431
0.0192614
0.0158457
0.0138917
0.0203639
0.01401
0.0142182
0.0186532
0.0141569
0.0137486
0.0150553
0.0146826
0.0138733
0.0171862
0.0158692
0.0140092
0.0149634
0.015366
0.0137268
0.0181465
0.0171142
0.0141543
0.0195955
0.0151404
0.0137075
0.0222382
0.0143962
0.0139813
0.0221695
0.0144885
0.0146846
0.0203732
0.0141253
0.0159194
0.019043
0.0139594
0.0177533
0.015632
0.0139963
0.0150924
0.016485
0.0141246
0.0188419
0.0156293
0.01408
0.0189123
0.0147723
0.0139723
0.0215736
0.0138604
0.013751
0.0223203
0.0141047
0.0138732
0.0217506
0.0140166
0.0143625
0.0198267
0.0139767
0.0157484
0.0171738
0.0142885
0.0148569
0.0153998
0.0139334
0.0139882
0.0151786
0.0141127
0.0136734
0.0140133
0.0159716
0.0137893
0.0209399
0.0186942
0.0141606
0.0251269
0.0156343
0.0209187
0.0168727
0.0140705
0.0220471
0.0139665
0.0143777
0.0207844
0.0140059
0.0159213
0.0187952
0.0137214
0.0184604
0.016659
0.0138117
0.0202479
0.014399
0.014098
0.0215487
0.0144565
0.0138678
0.0207226
0.0137134
0.0141837
0.0194595
0.0146346
0.014153
0.0215551
0.014022
0.0158043
0.0187384
0.0141794
0.0175653
0.017198
0.0136288
0.0203985
0.0147606
0.0143781
0.0216535
0.0139376
0.0143437
0.0219655
0.0143478
0.0138756
0.0211934
0.0139841
0.0173438
0.0180968
0.0141773
0.0188516
0.0161375
0.0139463
0.0219852
0.0139578
0.0140544
0.0215197
0.013891
0.0140413
0.0212871
0.0140832
0.0140024
0.0183309
0.0137954
0.0140229
0.0155417
0.0143361
0.0137385
0.018448
0.0140768
0.0137964
0.0190148
0.0140453
0.0138416
0.0176632
0.0141448
0.0137508
0.0183025
0.0144023
0.0141455
0.0197832
0.0142313
0.0137184
0.0221186
0.0139624
0.0138516
0.0217344
0.0138068
0.0142523
0.0219895
0.0142672
0.0149202
0.0166476
0.0140286
0.0150209
0.020121
0.014364
0.0172266
0.0180624
0.0138909
0.0198743
0.0152738
0.0142784
0.0218223
0.0139128
0.0140381
0.0220533
0.0142168
0.0136895
0.0213132
0.0137678
0.0154789
0.0170285
0.014085
0.0140372
0.0170674
0.0138054
0.0141117
0.0140386
0.013765
0.0140808
0.0144571
0.0154752
0.0139593
0.014503
0.0141886
0.0142615
0.0140172
0.0150554
0.0138317
0.0138581
0.0143672
0.0146442
0.0142467
0.0179798
0.0154414
0.0138496
0.0204675
0.0141759
0.0140758
0.0216528
0.0138088
0.0138087
0.0218035
0.0144182
0.0138616
0.0213785
0.0139538
0.0167326
0.01915
0.0142791
0.0204254
0.0161045
0.0143628
0.022137
0.0161098
0.0158738
0.0234268
0.0147863
0.0223335
0.014285
0.0137704
0.0222206
0.0139605
0.0150068
0.0199841
0.0142346
0.0168094
0.0177072
0.0135804
0.0189968
0.0161049
0.0141158
0.0208934
0.0139492
0.0138454
0.0218701
0.0139491
0.0138389
0.0217613
0.0137055
0.0140367
0.0216779
0.0141218
0.0161125
0.0188654
0.0136572
0.0184358
0.0171988
0.0141421
0.0206409
0.0138418
0.01392
0.0221567
0.013917
0.0137361
0.0222728
0.013653
0.0140935
0.0210915
0.0141611
0.0162275
0.0189183
0.0135792
0.0191924
0.0158556
0.0140677
0.0203017
0.0139929
0.0137484
0.0221074
0.0142925
0.0140902
0.0220661
0.0137997
0.0147682
0.0201881
0.0140551
0.0171129
0.0184575
0.0135913
0.0190796
0.0159095
0.0140131
0.0208222
0.013753
0.0138369
0.0218751
0.0145813
0.0141049
0.0223513
0.0141332
0.0152137
0.0197638
0.0144081
0.0170525
0.0176379
0.0138087
0.0198518
0.0154053
0.0142762
0.0218426
0.0138746
0.0140096
0.0223279
0.0142311
0.0137864
0.0213956
0.0138049
0.0162047
0.0186585
0.0144902
0.0178013
0.0170328
0.0137776
0.0203802
0.0145807
0.0140601
0.0218737
0.0138232
0.0137147
0.0219734
0.0140366
0.0136393
0.021803
0.0137343
0.0153762
0.0194171
0.0139853
0.016988
0.0176858
0.0137606
0.0187668
0.0159815
0.0140446
0.0209158
0.0138498
0.0138436
0.0170978
0.0138877
0.0140063
0.0214177
0.0139411
0.0135795
0.0221011
0.0143006
0.0138696
0.0218818
0.0136302
0.0138007
0.0210389
0.0137521
0.0156903
0.0196943
0.01368
0.0185146
0.0164791
0.0140303
0.0199653
0.0146577
0.013665
0.021958
0.0140074
0.0138981
0.0166471
0.0139755
0.0136628
0.0221098
0.0142037
0.0136175
0.0217937
0.0137159
0.0138229
0.0220712
0.0140707
0.0145718
0.0199561
0.0138062
0.0163915
0.0168982
0.0142145
0.0165355
0.0184021
0.0137129
0.0144296
0.0141325
0.0140604
0.013908
0.0142378
0.0140341
0.0141209
0.0141919
0.0138205
0.0139133
0.0137945
0.0142899
0.0139259
0.0141218
0.0141079
0.0139604
0.013893
0.0139789
0.0141849
0.0137221
0.014075
0.0142847
0.0145105
0.014305
0.0210332
0.0139445
0.0150864
0.0268486
0.0148846
0.023639
0.0148157
0.0187287
0.0170526
0.0162093
0.0218459
0.0153303
0.014192
0.0208235
0.0142754
0.0163413
0.0205252
0.0138503
0.0212096
0.0197007
0.0144806
0.0201136
0.0140183
0.0167085
0.0174321
0.0141744
0.0179297
0.0170095
0.0135521
0.0201926
0.0149999
0.0142486
0.0217723
0.0141494
0.0137701
0.0218805
0.0139481
0.0136179
0.0217008
0.0139893
0.0151248
0.0201969
0.0138071
0.0171209
0.0181177
0.0135716
0.0195602
0.0150175
0.0140684
0.0213031
0.0141539
0.0137943
0.0220591
0.0146418
0.014054
0.0214533
0.0138369
0.0157047
0.0190411
0.0140176
0.0179369
0.0170886
0.0135689
0.0202423
0.0147516
0.0142718
0.0218266
0.0139813
0.0140769
0.0219747
0.0140337
0.0138315
0.0215333
0.013808
0.0155438
0.0191635
0.0140688
0.0170036
0.0176288
0.0138083
0.0191394
0.0154791
0.014513
0.020971
0.0139243
0.0136591
0.023681
0.0141854
0.0138135
0.0211786
0.0136864
0.0153579
0.0194902
0.0142169
0.018021
0.017595
0.0138752
0.0213629
0.0142653
0.0141687
0.0165391
0.0142374
0.01377
0.0142347
0.0137326
0.0145308
0.0137189
0.016997
0.0138413
0.0141622
0.0191496
0.0140998
0.014429
0.0161793
0.0137877
0.0139362
0.0220895
0.0141176
0.0145132
0.0199166
0.0138169
0.0166218
0.0151066
0.0139744
0.0142324
0.0140236
0.0140465
0.0139132
0.0221267
0.013785
0.0136807
0.0214136
0.0140492
0.01547
0.0191827
0.014077
0.0174183
0.017465
0.0137218
0.0197056
0.015408
0.0141739
0.0215629
0.0139992
0.0135618
0.0216909
0.013921
0.013924
0.0205994
0.0142659
0.0140327
0.0154494
0.0140286
0.0140299
0.0156652
0.0144824
0.0137977
0.0162634
0.014656
0.0144519
0.0148027
0.01422
0.0141716
0.0145971
0.0195792
0.0142927
0.0147788
0.0165556
0.0141703
0.015584
0.0197003
0.0143963
0.0192515
0.0237867
0.0150672
0.0206613
0.0174418
0.0214261
0.0177956
0.0141061
0.0261995
0.016701
0.0227245
0.0143751
0.0138803
0.0208842
0.0140214
0.0159272
0.0192631
0.0136715
0.0182201
0.0167275
0.0147853
0.0209661
0.0141277
0.0138316
0.0215669
0.0143567
0.0140491
0.0178999
0.0141379
0.0138387
0.02209
0.0142269
0.013805
0.0219482
0.0140214
0.0154538
0.0193236
0.014018
0.0174544
0.0173765
0.0139484
0.0169194
0.0160773
0.0141446
0.0159713
0.0161736
0.0138977
0.0144815
0.0144183
0.0140836
0.0141523
0.0159144
0.0138153
0.0138186
0.0170752
0.0139619
0.0141764
0.0161902
0.0147902
0.0135814
0.0147283
0.0163091
0.0140747
0.019054
0.0157522
0.013746
0.0211829
0.0138768
0.0139436
0.0205057
0.0139861
0.0136161
0.0223236
0.0143682
0.0137678
0.0219428
0.014254
0.0165358
0.0182202
0.013881
0.0187059
0.0170463
0.0137405
0.0219048
0.0144965
0.0141668
0.0224062
0.0139928
0.014006
0.0211298
0.0140736
0.015472
0.0194877
0.0137152
0.0178237
0.0170818
0.0140248
0.0194295
0.015741
0.0137792
0.0221314
0.0144945
0.0139623
0.0232677
0.0141777
0.0152913
0.0199772
0.014493
0.0181237
0.0165758
0.0137047
0.0204271
0.0140595
0.0140159
0.0218901
0.0142998
0.0137135
0.021791
0.014307
0.0138887
0.0217153
0.0138172
0.0157064
0.0196766
0.0138308
0.0180949
0.0171641
0.0136832
0.0204335
0.0141686
0.0142781
0.0216528
0.0142967
0.0140039
0.021833
0.0140314
0.0137347
0.0213135
0.0137813
0.0157367
0.0190122
0.0140328
0.0172244
0.0174617
0.0134978
0.0195244
0.0153983
0.0145742
0.0215093
0.0146193
0.013528
0.0219333
0.0137135
0.0140022
0.0215784
0.0138738
0.0145658
0.020129
0.0140482
0.0161503
0.0172726
0.0137801
0.015471
0.0185231
0.0142516
0.0178094
0.0174634
0.0136831
0.0194024
0.0156822
0.0142249
0.0219439
0.0143242
0.0137102
0.0219927
0.0141757
0.0142713
0.0212017
0.0139481
0.0164325
0.0187215
0.0139587
0.019286
0.0158301
0.0138232
0.0213252
0.0141776
0.0139285
0.0219027
0.0138957
0.0136723
0.022213
0.0141098
0.0142449
0.0205021
0.0136689
0.0160837
0.0186083
0.0139513
0.0180285
0.0167998
0.0137044
0.0198422
0.0147651
0.0139745
0.0218383
0.0141648
0.013896
0.0217745
0.0138715
0.0139373
0.0220237
0.0137968
0.0152308
0.0197733
0.0140345
0.0169039
0.0176792
0.0137044
0.0186498
0.0158527
0.0140984
0.0202797
0.0146435
0.0138399
0.0220727
0.0143242
0.014531
0.0219739
0.0142749
0.0156097
0.0193277
0.0142633
0.0176135
0.0173321
0.0137185
0.0205698
0.0145491
0.0142861
0.0219554
0.0139688
0.013723
0.0220515
0.0138928
0.0137807
0.0213762
0.0137978
0.0151939
0.0183497
0.0141969
0.0164372
0.0178183
0.0137011
0.0171999
0.0143737
0.0143746
0.0139262
0.0162977
0.0138705
0.013903
0.014054
0.0138082
0.0142203
0.0136296
0.014056
0.0137127
0.0145817
0.0142148
0.0142739
0.0138583
0.0218505
0.0139708
0.0154388
0.0196748
0.0146839
0.0189864
0.0154269
0.0136836
0.0197023
0.0153538
0.0142685
0.0223165
0.0176224
0.0154547
0.0192206
0.0140927
0.0173776
0.017982
0.0136034
0.0196234
0.0156189
0.0141488
0.0217134
0.0144411
0.0136258
0.0222409
0.0137887
0.0140731
0.0213706
0.0143287
0.0155386
0.0192281
0.0141352
0.0177663
0.0170861
0.0136399
0.0204288
0.0143475
0.0141505
0.0215784
0.0140276
0.0135779
0.0217921
0.0137735
0.014003
0.0219676
0.0141106
0.0140173
0.0205713
0.013947
0.0164767
0.0185757
0.0136014
0.0186328
0.0160908
0.0143166
0.0188245
0.0150768
0.0138116
0.0196422
0.0142659
0.0141418
0.0216487
0.0165468
0.0152327
0.020947
0.0145966
0.0162021
0.0165063
0.0136799
0.0159547
0.0157553
0.014356
0.0147072
0.0169575
0.0143183
0.0142023
0.01725
0.0148519
0.0142972
0.019025
0.0140061
0.0145328
0.0166904
0.0139839
0.0139356
0.0187847
0.0141221
0.0139391
0.0203514
0.0146068
0.0157091
0.0194991
0.0137774
0.0178693
0.0166757
0.0140033
0.0193008
0.0155911
0.0137118
0.0186496
0.0137854
0.0141788
0.01762
0.0145923
0.013563
0.0189943
0.014523
0.0142295
0.0181737
0.0162549
0.0136004
0.0191412
0.0148044
0.0140474
0.0148681
0.0142753
0.0140492
0.0187059
0.0174984
0.0147424
0.0226337
0.0156293
0.0145614
0.0211659
0.0146425
0.0181067
0.017065
0.0140202
0.0197793
0.0150297
0.0145364
0.0217618
0.0144521
0.0138462
0.022414
0.014647
0.0156625
0.019259
0.0142351
0.0168458
0.0173256
0.0139957
0.0151877
0.0148809
0.0140689
0.0151232
0.0168378
0.0142488
0.0156033
0.0191817
0.0140094
0.0175546
0.016535
0.0140975
0.0189231
0.0157298
0.0137488
0.0201211
0.0141296
0.0143416
0.0217103
0.0143553
0.0138281
0.0208851
0.013994
0.014211
0.0205829
0.0141849
0.0153025
0.0192973
0.0144362
0.017465
0.0174775
0.014053
0.019427
0.0161331
0.0147079
0.0233285
0.0162918
0.0158206
0.0188824
0.0140697
0.017912
0.0170179
0.013585
0.019912
0.0145277
0.0144316
0.0216757
0.0144706
0.0142254
0.0218181
0.0138445
0.0142354
0.016928
0.0138656
0.0136466
0.0167061
0.0146668
0.0141499
0.0176973
0.0146223
0.0137858
0.0176562
0.0138953
0.0143646
0.0169645
0.0154656
0.0136881
0.018772
0.0138846
0.014653
0.0213762
0.0144424
0.0136822
0.0227774
0.0145054
0.0146515
0.020843
0.0141875
0.0162898
0.0181345
0.0140712
0.0185432
0.0168515
0.0135515
0.0211766
0.0135692
0.0141639
0.0216428
0.0142024
0.0138797
0.022044
0.0142786
0.0144431
0.0208608
0.0138583
0.0163665
0.0176369
0.0142012
0.0163977
0.015609
0.0136439
0.0152287
0.0145287
0.0137092
0.0143599
0.0159446
0.0144797
0.0136162
0.0143325
0.014174
0.0142108
0.0142575
0.0146957
0.0136335
0.0144774
0.017339
0.0145689
0.0159772
0.0183149
0.0137551
0.0164716
0.0178533
0.0149838
0.0196241
0.0163772
0.0137448
0.0219433
0.0136387
0.0139886
0.022001
0.0140911
0.0137149
0.021233
0.0139993
0.0155148
0.0199946
0.0140569
0.0187312
0.0160488
0.0141996
0.0208502
0.017045
0.0137051
0.0220215
0.0139991
0.0150423
0.0204827
0.0143803
0.0205594
0.0154526
0.0142762
0.0210039
0.0141984
0.0137435
0.021926
0.0137089
0.0140718
0.0214563
0.0136838
0.0138825
0.020451
0.0135726
0.0150865
0.0196895
0.013918
0.015247
0.0162871
0.0141135
0.0156514
0.0150612
0.0142468
0.0138904
0.0218133
0.0148289
0.0173434
0.0196878
0.0140833
0.0215704
0.0136201
0.0141826
0.0220127
0.0145836
0.0138229
0.0227856
0.0148832
0.0160809
0.0224309
0.014176
0.0221828
0.0139427
0.0144492
0.0220613
0.014108
0.0138158
0.0210744
0.0139572
0.0165496
0.0205555
0.013737
0.0211893
0.0138352
0.0141349
0.0219294
0.014086
0.0140546
0.021855
0.0136438
0.0143631
0.0207076
0.013832
0.0160313
0.0182423
0.0141491
0.0185377
0.0166642
0.013769
0.0211476
0.013794
0.0142251
0.0218645
0.014667
0.0135832
0.0217924
0.0137997
0.0140935
0.0210056
0.0141044
0.0159717
0.0188393
0.013952
0.0188152
0.0167858
0.0140082
0.021729
0.0137505
0.0139706
0.0216685
0.0140743
0.0136459
0.0220408
0.0141738
0.0142582
0.0210199
0.0141198
0.0168149
0.0195981
0.0142696
0.0203298
0.0147474
0.0136195
0.0218421
0.0135408
0.0140519
0.0221547
0.0147811
0.0139588
0.0206199
0.0138453
0.0158897
0.0190222
0.0140221
0.0182033
0.016576
0.0139971
0.0199807
0.0147545
0.0136763
0.0218927
0.0138096
0.0140902
0.02209
0.0141704
0.0140889
0.0212014
0.01387
0.0161008
0.0191144
0.0138207
0.0173323
0.0170516
0.0139647
0.019165
0.0159836
0.0138017
0.0215284
0.0137552
0.0142168
0.0217804
0.0139671
0.0137073
0.0219683
0.0136553
0.014637
0.0205795
0.0136777
0.0159114
0.0186973
0.0140032
0.0179846
0.0167575
0.0139656
0.0181931
0.0141932
0.0141177
0.0136025
0.013914
0.0140347
0.0138619
0.0152735
0.0137234
0.0142719
0.0137375
0.0143595
0.0137227
0.0147797
0.013958
0.0141538
0.0143119
0.0196089
0.0144324
0.0159154
0.0158562
0.0137916
0.0141708
0.0146264
0.0148913
0.0138633
0.0141404
0.0138287
0.014047
0.0203166
0.0149422
0.0138243
0.0211221
0.0138221
0.0147172
0.0172311
0.0141933
0.0136559
0.0160355
0.0141963
0.0140257
0.0146118
0.013986
0.0137314
0.0137602
0.0145449
0.0143645
0.0143947
0.0143411
0.0141635
0.0138036
0.0162367
0.0144078
0.0139589
0.0143989
0.0156383
0.013996
0.01455
0.0197251
0.0141837
0.0161026
0.0167854
0.0145918
0.0160872
0.0175797
0.0140909
0.0181785
0.0167613
0.013667
0.0197488
0.0138851
0.0139634
0.0190551
0.0166219
0.0140419
0.0231032
0.0200355
0.0198546
0.0223353
0.0148591
0.0199714
0.0140122
0.0179496
0.0187341
0.0138097
0.0212931
0.0144191
0.0144818
0.021817
0.0141431
0.0137732
0.0205779
0.0137356
0.0144685
0.0144443
0.0150857
0.0142752
0.0188843
0.0137947
0.0148675
0.0222831
0.0178468
0.0136887
0.0144331
0.0137535
0.01424
0.0183929
0.0143649
0.0135902
0.0208576
0.0142394
0.0144387
0.0210913
0.0140875
0.0161889
0.0186738
0.0144653
0.0192307
0.0170588
0.013691
0.0221185
0.0137148
0.0142868
0.0214347
0.0141923
0.0135751
0.0219436
0.014021
0.0166811
0.0222445
0.0140431
0.0214727
0.0144616
0.0144792
0.0218933
0.0141037
0.0141016
0.0213024
0.0138963
0.0174483
0.0175293
0.0139631
0.0178063
0.0163986
0.0139934
0.0195795
0.0155929
0.0137055
0.021587
0.0136293
0.0143337
0.0219229
0.0152812
0.013668
0.0213064
0.0139049
0.0165514
0.0186391
0.0137779
0.0180247
0.017006
0.0141189
0.0204839
0.0151306
0.0137588
0.0219931
0.0139424
0.0141962
0.0219147
0.0144315
0.0141955
0.02052
0.0141468
0.0170533
0.0178166
0.0135379
0.0174988
0.0156934
0.014306
0.0160464
0.014471
0.0137645
0.0135906
0.0161077
0.0137999
0.0139492
0.0193263
0.0140504
0.0137261
0.0158587
0.0136881
0.0137652
0.0161271
0.0142654
0.0138345
0.0164939
0.014229
0.0138613
0.0140601
0.0136029
0.0142739
0.0137062
0.0149482
0.0138751
0.0138578
0.0136084
0.0142704
0.0138442
0.0138494
0.0142616
0.014034
0.0140837
0.0175916
0.0143057
0.0139821
0.0221756
0.0138966
0.01442
0.016405
0.0143217
0.0139358
0.0153228
0.0149182
0.0138944
0.0215968
0.0150389
0.0136715
0.0195648
0.013996
0.0143421
0.0197791
0.0140797
0.0136726
0.0214082
0.0141199
0.016037
0.019199
0.0138853
0.017638
0.0169268
0.014432
0.0199573
0.0145795
0.0135899
0.0218207
0.0136721
0.0140058
0.0217797
0.0141619
0.0136544
0.0222326
0.0135531
0.0148797
0.0200414
0.0141702
0.0165897
0.0180596
0.0141194
0.018844
0.0163163
0.0138119
0.0213059
0.0138393
0.0142259
0.0219011
0.0142083
0.0136292
0.0221083
0.0138129
0.014988
0.0203001
0.0140878
0.0165052
0.0188737
0.01406
0.0200612
0.0157607
0.013639
0.0218828
0.0136999
0.0142334
0.0215496
0.0143578
0.0138341
0.0216582
0.0135916
0.0156569
0.019515
0.0138132
0.0174221
0.0174012
0.0137797
0.0194743
0.0155419
0.0136179
0.0215648
0.0139878
0.0142579
0.0216535
0.0143199
0.0137273
0.0220876
0.0137223
0.0149654
0.0201969
0.01422
0.0168943
0.0173451
0.0136833
0.0192554
0.0160233
0.0138468
0.0220194
0.014432
0.0139743
0.0222679
0.0144614
0.0139672
0.0211454
0.0136083
0.0158133
0.0191185
0.0137044
0.0173969
0.0168139
0.0140376
0.0145192
0.0138469
0.0140125
0.0138747
0.0144156
0.013807
0.0141042
0.0138535
0.0141879
0.0137716
0.0138022
0.0167331
0.0139361
0.0142519
0.0139383
0.0140831
0.013815
0.0146788
0.0137121
0.0141022
0.0139828
0.0139763
0.0139977
0.0139153
0.0158403
0.0138399
0.0141248
0.0137599
0.014999
0.0136088
0.0211899
0.0137633
0.0141424
0.021697
0.0149251
0.0137341
0.0220493
0.0138832
0.015259
0.0202068
0.0142108
0.0173377
0.0186885
0.0142958
0.0206316
0.0172074
0.014169
0.021883
0.0138059
0.0151675
0.0198574
0.0142338
0.016901
0.0175809
0.0137858
0.018971
0.0166504
0.0141737
0.0220379
0.0136471
0.0142356
0.0216558
0.0142934
0.0139162
0.0211903
0.0137109
0.0166248
0.0184992
0.0138446
0.0177669
0.016934
0.0140497
0.0195905
0.0152987
0.0139182
0.0218971
0.0137263
0.0141083
0.0216833
0.0141942
0.0137986
0.0215866
0.0136033
0.0162718
0.0193139
0.0141421
0.0176752
0.0168579
0.0146732
0.0201645
0.0148156
0.0138413
0.0220679
0.0136664
0.0145906
0.0215736
0.0141719
0.0137021
0.0215911
0.0137549
0.016233
0.0190934
0.0138501
0.0176005
0.0168387
0.0137883
0.0203058
0.014518
0.0136203
0.02121
0.0136502
0.0139808
0.0211465
0.0143131
0.0136104
0.0207217
0.0137143
0.0143592
0.0200155
0.0141253
0.0138717
0.0176249
0.0139066
0.0142171
0.0167999
0.0141447
0.01359
0.021118
0.014408
0.0140706
0.0239419
0.0149078
0.0160559
0.0188617
0.0139244
0.0193102
0.0158616
0.0137467
0.0202924
0.0137534
0.0143621
0.0204938
0.0140924
0.0135924
0.0218394
0.0139052
0.0142957
0.0217475
0.0143169
0.0143045
0.0218579
0.0141367
0.0185256
0.0182296
0.0137126
0.019953
0.0139481
0.0143013
0.0223393
0.0145001
0.01393
0.0218327
0.0139137
0.0147068
0.0202253
0.0142467
0.0155131
0.0190365
0.0135772
0.0182365
0.0164123
0.0140201
0.0200791
0.0147684
0.0142466
0.0217176
0.0153239
0.0137885
0.0222369
0.014212
0.0162625
0.0191377
0.014517
0.0181596
0.0170331
0.0143024
0.0214345
0.0142816
0.0137149
0.0220657
0.0144382
0.0142824
0.0223417
0.0153181
0.0169626
0.0174398
0.0140546
0.0194963
0.0154774
0.0136941
0.0208862
0.01497
0.01429
0.0216104
0.0139986
0.0136859
0.0216397
0.0136573
0.0149371
0.0199228
0.0142968
0.016538
0.0179642
0.0139038
0.0189249
0.0163858
0.0139501
0.0217325
0.0141045
0.0142754
0.0219828
0.0145804
0.0140077
0.0214293
0.0138633
0.0156787
0.0189727
0.014017
0.0162068
0.0174881
0.0139757
0.0175798
0.0167047
0.0139232
0.0200918
0.014637
0.013855
0.0181557
0.014389
0.0136151
0.0199979
0.0148562
0.0140715
0.0219756
0.0145099
0.0136942
0.0199172
0.0135803
0.0141887
0.0211521
0.0144424
0.0141994
0.019989
0.0138466
0.0164395
0.0173837
0.0141401
0.014679
0.0178787
0.014416
0.0169463
0.0181761
0.0140796
0.0193068
0.0149978
0.0140959
0.0212662
0.0142827
0.0139309
0.0220625
0.0138623
0.0140923
0.0215239
0.0141585
0.0146562
0.0201155
0.0136059
0.0156484
0.0168677
0.0144407
0.0139546
0.0183069
0.0139245
0.0160694
0.0189879
0.014945
0.0172405
0.0160408
0.0140962
0.0182724
0.0162451
0.0139442
0.0184806
0.0153219
0.0141245
0.0220277
0.0145503
0.0137683
0.0222052
0.0138801
0.0146646
0.0192072
0.0139711
0.0147376
0.0178518
0.0136899
0.0139314
0.0151108
0.0142252
0.0137564
0.0177193
0.0144721
0.01428
0.014525
0.0141284
0.0140431
0.0146841
0.0162162
0.0139498
0.0148077
0.0163531
0.0143003
0.0145298
0.0177101
0.0139195
0.0161182
0.0203136
0.0146134
0.0200207
0.0150501
0.0141619
0.0216611
0.014379
0.0140471
0.0216512
0.0138802
0.0144384
0.0196772
0.014061
0.0144185
0.020128
0.0140462
0.0155604
0.0197809
0.0143021
0.0193037
0.0156804
0.0147522
0.021974
0.0147174
0.0137935
0.023133
0.014359
0.0172026
0.0185502
0.0141874
0.0187782
0.0156313
0.0139783
0.0208541
0.0154231
0.0142694
0.0218281
0.019084
0.0205635
0.0157568
0.0139146
0.0220275
0.0144673
0.0142602
0.0220286
0.0144925
0.0142171
0.0208806
0.0140572
0.0175856
0.0186183
0.0146988
0.0208411
0.0153986
0.0144228
0.0220322
0.0151779
0.0155226
0.0197836
0.0161399
0.0201856
0.0202924
0.0149451
0.0268457
0.0264878
0.0213424
0.0181887
0.0257684
0.0160098
0.0215242
0.0221541
0.0177391
0.0186243
0.0164525
0.0243529
0.0156506
0.0160225
0.0195358
0.0143157
0.0205887
0.0188424
0.0144406
0.023362
0.0140056
0.0175291
0.0206179
0.0138115
0.0215508
0.0196977
0.0210539
0.0196134
0.0171117
0.0229072
0.0140665
0.0167619
0.0182879
0.0140086
0.0183036
0.0165001
0.0167855
0.0227042
0.0159383
0.014147
0.0208362
0.0143554
0.017201
0.0180633
0.0138022
0.0197629
0.0158054
0.0141044
0.0226553
0.0228014
0.0204789
0.0158814
0.0154877
0.0222584
0.0156722
0.0176933
0.0193774
0.0141977
0.0204537
0.015123
0.0137471
0.0218761
0.0137461
0.014349
0.021923
0.0143133
0.0136771
0.0209347
0.0137949
0.0167511
0.0180518
0.0139871
0.0172115
0.0173556
0.0135975
0.0194761
0.0155473
0.0139052
0.0212939
0.0139685
0.0139704
0.0209743
0.0142461
0.0137788
0.021617
0.0139244
0.0144103
0.0207922
0.0140717
0.0149631
0.01957
0.0137718
0.0182353
0.0178809
0.0140278
0.0207422
0.0142904
0.0139974
0.0220836
0.0149049
0.0137793
0.0222808
0.0143309
0.0160243
0.019199
0.0143724
0.0183014
0.0165822
0.0138127
0.0213114
0.0152568
0.014315
0.0219185
0.0141026
0.0143585
0.0209518
0.0139851
0.0154906
0.0194008
0.0138923
0.0188232
0.016794
0.0143237
0.020937
0.0139251
0.0140009
0.0222491
0.0164594
0.015556
0.0204511
0.0143973
0.019712
0.0189817
0.0143574
0.0254269
0.0147351
0.019839
0.018723
0.0153398
0.0231498
0.0197004
0.0215251
0.0154092
0.014328
0.0220606
0.015996
0.0177462
0.0186671
0.0142561
0.0180375
0.0164873
0.0138818
0.0208325
0.0151165
0.0137542
0.0216992
0.0136638
0.0140493
0.0219664
0.0146465
0.0145748
0.0211353
0.0139039
0.0182956
0.0167663
0.0142939
0.0202581
0.0146989
0.0139415
0.0229626
0.0228153
0.0227065
0.0284822
0.0250489
0.0313579
0.0293901
0.0216918
0.0358104
0.0240603
0.0178801
0.0240489
0.0151382
0.0138309
0.0217818
0.013853
0.015339
0.0194843
0.0140689
0.0171928
0.0183645
0.0144638
0.021146
0.0151591
0.014857
0.0219581
0.0140928
0.0146596
0.0206467
0.0145029
0.0168299
0.018299
0.0140865
0.0204077
0.0157453
0.0139142
0.0222875
0.0138476
0.0145758
0.0221203
0.015026
0.0161988
0.0190436
0.0137587
0.0193607
0.0157843
0.0142169
0.0211517
0.0140845
0.0138828
0.0217932
0.0144362
0.0140942
0.0218694
0.013993
0.0154065
0.0196924
0.0145368
0.0172257
0.0173779
0.0138481
0.0195666
0.0154764
0.0139028
0.0211929
0.0144529
0.014198
0.0217277
0.0143433
0.0137646
0.022124
0.0140499
0.0157054
0.0191714
0.0141696
0.0173753
0.0170915
0.0138279
0.0199164
0.0155641
0.0139068
0.0220194
0.0144454
0.0145132
0.0216918
0.0143592
0.0142774
0.0205998
0.0138413
0.0172995
0.0179062
0.0142652
0.01927
0.0152622
0.0138024
0.0214803
0.0142372
0.0138252
0.0221399
0.0138189
0.0139802
0.0216537
0.0141208
0.014192
0.0207875
0.0139233
0.0168193
0.0183025
0.0140832
0.0187166
0.0160081
0.0137698
0.0212824
0.0138174
0.0140509
0.0218734
0.0139975
0.0143298
0.0221092
0.0143574
0.0147331
0.0207662
0.0141049
0.0185407
0.0189657
0.0150811
0.0221894
0.0143557
0.0138518
0.021479
0.0143905
0.0153352
0.0199029
0.0138656
0.0182194
0.017181
0.014406
0.0207111
0.014679
0.0138861
0.0223073
0.0145579
0.0139531
0.0218481
0.0140267
0.0152212
0.019451
0.0141276
0.0173452
0.017873
0.0139534
0.0204761
0.0152573
0.0142502
0.0220984
0.0140309
0.0142035
0.0223733
0.0143566
0.015278
0.0193878
0.0141328
0.0175959
0.0171498
0.0139365
0.0195719
0.0157979
0.0137686
0.0219697
0.014626
0.014025
0.0219542
0.0137575
0.0139211
0.0208436
0.0144384
0.0156092
0.0190457
0.0135873
0.0177517
0.0175919
0.0141661
0.0206687
0.0141699
0.0135336
0.0219899
0.0140621
0.0137786
0.0218601
0.0136381
0.0140917
0.022391
0.0141712
0.0147899
0.0197438
0.0139002
0.0172495
0.0173096
0.0142024
0.0173553
0.0164718
0.0139082
0.0209825
0.0143207
0.0138191
0.0219242
0.0141351
0.0138728
0.0219199
0.0141317
0.0137219
0.0214291
0.0137974
0.0169498
0.0179898
0.0140089
0.0183986
0.0163129
0.0138398
0.0208352
0.0142139
0.0136969
0.0220641
0.0138084
0.0140107
0.0216941
0.0141068
0.0140575
0.021009
0.0139806
0.0157116
0.018842
0.0141857
0.0182205
0.0172483
0.0138522
0.0211524
0.014261
0.0139744
0.022015
0.013803
0.0138496
0.02167
0.0141949
0.0137843
0.0209487
0.0135344
0.0166607
0.0183221
0.0141155
0.0170479
0.0171947
0.0136699
0.020435
0.0152413
0.0137783
0.0214699
0.0139476
0.0140426
0.0218675
0.0145049
0.0137307
0.0216354
0.0138738
0.0150647
0.0196859
0.014189
0.0167028
0.0180199
0.0136272
0.019179
0.0157389
0.014288
0.0197974
0.0142037
0.0137855
0.015917
0.0138742
0.0139037
0.0144117
0.0170564
0.0136881
0.0161257
0.0177328
0.0142846
0.0180192
0.0165729
0.0138179
0.0204135
0.0145178
0.0140559
0.0215741
0.0141919
0.0136229
0.0217884
0.0141898
0.0135858
0.0220973
0.0136999
0.0157512
0.0189341
0.014018
0.0169689
0.0181097
0.0137504
0.0200023
0.0153911
0.0150295
0.0221485
0.0150628
0.0143089
0.0217305
0.0151172
0.0166852
0.0180532
0.0136509
0.0191042
0.0160781
0.0141349
0.0206425
0.0141969
0.0137187
0.0224467
0.0144155
0.0140499
0.0224573
0.0143252
0.0164551
0.0184358
0.0144106
0.0183729
0.0164991
0.0141021
0.0213704
0.0138963
0.0142217
0.021888
0.0137025
0.0140682
0.0218997
0.0141643
0.0137964
0.0212689
0.013683
0.0168339
0.0179722
0.0140551
0.0183289
0.0162275
0.013724
0.0205202
0.0144588
0.0139581
0.0222795
0.0136297
0.0140942
0.0220584
0.0142715
0.0139598
0.0214132
0.0139839
0.0190211
0.0176509
0.0140589
0.0201512
0.0146262
0.0139269
0.0219508
0.0140988
0.0136954
0.0219201
0.013751
0.0139295
0.0212429
0.0140929
0.0148011
0.0197729
0.0136938
0.0170742
0.0176258
0.014387
0.0191714
0.0159746
0.0137567
0.021862
0.0138704
0.0138906
0.0221503
0.0136925
0.0138307
0.0222975
0.0143005
0.0148532
0.0197475
0.013832
0.0173964
0.0173631
0.0144294
0.0189744
0.0155579
0.0136827
0.0218716
0.0145672
0.0138978
0.0217761
0.0135829
0.0138161
0.0217123
0.0141006
0.0139937
0.0239906
0.013815
0.0194297
0.0152116
0.014285
0.0211259
0.0146305
0.014259
0.0217773
0.0144185
0.014961
0.0204429
0.013822
0.0166177
0.0184128
0.0142916
0.0186375
0.0162155
0.0141995
0.0217035
0.0142019
0.0139652
0.0217902
0.0141254
0.0142644
0.0210328
0.014041
0.0144619
0.015328
0.0139103
0.0141745
0.0219333
0.0139902
0.0147029
0.0207323
0.0136799
0.0169159
0.0180189
0.0140753
0.0183543
0.0162584
0.0137723
0.0218503
0.0140889
0.0139437
0.0222684
0.0137434
0.0139878
0.021867
0.0141962
0.0141077
0.0205083
0.0137109
0.0166309
0.0182973
0.0140747
0.0183602
0.0162706
0.0136692
0.0207194
0.0140323
0.0140597
0.0222141
0.0137638
0.0137831
0.0217922
0.0141988
0.0136179
0.0217679
0.013703
0.0158845
0.0191967
0.0139409
0.0175247
0.0170523
0.0136357
0.0192165
0.0154429
0.0142393
0.0211961
0.0139705
0.0138478
0.0221561
0.0140849
0.0139764
0.0222096
0.0137852
0.0170709
0.0192991
0.0144588
0.0184955
0.0162959
0.0136052
0.0216199
0.0141991
0.0143723
0.0222139
0.0136952
0.0142236
0.0214994
0.0143113
0.0149567
0.0200827
0.0137425
0.0178049
0.0173261
0.0142178
0.019658
0.0153303
0.013811
0.0217189
0.013722
0.0139334
0.0219007
0.0140827
0.0141077
0.0220772
0.0141524
0.0156855
0.0193238
0.0139569
0.017969
0.0170256
0.0142048
0.0201506
0.0145679
0.0138688
0.0220203
0.0138579
0.0137622
0.0220152
0.0136752
0.0138725
0.0217777
0.0142391
0.0147754
0.0199218
0.0138098
0.0167728
0.0178976
0.0142356
0.019215
0.015854
0.0138089
0.0214095
0.0138946
0.0138026
0.0219515
0.0137189
0.0141605
0.021882
0.0139076
0.0139488
0.020877
0.0136026
0.0161254
0.0187769
0.014089
0.017482
0.0174476
0.0138251
0.020123
0.0146625
0.0143743
0.0217059
0.0139482
0.0137326
0.0217631
0.0141173
0.0136307
0.02176
0.0139836
0.0157469
0.01897
0.0138857
0.0168365
0.0175173
0.0138327
0.0187309
0.0160272
0.0140713
0.0209219
0.0138897
0.0136798
0.0222462
0.0138137
0.0137398
0.0218489
0.0142895
0.0140902
0.020246
0.0143119
0.0155194
0.019108
0.0138309
0.0181734
0.016977
0.0140467
0.0197527
0.0149426
0.013903
0.0221989
