0.000838622
0.000684258
0.000729472
0.000880181
0.00069262
0.0019692
0.00088358
0.0009082
0.00108236
0.00107746
0.000776423
0.000739152
0.000699388
0.000731578
0.000702259
0.000704795
0.000805728
0.000667473
0.000981444
0.000675584
0.000685041
0.000684234
0.000977418
0.000716424
0.000714739
0.000694384
0.000746488
0.00079184
0.000799475
0.000780266
0.000662423
0.000700896
0.000647349
0.000807817
0.000686456
0.000697903
0.000683594
0.000668391
0.000688463
0.000707813
0.000986061
0.00111663
0.000938739
0.00099456
0.000709702
0.000889519
0.00109109
0.000861875
0.000730368
0.000788972
0.000692246
0.000704686
0.000791591
0.000707676
0.000703865
0.000710632
0.000798073
0.000739558
0.000734317
0.000664962
0.00067088
0.000736577
0.000947267
0.000925144
0.000746531
0.000749584
0.000825051
0.00068844
0.000752397
0.00067882
0.000685488
0.000673321
0.000901515
0.000811816
0.000739892
0.000725379
0.00064893
0.000903661
0.000650669
0.000649869
0.000687327
0.000679926
0.000659497
0.000647183
0.000654945
0.000722332
0.000694291
0.000829083
0.000763965
0.000704372
0.000744086
0.000730652
0.000698562
0.000764084
0.000666845
0.000654428
0.000736455
0.000784532
0.000855767
0.000690168
0.000694173
0.000737636
0.000719083
0.000681154
0.000689819
0.000673738
0.000705379
0.000717681
0.000680799
0.000818007
0.000870645
0.000991358
0.00108137
0.000683871
0.000902392
0.000842808
0.000938701
0.0007006
0.000938252
0.00122416
0.000879913
0.0009737
0.00114451
0.00101793
0.000756288
0.00072773
0.000706784
0.000687414
0.000807748
0.00104888
0.00115388
0.0009223
0.000750437
0.00123893
0.000908687
0.000779118
0.00073311
0.000684324
0.000720762
0.00121976
0.000849564
0.000713352
0.000870277
0.00073665
0.000646942
0.000797543
0.00112088
0.000824592
0.000719853
0.000711273
0.000765766
0.000817444
0.000681667
0.000750901
0.000677187
0.000921187
0.000867982
0.000664846
0.000677768
0.000701969
0.000711339
0.0011589
0.000677563
0.000738195
0.000683422
0.000673658
0.000712136
0.000676023
0.000653847
0.000733995
0.000752488
0.000699264
0.000818753
0.000795856
0.000691784
0.0011927
0.000774488
0.000824774
0.00067968
0.000736582
0.000749381
0.000798385
0.000852323
0.000772488
0.000889172
0.000636988
0.000690623
0.000948442
0.000821909
0.00091358
0.000721023
0.000741867
0.00071132
0.000671376
0.000688979
0.000665909
0.000837084
0.00071562
0.000941054
0.000698877
0.000692238
0.000679537
0.000723334
0.000722982
0.000739912
0.000709647
0.000643507
0.000945279
0.000742825
0.000666782
0.000686822
0.000843239
0.000708445
0.000693706
0.000675836
0.000771988
0.000722267
0.000668514
0.000693044
0.000667057
0.0007011
0.000692518
0.000847992
0.000834474
0.000643464
0.000672502
0.000688789
0.000659148
0.000768328
0.000668693
0.000712348
0.000731186
0.000731004
0.000690603
0.000662119
0.000824822
0.000720664
0.000677309
0.000684171
0.000707749
0.000785103
0.00100171
0.000679172
0.000672935
0.000695837
0.000673128
0.0009175
0.00074193
0.000673136
0.000665022
0.000750909
0.000670694
0.000892612
0.00100628
0.000694083
0.000843207
0.000689589
0.000746448
0.000689472
0.000688427
0.000809946
0.00073356
0.000664333
0.000666871
0.000671583
0.000697429
0.000709157
0.000663473
0.000810586
0.000711834
0.000936157
0.000713997
0.000684459
0.000733531
0.000698175
0.00071511
0.000770981
0.000791205
0.0010439
0.000936303
0.000959071
0.000940176
0.000680879
0.00103593
0.000760712
0.000793273
0.000693339
0.00072888
0.000793707
0.000738677
0.000713735
0.000754133
0.000693325
0.000706652
0.000774974
0.000666348
0.000776253
0.000670377
0.000839814
0.000708926
0.000722158
0.000807324
0.000859662
0.000967898
0.000920595
0.000901634
0.000693635
0.000701838
0.000679504
0.000803692
0.00111745
0.00083969
0.000945374
0.000914314
0.000850109
0.00110297
0.000897943
0.00093039
0.000899184
0.000775722
0.000679239
0.00102429
0.000828625
0.000710789
0.000974715
0.000861585
0.000749707
0.000686388
0.000732161
0.000695739
0.000667104
0.000730211
0.000754212
0.000671308
0.000734933
0.000793457
0.000797236
0.000869209
0.000738315
0.000785493
0.000713009
0.000668547
0.000876142
0.000686697
0.000743398
0.00105235
0.00112198
0.00119916
0.000936497
0.000675081
0.000721758
0.000888241
0.00116442
0.000731932
0.000762717
0.000787295
0.000908077
0.000798451
0.000848028
0.000696296
0.000858599
0.000768435
0.000701594
0.000715578
0.00074065
0.000711058
0.000868025
0.000877051
0.000738702
0.00072925
0.000814877
0.00070325
0.000662628
0.000756986
0.000804522
0.000729938
0.000666627
0.000851515
0.000931725
0.000888991
0.00156109
0.000880699
0.000693846
0.00070733
0.000702749
0.000659952
0.000723324
0.000967335
0.00101584
0.000776771
0.00091236
0.000858557
0.000932346
0.000962075
0.00101903
0.000696286
0.000663002
0.0010585
0.00117512
0.00112449
0.00070291
0.000714149
0.000754075
0.000782823
0.000720045
0.000864389
0.000930235
0.000974517
0.00111033
0.000741762
0.000699299
0.000760557
0.000678506
0.000702364
0.000932522
0.000677402
0.000888164
0.000661126
0.000877615
0.000773461
0.000854124
0.000744683
0.000730089
0.000660077
0.000746454
0.000757719
0.00077917
0.000699161
0.000751256
0.00116853
0.000688457
0.000750739
0.000754221
0.000658288
0.000669676
0.000659202
0.000757818
0.000934075
0.000672477
0.000678503
0.000675192
0.00073547
0.000664933
0.000922451
0.00072005
0.000707457
0.000709746
0.00066469
0.00068776
0.000722402
0.000677968
0.000845072
0.000698361
0.000726161
0.00071696
0.000715234
0.00073585
0.000738586
0.000755939
0.000782504
0.000701145
0.00079593
0.000890527
0.00102257
0.00106741
0.000861291
0.000836836
0.00069256
0.000745557
0.00068751
0.000695846
0.00067085
0.000694096
0.000660283
0.000665549
0.000666246
0.000775713
0.000816102
0.000771754
0.000819498
0.000763682
0.000659409
0.000669273
0.000686944
0.00102444
0.000694188
0.000724938
0.000683155
0.000723176
0.000665094
0.000701847
0.000696553
0.000657612
0.000684494
0.00068623
0.000704559
0.000659455
0.000755649
0.000664273
0.000668761
0.000664202
0.000949574
0.000857115
0.000727121
0.000727619
0.00068052
0.000680552
0.000713122
0.000685961
0.0012241
0.000755083
0.000684199
0.00069012
0.000704794
0.000704263
0.000752781
0.000664453
0.000668703
0.000692882
0.000698429
0.000652652
0.000711021
0.000815126
0.000680264
0.000710028
0.0012359
0.000733098
0.000930549
0.000740095
0.000955256
0.000725091
0.000673484
0.000892296
0.000815555
0.000795304
0.000793386
0.000891125
0.000947331
0.00108623
0.00077946
0.000767561
0.000761536
0.000678588
0.000931486
0.000772728
0.000738275
0.000834443
0.000671412
0.000824458
0.000693788
0.000783324
0.000761471
0.000795708
0.000761654
0.000690407
0.00080886
0.000735566
0.000785145
0.000795356
0.000803087
0.000829985
0.000734437
0.0007025
0.000776985
0.000662644
0.000817013
0.000684206
0.00065984
0.000671346
0.00069721
0.00104607
0.00068856
0.000754189
0.000678184
0.000976306
0.000732094
0.000675726
0.000853992
0.000680675
0.000717231
0.000676656
0.000726239
0.000774769
0.000862102
0.000705558
0.000643823
0.000673376
0.000672099
0.000665275
0.000663564
0.000671318
0.000645417
0.000674993
0.000666337
0.000682136
0.000654236
0.000665376
0.000694366
0.000773784
0.000837852
0.000725182
0.000767488
0.00070241
0.000673774
0.000681379
0.000681265
0.000695826
0.000808174
0.000814478
0.000684099
0.000712117
0.000688297
0.000690717
0.000639755
0.000706756
0.000694209
0.000692523
0.000631237
0.000723567
0.000806158
0.000674033
0.000750381
0.00104397
0.000695439
0.000752751
0.000842472
0.00065676
0.000673146
0.000691867
0.00075618
0.000853901
0.000820443
0.000717038
0.000789541
0.000832534
0.000690817
0.000657314
0.000674961
0.000675086
0.000677287
0.000851034
0.000681873
0.000862204
0.00070912
0.000731917
0.00078862
0.00072883
0.000712522
0.000706782
0.000700176
0.000759063
0.000693687
0.000881725
0.000655445
0.000752606
0.000892185
0.000773964
0.000721183
0.000670303
0.000705633
0.000693502
0.000736396
0.000699656
0.000649336
0.000707409
0.000824561
0.000816299
0.000682273
0.000673589
0.000700957
0.000749244
0.000749844
0.000702115
0.000951037
0.000691275
0.000704456
0.000674793
0.000786925
0.00088408
0.000884763
0.000738578
0.000760203
0.000781691
0.000674218
0.000666383
0.000767159
0.000696703
0.000666242
0.000796572
0.000651766
0.000699581
0.000787167
0.00067404
0.0006872
0.000672771
0.000746805
0.000723545
0.000746919
0.000994499
0.000670971
0.000707534
0.000686
0.000667077
0.000715366
0.000973391
0.000703407
0.00067118
0.000834226
0.000668181
0.000655234
0.000702414
0.000690749
0.000676123
0.000675036
0.000689664
0.000701741
0.000659234
0.000717923
0.000665602
0.000761726
0.000680273
0.000825106
0.00130661
0.000669059
0.000710237
0.000681441
0.000797516
0.000834236
0.000830323
0.0008963
0.000673509
0.000659959
0.000665566
0.000673452
0.000660704
0.000677663
0.000758122
0.00068739
0.000742543
0.000678142
0.000745926
0.000686577
0.000754468
0.000785115
0.000677177
0.000742477
0.000788897
0.000664482
0.000663414
0.00066745
0.00113051
0.000710641
0.000949091
0.000734823
0.000705364
0.000710362
0.000669696
0.000710671
0.00094482
0.000712047
0.000701097
0.000640278
0.00083851
0.000732609
0.000714112
0.000677982
0.000721439
0.000693874
0.000923304
0.00084783
0.000806817
0.000697937
0.000649869
0.000667263
0.000739693
0.000714923
0.000935087
0.000652828
0.000703796
0.000706092
0.000720978
0.000690839
0.000686803
0.000697075
0.000649131
0.000690226
0.000929049
0.00071868
0.000692183
0.000715305
0.000691248
0.00077857
0.000716667
0.000674619
0.00116937
0.000822192
0.000716855
0.000699655
0.00109003
0.00103163
0.00106417
0.000808982
0.000746709
0.000747868
0.00072919
0.000716485
0.000679319
0.000690808
0.000734997
0.000724102
0.000819007
0.000676446
0.000783479
0.000692989
0.000677416
0.000718596
0.000773206
0.00074814
0.000717482
0.000660289
0.000701762
0.000711978
0.00118019
0.000949507
0.000694769
0.000651953
0.000673201
0.000862078
0.000717918
0.000659893
0.000703691
0.000861988
0.000812778
0.000666439
0.000682449
0.000693121
0.000692178
0.000660584
0.000657045
0.000826206
0.000993659
0.000707425
0.00106308
0.000704552
0.000698846
0.000932808
0.00080038
0.000728657
0.000725825
0.00078307
0.000662826
0.000703331
0.000704919
0.00064658
0.000657595
0.000696451
0.0008678
0.000774621
0.000700652
0.000664423
0.000681921
0.000678292
0.000681066
0.00070533
0.000843871
0.000677297
0.000787608
0.000704001
0.000679709
0.000817304
0.000793471
0.000710049
0.000692167
0.000718553
0.000672953
0.000637312
0.000653478
0.0006623
0.00067477
0.00069619
0.000666523
0.000718046
0.000684996
0.000746084
0.000676636
0.000676067
0.000811235
0.000705021
0.000831908
0.000951552
0.000943892
0.000839257
0.00081402
0.000703744
0.000885175
0.000715908
0.000692625
0.000758825
0.000646503
0.00066486
0.000690573
0.000706962
0.000640936
0.000673962
0.000679353
0.000659188
0.000831658
0.000684276
0.000681998
0.000878038
0.000672748
0.000794638
0.00073945
0.000861528
0.00079694
0.000965661
0.000799861
0.000667397
0.000684052
0.000742522
0.000738861
0.000852572
0.000639683
0.000682754
0.000658915
0.000732053
0.000686344
0.000713998
0.000724126
0.000660548
0.000808015
0.000722183
0.000674173
0.000692685
0.000648991
0.000705489
0.000696129
0.00091299
0.000940373
0.000706153
0.000735952
0.00075476
0.000711202
0.00101258
0.000755641
0.00095775
0.000947836
0.000799791
0.000663544
0.000721399
0.00176726
0.000776065
0.00068204
0.00067269
0.000683752
0.000776004
0.000718662
0.000659993
0.000762748
0.000801469
0.000788243
0.000801567
0.00133843
0.00132821
0.000993874
0.000670425
0.00078496
0.000657375
0.000672334
0.000760438
0.000744752
0.000702314
0.000724242
0.000714873
0.000700348
0.000666592
0.000740101
0.000708758
0.000716317
0.000733364
0.000696233
0.000721271
0.000882964
0.000707731
0.000726177
0.000716434
0.00072381
0.000671387
0.000756835
0.000829013
0.000691429
0.000671247
0.000739374
0.000731702
0.000734858
0.000672399
0.000741685
0.000781044
0.000719054
0.000864871
0.000725844
0.000671715
0.000654019
0.000648941
0.000689605
0.000660925
0.000662973
0.000765639
0.000895083
0.000655192
0.000725554
0.000998293
0.000805247
0.000815797
0.000721814
0.000679163
0.000732766
0.000685003
0.000673933
0.000648842
0.000675286
0.00065634
0.000703255
0.000672294
0.000781892
0.00073841
0.000694194
0.000693206
0.000681464
0.000707005
0.000658699
0.000722908
0.000733727
0.000796637
0.000705384
0.000732717
0.000711156
0.00080895
0.000947283
0.000705568
0.000705043
0.000744808
0.000893259
0.000724112
0.000743685
0.00079626
0.000757016
0.000684099
0.000776147
0.000839826
0.00079545
0.000646241
0.000692227
0.000690146
0.000685729
0.000679369
0.000670163
0.000736239
0.000721209
0.000661804
0.000692936
0.000704573
0.000841004
0.00082052
0.000714711
0.00070838
0.00069296
0.000670689
0.000686751
0.000651559
0.000830189
0.000751686
0.000720724
0.000727391
0.00069506
0.000660809
0.000706838
0.000734161
0.000678798
0.000664077
0.000680841
0.000745723
0.00077493
0.000692002
0.000682116
0.000670903
0.000926207
0.000833166
0.000724272
0.000743511
0.000663269
0.000663915
0.000659169
0.000710936
0.000671979
0.000949957
0.000699746
0.000752537
0.000695155
0.000897895
0.000675205
0.000673106
0.00066101
0.00108369
0.000667996
0.000683231
0.000701466
0.000946136
0.000708457
0.000681993
0.000696171
0.00104582
0.000723456
0.00066141
0.000654742
0.000846286
0.000671334
0.000721307
0.000675388
0.00083044
0.000759703
0.000940112
0.00103806
0.000702272
0.000672695
0.00105047
0.000725174
0.000738215
0.000664455
0.000727517
0.000728414
0.000943351
0.000681712
0.000728882
0.000769023
0.000671996
0.000780717
0.000867311
0.000774402
0.000685607
0.000821205
0.000801996
0.000892086
0.000726318
0.00073201
0.000783916
0.000754714
0.000694399
0.000670778
0.000730601
0.000654786
0.000697741
0.00074612
0.000764495
0.000741023
0.000663739
0.000703285
0.000688972
0.000766914
0.000669699
0.000672029
0.000727154
0.000716847
0.000708018
0.000668839
0.000653543
0.000700239
0.000671875
0.000759363
0.000696246
0.000935405
0.000842457
0.000703357
0.000681768
0.000799038
0.000665384
0.00087826
0.000655952
0.000688965
0.000690717
0.000636091
0.000677135
0.000692443
0.000680919
0.00135913
0.000811244
0.000678641
0.000701868
0.000864279
0.000662604
0.000695628
0.00070004
0.000837395
0.000709426
0.000719986
0.000771092
0.000649988
0.000714283
0.00088104
0.000715559
0.000834955
0.00073383
0.000709341
0.000671752
0.000680645
0.000672359
0.000659013
0.000660256
0.000906208
0.000682237
0.000666151
0.000730907
0.000731776
0.000852517
0.000734351
0.000726597
0.000734678
0.000737347
0.000743438
0.000827022
0.000693937
0.000685563
0.000819418
0.000653495
0.000688951
0.000676287
0.000660133
0.00069937
0.000706649
0.000714439
0.000754655
0.000709815
0.00072291
0.000660554
0.000748638
0.000724411
0.000694322
0.00066765
0.000686126
0.000686436
0.000705492
0.00069719
0.000684074
0.000832295
0.00086797
0.000719139
0.000699164
0.000719188
0.000675933
0.000902049
0.000694624
0.000654517
0.000675064
0.000735205
0.000690063
0.00069935
0.000701953
0.000765278
0.000767751
0.000685504
0.000646546
0.000654383
0.000951366
0.000680398
0.000697883
0.000702197
0.000677674
0.000664255
0.000684638
0.00067911
0.000722736
0.000704718
0.000673017
0.000672687
0.000700717
0.000676906
0.000663849
0.000698367
0.000745027
0.000661081
0.000661264
0.000658144
0.000681949
0.000709594
0.000750749
0.000740771
0.000680904
0.000870529
0.000878688
0.000712193
0.000662414
0.000657882
0.000690748
0.000783744
0.000699749
0.000873017
0.00067548
0.000808339
0.000706385
0.000686342
0.000668268
0.000656596
0.000666229
0.000683672
0.000682304
0.000664685
0.000655787
0.000674677
0.000663108
0.000691982
0.00084679
0.000855579
0.000663686
0.000672941
0.00073201
0.000660286
0.000689366
0.000689639
0.000691013
0.00081172
0.000707307
0.000670005
0.000708799
0.000683734
0.000663015
0.00091118
0.000635749
0.00065212
0.000762653
0.000671671
0.000689986
0.000689216
0.000680522
0.000654962
0.000687895
0.000731792
0.000718054
0.000685424
0.000648334
0.000694712
0.000753696
0.000709927
0.000697545
0.000858216
0.000865148
0.000656479
0.000681233
0.000666005
0.000651562
0.000716971
0.000665108
0.000691151
0.000678557
0.000687504
0.000844775
0.000806001
0.000657965
0.000652781
0.000679514
0.000713158
0.000970178
0.000668187
0.000641754
0.000678148
0.000679521
0.000836849
0.000663142
0.000733209
0.000750753
0.000828866
0.000685066
0.000711245
0.000768276
0.000816235
0.00067961
0.000977065
0.000695644
0.000650344
0.000701216
0.00069927
0.000669801
0.000685386
0.000688226
0.000753116
0.000837708
0.000720265
0.000681871
0.000867644
0.000678141
0.000676825
0.000837102
0.000845945
0.000697451
0.000740474
0.000733158
0.000654059
0.000654092
0.000763741
0.000675773
0.000691207
0.000704506
0.000709653
0.000656494
0.000735894
0.000847194
0.000661598
0.00077406
0.000726635
0.000685709
0.000770114
0.000727556
0.000710551
0.000659073
0.00067912
0.000685301
0.000802426
0.000739486
0.000781598
0.000681526
0.000691116
0.000705152
0.000805645
0.00106509
0.000706027
0.000727861
0.000655399
0.000805908
0.000703973
0.000665067
0.000654103
0.000670061
0.00083639
0.00075733
0.000765971
0.000666904
0.000653226
0.000723524
0.000757846
0.000710139
0.000798723
0.000669491
0.000684732
0.000763802
0.000720672
0.000705629
0.000709872
0.00069
0.000839492
0.000744706
0.000688999
0.000735162
0.000650405
0.000676866
0.000755
0.000692363
0.00067702
0.000739923
0.000682527
0.000730143
0.000926371
0.000700686
0.00077945
0.000651504
0.00071958
0.000770945
0.000870053
0.000720401
0.000893626
0.000736644
0.00084201
0.000682754
0.000713506
0.000722048
0.000875529
0.000696943
0.000747265
0.000719351
0.00071354
0.000719729
0.000685723
0.000659309
0.000906138
0.000741712
0.000744427
0.0007404
0.00068513
0.000797599
0.000669108
0.000783674
0.000772714
0.0007099
0.0010024
0.00070385
0.000661505
0.000813442
0.000872748
0.000826648
0.000668313
0.00072651
0.000800875
0.000737536
0.000698723
0.000798578
0.000698038
0.00070672
0.000777909
0.00078487
0.000737654
0.000684849
0.000709572
0.000761079
0.000675154
0.00105035
0.000680763
0.000875841
0.000785087
0.000654868
0.000763003
0.00066479
0.000719599
0.000868042
0.000710952
0.000683128
0.000700726
0.000835824
0.000741075
0.000658707
0.000657836
0.000787576
0.000695212
0.00115529
0.000730592
0.000688715
0.000677242
0.000701028
0.00069668
0.000675704
0.000706093
0.000742609
0.00070641
0.000816652
0.000735391
0.00070543
0.000691472
0.000694931
0.000872907
0.000697164
0.000719318
0.000656823
0.000700332
0.000829569
0.000856685
0.00102772
0.000971083
0.000671874
0.000904813
0.000658309
0.00081819
0.000810816
0.00116025
0.000918532
0.000754899
0.000750626
0.000769836
0.000692412
0.000869592
0.000755111
0.000749614
0.000709448
0.000649677
0.000761839
0.000807302
0.000749386
0.000697813
0.00075271
0.00091364
0.000872279
0.000731912
0.000829995
0.000675785
0.000666257
0.000737184
0.000810891
0.000849858
0.000751166
0.000793452
0.000809209
0.000718292
0.000722294
0.000714866
0.000675994
0.000738747
0.000767782
0.000667035
0.000683308
0.000652075
0.00102512
0.00105593
0.00104214
0.000864626
0.000826361
0.00073282
0.00094594
0.00110608
0.000789901
0.000685867
0.000750802
0.00071122
0.000706975
0.000745123
0.000944458
0.000712861
0.000687805
0.000676729
0.000763946
0.000773778
0.000687994
0.000692776
0.000936816
0.000679402
0.000813311
0.000732839
0.00070945
0.000694944
0.00088118
0.000675619
0.00083264
0.000830108
0.000985807
0.000974387
0.000700075
0.00071215
0.000958916
0.000888621
0.000695455
0.000676989
0.000678371
0.000738943
0.000744786
0.000744266
0.000811881
0.000678928
0.00066445
0.000794703
0.000775002
0.000683752
0.00066573
0.00074277
0.00068381
0.000870794
0.000682993
0.000708908
0.000773211
0.000707369
0.000684095
0.000839451
0.000764268
0.000706632
0.000971305
0.000699965
0.000693633
0.000663664
0.000797541
0.00101028
0.00109415
0.000709848
0.000897338
0.00064883
0.000682657
0.000713855
0.000763677
0.000781695
0.00089273
0.000809244
0.000966119
0.00072321
0.000670356
0.000729597
0.000719511
0.000640151
0.000823357
0.00066123
0.000686834
0.000654823
0.000674747
0.00111065
0.000981718
0.000769618
0.000699503
0.000763524
0.000671127
0.000782192
0.000666304
0.00072049
0.00069979
0.000833282
0.000722933
0.000682006
0.000775624
0.000699051
0.000682285
0.000726051
0.000627539
0.000932647
0.000793427
0.000697657
0.000706319
0.000667143
0.000721578
0.000681651
0.000724237
0.000786022
0.000723621
0.000654322
0.000656414
0.000690321
0.000692601
0.000668381
0.000751712
0.000894365
0.000682612
0.000862121
0.000779053
0.000883809
0.000719497
0.000667416
0.00067777
0.000703642
0.000791666
0.000990251
0.000794563
0.000659481
0.000680439
0.000654313
0.000810213
0.000956175
0.000759216
0.000692827
0.000667098
0.000645674
0.000657521
0.000660883
0.000701523
0.000710555
0.000685197
0.000678697
0.000757127
0.0007418
0.000728658
0.000830247
0.000915859
0.000833657
0.000677745
0.000751229
0.000714807
0.000719051
0.000666655
0.000670022
0.000701018
0.000678731
0.000817399
0.000672551
0.000642226
0.000689871
0.000660305
0.000701797
0.00088726
0.000683675
0.000740791
0.000694301
0.000836521
0.000747266
0.000717672
0.000777761
0.000761341
0.000699923
0.000676422
0.000673208
0.000969755
0.000781773
0.000770323
0.000705838
0.000733853
0.000747737
0.000678204
0.000666783
0.000681867
0.000804104
0.000700046
0.000748613
0.000764131
0.000664758
0.000719165
0.000676554
0.000683862
0.000790024
0.00076257
0.000776115
0.000654318
0.000676505
0.000681032
0.000656069
0.00068165
0.000836509
0.000710069
0.000740515
0.000665666
0.000793645
0.000766242
0.00091249
0.000659904
0.00068425
0.000802586
0.000695092
0.000720284
0.000663128
0.000724883
0.000710935
0.000679836
0.0006677
0.00071993
0.000685168
0.000806011
0.000733166
0.000873348
0.000741405
0.000818074
0.000695745
0.000660791
0.000647775
0.000709019
0.000680231
0.000836895
0.000748592
0.000705912
0.000629578
0.000819726
0.00065908
0.000730334
0.000700982
0.000834178
0.00068115
0.000716582
0.000685773
0.000686034
0.000657061
0.000708628
0.00088788
0.000696311
0.000734253
0.000712132
0.000761326
0.000777676
0.000864069
0.000714256
0.00069699
0.000681055
0.000779439
0.000677893
0.000697664
0.000671222
0.000695725
0.00066794
0.000689407
0.000717333
0.000674687
0.000647817
0.000657057
0.000752735
0.000742926
0.000738434
0.000696971
0.000823002
0.000690705
0.000873149
0.000718398
0.000972649
0.000662602
0.000666087
0.00066006
0.000680524
0.000757885
0.000664003
0.000810894
0.000677251
0.000779619
0.000687157
0.00066471
0.000659111
0.000822023
0.000691866
0.000670654
0.00070402
0.000689508
0.000805504
0.00068394
0.000700089
0.000814731
0.000784621
0.000697116
0.000815798
0.000753757
0.000658226
0.000675208
0.000701081
0.000753507
0.000892615
0.00078919
0.000671016
0.000673879
0.000686482
0.000721756
0.000670247
0.000753454
0.000674615
0.000661763
0.000659701
0.000672631
0.000679049
0.000698266
0.00067682
0.000832296
0.000846932
0.00078189
0.000940599
0.000834059
0.000656356
0.000643454
0.000672685
0.000704723
0.000884689
0.000669985
0.000698189
0.000684525
0.000696005
0.000685961
0.000649104
0.00068022
0.000699011
0.000663813
0.000719905
0.000685172
0.000690194
0.000741863
0.000668616
0.000653109
0.000670991
0.000767155
0.000687941
0.000650905
0.000821678
0.000727791
0.000683919
0.00070083
0.000687833
0.000771901
0.000691962
0.000776828
0.000672438
0.000680384
0.000662649
0.000670869
0.000663084
0.00074738
0.000669745
0.000695334
0.000673513
0.00064985
0.000700862
0.00070202
0.000690596
0.000758682
0.000976365
0.000746553
0.00073462
0.00102045
0.000678883
0.000701066
0.000681029
0.000913434
0.000921599
0.000858767
0.000864276
0.000723254
0.000722107
0.000778955
0.000742028
0.000677793
0.000672889
0.000672055
0.000689774
0.000695374
0.000687133
0.000671708
0.000825307
0.000717419
0.000694408
0.000669418
0.000775389
0.000851776
0.000776032
0.000719223
0.00069291
0.000822072
0.000689107
0.000851927
0.000707112
0.000665
0.000685911
0.000674151
0.000688277
0.0006617
0.00070334
0.000724166
0.00068157
0.000672557
0.000678161
0.000656035
0.000712055
0.000653152
0.000672549
0.000716213
0.000771609
0.000744137
0.000845446
0.000670897
0.00062665
0.000669419
0.00067756
0.000746892
0.000657781
0.000687356
0.000686533
0.00070206
0.00066195
0.000650418
0.000654709
0.000698016
0.000696535
0.000664139
0.00065757
0.000678808
0.000707135
0.000664958
0.00070853
0.000695462
0.000665692
0.000628872
0.000672593
0.000712985
0.00102201
0.000711447
0.000708915
0.000891601
0.000976978
0.000686615
0.000804563
0.000700671
0.00069197
0.000747242
0.000722745
0.000680532
0.000697864
0.000667306
0.000691906
0.000672369
0.000685669
0.000692583
0.000667803
0.000778646
0.000676056
0.000669418
0.000699019
0.000681534
0.000734936
0.000731463
0.000707066
0.000652551
0.000654936
0.000718188
0.000722747
0.000840135
0.000650625
0.000677674
0.000717689
0.000679451
0.000727041
0.000728263
0.00074612
0.000833954
0.000777648
0.000693603
0.000705188
0.000682794
0.000731373
0.000698652
0.000676994
0.00082533
0.000693237
0.000698755
0.00066476
0.000808037
0.000721561
0.000753413
0.000771541
0.000700727
0.000692133
0.000665327
0.000959572
0.000713992
0.000677081
0.000700832
0.000709359
0.000773223
0.000750514
0.000665955
0.00072056
0.000672212
0.000753181
0.00072395
0.000939551
0.000681702
0.000833426
0.000737025
0.00069747
0.000676831
0.000682695
0.000654464
0.000816208
0.000779227
0.000851213
0.000656295
0.000672741
0.000749147
0.000777215
0.000711452
0.000694156
0.000691075
0.000752004
0.000679789
0.000688898
0.000704591
0.000722641
0.000941258
0.00101921
0.000694365
0.000706897
0.000837436
0.000685532
0.000668177
0.000676264
0.000716874
0.000734238
0.000902939
0.00067932
0.000669012
0.000725094
0.000715645
0.000827334
0.000830961
0.00073657
0.000927057
0.000691652
0.000745726
0.000676433
0.000728939
0.000758742
0.000777527
0.000791287
0.000948671
0.000794106
0.000772593
0.000824461
0.000838638
0.000683042
0.00101796
0.00104069
0.000669042
0.000681659
0.000797486
0.000664934
0.000719584
0.000742405
0.000706685
0.000803165
0.000683385
0.000784954
0.000673678
0.000777928
0.000707514
0.000950804
0.000664476
0.0006725
0.000839919
0.000673495
0.000694305
0.000725922
0.000732417
0.000774922
0.000677563
0.000681441
0.000706539
0.000794954
0.000661861
0.000690106
0.000798642
0.000771577
0.000918305
0.00071865
0.000819822
0.000718499
0.000688862
0.000711306
0.000735691
0.000692192
0.000733542
0.000743442
0.000740639
0.00068206
0.000703718
0.000703295
0.00075813
0.000878619
0.000644033
0.000705035
0.000646687
0.000680383
0.000811252
0.000701197
0.000734974
0.000634259
0.000679782
0.000665401
0.000684578
0.00099838
0.000646817
0.000672859
0.000752053
0.000677963
0.000680471
0.000731586
0.000734306
0.000735424
0.00066124
0.000711531
0.000809283
0.000849156
0.00082808
0.000997702
0.00109445
0.000937488
0.00080426
0.00104887
0.000809604
0.000709259
0.000686344
0.00090598
0.00108043
0.000850375
0.000994862
0.000777989
0.000822763
0.000840796
0.000672805
0.000730494
0.000728049
0.000961841
0.000692707
0.000664423
0.000790455
0.000671473
0.000688257
0.000653614
0.000789544
0.000824351
0.000707294
0.000885597
0.000711865
0.000683431
0.000912149
0.000711242
0.000738222
0.000727046
0.000721833
0.000753232
0.000774955
0.000675072
0.000729114
0.000681528
0.000702475
0.000699262
0.000765829
0.000782898
0.000728281
0.000768167
0.000687809
0.000734575
0.000899234
0.000712869
0.000667604
0.000722139
0.000686705
0.000718111
0.000741327
0.00067486
0.000687198
0.00071493
0.000709055
0.000740686
0.000657279
0.000701606
0.000680008
0.000674246
0.000690815
0.000684662
0.00076854
0.000689012
0.000931886
0.000715512
0.000699447
0.000753037
0.000655977
0.000670818
0.000686634
0.000826368
0.000814093
0.000693469
0.000656932
0.000680259
0.000693085
0.000687595
0.00072439
0.000906678
0.000650605
0.00068695
0.00074501
0.000719284
0.000686284
0.000694448
0.000672767
0.000943633
0.000697193
0.00079689
0.000693231
0.000724593
0.00111046
0.000839202
0.000681238
0.000751744
0.000733277
0.000903708
0.000678828
0.000761852
0.000690218
0.000743549
0.000784448
0.000719756
0.000650627
0.000779401
0.000755147
0.000810942
0.000720984
0.000673881
0.000708785
0.000796666
0.000744447
0.000785528
0.000668105
0.00078533
0.000914946
0.000719425
0.00069445
0.000721303
0.000690371
0.00070716
0.000725616
0.000728957
0.000699926
0.000772141
0.000681848
0.000681922
0.000648707
0.000666481
0.000688375
0.000845459
0.000707376
0.000716528
0.000674056
0.000664525
0.000695832
0.000676618
0.000825308
0.000700021
0.000713678
0.000669064
0.00075241
0.00073437
0.000701646
0.000698915
0.000837653
0.000941919
0.000931485
0.000854273
0.000657507
0.000667178
0.000779133
0.000699665
0.000702071
0.000723275
0.00070053
0.000668125
0.000679923
0.000646515
0.000682667
0.000722058
0.000659751
0.000709777
0.000705217
0.000759548
0.00068678
0.000765167
0.000670984
0.000753987
0.000959045
0.000701263
0.000692184
0.000709714
0.000687184
0.000878409
0.000716058
0.000726136
0.000671731
0.000666273
0.000719774
0.000716682
0.000684506
0.000682237
0.000644992
0.000791366
0.00073372
0.000792397
0.000669919
0.000648641
0.000708359
0.000690456
0.000671407
0.000929802
0.000756055
0.000681951
0.000723344
0.00087389
0.000707852
0.000659361
0.000683082
0.000731207
0.000720593
0.000687123
0.000683028
0.000679611
0.000785163
0.000687879
0.000664566
0.000660063
0.000661224
0.00078125
0.000658534
0.000845165
0.000699349
0.000761968
0.000658251
0.000655351
0.000856486
0.000756641
0.00072234
0.000908722
0.000652596
0.000794482
0.000695938
0.00093847
0.000865025
0.000818545
0.000713705
0.000821979
0.000684955
0.000673195
0.000663675
0.000659149
0.00065586
0.000762858
0.000799317
0.000927237
0.000724166
0.000694969
0.000708952
0.000728231
0.000877155
0.000727986
0.000978723
0.000877875
0.000712584
0.000678139
0.000748024
0.000784421
0.000667027
0.000691962
0.000647651
0.000673814
0.00072406
0.000724979
0.000715032
0.000687742
0.000690762
0.000861111
0.000846534
0.000680109
0.000684096
0.000683678
0.000726229
0.000692448
0.00066855
0.000737244
0.000678989
0.000744344
0.000742517
0.000732731
0.000711651
0.000701302
0.000669143
0.000722795
0.000713185
0.000754
0.000777547
0.00069602
0.000665224
0.000680429
0.000729277
0.000720828
0.000659891
0.000792159
0.000691342
0.000796993
0.000741711
0.000687686
0.000693786
0.000711127
0.000782346
0.000761592
0.000782792
0.000719143
0.000768491
0.000742434
0.000678388
0.000668376
0.000673993
0.000807743
0.000955719
0.000682439
0.000678891
0.000698061
0.00072189
0.000775837
0.000698759
0.000738594
0.000777019
0.00063317
0.000685643
0.000692639
0.000707342
0.000752097
0.000652019
0.000655233
0.000686326
0.000719433
0.000662264
0.000694135
0.000798466
0.000723464
0.000713657
0.000740192
0.000684286
0.000684519
0.000675079
0.000668173
0.000671865
0.000681676
0.000727513
0.000749745
0.000673148
0.000886784
0.00072997
0.000653716
0.000891379
0.000743851
0.000740366
0.000706704
0.000652914
0.000758728
0.000733436
0.00065724
0.000707625
0.000674301
0.000702907
0.000691416
0.000665499
0.000790602
0.000667073
0.000642158
0.000691887
0.000870646
0.000727707
0.000680229
0.000660902
0.000668444
0.000729095
0.000721201
0.000788317
0.000680145
0.000685104
0.000644587
0.000721064
0.000667412
0.000678388
0.000661591
0.000647505
0.0006857
0.000777975
0.000662805
0.000645182
0.000717283
0.000669797
0.000656683
0.000668167
0.00070853
0.000675199
0.000682698
0.000663975
0.000741685
0.000685004
0.000685041
0.000902286
0.000666929
0.000806637
0.000680094
0.000797253
0.000762323
0.000704657
0.000689997
0.000715034
0.000697961
0.000708326
0.000688141
0.000736811
0.000710308
0.000770774
0.000696648
0.000684507
0.000691133
0.000667403
0.000704131
0.000629109
0.000684846
0.000679686
0.000730518
0.000675497
0.000886231
0.00066479
0.000729235
0.000701959
0.000646513
0.000752215
0.000740989
0.000780126
0.000787256
0.000768769
0.000989216
0.000693235
0.000736763
0.000672756
0.000761804
0.000705863
0.000706772
0.000666186
0.000728101
0.000683043
0.000736883
0.000656276
0.000685499
0.000693483
0.000880306
0.000946129
0.00108743
0.00067774
0.000893973
0.000783621
0.000934232
0.00073635
0.000704439
0.000992359
0.000743585
0.000730133
0.000668655
0.00067823
0.000754389
0.000674004
0.000783153
0.000684396
0.000672871
0.000696724
0.000811188
0.000681065
0.000708264
0.00071292
0.000820448
0.000727349
0.000712308
0.000728929
0.00073541
0.000680861
0.000961299
0.000833844
0.000790477
0.000829374
0.000800208
0.000825714
0.000659629
0.000718838
0.000900343
0.00064403
0.000691724
0.00071244
0.000664968
0.000755559
0.000708441
0.000717821
0.000692341
0.000884646
0.000790724
0.000717339
0.00080978
0.00067654
0.000781464
0.00073707
0.000723805
0.00071465
0.000668416
0.000682718
0.000703394
0.000684184
0.000688364
0.000738673
0.000842006
0.000758171
0.000735355
0.000766557
0.00072002
0.00069563
0.000695381
0.000803441
0.000693737
0.000687185
0.000748456
0.000647159
0.000807558
0.000655547
0.000747459
0.000688695
0.000679493
0.000682671
0.000780315
0.000756141
0.000826227
0.000778034
0.000683815
0.000742096
0.000709671
0.000729125
0.000729194
0.000804243
0.000709836
0.000806214
0.000700967
0.000694144
0.000664086
0.000707846
0.000665225
0.000910743
0.000748148
0.000725443
0.000683241
0.000665226
0.000760939
0.000675463
0.000770727
0.000884824
0.00072286
0.000677695
0.000769876
0.000705696
0.000733757
0.000641181
0.000781961
0.000666612
0.000725047
0.000664346
0.000733928
0.000709061
0.000680434
0.000683594
0.000676543
0.000657221
0.000739016
0.000711023
0.000753225
0.000699871
0.000683326
0.000761114
0.000694232
0.000685437
0.000787061
0.00068141
0.000703376
0.000705638
0.000804934
0.00075904
0.000677663
0.000816203
0.000799977
0.000685312
0.000682351
0.000705495
0.0010259
0.000683714
0.000762088
0.000693743
0.000670326
0.000845186
0.00070275
0.000860376
0.000663401
0.000732394
0.000741377
0.000683058
0.000694006
0.000879837
0.000750525
0.000811171
0.000769948
0.000775221
0.000686098
0.000682163
0.000763688
0.000709208
0.000714702
0.000695506
0.000685702
0.000641231
0.000657908
0.000734523
0.000683112
0.000914217
0.000675856
0.00109212
0.000698939
0.000821015
0.000714088
0.00093336
0.000775393
0.000804162
0.000679158
0.000717086
0.000912201
0.000724585
0.000649821
0.000728476
0.000784176
0.00072633
0.000904122
0.000702964
0.000765161
0.000812634
0.000715954
0.000744386
0.000690164
0.000768885
0.000824446
0.000784306
0.000686695
0.000734763
0.000705822
0.000689714
0.000696134
0.000888146
0.000694587
0.000734442
0.0009407
0.000738304
0.00067863
0.000679003
0.00108048
0.000767085
0.000697672
0.000973123
0.000711479
0.000686333
0.000702106
0.000730069
0.00094253
0.000903686
0.000717914
0.000784698
0.000737627
0.000673564
0.000680644
0.000699257
0.000697868
0.00124455
0.000828903
0.000707714
0.000756181
0.000672384
0.000683098
0.000844188
0.000861131
0.000698267
0.000750721
0.00075628
0.000728293
0.000660632
0.00078859
0.000801277
0.000683284
0.000746503
0.000698388
0.000724248
0.000725089
0.000683939
0.000795298
0.000809803
0.000681951
0.000974971
0.000689747
0.000780618
0.000711579
0.000678753
0.000734578
0.000673961
0.000750809
0.000660314
0.000892593
0.000734162
0.000856453
0.000677419
0.000759025
0.000906087
0.000837568
0.000754492
0.000691876
0.000782109
0.000750209
0.000695963
0.000682441
0.000681479
0.000711464
0.000675937
0.000745604
0.000702126
0.000884679
0.000740242
0.000682406
0.000669188
0.000693774
0.000677984
0.000688725
0.00067633
0.000737344
0.000685105
0.000668532
0.000687983
0.000720134
0.000744978
0.00083226
0.000874315
0.000806797
0.000876874
0.00086502
0.000903501
0.000746169
0.000787225
0.000699215
0.000723865
0.000661743
0.000817807
0.000728238
0.000678612
0.000738306
0.000657599
0.000892959
0.00065116
0.000689731
0.000694943
0.000694018
0.000710139
0.000873062
0.000723031
0.000912627
0.000688688
0.000766946
0.000756124
0.000698267
0.000670029
0.00065568
0.00071023
0.000960223
0.000727373
0.000737982
0.000706624
0.000748326
0.000719827
0.000689444
0.0006807
0.000736013
0.000688533
0.000721268
0.000666837
0.000703176
0.000669948
0.000654804
0.000711768
0.000690941
0.000674948
0.000709341
0.000688241
0.000746577
0.000720164
0.000657686
0.000698934
0.000705567
0.000700033
0.00110417
0.000680524
0.00069351
0.000759235
0.000772843
0.000738051
0.000732311
0.000673083
0.000700646
0.000706774
0.000665873
0.000673575
0.000681682
0.00124298
0.00103795
0.000952261
0.000675276
0.000693509
0.00075006
0.000683091
0.000660875
0.000886956
0.00095039
0.000784588
0.000753692
0.000662606
0.000699106
0.000753736
0.000713073
0.000715148
0.000693218
0.000732011
0.000685395
0.000668883
0.000695526
0.000706092
0.000690991
0.000892643
0.000714619
0.00072671
0.000676076
0.000686447
0.000669374
0.000778731
0.000691532
0.000679377
0.000712924
0.000810535
0.000880133
0.000657491
0.000660776
0.000710726
0.000897179
0.000690995
0.000772759
0.000694879
0.000741212
0.000674096
0.000832885
0.00073028
0.000682804
0.000676895
0.00101405
0.000771794
0.0008331
0.000692945
0.000762351
0.000720406
0.000774438
0.000733197
0.00064914
0.000706668
0.00067946
0.000693095
0.000685538
0.000665245
0.000759092
0.000657827
0.000689191
0.000648532
0.000666272
0.000703575
0.000707374
0.000661997
0.000659113
0.000675352
0.00072824
0.000760899
0.000814782
0.000770954
0.000646873
0.000739849
0.000929521
0.000734475
0.000695133
0.000677082
0.000788704
0.000673544
0.000727657
0.000794905
0.000682939
0.000864805
0.000706119
0.000814838
0.000640648
0.000706639
0.000736193
0.000685442
0.000727146
0.000744522
0.000674157
0.00083576
0.000670285
0.000787485
0.000733944
0.000688124
0.000763724
0.000909616
0.000691559
0.000678162
0.000685183
0.000720089
0.000713922
0.000767011
0.000667021
0.000845056
0.000717886
0.000683693
0.000667873
0.000718035
0.000775554
0.00069216
0.000767001
0.000660429
0.000671393
0.000986337
0.000718093
0.000727608
0.000793807
0.000658768
0.000758232
0.000676153
0.00081159
0.000746874
0.000678098
0.000701906
0.000909034
0.000721291
0.000738637
0.000678136
0.000758843
0.00072989
0.000676513
0.000675047
0.000793807
0.000841816
0.00066499
0.000701064
0.000688977
0.000699859
0.000723737
0.000764972
0.000728316
0.000719914
0.000872971
0.000678994
0.000674805
0.000968112
0.000764616
0.000649875
0.000785209
0.000659755
0.000690703
0.000732933
0.000764126
0.000720964
0.000753521
0.000686655
0.000693965
0.000666695
0.000661323
0.000723354
0.000688917
0.000652413
0.000808901
0.000737641
0.000671701
0.000676786
0.000716065
0.000751986
0.000821669
0.000775052
0.000900914
0.000710899
0.000733845
0.000784697
0.000816111
0.00070093
0.000709303
0.000817023
0.000686576
0.000688036
0.000680454
0.000670422
0.00071221
0.000665351
0.000764996
0.000665676
0.000659273
0.000699963
0.000706351
0.000684923
0.000684051
0.000682831
0.000720686
0.000829819
0.000961945
0.000835569
0.000689711
0.000725328
0.000856526
0.000664809
0.000709881
0.000663832
0.00073405
0.000698282
0.000673606
0.000687226
0.000703652
0.000666125
0.000686045
0.000678964
0.000665779
0.000654315
0.000748042
0.000713822
0.000715947
0.000707722
0.000651611
0.000668462
0.000665179
0.000654887
0.00071181
0.000713702
0.000707549
0.00070642
0.000666937
0.000741992
0.00079378
0.000686262
0.000698746
0.000709516
0.000694763
0.000634769
0.000715864
0.000717368
0.000674328
0.000712617
0.000692378
0.00103962
0.00068567
0.000807326
0.000830096
0.000668782
0.000689842
0.000917083
0.000809818
0.000824654
0.000680498
0.000684583
0.00066576
0.000906345
0.000694165
0.000842857
0.000675122
0.00068942
0.000688047
0.000661696
0.000804472
0.000692462
0.000699549
0.000674662
0.000661557
0.00065888
0.000851182
0.000660232
0.000663705
0.000672772
0.000836618
0.000705521
0.000658491
0.000660245
0.00072146
0.000814052
0.000667832
0.000831017
0.000778292
0.000783144
0.000740302
0.000665481
0.000683968
0.000654947
0.000647596
0.000876425
0.000666635
0.000724164
0.000645224
0.000696447
0.000703113
0.000725378
0.000692306
0.00069838
0.000696466
0.000706613
0.000696848
0.000674496
0.000729541
0.000729165
0.000722576
0.000729996
0.00068602
0.000708094
0.000746955
0.000727491
0.000696916
0.000712854
0.000698499
0.000675525
0.000688343
0.00066685
0.000643205
0.000652877
0.00065836
0.000887034
0.000743015
0.000776933
0.000713354
0.000711594
0.000818381
0.000904373
0.000705326
0.000682521
0.000753416
0.000739771
0.000720419
0.000698857
0.000682435
0.000923749
0.000666173
0.000670122
0.000695629
0.000699018
0.000715674
0.000684136
0.000703641
0.000689955
0.00074602
0.000710081
0.000683554
0.000673094
0.000754973
0.000688599
0.000799384
0.000693463
0.000816117
0.000653598
0.000682662
0.000687794
0.00070644
0.000795969
0.000724211
0.000660911
0.00070093
0.000680931
0.000704815
0.000656387
0.000676866
0.00071407
0.000688829
0.000675883
0.000668789
0.000719406
0.000658033
0.000678025
0.000721329
0.000729098
0.000800088
0.000707381
0.000771133
0.000721565
0.000696028
0.000710705
0.000734937
0.000722831
0.00066987
0.000677129
0.000674972
0.000670698
0.000679578
0.000825617
0.00068615
0.000698202
0.000885352
0.000737777
0.000682944
0.000651735
0.000714579
0.000869024
0.000778665
0.000736799
0.000658295
0.000650382
0.000680587
0.000676823
0.000656806
0.000657202
0.000792368
0.000654347
0.000649129
0.000699333
0.000678654
0.000735308
0.000689477
0.000661727
0.000720671
0.000641056
0.000682776
0.000674821
0.000738615
0.000679624
0.000701336
0.000669473
0.000682139
0.000801476
0.00082984
0.000743464
0.000753251
0.000841608
0.000685774
0.000727002
0.000775122
0.000707541
0.000738435
0.000655963
0.000706394
0.000744469
0.000736265
0.000738316
0.000695376
0.000679835
0.000682748
0.000663287
0.000676819
0.000732318
0.000658413
0.000725188
0.000654567
0.000652287
0.000680345
0.000722918
0.00069507
0.000737761
0.000723081
0.000747667
0.000680588
0.000676708
0.000651106
0.000713662
0.000754199
0.000708317
0.000670632
0.000750867
0.000733314
0.000719422
0.000675745
0.00077488
0.000717383
0.000635457
0.000706459
0.000685227
0.000703734
0.000659586
0.000703163
0.000938726
0.000674003
0.000669033
0.000693343
0.000684638
0.000850208
0.000746048
0.000709469
0.000682001
0.000876602
0.000681202
0.000780876
0.000728464
0.000745388
0.000731339
0.000934782
0.000685219
0.000680225
0.000688395
0.000741312
0.000686086
0.000686757
0.000690078
0.000669981
0.000670161
0.000749834
0.000676087
0.000745989
0.000664776
0.000752052
0.00074526
0.000926643
0.000818316
0.000699736
0.0007254
0.000800707
0.000727791
0.000697063
0.000702091
0.000759252
0.000703019
0.00068309
0.000708641
0.000671701
0.000698941
0.000857417
0.000688509
0.000813898
0.000759309
0.000707405
0.000914961
0.000811052
0.000705656
0.000662848
0.000675685
0.000973842
0.000707641
0.000680873
0.000710231
0.000958919
0.000726455
0.000667383
0.00082871
0.000727522
0.000726267
0.000754494
0.000704542
0.000679491
0.000671337
0.00075307
0.000780201
0.000702585
0.000681405
0.00069699
0.000731287
0.000752658
0.000691496
0.000681514
0.000785853
0.000835949
0.000725062
0.000751625
0.000725551
0.000699898
0.00078594
0.000715156
0.000663584
0.000669825
0.000730112
0.000805281
0.000714771
0.000721964
0.000714645
0.00066731
0.000777378
0.000786021
0.000695469
0.000686454
0.000650798
0.000844601
0.000733156
0.000735088
0.000689363
0.000695986
0.000750421
0.000660667
0.000722303
0.000697617
0.00073647
0.000768243
0.000749196
0.000735508
0.000660854
0.000735295
0.000701748
0.0006688
0.000702003
0.000675186
0.000662457
0.000745144
0.000687623
0.000689349
0.000683338
0.000695303
0.000679403
0.000790109
0.000669742
0.0010607
0.000713111
0.000693026
0.000677698
0.00074815
0.000742629
0.000846805
0.00107472
0.000741414
0.000713302
0.000680244
0.000658657
0.00077485
0.000733762
0.000698775
0.000734449
0.000767956
0.000702229
0.000661318
0.000696669
0.000677514
0.000675034
0.000943361
0.000684563
0.000750839
0.000683293
0.000654496
0.000714514
0.000659862
0.000873343
0.00081234
0.000869381
0.00087795
0.000704101
0.000740241
0.000696249
0.000808166
0.000675844
0.000740567
0.000675824
0.000659607
0.000719486
0.000678765
0.000697454
0.000704527
0.000682719
0.000671041
0.000820011
0.000686259
0.000939018
0.000665241
0.000835654
0.000675038
0.000691473
0.000752819
0.00068211
0.000694138
0.00080113
0.000687588
0.000694004
0.000687769
0.000704059
0.000772766
0.000756384
0.000696945
0.000674859
0.000772479
0.00070792
0.000651302
0.000680426
0.000662479
0.000687523
0.00106572
0.000806161
0.000764145
0.000650828
0.000678401
0.000673927
0.000934509
0.00105028
0.000753902
0.000736769
0.000745002
0.000677253
0.00073399
0.000694216
0.000746829
0.000662297
0.000717796
0.000672085
0.000697093
0.000650174
0.000683376
0.000675824
0.000694652
0.000725364
0.000896864
0.000676448
0.000725188
0.000695601
0.000773202
0.000688776
0.00102946
0.000688946
0.000742731
0.000875659
0.000715642
0.000743946
0.00081196
0.000867036
0.000701993
0.000728011
0.000762296
0.000680825
0.000701127
0.000735578
0.000705423
0.000659537
0.000662841
0.000694258
0.000675033
0.000682171
0.000818449
0.000713629
0.000733975
0.000835978
0.000655337
0.000770378
0.000664517
0.000680027
0.000932781
0.000683667
0.000933084
0.000704858
0.000664583
0.000729052
0.000687695
0.000733035
0.000703858
0.000709877
0.000770783
0.000699134
0.000683345
0.000655691
0.00073673
0.000709438
0.000727982
0.000748917
0.000726301
0.000692459
0.000761771
0.000657157
0.000679586
0.000765761
0.000857847
0.000822466
0.000784066
0.000828853
0.00111234
0.00088089
0.000707285
0.000723148
0.000959845
0.000976888
0.000784605
0.000687267
0.000722144
0.000810471
0.000871422
0.000811622
0.000714693
0.000715467
0.000696796
0.000720779
0.000782161
0.000798527
0.000716551
0.000698084
0.00069432
0.000704583
0.000910552
0.000674961
0.000688199
0.000742072
0.000662868
0.000836295
0.00097557
0.000760217
0.000766785
0.00079794
0.000791866
0.000729644
0.000738081
0.000687853
0.000935157
0.00091546
0.000783277
0.000846149
0.000853273
0.000721015
0.000785271
0.000894368
0.00110808
0.000687551
0.000775118
0.0006924
0.000704428
0.000710725
0.000643119
0.000845176
0.00067116
0.00068226
0.000723517
0.00069394
0.000735518
0.00131989
0.000882901
0.00064754
0.000713567
0.000720361
0.000692347
0.000689079
0.000757856
0.000748078
0.000752413
0.000676784
0.000671489
0.000889557
0.000773554
0.000726298
0.000790691
0.000722404
0.000679183
0.000720213
0.00071809
0.000675339
0.000721362
0.000735971
0.000717945
0.000697535
0.00110055
0.000815261
0.000766546
0.000939649
0.000902342
0.000990021
0.000770095
0.000672898
0.000669865
0.00075843
0.000909616
0.000955367
0.000671394
0.00065354
0.000663131
0.000695451
0.000859881
0.00086239
0.000692422
0.000673325
0.000758737
0.000955387
0.000668171
0.00081008
0.000700665
0.000813623
0.000740416
0.000683132
0.000663984
0.000723642
0.000897605
0.00111471
0.000914096
0.000774568
0.00115609
0.000782191
0.000674959
0.000750133
0.000863551
0.000686649
0.000711914
0.000722501
0.000652392
0.000758192
0.000843271
0.000700507
0.000722964
0.000728046
0.00081532
0.00103587
0.000957026
0.000904754
0.000864807
0.000803277
0.000741492
0.000776024
0.000735694
0.000829815
0.000703948
0.000658623
0.000707624
0.000664414
0.000667795
0.000883697
0.000731033
0.000796654
0.000690159
0.000686892
0.000722519
0.000721962
0.000900096
0.00074182
0.000746993
0.000730828
0.00078695
0.000766327
0.000683655
0.000660027
0.000813395
0.000656781
0.000743818
0.000725596
0.000680576
0.000740504
0.000677603
0.00074314
0.000687831
0.000685099
0.000676807
0.000760014
0.000735572
0.000729079
0.000674094
0.000708467
0.000711897
0.000718331
0.000673134
0.000728564
0.00067782
0.000770848
0.000724683
0.000747276
0.000652273
0.000682513
0.000832639
0.00074696
0.000679538
0.000686317
0.000710244
0.000733844
0.000714347
0.000666788
0.000637194
0.00074622
0.000716901
0.000872672
0.000760822
0.000792317
0.000715261
0.000717722
0.000704516
0.000789997
0.000697108
0.00070383
0.00109006
0.000719641
0.000688978
0.000667482
0.000720061
0.000705789
0.000681388
0.000647911
0.000675634
0.000696218
0.000658217
0.000687581
0.0006548
0.000664922
0.000647595
0.00069821
0.000783359
0.000709786
0.000819431
0.000779445
0.000682719
0.000726609
0.000884805
0.00069072
0.000768321
0.000732643
0.000764375
0.000636835
0.000774566
0.000727168
0.000830997
0.000650451
0.000691286
0.000656847
0.000701358
0.000708505
0.000748482
0.000693477
0.00067451
0.000649752
0.000660202
0.000753445
0.000720969
0.000692586
0.000698605
0.000726158
0.000730503
0.000814369
0.00071894
0.000670406
0.000693137
0.000760125
0.00072714
0.00073292
0.000687496
0.000708587
0.000668885
0.00079399
0.000687507
0.000663001
0.000693264
0.000687438
0.000670517
0.000791972
0.000714516
0.00067528
0.00105856
0.000680045
0.000758274
0.000651318
0.000746449
0.000702272
0.000722948
0.000768714
0.000782146
0.000696561
0.000745507
0.000671278
0.000711614
0.000669742
0.000680473
0.000755032
0.00102936
0.000669883
0.000643782
0.000657835
0.000762655
0.000665721
0.000662961
0.000652462
0.000747225
0.000815501
0.000690083
0.000700712
0.000674673
0.000657675
0.000737561
0.0006808
0.000812
0.000687368
0.000696728
0.000685779
0.000801686
0.000669873
0.000791294
0.000678382
0.000696336
0.000744277
0.000767543
0.000694803
0.00101736
0.000671951
0.000651775
0.000663315
0.000713206
0.000758603
0.000811378
0.000679658
0.000824836
0.000719038
0.000691462
0.000670313
0.00071637
0.000695596
0.000819754
0.000686316
0.000727229
0.000722949
0.000706971
0.000647752
0.00066955
0.000824949
0.000666197
0.000675661
0.00066074
0.000702669
0.000681473
0.000680338
0.000710848
0.000679371
0.000688247
0.000776565
0.000684238
0.000653819
0.000797667
0.000674664
0.00107599
0.000846215
0.000675473
0.000751188
0.00083672
0.000795145
0.000692723
0.000695715
0.00071972
0.000747566
0.00102661
0.000669084
0.000672426
0.000687827
0.000760109
0.00071192
0.000766343
0.000709189
0.000900746
0.000690678
0.00070348
0.000780656
0.00100369
0.000934743
0.000986109
0.000738237
0.000712572
0.000741097
0.000760716
0.000656592
0.000718091
0.000804633
0.000818514
0.000693944
0.00073784
0.000648496
0.000622971
0.000671618
0.000655388
0.000681552
0.000771815
0.000678356
0.00068318
0.000812215
0.000735349
0.00078121
0.000742676
0.000773979
0.000769844
0.000683204
0.000683963
0.000683297
0.00067785
0.000744097
0.000771923
0.000909694
0.000798243
0.000669571
0.000728662
0.000666024
0.000686854
0.00065779
0.000712512
0.000699283
0.000680249
0.000685993
0.000714203
0.000669626
0.000907064
0.000727664
0.000771913
0.000808067
0.000689016
0.000650602
0.00067967
0.000705465
0.000787158
0.00108703
0.000825593
0.000694089
0.000814467
0.000676342
0.000814853
0.00082898
0.000703111
0.000653142
0.000695708
0.000664215
0.000663306
0.000671189
0.000725122
0.000676735
0.000775704
0.000743189
0.000756506
0.000701167
0.000743489
0.000663634
0.00096812
0.00085763
0.000784303
0.00071962
0.000685048
0.000644015
0.000683709
0.000732105
0.000858272
0.000705948
0.000689913
0.000682013
0.000706217
0.000707662
0.000722445
0.000715026
0.000750463
0.000639065
0.000820972
0.000744238
0.000717565
0.000754946
0.00069004
0.000730629
0.000774053
0.00066357
0.000706929
0.000721064
0.000700182
0.000705839
0.000747561
0.00072073
0.000668823
0.000770482
0.000816362
0.000665149
0.00067369
0.000675019
0.00071531
0.000672506
0.000667366
0.000684358
0.000790284
0.00114781
0.000777877
0.000721994
0.000731
0.000716555
0.00072786
0.000682547
0.000782598
0.000815948
0.000764349
0.000705877
0.000768512
0.000701762
0.000714493
0.000849798
0.00075825
0.000861934
0.000717414
0.00082673
0.000733668
0.000662568
0.000703601
0.000667026
0.000711533
0.000862713
0.000677544
0.000683857
0.00066558
0.000684163
0.000674848
0.000753959
0.0006572
0.000676133
0.000648767
0.000740843
0.000709251
0.000720439
0.000734387
0.000687582
0.00072681
0.000745099
0.000692676
0.000653487
0.000697086
0.000670051
0.000695851
0.000655107
0.000697172
0.000800506
0.000860247
0.000671501
0.000764317
0.00112998
0.00108944
0.000992998
0.0008505
0.000677484
0.000723292
0.000656687
0.000674019
0.000674574
0.000728225
0.000786529
0.00070634
0.000679333
0.000695932
0.000683112
0.000689485
0.000679493
0.000731342
0.000652491
0.000725537
0.000784486
0.000845147
0.000680005
0.000674677
0.0007772
0.000973929
0.00078
0.00071359
0.000675741
0.00077486
0.000748656
0.000705141
0.00068638
0.00070559
0.000707221
0.00067321
0.000785576
0.000695262
0.000643036
0.000708649
0.000683985
0.000691855
0.000687699
0.000674584
0.000682301
0.000757001
0.000681045
0.000656629
0.000725295
0.000648422
0.000787927
0.000680196
0.000782779
0.000785904
0.000685939
0.00069521
0.000937593
0.000682031
0.000795472
0.000753113
0.000706213
0.000682821
0.000671938
0.000674075
0.000748168
0.000698545
0.000670855
0.000669971
0.00065339
0.000674718
0.000689063
0.000664026
0.000791808
0.000677104
0.00069675
0.000816844
0.000669262
0.000659355
0.000688728
0.000704392
0.000802279
0.000694496
0.000670054
0.000725364
0.000719895
0.000718762
0.000698357
0.00069081
0.00071864
0.000644517
0.000730377
0.000687224
0.000672516
0.00067573
0.000683864
0.000666395
0.000824961
0.000746569
0.000672219
0.000648356
0.000657352
0.000673277
0.000676271
0.000657724
0.000866695
0.000979629
0.00090495
0.000661737
0.000666736
0.000783514
0.000658822
0.000789896
0.000702754
0.000666327
0.00067979
0.000704274
0.000787839
0.000640205
0.000719758
0.000699209
0.000944698
0.00078367
0.000694673
0.000754875
0.000662313
0.000791784
0.000912504
0.000743635
0.000662909
0.000675962
0.000768488
0.00068604
0.000685991
0.000639951
0.00081787
0.000823071
0.000737468
0.000689392
0.000795064
0.000674362
0.000760384
0.000708752
0.000676068
0.000788593
0.000750243
0.000819223
0.000668647
0.000721491
0.00068594
0.000699265
0.00069399
0.000818495
0.00075497
0.000672314
0.000879559
0.000689507
0.000663067
0.00068048
0.000866871
0.000697147
0.000714478
0.000701206
0.000664708
0.000912171
0.000719549
0.000678749
0.000690298
0.00092348
0.000690082
0.000767658
0.000662397
0.000849487
0.000727028
0.000713794
0.000671001
0.000706236
0.000881015
0.000682713
0.000780888
0.000738596
0.000724047
0.00073836
0.00067921
0.000681381
0.000708976
0.000747544
0.000715602
0.000683941
0.000688467
0.000676439
0.000678638
0.000635911
0.000671766
0.000868596
0.000736212
0.000721081
0.000695398
0.000701975
0.000672429
0.000726991
0.000765509
0.000843169
0.000665912
0.00071003
0.000823282
0.000673115
0.000709248
0.000717707
0.000867128
0.000692954
0.000703018
0.000677552
0.000756077
0.000815436
0.00068299
0.000796046
0.000664899
0.000656135
0.000741225
0.00068567
0.000742035
0.000968271
0.000697341
0.000713352
0.000801675
0.000671088
0.000739063
0.0007132
0.000695035
0.000775518
0.000789293
0.000782079
0.000704984
0.000754275
0.000685606
0.000698858
0.000673736
0.000647117
0.000734127
0.000662048
0.000652711
0.000686444
0.000694883
0.000670674
0.000760378
0.00112883
0.00165729
0.000985324
0.00108933
0.000971493
0.00198714
0.000677696
0.000732799
0.000818269
0.000681762
0.000726991
0.000664164
0.000890374
0.000790204
0.000688424
0.000677337
0.000679528
0.000645861
0.000709724
0.000696923
0.000675664
0.000689862
0.000733769
0.000691339
0.000839603
0.000702876
0.000647175
0.000797874
0.000786593
0.000801226
0.000735125
0.000754244
0.000714668
0.000671276
0.000706419
0.000727318
0.000725158
0.000724256
0.000727977
0.000742958
0.000753645
0.00067861
0.000733536
0.000840789
0.000973595
0.00075276
0.00068852
0.000719222
0.000748618
0.000663617
0.000686395
0.000703216
0.000769807
0.000759551
0.00076723
0.000824299
0.000672295
0.000701265
0.000672802
0.000898893
0.000725081
0.000699028
0.00070618
0.000677014
0.000735789
0.000690406
0.000723875
0.000831866
0.000689889
0.000683823
0.000704149
0.00069458
0.00070267
0.000779852
0.000770988
0.00088192
0.000916667
0.000866319
0.000879635
0.00106254
0.000685163
0.000813917
0.000708071
0.000748849
0.000737615
0.000673361
0.000692743
0.000664753
0.000770271
0.000711229
0.000776914
0.000758699
0.000693389
0.000721215
0.000687388
0.000700961
0.00069798
0.000698841
0.000812208
0.000894638
0.00107168
0.0010919
0.000837034
0.00091917
0.0007018
0.000687363
0.000693538
0.000821933
0.000702848
0.000723637
0.000662996
0.000710706
0.000657384
0.000743924
0.000674602
0.000670876
0.000770404
0.000688879
0.000802495
0.000713698
0.000647033
0.000668385
0.000661636
0.000644124
0.000915267
0.00066884
0.000910185
0.000727096
0.000689091
0.000709306
0.000668377
0.000799349
0.000693896
0.000828192
0.000689175
0.00083859
0.000696687
0.000781951
0.000714089
0.000761333
0.000698948
0.000695031
0.000673917
0.000754203
0.000675446
0.000798482
0.000673243
0.000688086
0.000999131
0.000752874
0.000978937
0.00121263
0.000718321
0.000710829
0.000691663
0.00081335
0.000701901
0.000766238
0.000710702
0.00067104
0.000750934
0.000730455
0.000763527
0.000646572
0.000700577
0.000660846
0.000670648
0.000652803
0.000727091
0.000688657
0.000754487
0.000695752
0.00104871
0.00104873
0.00078689
0.000989016
0.000748783
0.000816138
0.000717017
0.000747821
0.000652526
0.000696706
0.000716715
0.000709634
0.000666329
0.000697406
0.000663359
0.000727378
0.00076081
0.000850377
0.000683893
0.000689146
0.000758882
0.000729172
0.000672513
0.00101085
0.000751152
0.000862333
0.000802922
0.000757852
0.000684097
0.000656723
0.00067227
0.00079158
0.000700506
0.000692111
0.000683311
0.000699758
0.000737615
0.000669215
0.000808665
0.000744471
0.000697842
0.000677253
0.000713248
0.000716411
0.000695911
0.000672899
0.000671692
0.000757335
0.000693319
0.00075713
0.000721521
0.000737653
0.000732424
0.000676302
0.000698179
0.000734045
0.000740469
0.000723468
0.000710282
0.000640689
0.00068641
0.000687165
0.000868285
0.000689205
0.000727653
0.00080216
0.000674117
0.000691157
0.000703128
0.000713466
0.000693235
0.0007226
0.000702186
0.00071659
0.000770109
0.000664967
0.000723981
0.000716116
0.000680534
0.000665043
0.000660262
0.000760433
0.000713119
0.000747721
0.000693345
0.000722424
0.000657492
0.000784053
0.000690859
0.000686143
0.000665912
0.000650284
0.00069658
0.000690099
0.000669227
0.000694317
0.000662011
0.000701698
0.00069545
0.00068774
0.00095549
0.00068613
0.000675453
0.000804891
0.000710137
0.000695532
0.000666068
0.000746118
0.000750807
0.000666001
0.000703596
0.000679819
0.000686279
0.000697839
0.000700674
0.000748163
0.000684391
0.000685226
0.00091765
0.00083206
0.000686895
0.000705318
0.000711962
0.000725703
0.000638836
0.000743538
0.000781304
0.000748931
0.000703822
0.000681591
0.00067821
0.000643987
0.000671617
0.000675439
0.000700133
0.000886919
0.000665977
0.000788477
0.000699209
0.000811061
0.00074075
0.000689141
0.000738203
0.000706885
0.000674003
0.00084367
0.000666579
0.000633683
0.000677354
0.000691637
0.000691766
0.000817972
0.00102564
0.000708067
0.000768066
0.000655533
0.000784979
0.000690922
0.000736737
0.000743811
0.000712248
0.00073906
0.000671319
0.000707634
0.000689558
0.000750784
0.000692783
0.000827152
0.000678433
0.000718146
0.000717602
0.000686331
0.000673026
0.000852242
0.00066465
0.000689477
0.000751339
0.000899881
0.000645386
0.000725852
0.000712434
0.000669167
0.000736063
0.00084576
0.00067343
0.000707038
0.000662591
0.000701474
0.000699154
0.000687954
0.000685233
0.000712737
0.000746004
0.00066386
0.000691042
0.000742957
0.000705519
0.00068631
0.000690169
0.000686009
0.000822584
0.000704614
0.000686936
0.000875438
0.000728674
0.000683419
0.000700011
0.000726771
0.000713659
0.000711696
0.000737285
0.000742193
0.000824804
0.000678895
0.000993336
0.00064685
0.000681155
0.000676209
0.00068568
0.000730973
0.000673515
0.000653587
0.000762062
0.000682354
0.000670516
0.00080316
0.000751799
0.000672978
0.00102921
0.000673667
0.000782736
0.000633762
