6.58853
9.80466
6.52211
6.68461
7.08076
6.52436
6.55374
6.58667
6.80593
6.46057
6.8139
6.52708
6.38771
7.26093
7.17165
6.70133
6.59334
6.73638
6.63808
6.74526
6.64314
6.65655
6.87542
7.00913
6.45373
6.69001
6.61329
6.55571
6.58834
6.90839
6.64241
6.94587
6.80432
6.77379
7.04716
6.9905
6.76345
8.0017
6.64339
6.80614
6.93492
6.79772
6.68369
6.59949
6.81825
6.59725
6.61522
6.99618
6.6387
6.55371
6.60144
6.67236
6.87697
6.5302
6.7135
6.65741
10.3811
6.49861
10.415
9.25525
7.06257
6.54103
6.66077
6.4717
6.48852
6.88779
6.60635
7.16066
6.70482
6.77756
7.08171
6.86493
6.73347
6.82614
7.02169
8.20049
6.68195
6.3987
6.59317
6.5896
6.76219
6.64261
6.48586
7.05964
6.5447
6.52364
6.96893
6.68141
6.6047
6.6873
6.89714
6.56795
7.15978
6.73057
6.49573
6.83901
6.69396
6.59186
6.44098
6.94797
