18.7225
19.3014
18.5733
18.0038
18.1944
18.5786
17.2895
18.5841
18.4593
17.2129
18.9511
17.6184
18.5693
17.3457
18.3455
19.7621
24.0851
17.7849
17.8258
18.9772
17.5484
23.8223
19.1811
18.2343
17.2796
17.7801
23.2436
17.6587
22.57
18.1085
20.0871
21.2762
22.917
18.0847
17.158
18.0319
18.6009
17.7491
17.8228
19.6752
18.6402
17.7751
17.0211
17.5687
17.3148
17.5812
22.6407
19.5546
17.9732
20.4034
17.4959
22.726
18.3996
18.9164
18.7226
18.4737
19.0471
18.6794
18.7375
19.2348
18.2966
17.8652
18.4487
17.9908
17.4946
19.0921
18.4914
17.5594
17.9678
18.265
17.0088
18.5937
17.7578
18.1281
19.2201
18.9019
17.9712
18.4627
17.5739
18.3275
20.9521
18.1561
17.465
19.0675
18.2486
18.584
17.7743
17.2886
18.1091
20.955
20.4363
22.2934
18.8171
18.5084
17.5312
18.8838
22.9773
19.7392
18.2356
21.5362
