63.8816
55.6814
54.4471
53.6902
56.2005
54.3671
55.9907
54.6022
56.3608
58.0057
55.3928
54.8935
54.1763
54.5102
55.09
55.1941
54.0201
55.6665
54.0989
54.0232
54.963
56.5297
57.8596
54.1094
55.9809
54.3568
55.2709
57.574
56.4772
55.2778
56.7431
56.2752
55.1672
55.4582
55.4066
55.5584
55.7022
54.9714
56.3861
57.3402
53.5286
54.6569
54.92
56.8443
54.6036
54.7893
54.4035
54.5896
55.0217
55.3726
54.8653
55.2369
54.3186
53.6609
55.2458
54.2707
54.6613
55.3935
55.9025
55.1053
55.7642
57.488
55.6025
58.1707
54.6984
54.4013
55.3987
55.2414
54.5223
55.0306
55.7839
55.998
57.6816
56.8375
53.4913
53.5093
55.0933
54.589
55.9518
54.0126
55.0559
55.4868
54.8098
53.4862
53.6659
54.192
54.9637
54.2914
55.7133
54.6623
56.1143
55.006
55.4681
54.3464
54.7163
53.5963
54.2287
55.5047
54.9185
56.3824
365.908
343.444
341.06
344.875
349.086
345.604
346.531
344.177
345.516
350.312
341.567
343.435
338.971
339.025
351.303
346.986
340.704
361.779
344.263
346.407
343.703
351.887
340.162
350.616
344.214
344.151
344.772
347.499
356.785
348.227
358.08
340.389
346.065
348.198
345.409
346.733
351.956
342.893
346.062
348.239
342.07
344.175
347.704
343.636
340.616
345.29
350.45
354.146
345.362
347.263
346.765
348.345
345.012
346.877
351.125
348.519
381.862
347.118
341.042
356.749
341.997
348.795
344.852
342.878
340.066
339.592
355.816
347.45
345.269
341.877
342.98
344.016
363.596
341.533
349.516
341.775
349.692
343.873
345.8
342.746
349.665
343.608
340.867
352.108
349.568
345.045
344.887
348.303
340.785
345.826
341.825
341.148
340.874
348.162
339.774
347.188
341.08
342.414
355.692
344.772
896.676
905.278
907.662
900.356
886.914
896.465
886.449
891.977
897.18
928.608
895.602
888.754
895.244
883.478
898.76
890.961
895.413
893.601
945.604
886.452
887.638
887.59
892.121
891.037
876.897
880.666
882.8
874.22
870.913
866.409
873.39
880.104
892.819
886.919
881.926
897.949
877.625
886.229
887.739
891.407
884.819
895.236
896.387
879.729
877.296
873.997
867.209
884.353
885.175
877.767
890.198
889.386
887.606
884.928
900.193
983.566
978.821
875.927
879.165
879.069
920.933
1097.64
952.453
994.666
962.338
960.978
1011.69
1088.56
941.988
897.621
885.207
1238.54
1267.24
1099.81
1118.01
1140.18
933.877
979.073
948.633
1004.74
973.602
1026.92
886.517
931.54
864.943
1055.14
1174.04
995.103
1024.02
1024.59
936.292
946.012
957.29
1092.27
922.699
939.182
920.672
962.509
964.335
976.352
