3.25203
3.87441
3.28351
3.26226
3.44173
3.29481
4.97396
3.3018
3.41253
3.33064
3.28013
3.20799
3.22806
3.25083
3.33269
3.39165
3.29902
3.60473
3.39737
3.30882
3.35716
3.31145
3.69492
3.4364
3.5189
4.91514
3.40884
3.35806
3.48962
3.19526
3.26669
3.31305
3.42016
3.40201
3.26134
3.25635
3.43104
3.20947
3.42926
3.24986
3.51694
3.44455
4.32867
4.88264
3.22386
3.37098
4.35819
3.34739
3.36032
3.23194
3.25196
3.51937
3.51614
3.2753
3.30128
3.15393
3.3026
3.31796
3.23303
3.289
3.29177
3.29295
3.2231
3.41989
3.36992
3.27583
3.25118
3.21618
3.3872
3.44604
3.44133
3.75133
3.288
3.31933
3.31375
3.24613
3.75145
3.23442
3.32612
3.82845
3.28596
3.52889
3.31667
3.36447
3.28082
3.22576
3.59463
3.32058
3.23473
3.45024
3.20608
3.31453
3.48886
3.49997
3.33468
3.1633
4.06282
3.37548
3.63031
3.27058
