0.0529626
0.0533355
0.0523201
0.0547505
0.0552286
0.0550966
0.0538153
0.0539623
0.0535481
0.0529609
0.0522392
0.0580917
0.0538621
0.0543178
0.0528906
0.0551773
0.0527991
0.0520824
0.0525583
0.0519262
0.0512167
0.0526792
0.0545648
0.0538429
0.0539612
0.0601294
0.0607231
0.0578276
0.0537085
0.0520691
0.0521376
0.0527169
0.0600992
0.0555882
0.0529496
0.0559882
0.0605642
0.0563882
0.0517621
0.0526006
0.0536321
0.0566201
0.0526683
0.0534858
0.0544539
0.0541862
0.053959
0.0562006
0.0549372
0.0535914
0.0514453
0.0530637
0.0535854
0.0565742
0.051503
0.055159
0.0625724
0.0616454
0.0586082
0.0513564
0.0513658
0.0512522
0.0516916
0.0535754
0.0522931
0.0523263
0.0518351
0.054129
0.0583939
0.05223
0.0516896
0.0510879
0.0511187
0.0515684
0.0524802
0.051899
0.0533612
0.0521971
0.0519536
0.0514588
0.0562208
0.0633051
0.0526243
0.0525978
0.0519165
0.0517529
0.0518138
0.0520647
0.0525241
0.0519965
0.0510726
0.0516041
0.0534108
0.0513157
0.0513847
0.0515789
0.0521811
0.0515482
0.0513643
0.0523768
0.0523454
0.0518885
0.0515498
0.051694
0.0545263
0.0534698
0.0589108
0.0663236
0.0633746
0.0519618
0.0529151
0.0514823
0.0511231
0.0513159
0.0518122
0.0513739
0.05196
0.0514436
0.054382
0.0656547
0.0589039
0.0514257
0.0511359
0.0514357
0.0512023
0.0518443
0.0517471
0.0545715
0.0523705
0.0510327
0.0511426
0.0583117
0.0719548
0.0565824
0.0520428
0.0514232
0.0511751
0.0516862
0.0518685
0.0513405
0.0514898
0.0518326
0.0518215
0.0513696
0.0518306
0.0517154
0.0517501
0.0512046
0.051158
0.0511782
0.0534295
0.0515659
0.05233
0.0515337
0.0514389
0.051281
0.0624406
0.0616214
0.0516294
0.0514764
0.0515021
0.0518712
0.051152
0.051542
0.0514777
0.0509339
0.0510997
0.0510586
0.0512948
0.0515055
0.0514607
0.0511566
0.0516013
0.0513265
0.0517251
0.0518263
0.0517639
0.0516465
0.0511879
0.0511983
0.0514303
0.0513657
0.0513191
0.0513869
0.050897
0.0509628
0.0508621
0.0510108
0.0513819
0.0510584
0.0512483
0.0511532
0.0522189
0.0525937
0.059387
0.0669939
0.0534441
0.0520329
0.0510343
0.0518723
0.0513303
0.0516148
0.0514151
0.0529988
0.0512713
0.0513885
0.0516695
0.0529279
0.0523038
0.0524553
0.0521963
0.0517857
0.0516896
0.0509979
0.051001
0.0511555
0.0550873
0.0510825
0.0513873
0.0513802
0.0514933
0.0510637
0.0572368
0.0616555
0.0542035
0.0512838
0.0516309
0.051362
0.0510234
0.0516099
0.0516834
0.0513267
0.0513002
0.0511846
0.0523649
0.0512185
0.0512734
0.051239
0.0510142
0.0519101
0.0509164
0.0511101
0.0510374
0.0516112
0.0515466
0.0513611
0.0517693
0.0514576
0.051608
0.0521863
0.0515219
0.0515166
0.0512057
0.0512643
0.0521073
0.0516408
0.0514246
0.0511105
0.0513382
0.0508844
0.0535715
0.0625126
0.0716986
0.054689
0.0515236
0.0517619
0.0527044
0.0513051
0.0512553
0.0514237
0.051867
0.0522514
0.0514519
0.051311
0.0513745
0.0514194
0.0508285
0.0509027
0.0512272
0.0516659
0.0510442
0.0513597
0.0511604
0.05176
0.0509789
0.0513678
0.0513159
0.0512758
0.0512229
0.0513106
0.0515684
0.0514508
0.0508939
0.0514441
0.0511454
0.0514704
0.05125
0.0512202
0.0514473
0.0509478
0.051512
0.0512038
0.0521899
0.0514639
0.0509534
0.0518088
0.0520187
0.0523003
0.0525265
0.0520931
0.0516984
0.0538718
0.0535624
0.0515573
0.0513097
0.0519785
0.0512021
0.0510434
0.0510605
0.0511849
0.0658827
0.0560794
0.051008
0.0510889
0.05127
0.0511236
0.0517961
0.0512193
0.0516578
0.0513386
0.0514332
0.0579426
0.0642411
0.0519717
0.0516486
0.0515217
0.05097
0.051152
0.0509145
0.0512503
0.0519817
0.0521213
0.0519628
0.0510729
0.0520123
0.0516552
0.0583855
0.0678748
0.0526934
0.0510313
0.0511022
0.051582
0.0514951
0.0511302
0.0510914
0.0508735
0.0518156
0.0511515
0.0512304
0.0520448
0.0509072
0.051075
0.0516317
0.0514867
0.0514519
0.0513818
0.0512669
0.0511992
0.0514496
0.0510424
0.0622338
0.0613927
0.0565222
0.0515614
0.050865
0.0512496
0.0514383
0.0518035
0.051265
0.051627
0.0527328
0.0519427
0.0516822
0.0523504
0.0523969
0.0516179
0.0516147
0.0520607
0.0523443
0.0518968
0.0517747
0.0516986
0.0515077
0.0520759
0.0512537
0.0516208
0.0512837
0.0509322
0.0510704
0.0509805
0.0513399
0.0512693
0.0512473
0.0517308
0.0512893
0.0512089
0.0565972
0.0645626
0.0628417
0.0522756
0.0510171
0.0510451
0.0518427
0.0524653
0.0514648
0.0516543
0.0520844
0.0519263
0.0508215
0.0512546
0.051641
0.051229
0.051376
0.0511005
0.0516493
0.0513985
0.0512175
0.0516742
0.0513556
0.0512465
0.0514262
0.0509949
0.0513385
0.0513098
0.0513574
0.0519092
0.0517325
0.0509195
0.051267
0.0524711
0.0509979
0.0511954
0.0509956
0.0516753
0.0512687
0.0507989
0.0512995
0.0515416
0.0512821
0.0510249
0.0591308
0.063548
0.0626762
0.0592525
0.0510634
0.0516027
0.0512137
0.051532
0.0512037
0.0518663
0.0519941
0.0511389
0.0517504
0.0511392
0.0513604
0.0511495
0.0509085
0.0601421
0.0662713
0.0644644
0.0527877
0.0515164
0.0516314
0.051048
0.0511538
0.0514191
0.0517323
0.0514522
0.0513199
0.0512269
0.0513954
0.0510726
0.0519279
0.0511786
0.0518835
0.0511395
0.0510335
0.0511073
0.0518832
0.0510889
0.0511907
0.0515479
0.0510926
0.0516268
0.051377
0.0515285
0.0509192
0.0515361
0.051382
0.0510877
0.0515604
0.0513253
0.0514307
0.0517569
0.0519371
0.051175
0.0515788
0.052625
0.0523677
0.0524546
0.0512452
0.0511243
0.0515241
0.0511298
0.0515962
0.0511013
0.0513353
0.051066
0.0510443
0.051625
0.051576
0.0510959
0.050988
0.0511125
0.0511208
0.051102
0.051263
0.0742074
0.0626397
0.0640364
0.0542255
0.0516256
0.0519695
0.0516665
0.0511488
0.051013
0.0512499
0.0518568
0.0508884
0.0511497
0.0517649
0.0517431
0.0515964
0.0511968
0.0513569
0.052297
0.0513365
0.0518876
0.0519984
0.0515115
0.0507352
0.0519947
0.0514221
0.0512939
0.0512591
0.0514085
0.0511006
0.0514215
0.0510801
0.051526
0.0517715
0.0511241
0.0514178
0.0509821
0.0514421
0.0514155
0.0512403
0.0628202
0.059651
0.0515667
0.0514297
0.0514155
0.0513134
0.0512638
0.0513015
0.0516032
0.0516395
0.0509875
0.0511494
0.0513965
0.0511097
0.0511098
0.0513077
0.0510746
0.0511099
0.050912
0.0511864
0.0513355
0.0516634
0.0517595
0.0722114
0.060787
0.0537082
0.0512728
0.0511821
0.0513189
0.0512144
0.0510301
0.0520099
0.0518994
0.0517137
0.0512963
0.051115
0.0645322
0.0597304
0.0529257
0.0525916
0.0524081
0.0522
0.0512617
0.0518132
0.0510583
0.0512726
0.0509721
0.051284
0.0512249
0.0512624
0.0588454
0.0517178
0.0523072
0.0511
0.0512667
0.0513481
0.0515757
0.051512
0.0512191
0.05175
0.0520478
0.0512241
0.0510612
0.0520772
0.0513744
0.0514155
0.0512137
0.0513437
0.0513732
0.0516028
0.0512467
0.0515738
0.0509873
0.0511184
0.0508368
0.0521652
0.0514086
0.0516498
0.0516907
0.0519308
0.0516026
0.0512643
0.0514588
0.0521538
0.0512929
0.0511518
0.0511343
0.0516918
0.0514729
0.0509116
0.050958
0.0508452
0.0509989
0.0628389
0.059835
0.0525515
0.0510629
0.0514084
0.0513168
0.0514729
0.0520063
0.0507415
0.0512689
0.0519179
0.0521158
0.0515853
0.051375
0.0517981
0.0510737
0.0510687
0.0510603
0.0520499
0.0514765
0.05158
0.0514612
0.0518726
0.0514325
0.0517279
0.0515445
0.0514904
0.0515199
0.0511742
0.0519144
0.0508377
0.0514152
0.0514353
0.0519427
0.0511572
0.0509206
0.0513894
0.0515013
0.0513769
0.0537359
0.062967
0.0655502
0.0665422
0.052047
0.0515303
0.0517435
0.0524139
0.0525831
0.0513432
0.0515374
0.0511806
0.0513357
0.0514192
0.0511991
0.0514957
0.0511441
0.050969
0.0510788
0.0521774
0.0516877
0.0604652
0.062935
0.0600018
0.0530019
0.0511755
0.0511911
0.0515182
0.0510817
0.0511478
0.0512861
0.0508553
0.0516418
0.0509214
0.0513201
0.051935
0.0513378
0.0509509
0.0544944
0.0625996
0.0640851
0.0518861
0.0511879
0.0512739
0.052027
0.0514919
0.0509656
0.0521722
0.051703
0.0510556
0.0512155
0.0561357
0.0666761
0.0563611
0.0512241
0.0510844
0.0515054
0.0516607
0.0515392
0.0511788
0.0510622
0.0514671
0.0511963
0.0509383
0.0515803
0.0512346
0.0509894
0.0515051
0.051238
0.0516472
0.051145
0.0515129
0.051531
0.0514582
0.0509861
0.0511253
0.0646197
0.0617595
0.05407
0.0516361
0.051472
0.0513044
0.0511265
0.0514421
0.0510545
0.051163
0.0514006
0.0523825
0.0512004
0.0510982
0.0512377
0.0513073
0.0512967
0.0514494
0.0513394
0.0511008
0.0512215
0.0518946
0.0513343
0.0511926
0.051064
0.0516069
0.0519128
0.051812
0.0509339
0.0536476
0.0540786
0.0520769
0.0527643
0.0527115
0.0511687
0.0511891
0.0513673
0.0519737
0.0513556
0.0516438
0.0537909
0.0518732
0.0512871
0.0508578
0.051921
0.0522508
0.0513377
0.0507588
0.0514114
0.0522059
0.0516066
0.0513288
0.0512886
0.0514413
0.0512697
0.0512682
0.0525017
0.0515282
0.0513893
0.0516273
0.0518652
0.0522774
0.0515638
0.0515242
0.0517174
0.0511153
0.0509887
0.0513666
0.0515472
0.0509643
0.0509008
0.0514812
0.0515664
0.0514361
0.0511791
0.0513266
0.0514047
0.0512929
0.0634351
0.0624223
0.0688581
0.0613297
0.0521166
0.051018
0.0521064
0.0514238
0.0509607
0.0511241
0.050712
0.051844
0.0512793
0.0514651
0.0514569
0.0514056
0.0524172
0.0517547
0.0516671
0.0518063
0.051419
0.05183
0.0515677
0.0519518
0.0512942
0.0518537
0.0522095
0.0525197
0.052137
0.0515098
0.0512809
0.0516115
0.0510157
0.0517644
0.050956
0.0517069
0.0510346
0.0511802
0.0704139
0.0617951
0.0622701
0.0632326
0.0510493
0.0509098
0.0511527
0.0520997
0.0511499
0.0512311
0.0510683
0.0508224
0.0515684
0.0513921
0.0537524
0.0704217
0.0611572
0.0522697
0.050937
0.0511818
0.0524893
0.0510571
0.0517154
0.0511827
0.0512481
0.0516679
0.0511117
0.0510145
0.0513997
0.0514764
0.051536
0.0515995
0.0514008
0.050947
0.0515489
0.051714
0.0515518
0.0510214
0.0511331
0.0510287
0.051847
0.0511865
0.051105
0.0513659
0.0514311
0.0509511
0.0515729
0.0512108
0.0513467
0.0512205
0.0510286
0.0701297
0.0565678
0.0528028
0.0518129
0.0510971
0.0516843
0.0511107
0.0509209
0.0510429
0.0513999
0.0513412
0.0515072
0.0512622
0.0515517
0.0511477
0.0509646
0.0513286
0.0514126
0.051214
0.0510287
0.0511621
0.0513576
0.0509027
0.0517891
0.0642914
0.0568897
0.0515628
0.0518016
0.0510694
0.0512821
0.0512015
0.0510772
0.0512246
0.051147
0.0511121
0.0515608
0.0512797
0.0510528
0.0511101
0.0512924
0.0520118
0.0541749
0.0527856
0.0516347
0.0518351
0.0510869
0.051201
0.0514461
0.0514793
0.0512451
0.0509611
0.0512346
0.0514811
0.0509768
0.0517379
0.0511898
0.0511128
0.050804
0.0630603
0.0633154
0.0656034
0.0621812
0.0523543
0.0520566
0.0527269
0.0526257
0.0510538
0.0510245
0.0520748
0.0510573
0.0511799
0.0509291
0.051067
0.0519365
0.0517192
0.0513752
0.0510994
0.052061
0.0512742
0.0521076
0.0524534
0.0511807
0.0518165
0.0516837
0.0514753
0.0513309
0.0514697
0.051223
0.0515935
0.0509952
0.051303
0.0515881
0.0513596
0.0510608
0.0513273
0.0511683
0.0513776
0.0520389
0.0559672
0.0515596
0.0514267
0.051307
0.0637718
0.0625517
0.0526578
0.0511962
0.0518438
0.0514673
0.0518988
0.0508281
0.0512925
0.0509797
0.0511377
0.0510236
0.0511069
0.0560296
0.0550617
0.0514591
0.0512466
0.0514229
0.0513974
0.0509955
0.0515354
0.0511558
0.0512885
0.0513556
0.0517049
0.0514188
0.0513328
0.051365
0.0509738
0.0516135
0.0514027
0.0512034
0.0601358
0.0594493
0.0517733
0.0514946
0.0514919
0.0517069
0.0515159
0.0514403
0.0520209
0.051404
0.051205
0.0513994
0.0512598
0.0509937
0.0517122
0.0580047
0.0633632
0.0636272
0.0670865
0.0520735
0.0514501
0.0514505
0.0519556
0.0512372
0.0510976
0.0518407
0.051158
0.0515006
0.0515037
0.0519837
0.0525055
0.052114
0.0521966
0.0518315
0.0514479
0.0516748
0.0511334
0.0514227
0.0520893
0.0513353
0.0515775
0.0522684
0.0518306
0.0518867
0.0548691
0.0626677
0.054579
0.0515425
0.0515379
0.0514125
0.051372
0.0511009
0.0512779
0.051994
0.0512083
0.0517428
0.0516417
0.0516987
0.0512544
0.0512088
0.0517302
0.051699
0.0509116
0.0512003
0.0515631
0.05178
0.051291
0.0514035
0.0515057
0.0509339
0.0509328
0.0513043
0.0512288
0.0511863
0.0510186
0.0512406
0.0515079
0.0516775
0.0513599
0.0627996
0.0627045
0.0544554
0.0510989
0.0512458
0.0513455
0.0516485
0.0509217
0.0513714
0.0516676
0.0513047
0.051435
0.0510193
0.0511615
0.0519297
0.0510342
0.0516436
0.0635842
0.0605699
0.0514432
0.0512133
0.0517213
0.0510857
0.05101
0.0508522
0.0512599
0.0510805
0.0508138
0.0618484
0.063476
0.0664918
0.0520802
0.0513814
0.0513943
0.0522219
0.0516904
0.0512123
0.0511817
0.0520955
0.0511237
0.0514671
0.0514606
0.0513995
0.0512731
0.0514976
0.0511365
0.05129
0.0512293
0.0510621
0.0662695
0.0629484
0.0539919
0.0528916
0.0515841
0.0515864
0.0529617
0.0509629
0.0514006
0.0517251
0.0516413
0.0509385
0.0511715
0.0514584
0.0509917
0.0519519
0.0508583
0.0514027
0.0510903
0.0513766
0.0513768
0.0517164
0.0513014
0.0513677
0.0514813
0.0515152
0.0515838
0.0508924
0.0514238
0.0516542
0.0510612
0.0510202
0.0695113
0.0552466
0.0509523
0.0510019
0.0511756
0.051743
0.0518812
0.0510606
0.0512704
0.0510881
0.0522294
0.0510456
0.0511568
0.0511397
0.0509898
0.0512759
0.065154
0.0632822
0.0701626
0.0551209
0.0512343
0.0511002
0.0517198
0.0512327
0.0512669
0.0513409
0.0513789
0.0508447
0.0515382
0.0590007
0.0712326
0.0517602
0.0511176
0.0516913
0.0514593
0.0513364
0.0510537
0.0507772
0.0511532
0.051416
0.05118
0.050991
0.0514884
0.0512765
0.0512111
0.0516274
0.0512737
0.0545858
0.051386
0.0511067
0.0515773
0.0512094
0.0514156
0.0593992
0.0630256
0.0559943
0.0508554
0.0510334
0.0510383
0.0515362
0.0511087
0.051541
0.0511908
0.0516959
0.051043
0.0512224
0.0513218
0.0517365
0.0517563
0.0517739
0.0528245
0.0524764
0.0518956
0.0513267
0.050865
0.0514761
0.0509276
0.0530151
0.0744586
0.0637955
0.0573041
0.0516346
0.0510239
0.0513164
0.0525927
0.0512432
0.0510106
0.0512321
0.0516108
0.0513821
0.0510332
0.0511792
0.0515442
0.0508338
0.0509349
0.0511264
0.051131
0.0509033
0.0576207
0.0649236
0.0615385
0.0516572
0.0515302
0.0519871
0.0527968
0.0520932
0.0510122
0.0511094
0.0516236
0.0508755
0.0510386
0.0524515
0.0512626
0.0508084
0.0507483
0.0513395
0.0513938
0.0512099
0.0511758
0.0512863
0.0518189
0.0510245
0.0516808
0.0516915
0.051145
0.0511494
0.0509771
0.0515449
0.0511653
0.05142
0.0510145
0.0513591
0.0511951
0.051145
0.0514213
0.0511743
0.051097
0.0519758
0.05483
0.0749457
0.0521251
0.0518967
0.0513542
0.0515456
0.0513729
0.0509249
0.0512169
0.0509168
0.0515828
0.0510728
0.0509367
0.0512438
0.0516954
0.0509929
0.0511567
0.0690852
0.0532512
0.0517598
0.0513465
0.0512363
0.051399
0.0508602
0.0515152
0.0516523
0.0514144
0.0515999
0.060294
0.0560727
0.0515487
0.0519045
0.0528479
0.0517155
0.0513639
0.0514743
0.051407
0.0528108
0.0512606
0.0515388
0.051572
0.0516646
0.0511027
0.0512822
0.0515477
0.0510458
0.0511532
0.0509286
0.0510501
0.0514042
0.0512703
0.0661801
0.0625965
0.0526011
0.0515149
0.0513077
0.0511688
0.0517067
0.0513769
0.0518042
0.051964
0.0515799
0.0517395
0.0512572
0.0541219
0.052941
0.051209
0.0511336
0.0515508
0.0517936
0.0514715
0.0513515
0.0515033
0.0517327
0.0514668
0.051363
0.0571272
0.0634292
0.0516258
0.051633
0.0516879
0.0510317
0.050944
0.0512873
0.0511107
0.0516908
0.051104
0.0512138
0.0516981
0.0513879
0.0514849
0.0719327
0.0529577
0.0514531
0.0511611
0.0514662
0.0532937
0.0518287
0.0520661
0.0513652
0.0522519
0.0510649
0.0514536
0.051189
0.0516434
0.0513028
0.0512238
0.0514867
0.0514408
0.0513522
0.0540825
0.0658148
0.0619184
0.053409
0.0518519
0.0515265
0.0515364
0.0513508
0.0514985
0.0510984
0.0519635
0.0510944
0.0513373
0.0512683
0.0513519
0.0512273
0.0512653
0.0513393
0.0510918
0.0511532
0.0517491
0.0590873
0.0699637
0.0528462
0.0515089
0.0513253
0.0522506
0.0511569
0.0510851
0.051046
0.0514653
0.0514041
0.0524186
0.0514188
0.0512597
0.0514869
0.0512323
0.0510104
0.05157
0.0512292
0.0513235
0.0513981
0.0513226
0.0517518
0.0517875
0.0518859
0.0544393
0.0553147
0.0516314
0.0518695
0.0544209
0.0538516
0.0545362
0.0513109
0.0519783
0.0520069
0.0514986
0.0517614
0.0512819
0.0510789
0.0515528
0.0516743
0.0514398
0.0514143
0.0515697
0.0510857
0.051216
0.0517983
0.0652967
0.0627799
0.0512155
0.0514541
0.0512546
0.0519324
0.0509892
0.0512819
0.0510601
0.0515076
0.051771
0.0515916
0.0516775
0.0520235
0.0513531
0.0515445
0.0512006
0.0515557
0.0512571
0.0511747
0.0681505
0.064066
0.0669482
0.0525732
0.0510933
0.0513189
0.0515303
0.0510161
0.051075
0.0515124
0.0513904
0.0516716
0.05165
0.0517646
0.0513728
0.0513928
0.0513624
0.0510489
0.0513094
0.0510864
0.0534189
0.0739194
0.0539157
0.0528093
0.0513361
0.051252
0.0516809
0.0519174
0.0511759
0.0519712
0.051895
0.0513255
0.0516694
0.0521419
0.0527708
0.0521026
0.0514619
0.0515113
0.05172
0.051971
0.0512353
0.0512497
0.0512366
0.0511041
0.0512979
0.051566
0.0514596
0.0514742
0.0512234
0.0516331
0.0512498
0.05146
0.0515506
0.0513056
0.0515017
0.0512183
0.051486
0.0517468
0.0515105
0.0512553
0.0511432
0.0514853
0.0513812
0.0517961
0.0514845
0.0513014
0.051216
0.0550576
0.0642891
0.0601436
0.0515912
0.0511127
0.0511389
0.0509878
0.0511591
0.0510204
0.0511344
0.0511881
0.0509848
0.0519457
0.0510678
0.0509662
0.0514503
0.0512697
0.0511402
0.0515423
0.0534689
0.0525985
0.0562513
0.0739049
0.0643427
0.0578146
0.0511999
0.0513148
0.050869
0.0513783
0.0511472
0.0511897
0.0510273
0.0518319
0.0508989
0.0512038
0.0514183
0.0516867
0.0512516
0.0513058
0.0516653
0.051754
0.0515942
0.0510741
0.0514221
0.0514676
0.0512216
0.0517287
0.0512497
0.0515057
0.0511781
0.0511291
0.0510703
0.052127
0.0510159
0.051049
0.0518969
0.0512255
0.0519447
0.0523816
0.051838
0.0512065
0.0507623
0.0515264
0.0517019
0.051214
0.0510332
0.0521967
0.0520952
0.0514618
0.0526409
0.0617357
0.0673899
0.053196
0.0513759
0.0510963
0.0516958
0.0516542
0.0515875
0.051161
0.0514179
0.0517854
0.0518247
0.0509261
0.0512428
0.0518765
0.0511558
0.0507455
0.0514972
0.0512189
0.0512452
0.0512142
0.0515422
0.0513241
0.0514666
0.0514569
0.0517908
0.0514287
0.0513482
0.0513881
0.0514594
0.0523916
0.0510366
0.0510528
0.0523361
0.0511286
0.0508319
0.0510701
0.0512012
0.0510428
0.0510541
0.0510621
0.0517174
0.0516156
0.0517375
0.06477
0.0593334
0.0509373
0.0514755
0.0510528
0.0514629
0.0513455
0.0510382
0.051532
0.0509273
0.0511866
0.0633344
0.0633564
0.0528675
0.0523973
0.051063
0.0514118
0.0510986
0.0528318
0.0509329
0.0516926
0.0518517
0.0512037
0.0515647
0.0517301
0.051131
0.0511312
0.0516653
0.0514594
0.0510126
0.050986
0.0510943
0.0512855
0.0515005
0.050985
0.0512732
0.0514446
0.0517604
0.0513676
0.0547188
0.0673472
0.0524774
0.0529079
0.0532455
0.0514183
0.0513889
0.0515772
0.0516834
0.0511144
0.0509184
0.0508781
0.0521654
0.0513955
0.0528228
0.0524506
0.0531819
0.0518005
0.0516616
0.0514551
0.0516119
0.0516601
0.051196
0.0517449
0.0516305
0.0511558
0.0514402
0.0511243
0.0521606
0.0513381
0.0509457
0.0514216
0.0520848
0.0513468
0.0513699
0.0515732
0.0522315
0.0512951
0.0517229
0.0521096
0.0510899
0.051429
0.0514123
0.051395
0.0510306
0.051101
0.0514993
0.0513245
0.0512014
0.0508164
0.060234
0.077189
0.0640233
0.0548101
0.0519308
0.0517516
0.0513416
0.0515473
0.0512757
0.0512729
0.0512758
0.0511022
0.0507517
0.0516795
0.0509644
0.0511181
0.0511687
0.0509599
0.0514694
0.0511285
0.050957
0.0509843
0.0517468
0.0512838
0.0515953
0.0511748
0.0523194
0.0515285
0.0515836
0.0516829
0.0519879
0.0514148
0.0514355
0.0513104
0.0513186
0.0514717
0.0514255
0.0513558
0.051292
0.051143
0.0511422
0.0648782
0.068618
0.0560145
0.051705
0.0512895
0.0512426
0.0515174
0.0511856
0.0513698
0.0515064
0.0517092
0.0512603
0.0510047
0.0514118
0.0518033
0.0512898
0.0510067
0.0514918
0.0519751
0.0511172
0.0519898
0.0516203
0.0519364
0.0518186
0.0522624
0.0516463
0.0511195
0.0513048
0.0643144
0.0628168
0.0515364
0.0509346
0.0511228
0.0513773
0.0515441
0.051223
0.0510946
0.0518315
0.0515814
0.0512972
0.0515858
0.0510818
0.0509256
0.0512781
0.0510555
0.0511228
0.0510225
0.0513747
0.052338
0.0515548
0.0509783
0.051099
0.0594751
0.0723482
0.0524919
0.0511371
0.0515268
0.0518985
0.0522228
0.0514231
0.0515346
0.0514002
0.0519596
0.0512891
0.051314
0.0514454
0.0520133
0.0512248
0.0514566
0.0513493
0.051898
0.0511078
0.0515719
0.0509083
0.051171
0.0517458
0.0515865
0.0511862
0.0519308
0.0515645
0.0516325
0.0511628
0.0519889
0.0516811
0.0513551
0.0746978
0.0562485
0.0513628
0.051022
0.0512549
0.0516951
0.0516947
0.051116
0.0515936
0.0510629
0.0515721
0.0513091
0.051226
0.0515254
0.0510752
0.0518063
0.0517421
0.0517126
0.0509712
0.0512423
0.0518174
0.0513167
0.0509008
0.0517021
0.0516506
0.0513082
0.0511179
0.0544183
0.0702419
0.0702152
0.0639588
0.0539169
0.0532346
0.0544829
0.0526956
0.0517507
0.052139
0.0533575
0.0549638
0.0528879
0.0518479
0.0633501
0.0578501
0.0521232
0.0517266
0.052942
0.0516724
0.0519317
0.0525706
0.052661
0.0523181
0.0515838
0.0519839
0.0523057
0.0513903
0.0519646
0.0517162
0.0516384
0.0513323
0.0511756
0.0516929
0.0516404
0.0509215
0.0510603
0.0520182
0.0521168
0.0528214
0.052975
0.0522055
0.0529986
0.0522131
0.0513613
0.0522944
0.0516081
0.0514921
0.0513079
0.0516878
0.0516345
0.0510996
0.0517966
0.0522116
0.0510999
0.0516765
0.051011
0.0516583
0.051368
0.051469
0.0523551
0.0511959
0.0511916
0.0590455
0.0694234
0.058693
0.0512772
0.051346
0.0513776
0.0511674
0.0509114
0.051342
0.051481
0.0519352
0.0516709
0.0509745
0.0515874
0.0520703
0.0517346
0.0517098
0.0511727
0.0520117
0.0515505
0.0510451
0.0516052
0.051638
0.0513889
0.0508424
0.0522314
0.0514499
0.0512964
0.0513518
0.0512551
0.0511699
0.051538
0.0516059
0.0519459
0.0508034
0.0516424
0.0516085
0.0514762
0.0516197
0.0511125
0.050979
0.0515579
0.0513903
0.0507101
0.0679706
0.0633211
0.058279
0.0518315
0.0522344
0.0523976
0.0514796
0.0516371
0.0512289
0.0512504
0.0528961
0.0511772
0.0533515
0.0648044
0.0585134
0.0512273
0.0509447
0.0511033
0.0512967
0.0516491
0.0510758
0.0513015
0.0514343
0.0519922
0.0516505
0.0580901
0.0647273
0.0520685
0.0512954
0.0515436
0.0516656
0.0512229
0.0513153
0.051299
0.0523091
0.0513333
0.0530529
0.0666739
0.0546583
0.0516201
0.0513897
0.051146
0.0511718
0.0509849
0.052004
0.0511277
0.0521658
0.0515204
0.0514376
0.0514307
0.051645
0.0526626
0.0510085
0.0513506
0.0515258
0.0510895
0.0521823
0.0513474
0.0514311
0.0511903
0.0511726
0.0515971
0.0515905
0.0514411
0.0516967
0.0514963
0.0515767
0.051503
0.0512469
0.0512909
0.0512548
0.0512136
0.051508
0.0519811
0.0517483
0.0513107
0.0507076
0.0512067
0.0512725
0.0512429
0.0515255
0.0511993
0.0515441
0.0527492
0.0729906
0.0691511
0.0664967
0.0533736
0.0515259
0.0519119
0.0528187
0.0518796
0.0509101
0.0516326
0.051458
0.0510406
0.0525113
0.0513728
0.0513163
0.0509362
0.0517298
0.0515014
0.0519279
0.0513267
0.0524229
0.0525044
0.0519192
0.0514904
0.0517856
0.0517184
0.0514154
0.0508905
0.0514772
0.0512214
0.0513105
0.0511645
0.0510329
0.0511003
0.0518886
0.0514081
0.0651528
0.0735994
0.0632088
0.0522854
0.0516223
0.0513951
0.051296
0.0511528
0.0509654
0.0514435
0.0513342
0.0512889
0.0508933
0.0516829
0.0511476
0.0512082
0.0513018
0.0515545
0.0515916
0.0513762
0.0512365
0.0514285
0.0512524
0.0514716
0.051196
0.0510232
0.0510333
0.0510466
0.0515084
0.0512322
0.0513071
0.0521589
0.0519798
0.0511559
0.0511509
0.0514479
0.0516785
0.0522772
0.0512817
0.0514346
0.0516532
0.0514718
0.0512533
0.0517511
0.0517155
0.0512219
0.051042
0.0518622
0.0515025
0.0513399
0.0508236
0.0509254
0.0515526
0.0510933
0.0509649
0.0511482
0.0517795
0.0512854
0.0511328
0.0699713
0.0647932
0.0659137
0.0516892
0.0512186
0.051336
0.0519242
0.0508786
0.0511009
0.0511239
0.0513824
0.0513109
0.0509019
0.0519717
0.0515668
0.0514001
0.0514031
0.0512131
0.0517273
0.0512788
0.0515097
0.0528419
0.0514585
0.051393
0.0527793
0.0518245
0.0522933
0.052286
0.0517773
0.0523493
0.0511428
0.0509199
0.051767
0.0530153
0.0512442
0.0517328
0.0513237
0.0520405
0.0512003
0.0513265
0.0512647
0.0519611
0.0513393
0.0566582
0.0694547
0.0515187
0.0514208
0.051308
0.0510965
0.0516438
0.0517479
0.0512138
0.0518442
0.0521137
0.0514409
0.051075
0.0511183
0.0518934
0.0514125
0.0518988
0.0512077
0.0512363
0.0507956
0.0509444
0.051066
0.0512872
0.0507882
0.0551584
0.0649908
0.0607459
0.051344
0.0514407
0.0516336
0.0514646
0.0510489
0.0513671
0.0515426
0.0512618
0.0512018
0.0508932
0.0520292
0.0524379
0.0511648
0.0510957
0.0523089
0.0518245
0.051282
0.0514304
0.0521376
0.0523985
0.0510485
0.051931
0.0525648
0.0513226
0.0511508
0.0516619
0.0520482
0.05158
0.052519
0.054613
0.0521243
0.051222
0.0510379
0.0636703
0.0575922
0.0518835
0.0515247
0.0510568
0.0511994
0.0514778
0.0514202
0.0518914
0.0511854
0.0511279
0.051726
0.0527977
0.0516704
0.051045
0.051342
0.0513063
0.050995
0.0511807
0.0510593
0.0519102
0.0519751
0.0519919
0.0524394
0.052176
0.0511879
0.051829
0.0538838
0.0513045
0.051086
0.0522911
0.0520443
0.0514884
0.051488
0.0522728
0.0513133
0.0510108
0.0508787
0.0516435
0.0511171
0.0513995
0.0509447
0.0515514
0.0514266
0.0513523
0.0517283
0.0512762
0.0511225
0.0508576
0.0571158
0.0650247
0.0522549
0.0510044
0.0514809
0.0511388
0.0514665
0.05105
0.0516004
0.0514351
0.0513095
0.0511615
0.0644922
0.0640464
0.0547543
0.0516996
0.0511385
0.0512413
0.0518511
0.0515522
0.0510687
0.0512957
0.0516326
0.0512395
0.0515419
0.0511891
0.051159
0.0510059
0.0510897
0.0522011
0.0512985
0.0510905
0.05105
0.0519255
0.051896
0.0513755
0.0513855
0.0510488
0.0514043
0.0514589
0.0512349
0.0515499
0.0514545
0.0508789
0.0510976
0.0521227
0.0512739
0.0511323
0.0518114
0.05154
0.0510314
0.0510387
0.051617
0.051568
0.051217
0.0512715
0.0512669
0.0512905
0.0516425
0.0511226
0.0518185
0.051719
0.0511493
0.0510763
0.0508552
0.0521024
0.0509166
0.0512749
0.0520483
0.0513857
0.0510137
0.0522012
0.053105
0.052359
0.0533033
0.051669
0.0519918
0.0515638
0.0513324
0.0522309
0.0513013
0.0516357
0.0509096
0.0511686
0.0514095
0.0509102
0.0611776
0.0599249
0.0514177
0.0514338
0.0518865
0.051984
0.0513263
0.0512546
0.0514421
0.052556
0.0514292
0.051428
0.0588378
0.0699371
0.0585039
0.0516586
0.0512461
0.0514372
0.0514214
0.0512211
0.051132
0.0513981
0.0515088
0.051518
0.0517755
0.0514666
0.0514494
0.0508045
0.0515694
0.0513426
0.0516966
0.0511489
0.05097
0.0516878
0.0514135
0.0513625
0.0508169
0.0512472
0.0517079
0.0509536
0.0513627
0.0515053
0.0516286
0.0513206
0.058594
0.0660878
0.0519016
0.0529405
0.0584973
0.0610133
0.0618726
0.0519465
0.0511013
0.0512092
0.0518299
0.0517331
0.0522607
0.0514811
0.0516958
0.0510173
0.0520405
0.051735
0.0513812
0.051134
0.0510341
0.0514362
0.0527445
0.0511021
0.0515469
0.051452
0.0507808
0.0510187
0.0509731
0.0512736
0.051034
0.0527146
0.064999
0.0706491
0.0541282
0.0530673
0.0524205
0.0513759
0.0518992
0.0532011
0.0512844
0.0516461
0.0515142
0.0524278
0.0523033
0.0632078
0.0600546
0.0585795
0.0520896
0.0522799
0.0539013
0.0530368
0.0517073
0.0600486
0.0513018
0.0516383
0.061683
0.0515962
0.0519689
0.0517458
0.0660314
0.0642469
0.0516671
0.0646656
0.0591317
0.0517958
0.0512004
0.0522996
0.0517598
0.0518905
0.0514528
0.0711842
0.0622748
0.0523772
0.0516472
0.0557512
0.0714852
0.0524502
0.0540822
0.0513787
0.0734419
0.0521442
0.0515404
0.0649044
0.0576174
0.0536482
0.0514762
0.0558593
0.0511037
0.0528504
0.0520928
0.0512969
0.0516983
0.0673476
0.0645773
0.0554611
0.0518968
0.0649218
0.0643
0.0656663
0.0579689
0.0646319
0.0635295
0.0580038
0.0519606
0.0648445
0.0641665
0.0602339
0.0521088
0.0528481
0.0541182
0.051746
0.0650934
0.0642205
0.054802
0.0512758
0.0575827
0.0667964
0.0550584
0.0551224
0.0544132
0.0511791
0.0518404
0.0523988
0.0525699
0.053174
0.0646312
0.0627375
0.0686598
0.0554328
0.054301
0.0513905
0.0526827
0.0519564
0.0521133
0.0509236
0.0519244
0.0514404
0.0521711
0.05175
0.0521795
0.0522224
0.0528352
0.0522773
0.0533502
0.0521082
0.0519822
0.064725
0.0626346
0.0523383
0.0510532
0.0518506
0.0518056
0.0685952
0.054248
0.0643434
0.057365
0.0524642
0.0667225
0.0610808
0.0593916
0.054066
0.0590438
0.0707777
0.0657529
0.0550719
0.0708713
0.0543745
0.0517485
0.0513317
0.0521786
0.0514179
0.0520258
0.0519798
0.0522491
0.0524374
0.0511867
0.0515905
0.0636227
0.0644063
0.0520832
0.0513819
0.0516596
0.0523101
0.0529583
0.0511461
0.059821
0.069066
0.0660555
0.0564204
0.0512802
0.0645553
0.0597702
0.0513663
0.0535882
0.0738979
0.0530149
0.0516085
0.0513405
0.065456
0.0657128
0.0527374
0.0515583
0.0650375
0.0583806
0.0518451
0.0523735
0.0527763
0.0522778
0.0528787
0.053266
0.0587817
0.0529642
0.0516356
0.0514227
0.051605
0.0657203
0.078598
0.0613199
0.0542481
0.0523625
0.0520809
0.0576638
0.0693515
0.0524482
0.0526325
0.052386
0.0690257
0.0527247
0.051968
0.0674464
0.057229
0.0522206
0.051457
0.0523928
0.0710558
0.0536552
0.0516735
0.051376
0.0528936
0.0526391
0.0516604
0.051758
0.0746443
0.0555397
0.0520674
0.0526715
0.0647528
0.0541778
0.0552307
0.0736535
0.0652289
0.0659931
0.055738
0.0540827
0.0586382
0.0658445
0.0631194
0.0514112
0.0515389
0.0644573
0.0584778
0.0525154
0.051214
0.0516744
0.0538888
0.0526784
0.0518032
0.0649951
0.0579882
0.051405
0.0542258
0.0702892
0.0516854
0.0512338
0.0522474
0.0646535
0.0573363
0.0513503
0.0556489
0.0648397
0.0521634
0.0515809
0.0515698
0.0520377
0.0523114
0.0515667
0.051397
0.0712116
0.0712148
0.057743
0.0514773
0.0518014
0.0520015
0.0639347
0.0688832
0.0669287
0.0650029
0.0519345
0.0516168
0.0514576
0.0513547
0.0515511
0.0519867
0.051568
0.0636574
0.0536093
0.0511807
0.0637656
0.0621649
0.0554426
0.0517822
0.0523773
0.0517588
0.0540674
0.0747399
0.06237
0.0517379
0.051659
0.0519225
0.0513264
0.0515554
0.0588518
0.0583675
0.0514773
0.0537297
0.0644655
0.0560381
0.0510503
0.0514266
0.0520811
0.0516162
0.0518369
0.0637349
0.0582938
0.0511347
0.0516786
0.051247
0.0626347
0.0601054
0.0513549
0.0515599
0.051987
0.0520766
0.0634144
0.0600133
0.0515009
0.0513809
0.0517422
0.0689044
0.0524531
0.0539416
0.0681092
0.0555219
0.0517141
0.0512618
0.0514159
0.0514592
0.0515167
0.0514141
0.0510596
0.0510805
0.0647297
0.0580271
0.0522081
0.0516987
0.0516013
0.0644551
0.054754
0.0514535
0.0517852
0.0514411
0.0620713
0.0602492
0.0511897
0.0647556
0.0576765
0.0515918
0.0515348
0.0515022
0.0674093
0.0539823
0.0511224
0.0648863
0.058691
0.0521054
0.0589436
0.0617847
0.0517696
0.0513839
0.052387
0.0646774
0.0590168
0.0522218
0.0512496
0.0516915
0.0514769
0.0680743
0.0641607
0.0773168
0.0643306
0.0707119
0.057306
0.0531708
0.051553
0.0512273
0.0569448
0.0608332
0.0619147
0.0512421
0.0647065
0.0591287
0.069293
0.0719829
0.0643481
0.0756973
0.0644717
0.0695411
0.0584483
0.0521288
0.0519896
0.0510855
0.0642958
0.0640669
0.0516521
0.0514215
0.0643484
0.0643872
0.0714133
0.0693384
0.064274
0.0554945
0.052027
0.0625549
0.0656189
0.0694982
0.0719523
0.0643375
0.0748945
0.0514882
0.0511899
0.0517111
0.0645645
0.0756849
0.066217
0.0646793
0.0740402
0.0643255
0.0660884
0.0517342
0.0517309
0.0641589
0.0644172
0.063015
0.0510409
0.051523
0.0643611
0.0658007
0.0736494
0.0755577
0.0787411
0.0645688
0.0719223
0.0691193
0.064394
0.0590674
0.0676532
0.0637144
0.0780092
0.0657522
0.0669438
0.0726953
0.0635744
0.0727048
0.0674908
0.0649299
0.0723122
0.0523465
0.0516608
0.0650211
0.0746267
0.064046
0.0533211
0.0526576
0.0734454
0.0669123
0.0663565
0.0733079
0.0638392
0.0712563
0.0675684
0.063788
0.0758169
0.0634351
0.0687341
0.0671692
0.0518103
0.0514596
0.064114
0.0761771
0.0525248
0.0517406
0.0639286
0.0735594
0.0628622
0.0521905
0.0576404
0.0536242
0.0513751
0.066913
0.0551014
0.0521368
0.0527327
0.0517923
0.052478
0.0665403
0.0711013
0.0522781
0.063077
0.0548074
0.0547976
0.0702854
0.0536067
0.051566
0.0522103
0.0517866
0.0517176
0.0520052
0.051573
0.0682586
0.0515572
0.0517651
0.0664565
0.0548249
0.051666
0.0519726
0.0520034
0.0525615
0.0521715
0.0514263
0.051458
0.0643038
0.0584112
0.0528529
0.0531878
0.0680932
0.0526645
0.0518159
0.0522924
0.0555596
0.0514417
0.0543933
0.0626389
0.0562212
0.0583857
0.0543925
0.0532093
0.0517932
0.0516362
0.0640628
0.0564425
0.052056
0.0516147
0.0518432
0.0516932
0.0643188
0.0565802
0.0517781
0.0531471
0.0645056
0.052742
0.0515505
0.0517376
0.0637137
0.0535297
0.0512876
0.0539726
0.0640197
0.0528092
0.0520927
0.0523379
0.0521486
0.0518376
0.0522955
0.0521502
0.0524047
0.0541188
0.0514959
0.0565928
0.055849
0.058455
0.0620567
0.055502
0.0513829
0.0532516
0.0517889
0.0521174
0.0519497
0.0511093
0.0545976
0.0513763
0.0519586
0.0516548
0.0512285
0.0718024
0.0639327
0.0643745
0.0561273
0.0514492
0.0515913
0.063203
0.0512379
0.0545928
0.0561058
0.0764185
0.0641075
0.0567742
0.0515599
0.0511485
0.0517612
0.0514646
0.0520714
0.0528902
0.0533131
0.0514053
0.052706
0.0515101
0.0512232
0.0516193
0.0571291
0.0519321
0.0521019
0.0511063
0.0521282
0.0523668
0.0517429
0.0521545
0.0527658
0.0700561
0.062553
0.0518092
0.0522376
0.0542162
0.0532159
0.073532
0.0638644
0.0746103
0.0526739
0.051153
0.0548902
0.0531459
0.0559445
0.0722357
0.0678106
0.059017
0.0528755
0.0523856
0.0634333
0.0514894
0.0513042
0.066162
0.0675011
0.0659763
0.053488
0.0519121
0.0525055
0.0571678
0.0666286
0.0509692
0.0513244
0.0641621
0.0573657
0.0527601
0.0546105
0.073317
0.067151
0.0565416
0.0537536
0.0517142
0.0663855
0.075785
0.0740983
0.0656448
0.0612237
0.0518545
0.0538448
0.0523852
0.05174
0.0643983
0.054895
0.0511206
0.0523567
0.0669922
0.0642759
0.0530086
0.0511944
0.0516774
0.0524133
0.0521596
0.0546327
0.0698449
0.0669055
0.0516973
0.0513892
0.06443
0.0611881
0.0513489
0.0511683
0.0588341
0.0614857
0.0526231
0.0513817
0.0700686
0.0693223
0.0598901
0.0523025
0.0524656
0.0518977
0.0521399
0.0694623
0.0621519
0.05506
0.0522361
0.0509794
0.0765306
0.0624946
0.0543862
0.052077
0.0517954
0.070549
0.0531193
0.0524984
0.053059
0.0521701
0.0513085
0.0662693
0.0539226
0.0514743
0.0512532
0.0591471
0.0644425
0.0697559
0.0715107
0.0649931
0.0582223
0.0521363
0.0523498
0.0513974
0.0521185
0.0516818
0.0511285
0.0510155
0.0644857
0.0690304
0.0647037
0.0515302
0.0523788
0.0513886
0.0523338
0.05116
0.051762
0.0512537
0.051009
0.0513305
0.0736346
0.0525694
0.0515274
0.0523548
0.0569431
0.051903
0.05131
0.0514832
0.051316
0.0619082
0.0674285
0.0636541
0.0699494
0.0646661
0.0558122
0.0512896
0.0519996
0.0513393
0.0510086
0.0518091
0.0511973
0.0749318
0.0644446
0.0676201
0.0541989
0.0513795
0.06408
0.05639
0.0518979
0.0530757
0.0514483
0.0514979
0.0526937
0.0758389
0.0598937
0.0522124
0.0515517
0.0719476
0.0563493
0.051771
0.0514151
0.0513388
0.050922
0.0646418
0.0729464
0.0567312
0.0514368
0.0514753
0.0642731
0.0566179
0.05164
0.0647282
0.0640728
0.0628759
0.0533472
0.051247
0.0619611
0.0658807
0.0683079
0.0611765
0.0514394
0.0518772
0.0514925
0.0599681
0.0648902
0.053116
0.0617031
0.0652357
0.063606
0.0541287
0.0595762
0.0679026
0.0645718
0.0577916
0.0516316
0.0642936
0.0637326
0.0544325
0.0520564
0.0548805
0.0738844
0.0548204
0.0515905
0.0513431
0.0689989
0.0564589
0.051737
0.0517124
0.0531899
0.0514354
0.0644367
0.0729586
0.0578319
0.0520645
0.0515519
0.0517685
0.0512685
0.0515022
0.0677911
0.0680393
0.051667
0.0515645
0.0525159
0.0514712
0.0669581
0.0735877
0.060748
0.0512936
0.052205
0.0512506
0.0518813
0.0753762
0.0524284
0.0511306
0.0523425
0.0536146
0.0517804
0.0568843
0.0734085
0.0644904
0.0673456
0.0561925
0.0540386
0.0570323
0.05275
0.0519037
0.0545239
0.0527886
0.0521845
0.0525239
0.0517446
0.0532786
0.056379
0.0534488
0.0518791
0.0513878
0.0637576
0.0629324
0.0714591
0.052184
0.0519688
0.0636752
0.0698691
0.0693241
0.0539678
0.0512925
0.0512323
0.0683465
0.0707244
0.0632883
0.0603583
0.0521052
0.0516207
0.0515351
0.0644871
0.0567133
0.0640733
0.0565514
0.0514435
0.0632986
0.063247
0.0667328
0.0530938
0.0520415
0.0636973
0.0635342
0.0704067
0.0585926
0.0515472
0.0518453
0.064093
0.064622
0.0538272
0.0519903
0.0513888
0.0537606
0.0640437
0.0614312
0.0533832
0.0535529
0.0520069
0.0642088
0.063417
0.0674651
0.0591615
0.0511932
0.0517114
0.0521894
0.0644582
0.0652054
0.0517974
0.0529827
0.0517412
0.051825
0.0662645
0.0553256
0.0513695
0.0512827
0.0511361
0.0760115
0.0648109
0.0688812
0.0563696
0.0515301
0.05148
0.0518275
0.0637744
0.0678573
0.0554763
0.051492
0.0520133
0.0514059
0.0514737
0.0546442
0.0637742
0.0619031
0.0516391
0.0508599
0.0521318
0.0518699
0.0669702
0.0637603
0.0692497
0.0518304
0.0521201
0.0513552
0.0540263
0.0637086
0.070848
0.0520112
0.0519231
0.0638383
0.0591071
0.0521957
0.0578165
0.0628967
0.0514388
0.0517196
0.0515317
0.0645463
0.072284
0.0562127
0.0514523
0.0517757
0.0516532
0.0577579
0.0628498
0.053365
0.0515452
0.0519697
0.0511748
0.0517109
0.051515
0.0508468
0.0512998
0.0636164
0.0656877
0.0690884
0.0529572
0.0519395
0.0528953
0.0520394
0.0519928
0.0605874
0.0689193
0.0520029
0.0517694
0.0517999
0.0523832
0.0534493
0.0523981
0.0773611
0.0580837
0.0531707
0.0534908
0.0635487
0.0757552
0.0574969
0.0527708
0.0537482
0.0640875
0.0522831
0.0598666
0.0541843
0.051793
0.0529786
0.0620835
0.0592911
0.0516006
0.062366
0.0610966
0.0540867
0.0538908
0.0698332
0.068715
0.0606582
0.0542837
0.0555586
0.0715879
0.0644853
0.0704198
0.053914
0.0523726
0.0515683
0.0549219
0.051491
0.0640907
0.0731024
0.0526641
0.0513917
0.0518439
0.0515786
0.0518462
0.0515666
0.0520618
0.0515936
0.0695949
0.0644801
0.0549157
0.0545974
0.0516876
0.0516969
0.0528204
0.0515748
0.05224
0.0524891
0.0524921
0.0520236
0.0519752
0.0523743
0.0521095
0.0518823
0.0511048
0.0638433
0.0637971
0.0553697
0.0520821
0.0515053
0.0543822
0.0650863
0.0642319
0.0583479
0.0518736
0.051535
0.0617551
0.0571704
0.0516144
0.0520941
0.051716
0.0729813
0.0666029
0.0635319
0.0529208
0.0531654
0.0533834
0.0519233
0.0515844
0.051337
0.0618115
0.0634968
0.0722007
0.0576788
0.0521015
0.0635868
0.0706052
0.0674904
0.062188
0.0554237
0.052187
0.0519714
0.057895
0.0530373
0.051985
0.0520613
0.0519756
0.0511948
0.0513847
0.0510127
0.061301
0.0690163
0.0529552
0.0521669
0.0515332
0.0513356
0.063278
0.0535525
0.0519097
0.0512685
0.0513026
0.0700487
0.0524488
0.0510267
0.0510077
0.0546245
0.0523809
0.0643766
0.0578249
0.0522783
0.0510694
0.0584269
0.0604521
0.0515878
0.0519523
0.0680626
0.0518871
0.0516813
0.0639532
0.0583502
0.0532998
0.0519878
0.0515222
0.0677341
0.0548518
0.0534509
0.0517219
0.051572
0.0635042
0.0590882
0.0519514
0.0516941
0.0520897
0.0516174
0.0639365
0.0634441
0.0549619
0.0520228
0.0583175
0.0595725
0.0515091
0.0523601
0.0631344
0.0538267
0.0522539
0.0513841
0.0560413
0.0665912
0.0512836
0.0512416
0.0516238
0.0644361
0.0660919
0.0650852
0.0537318
0.0516394
0.0688302
0.0651492
0.0517154
0.0516882
0.0513887
0.0523637
0.0532628
0.0513158
0.051095
0.0508892
0.0742714
0.0650962
0.0599409
0.0515907
0.0522271
0.0513409
0.0691047
0.0634776
0.0548763
0.0519538
0.0536777
0.0577166
0.0543778
0.0525148
0.0543553
0.0524767
0.0553233
0.0531852
0.0563144
0.0729872
0.0676302
0.0611938
0.0548408
0.052676
0.0520284
0.0707741
0.0606356
0.0525308
0.0515588
0.0532244
0.0673969
0.0600908
0.0513667
0.0513054
0.0512418
0.0678173
0.0622245
0.0523843
0.0513982
0.0604652
0.0650083
0.0579974
0.0517542
0.0525409
0.0588938
0.0523821
0.0512637
0.0510291
0.0511214
0.0651896
0.0677226
0.0512582
0.0518867
0.0510402
0.051498
0.0515441
0.0515417
0.0512102
0.0655508
0.0670728
0.051313
0.051265
0.0643959
0.0679042
0.0710007
0.06231
0.0538752
0.0518548
0.0510582
0.0524559
0.0657877
0.0641759
0.0666037
0.0559756
0.0522051
0.0638569
0.0617408
0.0516793
0.0519931
0.0511725
0.0521549
0.0562321
0.0713529
0.0547022
0.0511781
0.0513017
0.0686595
0.0544444
0.0517078
0.0516094
0.0601432
0.0633585
0.0635947
0.0522601
0.0507854
0.0639352
0.059891
0.0597922
0.053365
0.0523366
0.0515345
0.0517481
0.051081
0.0660569
0.0634408
0.0733421
0.0609425
0.0518535
0.0519068
0.051932
0.0679582
0.0708923
0.0608617
0.0522302
0.0513505
0.0752017
0.0577768
0.0525066
0.0519874
0.0511543
0.051873
0.0541374
0.0518907
0.0525565
0.0526128
0.0533243
0.0546106
0.0526123
0.060436
0.0633513
0.0591172
0.051589
0.0518298
0.0522773
0.0522725
0.0545743
0.0513229
0.0515803
0.0638701
0.0616772
0.0537409
0.0534669
0.0524264
0.0524325
0.0540517
0.0528522
0.0647892
0.0675727
0.0540212
0.0519213
0.0512765
0.0642389
0.063398
0.0755815
0.0599505
0.0516414
0.0513737
0.0689165
0.066219
0.0529551
0.0511343
0.0511229
0.0643519
0.0756375
0.0627685
0.054363
0.0518413
0.051309
0.053818
0.0544269
0.0519383
0.053405
0.0517599
0.0527182
0.0512318
0.051373
0.0601923
0.0634066
0.0557887
0.0518724
0.0509906
0.0517283
0.0513695
0.0512911
0.0640861
0.0598227
0.0514083
0.0517
0.0509997
0.0530124
0.0673005
0.0513341
0.0520115
0.0649153
0.0625447
0.0512381
0.0522265
0.0513076
0.0641675
0.0620425
0.0521382
0.0529363
0.0699931
0.0521723
0.0512768
0.0511466
0.0638583
0.0597798
0.0523934
0.0560793
0.0526142
0.051925
0.0519466
0.0518306
0.0519446
0.0515019
0.0515351
0.0539238
0.0517042
0.0514566
0.0517832
0.0512859
0.0644958
0.0622804
0.0520424
0.0518595
0.0551259
0.0641446
0.0567432
0.0524732
0.0514961
0.0517519
0.0513087
0.0512161
0.0642424
0.0623283
0.0525012
0.0538107
0.0744936
0.0637718
0.0698048
0.0603746
0.0512381
0.0512686
0.0640912
0.0703081
0.0689734
0.0589981
0.0516213
0.0574604
0.0730071
0.0616945
0.0544818
0.0530432
0.0518349
0.0519986
0.0521509
0.0518613
0.0521529
0.0520164
0.0519263
0.0520039
0.0592827
0.0646526
0.0793077
0.0605713
0.0523999
0.051921
0.0510835
0.0584955
0.0517514
0.0521473
0.056261
0.0512243
0.0511816
0.0510737
0.0557554
0.0511688
0.051398
0.0554676
0.0508719
0.0511299
0.0516366
0.0516606
0.0555707
0.0512714
0.0550129
0.0517632
0.0520297
0.0540557
0.0638502
0.0558399
0.0517848
0.0522428
0.0740299
0.0549837
0.0522677
0.0512701
0.0628016
0.0566924
0.0516218
0.0540648
0.0514842
0.0516793
0.0538668
0.0517636
0.0514358
0.0523214
0.051748
0.0567286
0.0523846
0.0521893
0.0511832
0.0559542
0.0523606
0.0526115
0.0556309
0.0514347
0.0513746
0.0564783
0.0515128
0.0517403
0.0514067
0.0515565
0.0515538
0.0514032
0.0575889
0.0526126
0.0524328
0.0517935
0.0513195
0.0562198
0.0517083
0.0512294
0.0570774
0.0511734
0.0514761
0.0512958
0.0513224
0.058426
0.0527784
0.0525202
0.0525627
0.0527008
0.0512886
0.0515821
0.0528166
0.0521012
0.0529641
0.0532134
0.0510805
0.0508573
0.0543362
0.0513651
0.0515328
0.0516817
0.0512238
0.0571812
0.0525119
0.0519338
0.0569294
0.052845
0.0575157
0.0535826
0.0512031
0.0572426
0.0518738
0.0568309
0.0512855
0.0510033
0.0674757
0.062989
0.0656103
0.0741179
0.0637602
0.0752752
0.0648365
0.0715598
0.0675511
0.0619204
0.0532711
0.0519701
0.0566935
0.0721513
0.0640057
0.0623641
0.053488
0.0514861
0.0587219
0.0513934
0.0530795
0.0519515
0.0517415
0.0571393
0.052187
0.0532627
0.0714255
0.0539559
0.0529607
0.0541204
0.0586075
0.0561632
0.05295
0.0518096
0.0542344
0.0518033
0.0510219
0.0518073
0.0586802
0.0530634
0.051744
0.0513208
0.0514527
0.0563949
0.0529978
0.0516309
0.0512767
0.0537704
0.0515875
0.0511445
0.0513143
0.059325
0.0517103
0.0547865
0.0521697
0.052068
0.0553348
0.0544251
0.0531869
0.0560237
0.0585128
0.0516431
0.0533462
0.0533704
0.0557459
0.0533667
0.0553929
0.054151
0.0614372
0.0540142
0.0535289
0.065301
0.0622787
0.0556726
0.0551701
0.0574036
0.0517546
0.0519575
0.0515297
0.0525167
0.0520092
0.051231
0.0600367
0.0573358
0.0533903
0.0549188
0.054132
0.0591351
0.061068
0.0529241
0.0527371
0.0515576
0.0515344
0.0563696
0.0552823
0.0512418
0.0517304
0.0535443
0.0637551
0.0575137
0.0517417
0.0519488
0.0585794
0.0550833
0.0523813
0.0523491
0.0537221
0.0523792
0.0511397
0.0513889
0.0522318
0.05612
0.0517853
0.0511913
0.0587755
0.056709
0.0517365
0.0511882
0.0517848
0.0515029
0.0518711
0.0558777
0.0521903
0.055478
0.0547662
0.0558073
0.058794
0.0517673
0.052832
0.0592247
0.0601474
0.0531559
0.0553802
0.0631279
0.0565041
0.0603967
0.0528339
0.063175
0.057954
0.053683
0.063573
0.0604646
0.0672714
0.0563497
0.0527656
0.0532529
0.0601365
0.0531324
0.069103
0.0558361
0.0519907
0.0615219
0.0552698
0.0702587
0.0588941
0.0596701
0.0600227
0.0592006
0.0568512
0.056869
0.059704
0.0539951
0.0588318
0.056575
0.0670407
0.0544361
0.0523623
0.0639913
0.0634353
0.0591397
0.0606946
0.0586071
0.0550132
0.0520865
0.0536724
0.0532608
0.0526236
0.0539045
0.0542117
0.0537469
0.053262
0.0535061
0.0525664
0.0513134
0.0511622
0.0516701
0.0523568
0.0519177
0.0519796
0.0512217
0.0514396
0.0517139
0.0527024
0.0517764
0.0523547
0.0530208
0.0535092
0.0520758
0.0516101
0.0521388
0.05183
0.0519075
0.0512732
0.0513333
0.0517511
0.0519911
0.0512664
0.0517231
0.0515845
0.0517268
0.0520093
0.0515203
0.0552729
0.0540407
0.0531489
0.0519067
0.0514156
0.0515673
0.052808
0.0515769
0.0518786
0.0516178
0.0519395
0.0509909
0.0531978
0.0515315
0.0511616
0.0513156
0.0522401
0.0512329
0.0515895
0.0521759
0.0508393
0.0519506
0.0510989
0.0518176
0.0514213
0.0518983
0.0511577
0.0519768
0.051437
0.0514649
0.0517573
0.0529155
0.0512567
0.0518281
0.0514364
0.0530561
0.0521954
0.0515043
0.0519063
0.0515143
0.0518703
0.0516242
0.0515269
0.0523351
0.052884
0.0526244
0.0535204
0.0523569
0.0517363
0.0515117
0.051392
0.0518956
0.0517004
0.0521748
0.0518567
0.051989
0.0511412
0.0515747
0.0511162
0.0514976
0.0511176
0.0513743
0.0511137
0.0514096
0.051505
0.0522086
0.0516699
0.0516164
0.051352
0.0511948
0.0514431
0.0518839
0.0516002
0.0515632
0.0514583
0.0516266
0.0515294
0.0510884
0.0516075
0.051381
0.0518441
0.250241
0.0719616
0.0704498
0.0679813
0.0589378
0.0582438
0.0526534
0.0549152
0.0528824
0.052469
0.0527213
0.0539415
0.0515774
0.0576539
0.116919
0.0716293
0.0624437
0.0652857
0.061668
0.051357
0.0514472
0.0512358
0.0516814
0.0512586
0.0513289
0.0513251
0.0510642
0.0512387
0.0519882
0.0531837
0.0523972
0.0513408
0.0517738
0.0515704
0.0516873
0.0511519
0.0512343
0.0513285
0.0514056
0.0509622
0.0517635
0.0520359
0.0514085
0.0509451
0.0517958
0.0510748
0.0523657
0.0517995
0.0512828
0.0515989
0.051554
0.0515218
0.052048
0.0516088
0.0521878
0.0513465
0.0514956
0.0514894
0.0514616
0.0513204
0.0511465
0.0513216
0.0525592
0.0529332
0.0520286
0.0553423
0.0520959
0.051836
0.0512661
0.0517255
0.0525031
0.0539529
0.0513965
0.0525176
0.0515915
0.0513658
0.0517867
0.0514227
0.0590025
0.0657843
0.0581029
0.0523463
0.0694103
0.0575961
0.059184
0.0516414
0.0545164
0.053584
0.05485
0.0522483
0.0625223
0.0635825
0.0624042
0.0545126
0.0632662
0.0599762
0.0560158
0.0519683
0.0566921
0.0635157
0.057102
0.0532098
0.0631499
0.0619683
0.0657947
0.0555191
0.057091
0.0590884
0.058583
0.0630214
0.0535097
0.0622982
0.0558743
0.0514489
0.0508821
0.0662678
0.0548014
0.0531144
0.0518826
0.0511508
0.0522974
0.0630018
0.0545454
0.052105
0.0515536
0.0572803
0.0523732
0.0528004
0.0517991
0.0525216
0.0514833
0.0515245
0.05287
0.0514909
0.0514377
0.051873
0.0518781
0.0540617
0.051394
0.0529062
0.0515352
0.0521724
0.0523468
0.0521351
0.0524164
0.0535816
0.0517665
0.0513584
0.0518817
0.051373
0.0543695
0.0550055
0.0525739
0.0518815
0.0642721
0.0518472
0.0512035
0.0541641
0.0515928
0.0510115
0.0577086
0.0525872
0.0524772
0.0533184
0.0537542
0.0568198
0.0574757
0.0527527
0.0521549
0.0526616
0.0517576
0.0513881
0.0626693
0.069153
0.0631875
0.0522995
0.0527825
0.0521913
0.0603804
0.0730453
0.0617814
0.0633064
0.0746427
0.0631887
0.0654159
0.0682414
0.0531427
0.0516135
0.0634339
0.063813
0.0522858
0.0523167
0.0518503
0.0518446
0.0570437
0.0634226
0.065987
0.0696233
0.0703703
0.0634649
0.0514077
0.0520254
0.0513945
0.0517374
0.0592934
0.0540414
0.0525208
0.0513361
0.0513831
0.0523942
0.0555587
0.0536825
0.0523794
0.0515437
0.056688
0.0552002
0.053924
0.0533351
0.0516015
0.0520544
0.0550918
0.0545979
0.0533955
0.0529113
0.0518353
0.0602948
0.0525794
0.0518508
0.0530505
0.056728
0.0516845
0.0516882
0.0515368
0.0531644
0.063563
0.0516636
0.0515719
0.0517558
0.0598339
0.0612131
0.0551711
0.0514678
0.0587975
0.0700228
0.0641656
0.072786
0.0602752
0.0561276
0.0576935
0.0535369
0.053592
0.0564604
0.0523494
0.0536046
0.0521904
0.0519986
0.0610563
0.073581
0.0656915
0.0631827
0.0746809
0.0641524
0.0682047
0.0692344
0.0610429
0.0539633
0.0532173
0.0519211
0.0540694
0.0724981
0.0649517
0.0723317
0.0650515
0.0628364
0.0743397
0.0549443
0.052771
0.0521604
0.0570319
0.0532447
0.0521138
0.0514213
0.052666
0.0712248
0.0566728
0.0518612
0.0519496
0.0522723
0.0516698
0.0518971
0.0512416
0.0522042
0.0514962
0.0520456
0.0522678
0.063266
0.0560252
0.0533308
0.0522203
0.0522572
0.0521922
0.0722058
0.0539591
0.0540289
0.0521694
0.0626481
0.0574087
0.0521148
0.0593125
0.0626998
0.0581798
0.0559351
0.0543563
0.0628037
0.0647369
0.059242
0.0653332
0.0702021
0.0614732
0.0538711
0.0529182
0.0528374
0.0587095
0.0700339
0.0653875
0.0591834
0.0518992
0.0577909
0.0634792
0.06348
0.0735737
0.0632319
0.0636111
0.0736597
0.0628294
0.0666127
0.0690105
0.0523755
0.0521961
0.0516935
0.0519163
0.0525971
0.0524202
0.0514849
0.0657675
0.0524795
0.0525809
0.0626121
0.0551832
0.0546861
0.0530312
0.0592521
0.0519284
0.0609771
0.0585206
0.051727
0.0530517
0.0596935
0.0536656
0.0527961
0.0525975
0.0604585
0.0534522
0.0546041
0.0537681
0.0539366
0.0516892
0.0514843
0.0601849
0.0520849
0.0518212
0.0531749
0.0538897
0.0562226
0.0524545
0.0514129
0.0587892
0.0512283
0.051962
0.0522878
0.0518955
0.0525162
0.05193
0.0519958
0.060112
0.0598682
0.0634974
0.0805248
0.0632679
0.0679513
0.0692848
0.0627736
0.0626406
0.0573261
0.062213
0.0615012
0.0566379
0.0581333
0.0624067
0.0642656
0.0642838
0.0730273
0.0639363
0.0676174
0.0711421
0.0628447
0.0699384
0.0668858
0.06333
0.0719959
0.0648272
0.0639318
0.0538826
0.0525102
0.0517535
0.0520737
0.0633876
0.0575742
0.0521518
0.0518223
0.0520986
0.0572631
0.0525862
0.0526529
0.0586052
0.0532413
0.0533295
0.0512348
0.0559637
0.0532846
0.0527905
0.053902
0.056046
0.0529213
0.0576068
0.0520229
0.0520137
0.0532437
0.0586372
0.0524096
0.0653743
0.0715513
0.0633043
0.068038
0.0695972
0.0628979
0.0702359
0.0632478
0.0608641
0.05845
0.0570263
0.0541282
0.0526411
0.0517555
0.0599215
0.0520609
0.0519423
0.0607349
0.0521227
0.0553051
0.052225
0.0573517
0.065264
0.0642823
0.0640318
0.0543491
0.0521253
0.057674
0.0547794
0.0526752
0.0528038
0.0572582
0.0524747
0.0529507
0.0519679
0.0542687
0.0612805
0.0532427
0.0521195
0.0575975
0.0516467
0.0516099
0.0553522
0.0570737
0.053324
0.0519382
0.0594432
0.0558123
0.0529861
0.0543024
0.05268
0.0602221
0.0589235
0.0515986
0.0515753
0.0525241
0.0583032
0.0516484
0.0514911
0.0569541
0.0524079
0.0523778
0.0530881
0.0514031
0.0528819
0.0518915
0.0513047
0.0572561
0.0565301
0.0564567
0.0533675
0.0566248
0.293507
0.0714796
0.0639006
0.0602048
0.0628908
0.0528276
0.0520013
0.0523771
0.0532816
0.0526494
0.0559572
0.0535872
0.0622073
0.100865
0.136755
0.210974
0.079977
0.0642806
0.07482
0.0653858
0.0702949
0.0692293
0.0643966
0.0766587
0.0650917
0.0686265
0.0691038
0.0644531
0.0771386
0.0639269
0.0649885
0.0711544
0.0628216
0.0664075
0.0697548
0.0624154
0.0656607
0.0580917
0.0515617
0.0510457
0.0540936
0.0640058
0.0699389
0.0695569
0.0618615
0.0643708
0.0681621
0.0634984
0.0684497
0.0678524
0.0641952
0.0742018
0.0561667
0.0522052
0.0516665
0.0554842
0.0519429
0.0545841
0.0515834
0.0539527
0.0572369
0.0631613
0.0518141
0.0551022
0.052964
0.0518161
0.0518924
0.0513425
0.0514244
0.0513774
0.0513781
0.0512217
0.051332
0.0806417
0.0690355
0.0694478
0.0626446
0.0669725
0.054767
0.06336
0.0624446
0.0569633
0.0531181
0.0577751
0.0522222
0.0514916
0.0516814
0.051676
0.053894
0.0530139
0.0517756
0.0625071
0.0551868
0.0557157
0.0619876
0.0517625
0.0513984
0.0551759
0.06217
0.0643564
0.0520272
0.0519726
0.0511949
0.0515886
0.0557593
0.0626171
0.0636457
0.05325
0.0513437
0.0537802
0.0515188
0.0513407
0.0510016
0.0569119
0.0514327
0.0515579
0.0512548
0.0577924
0.0522405
0.0521112
0.0528369
0.0531838
0.0514524
0.0516606
0.0512118
0.053096
0.0542785
0.0519531
0.0510283
0.0583546
0.0514309
0.0512724
0.0512826
0.0513839
0.0560136
0.0517803
0.0516997
0.0600006
0.0644129
0.0599591
0.0542104
0.051322
0.0540822
0.0567886
0.0512803
0.0511964
0.0522536
0.0511964
0.0513257
0.051806
0.0520029
0.0572723
0.0524122
0.0525569
0.0516332
0.0591739
0.0512778
0.0509158
0.0551599
0.051088
0.0514751
0.0510797
0.0574143
0.0525502
0.0518057
0.0553458
0.0514698
0.0585079
0.0571947
0.0609888
0.0603813
0.0558516
0.0569971
0.0580173
0.062073
0.0564324
0.0570747
0.0548104
0.0538009
0.0559305
0.0528114
0.0590009
0.0629481
0.0628876
0.0591228
0.0524175
0.0538458
0.0602211
0.0537072
0.0521274
0.0511783
0.051801
0.0507953
0.0514302
0.0513634
0.0511152
0.0594734
0.0666946
0.0522247
0.0615371
0.062424
0.0716316
0.0636464
0.0622499
0.0743212
0.0672696
0.0689042
0.0564859
0.0542351
0.0622194
0.0667147
0.077319
0.0624538
0.0667438
0.0630909
0.0561633
0.0546205
0.0647102
0.066224
0.0529681
0.0590253
0.0630765
0.0703922
0.0625251
0.0657099
0.0694205
0.0623195
0.0660417
0.0694226
0.0572171
0.0517396
0.053244
0.0518205
0.0514023
0.0554925
0.0512526
0.0512297
0.0551052
0.0520152
0.0525986
0.051249
0.0620658
0.0632845
0.0630975
0.0577532
0.0600843
0.0596568
0.0589666
0.0941449
0.0676409
0.0647189
0.0617578
0.0596436
0.0557966
0.0559796
0.052195
0.0571179
0.0524454
0.0520716
0.0513818
0.0589315
0.0635955
0.0605377
0.0566791
0.056785
0.0524523
0.0552776
0.0547581
0.056564
0.198267
0.15936
0.0998751
0.216668
0.0653975
0.0702916
0.0594265
0.0564509
0.0674387
0.119033
0.104299
0.0909174
0.0897218
0.155015
0.0637913
0.0662554
0.0713972
0.0634591
0.0887946
0.0628078
0.072893
0.0640977
0.06412
0.0728866
0.0662765
0.0669909
0.0685273
0.0627595
0.067822
0.0668045
0.062828
0.0673314
0.067962
0.0624412
0.0689423
0.0659454
0.0623802
0.0696594
0.0664184
0.0625093
0.0699029
0.0654524
0.0620128
0.0695441
0.0664526
0.0645547
0.0656607
0.0595657
0.0568568
0.0592776
0.066609
0.0659308
0.0597578
0.0627277
0.0717071
0.0623528
0.0557464
0.0611379
0.0652875
0.0605859
0.0614555
0.0515665
0.0661715
0.0636971
0.0582762
0.0551728
0.0623724
0.0610903
0.0781061
0.0732436
0.0620076
0.0634515
0.0731329
0.0620687
0.0606934
0.0694387
0.0614391
0.0585979
0.0588444
0.0517639
0.053373
0.060768
0.0591469
0.0546568
0.0568323
0.0583568
0.0595255
0.0533455
0.0553317
0.0516147
0.0566367
0.0549356
0.052413
0.0657216
0.0697209
0.0526142
0.0517339
0.0682994
0.0721024
0.061182
0.0572167
0.0561643
0.0582287
0.0516928
0.062877
0.0651017
0.0583132
0.0583164
0.085064
0.0708053
0.0533356
0.0530414
0.0514336
0.0519025
0.0510731
0.0508197
0.0627236
0.0672669
0.0714919
0.0771503
0.0636593
0.0622763
0.0623546
0.068322
0.0625139
0.0705988
0.068491
0.0572633
0.0564258
0.0543512
0.0601747
0.0875234
0.0684875
0.065427
0.0676163
0.0536259
0.0629668
0.0587576
0.0631299
0.051378
0.068947
0.0615497
0.0694167
0.0526083
0.0515242
0.0606419
0.0516679
0.0509525
0.0625878
0.0571408
0.0544918
0.0609208
0.0667095
0.0582834
0.0524068
0.098422
0.0591653
0.0810528
0.0605184
0.0566265
0.0575022
0.0618214
0.0561107
0.0565452
0.0623366
0.069064
0.0544104
0.0601457
0.060272
0.0597345
0.0645313
0.0621508
0.0638061
0.0650015
0.063477
0.0639496
0.0723197
0.0653658
0.0657097
0.0541599
0.0563449
0.0582625
0.0545
0.0549124
0.0632391
0.0698476
0.0639517
0.061615
0.0669658
0.0663464
0.0599977
0.059875
0.0619563
0.0595958
0.0616296
0.0625153
0.0624814
0.0556391
0.0526973
0.0532106
0.0532096
0.0519873
0.0519679
0.0626296
0.0686821
0.0552889
0.0560441
0.0534779
0.0614634
0.0591129
0.0534232
0.0522108
0.059518
0.054116
0.0529003
0.0522609
0.0523435
0.0521718
0.055309
0.0536308
0.0536526
0.0538985
0.0537681
0.0563582
0.0544849
0.0521323
0.0530643
0.0520917
0.0517361
0.0562304
0.0521122
0.0529087
0.0518238
0.0583027
0.053591
0.0587143
0.0539394
0.0516506
0.0526683
0.0589271
0.0535977
0.0631277
0.0603809
0.0583902
0.0523776
0.0513876
0.0513811
0.070402
0.0665108
0.0620189
0.071757
0.0623681
0.0623384
0.0736109
0.0879701
0.0676102
0.0554991
0.0915188
0.114692
0.0814259
0.0735091
0.211026
0.0856571
0.0753238
0.0628675
0.0696341
0.0666876
0.0627328
0.0999682
0.0793174
0.0685684
0.069971
0.0650946
0.062036
0.0688107
0.0651291
0.0621465
0.0672232
0.0658535
0.0536065
0.0625856
0.0629694
0.0537369
0.0533565
0.0529699
0.0514979
0.0527875
0.0572716
0.0631658
0.0721365
0.0619539
0.0619935
0.0574429
0.0525564
0.0517737
0.0514944
0.05606
0.0510879
0.0512797
0.0516843
0.0621596
0.0587218
0.0520267
0.0512628
0.0594605
0.0561842
0.0521866
0.0516093
0.0628778
0.0621947
0.0518946
0.0527278
0.0514581
0.0528273
0.0531281
0.0525948
0.0622808
0.0621739
0.0727444
0.0623226
0.0584059
0.052462
0.0519505
0.0632076
0.0520936
0.0515843
0.0628754
0.0605742
0.0523985
0.0532604
0.0711451
0.0592651
0.0588747
0.0543099
0.0521184
0.0712171
0.061578
0.0617379
0.068857
0.0530438
0.0510299
0.0574591
0.0516245
0.0592381
0.0701122
0.0612572
0.0529731
0.0612055
0.0533111
0.0551359
0.0531829
0.0606823
0.0564553
0.0571784
0.052557
0.0620584
0.0717588
0.0613703
0.0616712
0.0631904
0.0618954
0.0620887
0.0609187
0.0696649
0.062237
0.0588254
0.0518723
0.0538184
0.0600643
0.0553844
0.0521275
0.0537222
0.0584558
0.0632885
0.0727464
0.0625309
0.0624476
0.0667968
0.0640869
0.0513328
0.0615207
0.0667014
0.0673787
0.0617759
0.0631961
0.067296
0.0563771
0.0527257
0.0620358
0.0695883
0.0636168
0.0609784
0.0653717
0.0648381
0.056331
0.0513886
0.0511106
0.0528838
0.0620706
0.0678698
0.0640891
0.062788
0.061806
0.0590166
0.0587694
0.0594995
0.0607077
0.0688095
0.0548997
0.0511924
0.0513089
0.058228
0.0519326
0.0528497
0.0543746
0.055497
0.0513123
0.0553183
0.0617716
0.0611638
0.0517242
0.0519308
0.0541193
0.0528697
0.0512124
0.0578208
0.0621197
0.0618986
0.0556152
0.0515737
0.053014
0.0672994
0.0528714
0.0522738
0.0516275
0.0516511
0.0512899
0.0552969
0.051312
0.051611
0.0529816
0.0540628
0.0665127
0.0514563
0.0513517
0.0523699
0.0551032
0.0513505
0.051426
0.0525321
0.0516154
0.0587256
0.0520226
0.0514207
0.0514587
0.0513565
0.0519096
0.0522871
0.0510384
0.0514163
0.051155
0.0514203
0.0566724
0.0519354
0.0540636
0.0521266
0.0519316
0.0514642
0.0514306
0.0516935
0.0518328
0.051829
0.0515179
0.050963
0.0515854
0.0572105
0.0514993
0.0513549
0.051761
0.052782
0.0521857
0.0519138
0.0533228
0.052338
0.0526681
0.0520007
0.0520812
0.0515067
0.0514026
0.0510962
0.0590187
0.0511928
0.0516045
0.0511542
0.0535109
0.05228
0.0519008
0.052749
0.0512268
0.0515249
0.0510367
0.0529741
0.0524929
0.0518746
0.0514501
0.0558788
0.051449
0.0519459
0.05139
0.0531053
0.0564408
0.0545832
0.0535104
0.0520379
0.0520073
0.0556831
0.0613892
0.055061
0.0538802
0.0538464
0.0803064
0.108955
0.0732841
0.0648256
0.0663993
0.0705685
0.0625354
0.0649779
0.0700367
0.0633946
0.0639062
0.0661592
0.076505
0.13531
0.0645515
0.0713691
0.0633046
0.0625848
0.0708457
0.0611681
0.0613047
0.0713285
0.0666333
0.0614141
0.0726051
0.0615084
0.0587875
0.0539486
0.0520536
0.0523658
0.0637281
0.0621731
0.0624263
0.0688479
0.0635051
0.0618565
0.0671023
0.0649599
0.0555748
0.0528705
0.0515296
0.051878
0.0534983
0.0695978
0.062826
0.060925
0.0616853
0.056899
0.0554778
0.0594772
0.0602675
0.0628064
0.0688248
0.0611577
0.0609032
0.0612535
0.0785075
0.058979
0.0722921
0.0617932
0.0611985
0.0632074
0.0556611
0.0524423
0.056156
0.0519361
0.0518031
0.0512254
0.0509555
0.0601885
0.0576516
0.0592977
0.0533279
0.0519936
0.0518265
0.0591446
0.0514972
0.0537934
0.060095
0.0697769
0.0612752
0.0569835
0.0515666
0.0551849
0.0520911
0.0606108
0.0617038
0.0601165
0.0587762
0.0516937
0.060045
0.0606769
0.0590998
0.0613646
0.0648218
0.056714
0.0516274
0.0515417
0.0614583
0.0621232
0.0713213
0.0618351
0.0621148
0.0692592
0.0636263
0.0613356
0.0656233
0.0667434
0.0593993
0.0536631
0.0589951
0.0555703
0.0515243
0.0514939
0.0523826
0.0511972
0.0515778
0.05121
0.0517032
0.051881
0.0515754
0.0573346
0.0620271
0.0717453
0.0623213
0.0614273
0.0556314
0.0513882
0.0575116
0.0532935
0.0539579
0.0513544
0.0560686
0.0530037
0.051176
0.0515716
0.0521111
0.0513337
0.0520657
0.0579753
0.0539309
0.0510702
0.053851
0.0526291
0.0527805
0.0567082
0.0516113
0.0516001
0.0517078
0.0575526
0.052327
0.0511512
0.0512292
0.051838
0.0514353
0.0513491
0.0515986
0.0614198
0.0592304
0.0559704
0.0554715
0.0544505
0.0526394
0.0525196
0.0619202
0.0590504
0.0588031
0.0570513
0.0522503
0.0519491
0.0527324
0.051607
0.0534163
0.0536401
0.0522952
0.0516126
0.0516163
0.0541509
0.0510362
0.0565439
0.0511745
0.0529288
0.0520629
0.0518296
0.0517855
0.0560772
0.055808
0.0525125
0.0512765
0.053909
0.052184
0.0517594
0.0565478
0.0516294
0.0539819
0.0517142
0.0514206
0.0606275
0.0596576
0.0601435
0.054294
0.0520991
0.0514117
0.0545298
0.051235
0.0526169
0.0522116
0.0512812
0.0581635
0.0511337
0.0512913
0.0540658
0.0515549
0.0533422
0.0519506
0.0514595
0.0577695
0.0536829
0.0518852
0.0595885
0.0534132
0.0530923
0.0529814
0.0598638
0.0529337
0.0517827
0.0524319
0.0598602
0.0522691
0.0512914
0.051818
0.0577616
0.0552259
0.0627236
0.0590542
0.0541429
0.0517821
0.0521419
0.059662
0.0579527
0.0552811
0.0638132
0.0677661
0.0588416
0.0559779
0.0529098
0.0554565
0.0635964
0.06085
0.0554453
0.0540599
0.0587685
0.0599909
0.0548908
0.0593705
0.0514929
0.050977
0.0539109
0.0543786
0.0606634
0.0551773
0.0567583
0.0533692
0.0601872
0.0555965
0.059706
0.0546153
0.0560848
0.0608017
0.0618365
0.0565757
0.0565212
0.0519152
0.0521111
0.0557962
0.0519725
0.0519867
0.0531085
0.0539279
0.0544732
0.0518306
0.0521574
0.0533614
0.05147
0.0519048
0.0582272
0.0516289
0.0514207
0.0626955
0.0620918
0.0559455
0.0513081
0.0510411
0.0569
0.0509841
0.0511946
0.0559994
0.0601541
0.0515623
0.0539639
0.0534543
0.0613981
0.0559921
0.0515118
0.0515537
0.0555561
0.0513095
0.051678
0.0514524
0.0571038
0.0515054
0.0513215
0.0516738
0.0556184
0.0514223
0.0521085
0.0514985
0.0512273
0.0563983
0.0519348
0.0509047
0.0566624
0.0513868
0.0559558
0.0526874
0.0516862
0.0578642
0.058048
0.0537257
0.05188
0.0523226
0.0528963
0.0514495
0.0515907
0.0585452
0.0514049
0.0517955
0.0516567
0.0518588
0.0522098
0.0510409
0.0516073
0.0512532
0.0522291
0.0525418
0.0520652
0.0526928
0.0514694
0.0508625
0.0529731
0.0547856
0.0539055
0.0611064
0.0534031
0.0514161
0.0510996
0.0621946
0.0617637
0.0573815
0.0592387
0.0523604
0.0524201
0.0687951
0.060495
0.0523858
0.0514376
0.0527202
0.0515459
0.0537805
0.0675227
0.065064
0.0612434
0.0626685
0.0682935
0.0611904
0.0605564
0.0683415
0.0633098
0.0586861
0.0552455
0.0518561
0.0520575
0.0525726
0.0569262
0.0516822
0.0518943
0.0608125
0.0611167
0.0624589
0.0686924
0.0611941
0.0606789
0.0683732
0.062063
0.0613819
0.0589497
0.0532065
0.0517432
0.0514419
0.0511332
0.0640906
0.0529664
0.0513943
0.0519575
0.051591
0.0583003
0.0516074
0.0534415
0.0634724
0.0616449
0.0606755
0.0632283
0.0627315
0.0525651
0.0538446
0.0520281
0.0526123
0.0566788
0.0635081
0.0679544
0.0617452
0.0527598
0.0533349
0.0510038
0.0563174
0.05284
0.0557549
0.0512464
0.0549897
0.0543932
0.0522502
0.0514968
0.0573416
0.0512884
0.0510276
0.0515067
0.0549066
0.0517911
0.0522272
0.0513715
0.0512445
0.0595945
0.0514264
0.0513617
0.0603727
0.0517222
0.0516383
0.0514142
0.0530878
0.0518258
0.0535511
0.0513945
0.05181
0.0579068
0.0547644
0.0513811
0.0599546
0.0515941
0.0572287
0.0669676
0.0643277
0.0612322
0.062231
0.054947
0.0512627
0.052351
0.062484
0.0606696
0.053364
0.0515856
0.0531206
0.0534341
0.067045
0.0619933
0.0617837
0.0689639
0.0616713
0.0529647
0.0526808
0.0624231
0.0705647
0.0608267
0.0602644
0.0672921
0.0633902
0.0540664
0.0556642
0.0533132
0.0522255
0.0518976
0.0536487
0.0693168
0.0624712
0.0609557
0.0583263
0.0517901
0.0514348
0.0533437
0.0511716
0.0607107
0.0547007
0.0556229
0.0516078
0.0532039
0.0571204
0.0569983
0.0542598
0.0511316
0.0511194
0.0608442
0.0610055
0.0658054
0.0649297
0.0611039
0.0610885
0.0700702
0.0616004
0.0612343
0.0579548
0.0532028
0.0529027
0.053019
0.052785
0.0511012
0.0601772
0.0577943
0.0580473
0.0600175
0.0523882
0.0511751
0.0526783
0.054436
0.0535904
0.0519679
0.0514632
0.0511289
0.0525928
0.0516426
0.0574595
0.0753968
0.0588838
0.0516617
0.0546382
0.0517386
0.0515258
0.0607586
0.0513532
0.051219
0.0517599
0.0529024
0.0519347
0.0592973
0.0540237
0.0518113
0.0514168
0.0524275
0.0517883
0.0520514
0.0521336
0.0513349
0.0513792
0.0540256
0.0534274
0.0522554
0.0579136
0.0512121
0.0516686
0.0510182
0.0566336
0.0511001
0.051414
0.0511726
0.053048
0.0529377
0.0516706
0.0520562
0.0515475
0.0514474
0.0519614
0.0518693
0.0511414
0.0543829
0.0535327
0.0530735
0.0515142
0.0513931
0.0512771
0.0511188
0.0567154
0.0521769
0.0515705
0.052691
0.0565576
0.0630039
0.0605187
0.0545414
0.0514976
0.0692065
0.0615907
0.0605224
0.0639192
0.0539819
0.0513106
0.0617464
0.0568543
0.0516443
0.0515401
0.0535984
0.0597659
0.0527901
0.0518179
0.0637201
0.0611153
0.0608303
0.0659563
0.0551966
0.0555204
0.0515974
0.0511958
0.0512768
0.0517392
0.0602676
0.0514092
0.0545287
0.0512433
0.052083
0.0513151
0.0538953
0.0532956
0.0612338
0.0609274
0.0573151
0.0522091
0.0546499
0.0515455
0.0513156
0.0557314
0.061083
0.0612064
0.0659988
0.0591209
0.0512585
0.0522827
0.0550799
0.0514103
0.0521526
0.0512756
0.0517089
0.0514835
0.0511584
0.0585721
0.0516456
0.0513138
0.0592315
0.0583022
0.0512036
0.0513136
0.0510469
0.0516955
0.0520371
0.0518299
0.0517649
0.0528004
0.0709719
0.0616644
0.0612809
0.0553096
0.0515595
0.0539427
0.053143
0.053812
0.0526832
0.0612055
0.0607128
0.0613675
0.0522677
0.0509648
0.0515765
0.0519184
0.0513162
0.0568726
0.0620927
0.0525468
0.0510388
0.0516139
0.05678
0.0518508
0.0513338
0.0583304
0.052034
0.0514296
0.0508877
0.0610623
0.0603197
0.0513751
0.0518203
0.0534266
0.0548888
0.0530941
0.0516526
0.0520429
0.0516883
0.051214
0.0612402
0.0524339
0.0527554
0.0516814
0.0556653
0.0515686
0.0512465
0.0569353
0.0529796
0.0543919
0.0513755
0.0553127
0.0585794
0.051865
0.0526443
0.050952
0.0575552
0.053684
0.0537487
0.0580264
0.0542668
0.0515086
0.0531789
0.0517366
0.0523051
0.0532106
0.0526519
0.0551571
0.0521222
0.0520852
0.0524495
0.0532199
0.0562486
0.0544385
0.0525458
0.0514458
0.0510786
0.0516959
0.0510516
0.0510339
0.0550707
0.0509822
0.0526989
0.0511467
0.0513112
0.0572977
0.0513065
0.0511753
0.0601102
0.054829
0.0519567
0.0512403
0.0550863
0.0510452
0.0512856
0.0509064
0.0519362
0.0514327
0.0522351
0.0522313
0.0585958
0.0521025
0.0515663
0.0513594
0.051642
0.0512771
0.0513467
0.0575614
0.0511353
0.0514913
0.0518147
0.0571844
0.0517312
0.0510553
0.052043
0.0517619
0.0515985
0.0534198
0.0521932
0.0522299
0.0551629
0.0608325
0.0514993
0.0514171
0.0530303
0.062217
0.0515585
0.0521317
0.061909
0.0574445
0.0511721
0.0540579
0.0552785
0.0669858
0.0521854
0.0517004
0.0510482
0.0614732
0.0662748
0.051891
0.0511578
0.0510751
0.0513331
0.0509397
0.0516494
0.0576386
0.0520684
0.052019
0.0512624
0.0554083
0.0682761
0.052638
0.0512683
0.050872
0.0619501
0.0576326
0.0519343
0.0531119
0.0518153
0.0547136
0.0674202
0.0545093
0.0525536
0.052071
0.0571941
0.0527669
0.052587
0.0548944
0.055508
0.0515294
0.0516406
0.0568548
0.0518273
0.0521263
0.0515099
0.0626471
0.0543779
0.0525275
0.0573884
0.0524173
0.052069
0.0522944
0.053389
0.051826
0.0514731
0.058303
0.0528481
0.0585062
0.0515315
0.0514016
0.0517477
0.0520051
0.0523396
0.051436
0.0509444
0.0553574
0.0517481
0.0521453
0.0521652
0.0571531
0.052828
0.0531731
0.0544143
0.0545225
0.0516393
0.0514597
0.0597835
0.0512897
0.0517458
0.0519317
0.0517098
0.0515754
0.051209
0.054726
0.0511437
0.0515113
0.0515734
0.0570386
0.0534622
0.053801
0.0533088
0.0523033
0.0519186
0.0604835
0.0516276
0.0515645
0.0514167
0.051833
0.0669867
0.0529966
0.0513546
0.0510506
0.0564881
0.0511917
0.0516859
0.0508912
0.0613457
0.0637097
0.052185
0.0615986
0.0588638
0.0513704
0.0511016
0.0650417
0.0598885
0.0525288
0.0531796
0.0509898
0.061568
0.0632274
0.068405
0.0619154
0.0580908
0.0525992
0.0530891
0.0689326
0.061023
0.0597816
0.0539889
0.0533018
0.0652691
0.0527686
0.0530804
0.0614744
0.063263
0.0689364
0.060897
0.0608703
0.0533194
0.0526828
0.0513438
0.0607216
0.0617767
0.0612707
0.057465
0.0530245
0.0511248
0.0517625
0.0590931
0.061147
0.0612532
0.0568873
0.0537514
0.0514661
0.0513341
0.0614937
0.0612442
0.0603339
0.0523315
0.0513789
0.0541112
0.0681817
0.0622183
0.0612545
0.0517532
0.0525315
0.0511861
0.0520212
0.051326
0.0587654
0.0525796
0.0526782
0.0513638
0.0518059
0.0516493
0.0520169
0.0591955
0.0538266
0.0517447
0.0522804
0.0510402
0.0523213
0.0515051
0.0512818
0.0523592
0.0517732
0.0515942
0.0599687
0.0611284
0.0519877
0.0521987
0.0522883
0.053937
0.0640257
0.0744171
0.0727573
0.0662183
0.0705141
0.0578508
0.0629098
0.0665027
0.0692112
0.0612997
0.0611942
0.0710712
0.0610816
0.0612587
0.0702959
0.0576721
0.0514213
0.0513784
0.0566757
0.0527522
0.0540706
0.0524396
0.0557455
0.0516741
0.0514943
0.0519571
0.055468
0.0520223
0.0519773
0.0524444
0.0597305
0.0573603
0.0525487
0.0636977
0.0522952
0.0513597
0.0616888
0.058278
0.0512121
0.0512697
0.0591997
0.0512688
0.0512571
0.0514362
0.0519878
0.0626387
0.0524972
0.0519824
0.0524445
0.0514651
0.0525918
0.0519924
0.0511597
0.0525129
0.0522642
0.0516004
0.0554173
0.0516439
0.0527265
0.051777
0.0514556
0.0568646
0.0511279
0.0512869
0.0521779
0.0618023
0.0589451
0.0529995
0.055222
0.0518184
0.0514061
0.0513836
0.0518951
0.0599715
0.0607442
0.0611799
0.0539578
0.0584632
0.0630035
0.0665851
0.0694252
0.0621826
0.0628149
0.067734
0.0517591
0.0620897
0.0622972
0.0725683
0.0619442
0.0620632
0.0721439
0.0623439
0.0641561
0.0729263
0.0618356
0.0638474
0.0717282
0.0616923
0.0619146
0.0729188
0.061522
0.0621476
0.0602151
0.052123
0.0628047
0.0620811
0.0617104
0.0722201
0.0617113
0.061985
0.0664158
0.0601456
0.0541525
0.0616371
0.0565627
0.051748
0.0563823
0.0600674
0.051243
0.0512871
0.0628667
0.064004
0.0680933
0.0521032
0.0519408
0.0625594
0.0664529
0.0675064
0.062393
0.0655032
0.0676765
0.0587558
0.0519033
0.0513731
0.0573687
0.057918
0.0514831
0.0515429
0.0609742
0.0604471
0.0548536
0.0512073
0.0524729
0.0517391
0.0510565
0.0514872
0.0554454
0.058963
0.054725
0.051245
0.0618109
0.0529986
0.0511906
0.0511673
0.0618316
0.0551771
0.0515876
0.0513068
0.0516506
0.0632557
0.0682887
0.0721661
0.0545064
0.0522193
0.0538013
0.0514213
0.0618997
0.054289
0.0514333
0.0510155
0.0518942
0.0516695
0.052342
0.0538023
0.0521394
0.0539807
0.0567873
0.0582709
0.0557651
0.0514828
0.0512976
0.0533339
0.0516916
0.0618025
0.0604802
0.052875
0.0518849
0.0564138
0.0523005
0.0522294
0.0623224
0.0590987
0.061244
0.0514975
0.0585512
0.0617313
0.0599893
0.0518443
0.0586794
0.06341
0.0659339
0.0606362
0.059957
0.0676748
0.0598672
0.0600533
0.0586089
0.0635277
0.0669804
0.0613526
0.0551894
0.0536655
0.0568274
0.067635
0.062482
0.0645487
0.0692894
0.0616209
0.0630665
0.0621625
0.0525424
0.0570504
0.0577069
0.061878
0.0723198
0.0618855
0.0619748
0.0699173
0.0637212
0.0617859
0.063629
0.0529394
0.0540625
0.0636757
0.0621993
0.0648241
0.0555227
0.0526962
0.0548294
0.0547409
0.0526014
0.051916
0.0621644
0.0716872
0.0619248
0.0622087
0.0565036
0.0512151
0.051316
0.0601236
0.0535162
0.0520887
0.0512029
0.0514447
0.0519079
0.0599368
0.0562551
0.0526862
0.0516904
0.0518536
0.0533378
0.0515447
0.0510726
0.0521791
0.0530118
0.0515608
0.0519495
0.0509485
0.0519386
0.0528372
0.0515631
0.0516986
0.0514256
0.0710266
0.0539166
0.0529651
0.054166
0.0567821
0.0540022
0.0513629
0.0512607
0.0658134
0.0520401
0.0514606
0.062404
0.0616184
0.068779
0.0638877
0.0560972
0.051804
0.0520562
0.0520756
0.0688117
0.0659805
0.0602308
0.0519057
0.0517956
0.0510638
0.0541233
0.0555248
0.051551
0.0518792
0.058337
0.0618457
0.0621164
0.0609815
0.0509889
0.0557052
0.0527747
0.0516548
0.0511864
0.0518044
0.057616
0.059637
0.0547309
0.0578289
0.0665228
0.0625113
0.0574236
0.0515649
0.0550512
0.0573748
0.0523851
0.0533098
0.0622791
0.0630794
0.0539535
0.0518666
0.0621623
0.0623088
0.0568449
0.0521995
0.0515915
0.0519939
0.0549302
0.060332
0.0513762
0.0511954
0.0623782
0.0623879
0.0668965
0.0523025
0.0520099
0.0625075
0.0622425
0.0628348
0.0519329
0.0531304
0.0557909
0.0514993
0.0524199
0.0623544
0.0553686
0.0529455
0.0560943
0.0556046
0.0572493
0.0515394
0.0551978
0.0514054
0.0514718
0.0619319
0.0728678
0.0589159
0.051347
0.0524454
0.0511875
0.0599657
0.0527618
0.0516742
0.0603335
0.055538
0.0529775
0.05265
0.0600257
0.0519267
0.0532057
0.0532969
0.0539564
0.0517959
0.0525662
0.051342
0.0519088
0.0517158
0.0616354
0.0621979
0.0563582
0.0517998
0.0523976
0.0514962
0.0510707
0.051979
0.0513178
0.0549595
0.0524078
0.0530176
0.0624089
0.0681177
0.0659993
0.0623333
0.0567648
0.0562294
0.0654845
0.0626301
0.0636943
0.0729746
0.0628963
0.0652358
0.0554161
0.0527322
0.0529865
0.0517713
0.0514166
0.0613432
0.0576091
0.0540649
0.054506
0.0519587
0.0517894
0.051353
0.0631293
0.0627317
0.0658276
0.0561501
0.0514566
0.060212
0.0523756
0.051604
0.051569
0.0532416
0.0593827
0.0726607
0.0578478
0.0523433
0.0517012
0.051139
0.0638903
0.0621695
0.0516714
0.0518819
0.0537481
0.0516312
0.0519813
0.0524439
0.051842
0.0526339
0.0520692
0.0513476
0.0522496
0.0513596
0.0646749
0.0523574
0.0521878
0.0645129
0.0567768
0.0515914
0.0522935
0.0737892
0.0626012
0.0621477
0.0729878
0.0625438
0.0631371
0.0728712
0.0627505
0.0623916
0.0731528
0.0628745
0.0641715
0.0703649
0.0549553
0.0513161
0.0610051
0.0688986
0.0552907
0.0522801
0.0638983
0.0651183
0.0712541
0.0627477
0.0665439
0.0696181
0.0600337
0.0549411
0.05257
0.0747066
0.0639932
0.063472
0.0610108
0.0518784
0.0528775
0.05192
0.0514629
0.0515232
0.0513798
0.0625133
0.0651392
0.0521488
0.0528761
0.0546443
0.053424
0.0527688
0.0522434
0.0517866
0.0517972
0.0513789
0.0528558
0.0520427
0.0526045
0.0517188
0.0560983
0.0682078
0.0618945
0.0642628
0.0550262
0.0517983
0.0531537
0.0552916
0.0627154
0.0630308
0.0717361
0.0611354
0.0556458
0.0555308
0.0582668
0.0693713
0.0624526
0.0613242
0.0522633
0.0514153
0.0605874
0.052299
0.0511234
0.0513109
0.0624907
0.0539371
0.0533368
0.0563692
0.0698583
0.0573104
0.0544439
0.0531898
0.0701964
0.064682
0.0542504
0.0518478
0.0513905
0.0671777
0.068428
0.0629189
0.0631033
0.0516573
0.0522217
0.0548043
0.0631958
0.062922
0.07143
0.0644477
0.0570474
0.0532411
0.0509823
0.0514039
0.0512582
0.0520978
0.0620969
0.0512898
0.05223
0.0520112
0.058464
0.0626139
0.0720364
0.0560739
0.0533887
0.0513963
0.052744
0.0530087
0.053375
0.0520343
0.0526389
0.0728863
0.0623021
0.0626787
0.0534613
0.0513854
0.0604749
0.0642262
0.0625969
0.0560508
0.0580194
0.0662369
0.0623987
0.0617454
0.0521469
0.0522694
0.0525235
0.0517857
0.0510324
0.0514767
0.0517918
0.0515324
0.0621955
0.0532591
0.0531233
0.0524264
0.0530924
0.0692464
0.0622424
0.0633647
0.0719143
0.0568087
0.0519084
0.0514868
0.062878
0.0589722
0.0523644
0.051446
0.0572109
0.0626069
0.0623392
0.0546969
0.0516343
0.0517025
0.0528164
0.0518342
0.051528
0.0515821
0.0603107
0.0517955
0.0517049
0.0522692
0.0665109
0.0705633
0.0627062
0.0687113
0.0673239
0.0607642
0.052999
0.0562075
0.0514861
0.0588294
0.0659736
0.0624367
0.0618762
0.0513189
0.0598581
0.0536301
0.0521645
0.0524594
0.0517672
0.0516805
0.0519275
0.0516605
0.0520627
0.0591665
0.0524902
0.0579422
0.0622873
0.052048
0.0517889
0.0554979
0.0520582
0.0515692
0.0520382
0.0642804
0.0518398
0.0520921
0.0513606
0.0574502
0.0568045
0.0531521
0.051918
0.0517131
0.0541679
0.0552142
0.0521904
0.058762
0.0518311
0.053227
0.0518565
0.0558101
0.0517214
0.0516277
0.0512911
0.0564856
0.0515334
0.0519113
0.0525572
0.0520369
0.0538185
0.0524111
0.0546191
0.0562921
0.0531051
0.0530316
0.0523034
0.0519362
0.0536614
0.0518009
0.0523006
0.0525011
0.0526039
0.0521808
0.0526996
0.0528691
0.0610356
0.0535003
0.0521917
0.0524935
0.0568722
0.0537926
0.0520959
0.0572152
0.0525668
0.0523721
0.0525815
0.0516086
0.0555438
0.0556723
0.0525471
0.0516103
0.0706156
0.0649974
0.0626851
0.0748892
0.0626481
0.0623119
0.0717838
0.0609782
0.0564115
0.0517888
0.0519354
0.0516677
0.053719
0.0720409
0.0636968
0.0771811
0.0657565
0.0626706
0.0635885
0.0529875
0.0566857
0.0557358
0.0555504
0.0541228
0.0519085
0.0566808
0.0620782
0.0561389
0.0557525
0.0517501
0.0520359
0.0575018
0.0597235
0.0551505
0.0515105
0.0514235
0.0570423
0.0517917
0.0516977
0.0521302
0.0513022
0.0522383
0.0521788
0.0526814
0.0521852
0.0515358
0.0519861
0.0514247
0.0516679
0.0589759
0.0520216
0.0512913
0.0544286
0.0559127
0.0535112
0.0610171
0.0537381
0.0534057
0.052952
0.0638224
0.054758
0.0600019
0.0513438
0.0521057
0.0513913
0.0528357
0.0553275
0.0517655
0.0514661
0.0562301
0.052071
0.0533953
0.0627289
0.0669376
0.0705936
0.0626813
0.0659909
0.0697789
0.0624909
0.0555026
0.0520365
0.0514417
0.0549175
0.0693762
0.0626405
0.0688926
0.0697356
0.0632941
0.0722514
0.0632011
0.0606147
0.0546207
0.0525538
0.0517316
0.0549758
0.0689388
0.0637412
0.0587385
0.0514343
0.0537399
0.0553738
0.0601831
0.0593612
0.0589648
0.0735216
0.0562055
0.0552574
0.0530126
0.0551354
0.0521219
0.0531742
0.0521807
0.051968
0.0519378
0.0571683
0.0517325
0.0519878
0.0516541
0.063047
0.0558318
0.0520045
0.0524464
0.0512888
0.0517295
0.058382
0.0521367
0.0513812
0.0514515
0.0619683
0.0532042
0.0518027
0.0514165
0.0517026
0.0635268
0.0617299
0.0546892
0.0527909
0.0514158
0.0532001
0.0523869
0.0549979
0.0629188
0.0563254
0.0519359
0.0621266
0.0635503
0.072974
0.0618236
0.0585648
0.0519465
0.0732144
0.0600575
0.0558207
0.0531545
0.070403
0.0663941
0.0628952
0.0542945
0.0716067
0.0635015
0.0586195
0.0718346
0.0624608
0.0580553
0.0520151
0.0600412
0.0531326
0.0540847
0.0515927
0.0515266
0.0564465
0.0516762
0.0535229
0.0525325
0.0554141
0.0517134
0.0517241
0.0740227
0.0626208
0.0627244
0.0731831
0.062385
0.0569233
0.0529994
0.0520636
0.0609128
0.051895
0.0514794
0.0515153
0.0551951
0.0538897
0.0513883
0.0511498
0.0624063
0.0584503
0.051261
0.0587379
0.0520353
0.0531561
0.0530647
0.0531923
0.0525336
0.0512873
0.051507
0.0516939
0.0522335
0.0524964
0.0511006
0.0585163
0.0628583
0.0764699
0.0724051
0.0622763
0.0639606
0.0584346
0.0518274
0.0515912
0.0512197
0.051773
0.0558969
0.052192
0.0527683
0.0511533
0.0515432
0.0521323
0.0516532
0.0515576
0.0515598
0.0521958
0.0516909
0.0516731
0.0570422
0.0525364
0.0518877
0.0556536
0.052903
0.0529264
0.0514701
0.0511772
0.0544871
0.0513802
0.0519341
0.0511941
0.0521017
0.0516034
0.0551814
0.0526106
0.052964
0.0511894
0.0525405
0.0515464
0.0514088
0.0603322
0.0518837
0.0515898
0.0518173
0.0572624
0.0534975
0.0522652
0.0512787
0.0554801
0.0543527
0.0513823
0.0518525
0.0560369
0.0516799
0.0515372
0.0511567
0.0567765
0.051519
0.0515442
0.0566503
0.0523425
0.0511867
0.0513351
0.0538104
0.0516246
0.0527679
0.0514076
0.0513233
0.0580753
0.0533
0.0520891
0.0530965
0.0525875
0.0522845
0.0521386
0.0515878
0.0552196
0.0532525
0.0640467
0.0822893
0.063192
0.0532539
0.051452
0.0573279
0.0519458
0.0511225
0.0567868
0.0532997
0.0563584
0.056158
0.0552988
0.0611503
0.0617776
0.0547595
0.0520057
0.0563816
0.059731
0.0575977
0.0523636
0.0516888
0.0544772
0.0608843
0.0546625
0.0537395
0.0605472
0.058873
0.0560885
0.051734
0.0514467
0.051821
0.066076
0.0593603
0.052896
0.0519568
0.0515691
0.0532331
0.0551966
0.0513741
0.0512492
0.0518818
0.051502
0.0515976
0.05261
0.053369
0.0518848
0.051663
0.0513544
0.0511516
0.0515166
0.0516425
0.0513827
0.0520376
0.0518281
0.0512761
0.052731
0.0517772
0.0517006
0.0519426
0.0514354
0.0514686
0.0514836
0.0514722
0.0520097
0.0528499
0.0538648
0.0527056
0.052929
0.0519895
0.0517392
0.0520537
0.0517586
0.0522786
0.0517419
0.0516503
0.0514884
0.0515829
0.0516753
0.051686
0.0514655
0.0517825
0.0515242
0.051278
0.0523828
0.051586
0.0514766
0.051232
0.0516967
0.0521063
0.0525527
0.051967
0.0516311
0.051497
0.0525555
0.0518342
0.0518222
0.0520349
0.0521177
0.0522063
0.0516956
0.0530204
0.0521426
0.0522821
0.0517016
0.0526051
0.0519457
0.0523531
0.0527921
0.0525159
0.0526827
0.0524537
0.0516993
0.0522179
0.0518382
0.05281
0.0524679
0.0518301
0.0528779
0.0521665
0.0526118
0.0520106
0.0528615
0.0521881
0.0522825
0.0523315
0.0521469
0.05242
0.0537081
0.0513325
0.052181
0.0519505
0.0518816
0.0515038
0.0515965
0.0512894
0.0518291
0.0514015
0.0514647
0.0514228
0.0516328
0.051337
0.0519819
0.0526062
0.0524175
0.0519258
0.0530889
0.05206
0.0521451
0.0519932
0.0523538
0.0517086
0.0519272
0.0516059
0.0518407
0.0513469
0.0512211
0.0515515
0.0516576
0.0518071
0.0526188
0.0523412
0.051962
0.0518108
0.0520999
0.0524781
0.0529547
0.0526918
0.0521729
0.0518128
0.0517702
0.0515862
0.0517704
0.0511144
0.0519362
0.052268
0.0517239
0.0515276
0.0511383
0.0518793
0.0517249
0.052054
0.0521987
0.0518028
0.0522906
0.0518388
0.0516089
0.051632
0.0517188
0.0519903
0.0520889
0.0518067
0.0513328
0.052147
0.0516636
0.0512492
0.0517635
0.0515595
0.0515098
0.0516762
0.051635
0.0514133
0.0516296
0.0521983
0.0518388
0.0516926
0.0514415
0.0515353
0.0514423
0.0514748
0.051243
0.0516358
0.0515312
0.0515532
0.0518244
0.0517881
0.0513757
0.0513172
0.0512005
0.0517097
0.0522405
0.0518758
0.0515868
0.0525195
0.0518237
0.0518722
0.0516923
0.0526361
0.0516033
0.0516675
0.051618
0.051587
0.0514039
0.0515593
0.0511932
0.05131
0.0513186
0.0518305
0.0515601
0.0518695
0.0521203
0.0516865
0.0518579
0.0519519
0.0526535
0.0514849
0.0524843
0.0514375
0.0514454
0.0514108
0.0513272
0.0514865
0.0519144
0.0510997
0.0516916
0.0517272
0.0515304
0.0516085
0.0520219
0.0514598
0.0520052
0.0519749
0.051676
0.0517639
0.0511041
0.0528982
0.0526385
0.0548997
0.0520465
0.0514009
0.051255
0.0513939
0.0514981
0.0514466
0.0512961
0.0515246
0.0513767
0.0517601
0.0515063
0.0512403
0.0515227
0.0518594
0.0516883
0.0516748
0.0516876
0.0515635
0.051592
0.0515461
0.0515668
0.0520365
0.0516047
0.0519626
0.0511911
0.0513507
0.0515417
0.0513834
0.0514029
0.051771
0.0516749
0.0518176
0.0515669
0.052122
0.0518179
0.0514177
0.0516864
0.0519076
0.0515668
0.0520792
0.0514533
0.0514505
0.051505
0.0514656
0.0513554
0.051597
0.0515192
0.0516906
0.0516533
0.0515499
0.0531168
0.0510892
0.0521449
0.0515868
0.05133
0.0524033
0.0521745
0.0514603
0.05305
0.0518493
0.0514968
0.0515652
0.0515381
0.0521209
0.0518782
0.0528799
0.0516968
0.0602614
0.0515139
0.0524918
0.0520758
0.0519592
0.0512664
0.0523302
0.051347
0.0515892
0.0517415
0.0511802
0.0515505
0.0520464
0.0510406
0.051928
0.051495
0.0514919
0.0513745
0.050904
0.051437
0.0516496
0.0518243
0.0519152
0.0513489
0.0515362
0.0520314
0.0515109
0.0511539
0.0528611
0.0517867
0.0522651
0.0528042
0.0521185
0.0524003
0.0516606
0.0516454
0.0510955
0.0513495
0.0525491
0.0514476
0.0525442
0.0523287
0.0518086
0.0522228
0.0513772
0.0512543
0.0513604
0.0516295
0.0519096
0.0516203
0.0516629
0.051196
0.0515838
0.0512555
0.0516907
0.0516841
0.0513354
0.0514024
0.0516855
0.0516067
0.0514944
0.0516188
0.0512602
0.051684
0.0518875
0.0515504
0.0519977
0.0521238
0.0509539
0.0514882
0.052308
0.0514674
0.0513427
0.0511573
0.0513117
0.0518867
0.0516216
0.0531344
0.0521026
0.0523701
0.0518714
0.0518069
0.0508589
0.051324
0.0515996
0.0524543
0.0518428
0.051468
0.0514853
0.051708
0.0517052
0.0513354
0.0512572
0.0513312
0.0509915
0.0513145
0.0518754
0.0516698
0.0520441
0.0517722
0.0522801
0.0515695
0.0521218
0.0517772
0.0511814
0.0523513
0.051563
0.051262
0.0527363
0.0512714
0.0515262
0.0515198
0.0515622
0.0516402
0.0521462
0.0518293
0.0525605
0.0513985
0.0512408
0.0519
0.0518345
0.0516149
0.0515905
0.0515973
0.0511815
0.051303
0.0516262
0.0511305
0.0514
0.0512669
0.0516779
0.0524183
0.0524291
0.0522797
0.0516216
0.051909
0.0527003
0.051263
0.0510696
0.0514685
0.0516015
0.0510285
0.0515506
0.0513133
0.0511294
0.0512441
0.0519583
0.0515499
0.0511361
0.0512332
0.0512416
0.0513503
0.0513424
0.0512967
0.0522708
0.0516615
0.0517782
0.0515747
0.0515672
0.051474
0.0515632
0.0518235
0.0520691
0.0546568
0.0516183
0.0513879
0.0513755
0.0512612
0.0518182
0.0514507
0.0513589
0.05133
0.0512961
0.053601
0.0525474
0.0648605
0.051945
0.0514343
0.0536128
0.0517088
0.0529212
0.0615872
0.060141
0.0700899
0.0638856
0.067915
0.0695521
0.0617581
0.0564371
0.0518248
0.0525156
0.0514631
0.0514564
0.0515449
0.0517809
0.0512519
0.0517338
0.0511755
0.0516218
0.0520276
0.0524445
0.0631315
0.0689169
0.0671583
0.0603008
0.0641945
0.0666845
0.0524634
0.0578832
0.0561267
0.0534871
0.0530085
0.0531209
0.0537407
0.0546511
0.0585532
0.051717
0.0555555
0.0545514
0.0581597
0.0673508
0.0564568
0.061248
0.0607271
0.057553
0.0556024
0.0530281
0.0608462
0.063302
0.0683827
0.0703223
0.0634359
0.0593289
0.0533003
0.0538518
0.0548287
0.0639679
0.0626334
0.0746863
0.063078
0.0658034
0.0692095
0.0590496
0.0538712
0.0623095
0.0730581
0.0634349
0.0576055
0.058156
0.0518635
0.0618874
0.0632586
0.0649097
0.0720297
0.0627592
0.0672494
0.0693599
0.0632001
0.069946
0.0665889
0.0587871
0.053518
0.0727785
0.0649982
0.0626985
0.0748822
0.0627507
0.0641149
0.0680019
0.0570493
0.0573558
0.0594132
0.0639095
0.0551188
0.0632434
0.0627608
0.072121
0.0641508
0.0627971
0.0690286
0.0548538
0.0560916
0.0553024
0.0632108
0.073252
0.0629831
0.0631054
0.0592668
0.0611593
0.0562065
0.0525066
0.0541742
0.0552793
0.0728862
0.0644766
0.0629445
0.0702232
0.0623149
0.0626011
0.0735461
0.0634619
0.063776
0.0736089
0.0628595
0.0570283
0.0548708
0.0518487
0.0568766
0.0533794
0.0550352
0.0599839
0.0515702
0.0561363
0.0512764
0.0583689
0.0659183
0.053406
0.0514566
0.0632359
0.0672271
0.0692673
0.0635066
0.0720311
0.0656115
0.062976
0.0671702
0.063969
0.063317
0.0633777
0.0558607
0.055703
0.0600565
0.0642291
0.0737943
0.0630488
0.0635215
0.0696598
0.0526509
0.0541711
0.0516273
0.0534856
0.0518661
0.0525775
0.0554933
0.0615465
0.0679751
0.062889
0.0704462
0.0660527
0.061765
0.0524593
0.0517962
0.073314
0.0626053
0.0575871
0.0542655
0.0703886
0.0628243
0.0602067
0.061637
0.0597201
0.0632123
0.0628818
0.0747654
0.0630664
0.0635661
0.0721836
0.0615183
0.0526665
0.0676451
0.0727228
0.0805107
0.066743
0.0626473
0.0713807
0.0647681
0.0628858
0.0733453
0.0637323
0.0630151
0.0738165
0.0591493
0.0541236
0.0576437
0.0533701
0.0520541
0.0529022
0.0639909
0.0557085
0.0613035
0.0686178
0.0690279
0.0630598
0.071035
0.0652258
0.0604245
0.0553289
0.0521499
0.0569712
0.0683675
0.0633945
0.0744214
0.0647736
0.0652548
0.0726484
0.0600152
0.0571178
0.0526213
0.0523613
0.0726771
0.0635661
0.0655937
0.0708324
0.0615068
0.0590784
0.0586614
0.0603795
0.0581035
0.0628873
0.0699648
0.0676892
0.062634
0.0589313
0.0658735
0.0629881
0.0644923
0.0600728
0.0557638
0.0641271
0.0627256
0.0538248
0.0738189
0.0637682
0.0697442
0.0676865
0.0628355
0.0554475
0.0544397
0.0524526
0.0637069
0.0612399
0.0579275
0.0521347
0.0593576
0.0546817
0.0546672
0.0512988
0.0618443
0.0629758
0.0741095
0.0629761
0.0635307
0.0657749
0.0556767
0.0512791
0.0539678
0.0535385
0.0610949
0.0603629
0.051692
0.062214
0.0626561
0.062851
0.073785
0.0620402
0.0614052
0.0528544
0.0524591
0.0586191
0.0628883
0.0584535
0.0664874
0.0705348
0.0628913
0.0670162
0.0671296
0.0568356
0.0522447
0.0514123
0.067678
0.0684742
0.0631998
0.0716089
0.0661813
0.0633086
0.0620343
0.0558256
0.0642395
0.062398
0.0706702
0.0658638
0.0633874
0.0726735
0.059006
0.058564
0.0559715
0.0547033
0.071887
0.0627848
0.0651504
0.0669049
0.058358
0.0525598
0.051896
0.0572116
0.0678235
0.0628992
0.0624035
0.0779892
0.0624799
0.0597381
0.0570616
0.0559975
0.0550948
0.0541012
0.0630313
0.0627719
0.0618233
0.0687002
0.0629232
0.0696233
0.0675037
0.0627237
0.0728697
0.0647124
0.0622812
0.0563091
0.0566695
0.05483
0.0550423
0.0565706
0.0546268
0.0568588
0.0520643
0.0573532
0.0706234
0.062745
0.0668958
0.069818
0.065739
0.0741789
0.0635204
0.0612423
0.0519118
0.0520158
0.051826
0.0524516
0.05246
0.0520261
0.0512076
0.0519652
0.0518587
0.0635262
0.0546741
0.0557399
0.0745912
0.0627604
0.0601513
0.0553024
0.051722
0.0535712
0.0680368
0.059292
0.0562232
0.073244
0.0636853
0.0626482
0.0742795
0.0631924
0.0648409
0.0612822
0.0521078
0.0589373
0.0627902
0.067616
0.0597558
0.0561687
0.0557533
0.0568873
0.0530168
0.0566421
0.0535202
0.0533561
0.0531855
0.0636465
0.0631962
0.0697236
0.055499
0.0529976
0.0511227
0.0523525
0.0567942
0.064153
0.0664085
0.0646916
0.0627025
0.073762
0.0631595
0.0563864
0.0543403
0.0585631
0.0686556
0.0630397
0.0704976
0.0663258
0.0633262
0.0732515
0.063803
0.063006
0.0744012
0.0627146
0.0647342
0.0714557
0.0630624
0.0666171
0.057101
0.0608244
0.0557863
0.0544467
0.0595145
0.0551117
0.0589598
0.0661027
0.0545685
0.0524925
0.0535097
0.0520358
0.0528492
0.0730279
0.0638972
0.0698461
0.0689919
0.0631754
0.0721717
0.0589678
0.0556459
0.0528508
0.0581645
0.057268
0.0546908
0.0539426
0.0580411
0.0518358
0.053488
0.0632888
0.0709397
0.0658058
0.0634417
0.073796
0.0628903
0.0625962
0.0598585
0.0613336
0.0560065
0.0522703
0.0531808
0.0640493
0.0718148
0.05509
0.0540524
0.059154
0.0707518
0.0656438
0.0604124
0.0681619
0.0532073
0.0527626
0.0633627
0.0627697
0.0645638
0.0519524
0.0544751
0.0640972
0.0633019
0.0733579
0.0627333
0.0653524
0.0712104
0.0638267
0.0581765
0.0528264
0.0515633
0.0695453
0.0624519
0.0674436
0.069211
0.0631893
0.0639864
0.0667838
0.0618763
0.0614775
0.0605518
0.0646059
0.0626984
0.0676816
0.069928
0.0627587
0.070818
0.0581295
0.0631736
0.0658851
0.0637803
0.051854
0.0557047
0.0551663
0.0551618
0.0542523
0.0660882
0.0650028
0.0630639
0.0694362
0.0652219
0.0555574
0.0639975
0.072758
0.0527884
0.0539834
0.0515312
0.0519821
0.051389
0.0682825
0.0692476
0.0604683
0.0550767
0.0517646
0.0544502
0.0520071
0.0605728
0.0645666
0.0616324
0.0596391
0.0645471
0.063139
0.0618886
0.0588621
0.0692355
0.0630736
0.070331
0.0643022
0.0539139
0.065498
0.0733901
0.0656004
0.0703873
0.0682486
0.0632903
0.0754912
0.0638441
0.0650485
0.0567164
0.0596789
0.058496
0.0597117
0.0571534
0.0536227
0.0601643
0.0661034
0.0625372
0.0660975
0.0524196
0.063413
0.0628749
0.0706159
0.0663655
0.0628516
0.0647982
0.0603057
0.0526306
0.0540204
0.0562414
0.0650109
0.0717606
0.0619601
0.0530652
0.0602008
0.0562817
0.0572151
0.0641035
0.0626077
0.073409
0.0630298
0.0622065
0.0588488
0.052706
0.0615264
0.0531534
0.051479
0.0628264
0.0719538
0.0660071
0.0622713
0.0578919
0.0566636
0.0650579
0.0629853
0.0688974
0.0653513
0.0559338
0.0562109
0.0532223
0.0747565
0.0633046
0.0645679
0.0724178
0.0628618
0.0549151
0.0566183
0.0590303
0.052924
0.0534009
0.0638326
0.0626129
0.0746662
0.0629065
0.0640481
0.0726418
0.0597712
0.0549996
0.055839
0.0645413
0.0664061
0.0630984
0.0720711
0.0637219
0.0572703
0.0515818
0.0535584
0.0643103
0.0627239
0.0638329
0.0703798
0.0686192
0.0632299
0.0728767
0.0642212
0.0627707
0.0673909
0.05868
0.0603803
0.0626626
0.0671971
0.054244
0.0531737
0.0634623
0.0687743
0.067792
0.0627983
0.0708183
0.0655639
0.0602578
0.0529109
0.0583645
0.0558373
0.0557976
0.0568863
0.053211
0.0525195
0.0633631
0.07446
0.0626097
0.0652796
0.0577471
0.0630673
0.0630026
0.0675926
0.0704644
0.0634551
0.0723228
0.0585572
0.0580472
0.0620636
0.0713419
0.0634686
0.063207
0.0660581
0.0585753
0.0570069
0.058427
0.0720654
0.0659952
0.0611619
0.0638632
0.0568085
0.0517624
0.0634485
0.0640575
0.0723832
0.0582237
0.0596801
0.053743
0.0591859
0.0581646
0.0548347
0.063475
0.0636133
0.0732839
0.0631382
0.0667788
0.0613878
0.0629555
0.0619
0.0559241
0.0532585
0.0635322
0.0639704
0.0654673
0.0724715
0.0634494
0.068981
0.0676577
0.0623149
0.0534637
0.052231
0.0581603
0.069421
0.0606669
0.0570127
0.0560696
0.0707465
0.0631475
0.0682273
0.0685374
0.0633926
0.0675749
0.0527663
0.0532038
0.0633632
0.0630329
0.0750809
0.0595693
0.0527159
0.0538634
0.0521735
0.0519913
0.052454
0.0730057
0.0594504
0.0522888
0.0544488
0.0551594
0.0628745
0.060607
0.0561496
0.0570267
0.0581774
0.056119
0.0562626
0.0551202
0.0555291
0.0530103
0.0541188
0.053962
0.0546157
0.0525395
0.0514377
0.0515709
0.066007
0.0609986
0.0515174
0.0521946
0.0566377
0.0624232
0.054246
0.0520867
0.0515195
0.0629757
0.0595365
0.0526337
0.0518755
0.0520025
0.0524373
0.0534632
0.0536429
0.0524414
0.0511202
0.0611403
0.059362
0.0563928
0.0523624
0.0523903
0.0509836
0.0516993
0.0554
0.0522116
0.0514739
0.0518123
0.0597456
0.0546011
0.0566651
0.0561708
0.0624954
0.0530212
0.0515159
0.0517726
0.0623427
0.0619088
0.0577082
0.0513225
0.0522494
0.0535333
0.0577178
0.0537681
0.0525577
0.0513972
0.0514277
0.0519399
0.0516333
0.0518292
0.0516389
0.052562
0.0587628
0.051715
0.0525443
0.0513974
0.0515809
0.0567136
0.0569957
0.0525417
0.0515333
0.0517082
0.0532059
0.0523246
0.0515546
0.0783205
0.0711409
0.0762356
0.0635111
0.066961
0.0690037
0.0526543
0.052628
0.0551524
0.0549064
0.0857803
0.0653077
0.0725532
0.0529379
0.0516791
0.0514585
0.0511694
0.0573862
0.0803821
0.0553319
0.0515639
0.0512558
0.0554689
0.0553668
0.0736209
0.0641565
0.0628226
0.0741557
0.0625722
0.0594369
0.0516636
0.0541288
0.0555825
0.0547289
0.0538985
0.0521107
0.0573893
0.0594053
0.0546088
0.0531629
0.0518785
0.0533416
0.0561435
0.0570187
0.0633033
0.0598862
0.0560603
0.0521157
0.0612717
0.0649906
0.0632656
0.073146
0.063502
0.0656075
0.0640864
0.0513557
0.0518114
0.0583298
0.0624842
0.068576
0.0574272
0.0527189
0.0547941
0.0546682
0.0564046
0.0753931
0.0692808
0.0698329
0.0698393
0.0735744
0.0690824
0.0626262
0.0558586
0.051739
0.0514161
0.0530433
0.0613734
0.0594411
0.0524124
0.0517687
0.057811
0.0516869
0.0522233
0.0513628
0.0516741
0.0574242
0.0515346
0.0516069
0.056725
0.0514132
0.0515171
0.0515931
0.0609251
0.0515111
0.0515698
0.0516005
0.0738384
0.0559604
0.0531312
0.0518211
0.0518775
0.0514415
0.055032
0.0538564
0.0604096
0.0668991
0.0697911
0.0721174
0.0539199
0.0512304
0.0631315
0.0546521
0.0524919
0.0529433
0.0514081
0.0515013
0.0619138
0.0623165
0.064409
0.0752846
0.0648504
0.0702182
0.0599117
0.0540228
0.0516228
0.0533276
0.05159
0.0534439
0.0524155
0.0703497
0.0686938
0.0670662
0.0692983
0.0632455
0.0672179
0.0618137
0.052453
0.0558428
0.0517437
0.0630466
0.066999
0.05282
0.0516505
0.0630766
0.0644637
0.0692549
0.052351
0.0518945
0.0624813
0.0561305
0.0516435
0.0526525
0.0644194
0.0622205
0.0570174
0.065344
0.0597177
0.0527058
0.0612698
0.0626933
0.0713263
0.0638874
0.0628339
0.0635316
0.0524309
0.0512003
0.0544082
0.0514932
0.0548864
0.0590381
0.0654291
0.0788702
0.06939
0.0605174
0.052475
0.0572008
0.0514841
0.0513451
0.0519807
0.0635891
0.073047
0.0641225
0.0664287
0.0611359
0.0538814
0.0524802
0.0547857
0.0625165
0.0716508
0.0640699
0.0613707
0.0658942
0.0669275
0.0624808
0.0701126
0.0666392
0.0622778
0.0611168
0.0535086
0.0517195
0.0533677
0.0518174
0.051652
0.0654944
0.0869291
0.0657868
0.0598655
0.05521
0.0626366
0.0571261
0.0523671
0.0547043
0.0535224
0.0623552
0.0594651
0.0534613
0.0561751
0.0539627
0.0523501
0.0544743
0.0525911
0.0533341
0.0529897
0.052793
0.0525761
0.0520413
0.0516668
0.0590731
0.0527217
0.0532867
0.0520832
0.0525872
0.0517835
0.0517777
0.0709398
0.0657637
0.0626883
0.0710502
0.0648693
0.0621824
0.0565923
0.0610808
0.0628737
0.0558577
0.0543816
0.058678
0.0582776
0.0653316
0.0552216
0.0514757
0.0530694
0.0538054
0.065047
0.0732879
0.0644637
0.0686966
0.0628095
0.0624545
0.069966
0.0569324
0.0548197
0.0511554
0.0619892
0.0701226
0.0628164
0.0525337
0.0628146
0.0715336
0.0640706
0.0625506
0.0528752
0.0514553
0.0559904
0.0683149
0.0536582
0.0518771
0.0518466
0.0624494
0.0605736
0.0512137
0.051646
0.0620841
0.0549879
0.0518068
0.051332
0.0518601
0.0515924
0.0554852
0.0515644
0.0518506
0.0516854
0.0514536
0.0514631
0.0547421
0.0516073
0.0514094
0.0513397
0.0584422
0.0512107
0.0519678
0.051231
0.0531727
0.061928
0.0691205
0.0613965
0.0519924
0.0531278
0.05275
0.0531444
0.0514151
0.0525023
0.0554654
0.0517382
0.0515639
0.0569475
0.0520543
0.0514189
0.0513295
0.053318
0.0513632
0.0516353
0.0516088
0.0513444
0.0570448
0.0515761
0.051109
0.0523732
0.0517197
0.0515776
0.0524341
0.0514367
0.0512531
0.0515185
0.0515035
0.0615478
0.0693527
0.0671415
0.0625277
0.0616532
0.0515135
0.0521889
0.0512944
0.0514896
0.0564665
0.0515637
0.0519543
0.0520555
0.062587
0.0688381
0.0555116
0.0519034
0.0627735
0.0630794
0.0644367
0.0531032
0.0514294
0.0512914
0.0515918
0.0562407
0.0576696
0.055748
0.0705419
0.067596
0.066581
0.06761
0.0622162
0.0586646
0.0566485
0.0514566
0.0513636
0.0624421
0.0624243
0.0626115
0.0724628
0.0628104
0.0643696
0.0602676
0.0537424
0.052005
0.0552662
0.0519461
0.0514287
0.0523972
0.0621718
0.0562702
0.0601711
0.061747
0.0533837
0.0514266
0.0514859
0.0612937
0.052403
0.0582499
0.0527712
0.0532248
0.0520514
0.0518461
0.0512161
0.0520464
0.0512736
0.051989
0.0512906
0.0518785
0.0513207
0.0602386
0.0521746
0.0520192
0.0591318
0.0534278
0.0531487
0.0520115
0.0622524
0.0537916
0.0525699
0.0519084
0.0557674
0.0518838
0.0518566
0.0605654
0.0520912
0.0515223
0.0530965
0.0634591
0.0583255
0.0516623
0.0563846
0.0516348
0.052971
0.0521274
0.0586517
0.0524815
0.0516538
0.0516199
0.0513314
0.0543525
0.0556529
0.0521124
0.0513214
0.0510578
0.051469
0.0513013
0.055139
0.0515389
0.0511059
0.0516829
0.0520753
0.052333
0.0517277
0.0508891
0.0520175
0.0509122
0.054737
0.0513887
0.051198
0.0557573
0.0516767
0.0526582
0.0511275
0.0516724
0.051618
0.0520053
0.0511357
0.051237
0.0511906
0.0514454
0.0519121
0.0513982
0.0512616
0.0511298
0.0511871
0.0514584
0.0513316
0.0511776
0.0511327
0.051248
0.0513383
0.0519531
0.0517476
0.0526264
0.0513321
0.0511047
0.0514013
0.0510704
0.0513093
0.0510076
0.052009
0.051873
0.0515822
0.0513907
0.0516293
0.0514769
0.0512495
0.0511997
0.0514919
0.0512814
0.0518088
0.0520068
0.0515614
0.0513325
0.0514502
0.0512321
0.0512424
0.0514895
0.0513921
0.051739
0.0520047
0.0530113
0.0521626
0.0522078
0.0518196
0.0512496
0.0514873
0.0513851
0.0523041
0.0542832
0.051824
0.0517057
0.0518691
0.0517834
0.0508898
0.0576308
0.0515861
0.0524046
0.0512391
0.0516513
0.0512946
0.0521336
0.0515665
0.0525544
0.0520018
0.051545
0.0547082
0.0590896
0.0521025
0.0518744
0.0515002
0.0626881
0.0556469
0.0522953
0.0519003
0.066205
0.0603545
0.0523783
0.051597
0.0517804
0.0557541
0.0531534
0.0517822
0.0517388
0.0626034
0.0519692
0.0524636
0.0559496
0.0540911
0.0520468
0.0509964
0.0510092
0.0513586
0.051105
0.0619882
0.0566141
0.0514203
0.057055
0.0530304
0.0529742
0.0513514
0.0516364
0.051712
0.0513742
0.0513201
0.0516784
0.0524418
0.0516667
0.0516686
0.0515726
0.0517608
0.0516298
0.0542074
0.0513836
0.0521327
0.0593491
0.0531709
0.0511317
0.0510607
0.0614499
0.0530803
0.051626
0.0516939
0.0514484
0.0532063
0.0551538
0.0525562
0.0514411
0.0511551
0.0515488
0.0523613
0.0528471
0.0519688
0.0515923
0.0569148
0.0513746
0.0532605
0.0516077
0.0517477
0.0612787
0.0532915
0.0527807
0.0561956
0.0555711
0.0539578
0.0522022
0.0523872
0.0512647
0.0518129
0.0593218
0.0571315
0.0514475
0.0517126
0.0510148
0.0514952
0.0520603
0.0522794
0.0527617
0.0516117
0.0518274
0.0514724
0.0512447
0.0577877
0.0543103
0.0527635
0.051371
0.0644504
0.0527583
0.0519982
0.0541269
0.0520731
0.0513939
0.0558696
0.0589397
0.0534931
0.0519131
0.0513251
0.051075
0.0515377
0.0515219
0.0542585
0.0520267
0.0519156
0.0515219
0.0516275
0.0519579
0.051529
0.0605185
0.0516351
0.0517376
0.0513673
0.0519524
0.0561586
0.0547986
0.0514446
0.0512934
0.051074
0.051211
0.0517495
0.0518857
0.0513748
0.0521521
0.052143
0.0520628
0.0522243
0.0528176
0.053102
0.0512897
0.0511977
0.0515762
0.0512672
0.0511549
0.0522862
0.059551
0.0542505
0.0514855
0.0511638
0.0658714
0.0520379
0.051256
0.0515943
0.0516426
0.0534535
0.0522567
0.0519594
0.0515768
0.0511173
0.0576825
0.0512971
0.0511969
0.0513378
0.051982
0.0510749
0.0613602
0.0514825
0.0511299
0.0608575
0.0521438
0.0515961
0.0509136
0.0516557
0.0517525
0.0523875
0.0537088
0.0521554
0.0524827
0.0602087
0.0526939
0.0521062
0.0516926
0.0515458
0.0511288
0.055857
0.0564575
0.051436
0.0517469
0.0518142
0.0536381
0.0640501
0.0783632
0.0517732
0.0525229
0.0512608
0.0516708
0.0521393
0.0513829
0.0510104
0.0519362
0.0522162
0.0509968
0.0513874
0.0517231
0.0517549
0.0519828
0.0519408
0.0518939
0.0510938
0.063819
0.0545523
0.050932
0.0614524
0.0571495
0.0527469
0.0513172
0.0511693
0.0519638
0.0529991
0.0517861
0.0519014
0.0544787
0.0512918
0.0515998
0.063754
0.0563965
0.0520796
0.050959
0.0522067
0.0519467
0.0514774
0.0516599
0.0516986
0.0512188
0.0514233
0.051236
0.051293
0.0514419
0.0512888
0.0515152
0.0517325
0.0513538
0.051572
0.0515329
0.0510978
0.0509837
0.0514716
0.0522396
0.0511616
0.0512552
0.0514297
0.0517428
0.0513045
0.051359
0.0516825
0.0512635
0.0514437
0.0515326
0.0517558
0.0516739
0.0519837
0.0539869
0.0518663
0.0518842
0.0522865
0.0526099
0.0517083
0.0515275
0.0512933
0.0515162
0.0514706
0.0513105
0.0514754
0.051766
0.0530233
0.0519623
0.052473
0.0516142
0.0513995
0.0511199
0.0517147
0.0514043
0.0512732
0.0515504
0.0513656
0.0516081
0.0512295
0.0510376
0.051123
0.0511267
0.0513143
0.0512922
0.0518586
0.0509909
0.0510042
0.0516308
0.051527
0.0514057
0.0518427
0.0516773
0.0516626
0.0519923
0.051353
0.0513056
0.0514955
0.051127
0.0513485
0.0510976
0.0514987
0.0513664
0.050897
0.0513497
0.0511323
0.0513437
0.0518178
0.0514642
0.0515739
0.0516228
0.051739
0.0518895
0.0515783
0.0510881
0.0511176
0.0513289
0.0511682
0.0511449
0.0514322
0.0516287
0.0513065
0.0512088
0.0518951
0.0517694
0.0514143
0.0521905
0.051765
0.0517787
0.0515109
0.0514307
0.051428
0.0515604
0.050927
0.0516605
0.0510585
0.0514997
0.0510295
0.0510259
0.0515272
0.0518157
0.0515445
0.0515215
0.0512581
0.0511983
0.0513861
0.051302
0.0513008
0.0510543
0.0512791
0.0514412
0.0517424
0.0514691
0.0513667
0.0519433
0.0516792
0.0513573
0.0512891
0.0511312
0.0512468
0.0513727
