4.52571
3.97295
4.19321
4.02516
4.13168
4.06337
6.0023
3.96486
4.0218
4.42875
4.23655
4.18153
4.01616
4.21462
4.0621
4.06891
5.33825
4.20407
3.91715
4.05632
4.1417
4.80484
4.57516
4.10399
4.11187
5.606
4.03514
4.30521
4.11945
4.15208
4.06433
3.97432
3.95576
4.13937
5.12241
4.272
6.14608
6.15168
4.13798
6.46692
4.09256
4.06238
4.06791
4.14267
6.47535
4.3675
4.08732
4.24475
3.93679
4.05605
4.02817
4.2882
4.04623
5.97913
4.22067
4.13044
4.22778
4.06936
4.14472
5.88218
4.19052
3.99611
3.98505
4.32875
4.1713
4.05166
4.33362
4.18302
4.2093
3.93278
4.25264
3.98574
4.16214
3.98647
4.15381
3.98272
4.32582
4.3531
4.10743
4.80071
4.0197
5.72563
4.38156
4.54462
4.3631
4.14345
4.12661
4.09739
4.19488
4.10354
4.22941
4.07422
3.92
4.31589
4.07884
4.12061
5.61936
4.26112
4.03885
3.93586
