9.45073
9.80817
9.65221
9.92196
9.39339
9.51837
9.30995
11.9107
9.31094
9.28865
9.35528
9.79996
10.0985
9.27927
9.74897
15.1177
9.87976
9.54937
9.64283
11.3361
9.84609
12.2077
13.2013
9.38056
9.52202
9.62868
10.7348
9.98809
14.682
9.59054
10.5477
9.66424
9.32607
12.9478
9.68533
9.32767
9.44071
12.0535
9.5015
10.011
9.39997
10.6797
12.2164
9.62348
9.61911
9.87251
10.1276
9.49226
9.99511
9.62899
9.64329
9.90224
9.99311
9.56736
12.0874
9.67458
9.70157
9.4343
9.99862
9.5051
9.61631
10.5306
9.4091
9.30233
9.05493
9.45488
9.79682
9.71112
10.1724
9.80217
9.26927
9.25713
9.38087
9.83716
10.0479
9.49011
9.41669
9.58003
10.0667
9.55127
9.70663
9.52987
9.12424
10.4074
9.93613
9.64468
9.56344
10.1532
9.57168
9.40855
10.209
9.71231
9.64749
9.46449
9.6759
9.33818
9.44366
9.35157
9.96872
9.5982
