304.32
293.6
271.913
263.644
273.595
266.464
267.706
266.882
266.967
271.643
270.501
269.751
270.553
269.979
275.87
273.03
269.966
273.341
273.847
266.793
266.885
273.526
275.213
269.617
265.521
269.531
272.908
272.754
270.252
276.461
272.719
267.432
270.621
272.62
266.127
271.758
276.374
305.141
270.301
266.356
264.665
273.27
265.989
267.908
264.259
271.056
264.281
264.185
268.78
266.363
266.769
273.002
265.865
265.117
262.563
264.395
637.019
683.395
588.16
425.576
268.134
280.686
265.461
265.465
267.473
264.448
264.929
268.263
270.343
270.753
277.169
271.834
267.756
269.139
264.381
264.363
264.203
272.793
265.648
262.333
268.695
272.655
297.353
261.894
273.815
269.565
265.759
265.451
273.837
267.911
270.264
266.789
269.256
327.899
268.337
273.434
272.883
272.588
271.423
269.286
