1.32836
1.30251
1.08194
1.13974
1.0627
1.49266
1.12711
1.08041
1.21782
1.02342
1.10021
1.11463
1.09536
1.07485
1.12269
1.19925
1.14437
1.11409
1.05302
1.24113
1.14326
1.11854
1.08046
1.34338
1.08902
1.07489
1.09738
1.09692
1.10539
1.08986
1.13899
1.07113
1.14894
1.08505
1.0536
1.09449
1.05429
1.09592
1.19766
1.17916
1.08157
1.26211
1.12788
1.08859
1.05471
1.04867
1.21323
1.24155
1.10829
1.30602
1.14256
1.12764
1.05898
1.2839
1.0619
1.11565
1.44124
1.20102
1.06221
1.08893
1.092
1.10946
1.10004
1.16466
1.0929
1.07082
1.05105
1.08771
1.06062
1.05111
1.10566
1.06797
1.18877
1.12597
1.14159
1.14738
1.11029
1.08017
1.21742
1.26167
1.07759
1.10102
1.12392
1.07582
1.30384
1.06399
1.2227
1.05474
1.12635
1.1823
1.08779
1.02967
1.04873
1.10529
1.07601
1.09014
1.11243
1.07626
1.08398
1.07954
