12.8333
13.2561
12.8009
13.0582
12.0398
12.6718
13.0419
12.593
12.6545
12.2347
13.0799
12.0613
12.5571
12.6892
12.3153
12.0868
12.4797
15.4262
12.2633
12.4236
14.7415
12.4631
12.792
11.9732
12.5982
12.1617
12.6715
12.5064
15.0533
12.4551
12.3372
12.6133
12.3604
16.7567
13.0367
13.3839
12.7069
13.1844
12.488
13.6031
13.089
11.9971
12.537
12.3062
12.1388
12.7297
12.3248
12.6533
12.4286
12.5392
12.6739
12.9994
12.6973
12.535
12.7588
12.9307
12.3325
13.152
12.0973
12.9028
12.8882
12.5202
12.3769
12.5711
12.003
12.5111
12.1056
13.0141
12.1787
12.6283
12.2449
12.2171
12.1775
12.5143
15.6375
13.0397
12.4612
12.2381
12.3591
12.1871
12.8589
14.87
12.305
17.4105
19.4188
17.4746
15.7522
14.98
14.3403
13.3022
16.5517
15.368
14.4842
14.0277
13.3957
12.6546
12.6793
12.4095
12.2251
12.4508
