9.85201
9.69329
10.107
9.55224
9.93585
10.2905
9.99231
10.3124
10.0302
10.0076
10.1269
9.66183
10.6209
14.8607
9.62356
15.6754
10.068
10.0178
13.9468
9.95541
11.9161
9.47842
10.0197
9.35121
9.54213
9.92204
9.71003
10.3009
9.62803
13.8919
9.65644
12.3528
9.93777
9.65316
11.6224
11.9532
10.9106
9.72397
9.63488
9.79337
9.6967
10.333
9.52372
11.4254
9.59292
9.60586
9.99813
10.1598
10.2659
9.7603
9.391
10.1512
10.3794
9.65568
10.0091
9.86719
9.59122
9.94119
9.37781
9.65302
9.94782
10.6522
9.65711
9.93246
9.94673
9.75073
9.63936
9.87623
9.51299
9.78327
9.67586
9.62679
9.99106
9.61957
9.42342
10.1016
9.44112
9.46806
9.77254
9.95302
9.64918
9.74764
9.7147
9.7385
10.5451
10.4097
10.0257
10.7989
10.1894
9.92657
10.0325
10.4021
10.7186
9.85543
9.95007
10.1073
9.72053
9.50368
9.95642
9.85252
