539.773
554.628
558.542
550
551.149
536.156
458.788
546.903
537.7
529.221
532.988
527.465
528.806
481.016
546.257
526.379
456.819
475.858
546.115
530.624
560.406
575.185
582.819
449.551
533.03
552.558
551.027
547.473
448.529
540.329
409.4
534.778
549.398
451.656
610.74
573.619
627.888
553.376
470.668
621.408
438.312
563.189
519.762
622.536
628.952
596.873
603.38
619.294
593.419
486.583
569.103
552.345
544.56
550.63
552.734
572.763
536.21
563.373
550.288
539.514
552.474
552.039
552.248
550.193
537.295
535.737
550.065
457.614
547.14
525.12
480.778
616.918
547.4
459.457
542.449
535.271
585.879
658.502
561.798
552.938
541.977
535.949
602.392
622.138
596.015
531.46
415.306
524.9
529.351
528.407
452.742
539.131
420.566
537.214
531.265
533.242
546.8
545.203
538.848
439.854
