0.00390343
0.00457152
0.00392219
0.00411908
0.00404645
0.0036854
0.00409023
0.00403664
0.00394963
0.00526365
0.00435629
0.00401314
0.00377542
0.00372258
0.00384256
0.00364161
0.00397444
0.00394293
0.00411935
0.00372216
0.00380274
0.00398753
0.00362782
0.00386442
0.00523251
0.00416989
0.00381779
0.00372587
0.00399533
0.00371306
0.00376204
0.00408071
0.00448255
0.00454286
0.00429049
0.00381292
0.00388216
0.00370905
0.00382903
0.00457169
0.00367641
0.00420073
0.00368574
0.00395067
0.00400793
0.0036964
0.00407914
0.00423486
0.00393853
0.00376213
0.00380174
0.00398678
0.00389171
0.00370211
0.00423089
0.00394685
0.00435477
0.0039648
0.00427738
0.00382543
0.00382122
0.00402475
0.00401158
0.00398832
0.00380258
0.0037793
0.0038571
0.00381855
0.00401417
0.0041601
0.00394597
0.00431219
0.00359329
0.00389296
0.0039705
0.00372926
0.00415499
0.00505811
0.00408565
0.00396711
0.00384055
0.00385562
0.00365996
0.00368651
0.00428857
0.00402696
0.00405786
0.00372586
0.00422154
0.0036482
0.00366902
0.00364553
0.00486663
0.00636995
0.00656776
0.00443186
0.00408215
0.0040324
0.00415505
0.0039298
0.00407669
0.00401471
0.00396107
0.00401031
0.00364519
0.00381196
0.00369117
0.00418179
0.00384397
0.00391706
0.00372191
0.0037506
0.00372047
0.00409878
0.00405102
0.00385956
0.00370324
0.00394429
0.00381298
0.0037234
0.00403447
0.00453052
0.00579485
0.00403175
0.00393782
0.00372154
0.00407112
0.00395908
0.00369018
0.00435837
0.00390552
0.00405766
0.0043345
0.00381599
0.00387043
0.00380237
0.00398101
0.00502867
0.00511144
0.00414925
0.00419477
0.00382251
0.00424345
0.00400596
0.00382787
0.0039205
0.00387327
0.00479043
0.00383478
0.00421395
0.00387698
0.00392796
0.00404187
0.00399326
0.00362542
0.00410229
0.00406664
0.00384499
0.00421158
0.00378133
0.00383423
0.00382102
0.00380703
0.00411355
0.00480086
0.00479839
0.00417197
0.00419194
0.00431562
0.00425001
0.00421024
0.00452623
0.0047478
0.00396672
0.00406385
0.00376267
0.00386439
0.00418377
0.00438258
0.00379191
0.00429698
0.00398928
0.00390643
0.00392208
0.00393947
0.00427592
0.00396363
0.00421221
0.0037607
0.00379066
0.0038204
0.00400696
0.00390514
0.00402785
0.00381947
0.00393123
0.00404934
0.00411828
0.00377332
0.00456315
0.00403762
0.00418507
0.00409998
0.00495251
0.0039098
0.00410814
0.00419464
0.00406858
0.00441901
0.00373395
0.00385713
0.00387126
0.00366222
0.00378482
0.00378488
0.0043367
0.00384105
0.00369638
0.00399203
0.00370338
0.00397006
0.00386749
0.00383682
0.00406989
0.00391161
0.00407844
0.00379151
0.00376973
0.00387535
0.00471862
0.00461029
0.00387881
0.00375194
0.00417118
0.00384485
0.00401609
0.00377762
0.00415608
0.00380699
0.00378242
0.00385274
0.00382933
0.00379427
0.00433175
0.00385982
0.0042287
0.00373474
0.00378195
0.00411287
0.0040908
0.00363465
0.00405924
0.00635157
0.00440315
0.00376107
0.00457185
0.00383105
0.00366912
0.00446232
0.00396056
0.00428039
0.00371176
0.00407623
0.00401576
0.00373493
0.00446731
0.00412181
0.00408287
0.00360412
0.00372325
0.00423209
0.00362851
0.00465703
0.00365622
0.00401288
0.0038839
0.00369485
0.00391742
0.00378972
0.00363881
0.00395516
0.00390021
0.00417376
0.00367216
0.00380421
0.00424322
0.00381243
0.00400826
0.00380521
0.00393314
0.00387689
0.00367007
0.00387447
0.00392429
0.00367408
0.00368356
0.0040223
0.004926
0.00372075
0.00382978
0.00400091
0.00430794
0.00371214
0.00379313
0.00388508
0.00376955
0.00421012
0.00374382
0.00403255
0.00387876
0.00394548
0.00387942
0.00426698
0.0037092
0.00377565
0.00430537
0.0040106
0.00400978
0.00389474
0.00418358
0.00378378
0.00382724
0.00386084
0.00405122
0.00443008
0.00534148
0.00427725
0.00419146
0.00399987
0.00383767
0.00410907
0.00385829
0.00413136
0.00411618
0.00515238
0.0041232
0.00424661
0.00408214
0.00419071
0.0040901
0.00493869
0.00460614
0.00389859
0.00380019
0.00365698
0.00402879
0.0042799
0.00410753
0.00404952
0.00368233
0.00377037
0.00386908
0.00411804
0.00425468
0.00377399
0.00441627
0.00391273
0.0038228
0.00414368
0.00371516
0.00420106
0.0041055
0.00456086
0.00382703
0.00387156
0.00368854
0.00412169
0.00371845
0.0043122
0.00452311
0.00432111
0.00428138
0.00417739
0.00426599
0.00427805
0.00542315
0.00421399
0.00578917
0.00401589
0.00429589
0.00368838
0.00411475
0.00408391
0.00502773
0.0042513
0.00415261
0.00372692
0.00391089
0.00422333
0.00392784
0.00379239
0.00408351
0.00365248
0.00401261
0.00360914
0.00361618
0.00447486
0.00389361
0.00437706
0.00432842
0.00387549
0.00403607
0.00365945
0.00407218
0.0037847
0.00393948
0.00409844
0.00402962
0.00379435
0.00384052
0.00369773
0.00404199
0.00418196
0.00413414
0.00385623
0.00362301
0.00387267
0.00568689
0.00408475
0.00409289
0.00388066
0.00422286
0.00366021
0.00419128
0.00374072
0.00381075
0.00413628
0.00408041
0.00397993
0.00392206
0.00365763
0.00522841
0.00413711
0.00424025
0.00408929
0.00400174
0.00404729
0.00365422
0.00365974
0.00383954
0.00387447
0.0049104
0.00397595
0.00401663
0.003746
0.00391655
0.00375302
0.00414005
0.00379419
0.0044228
0.00386756
0.00403963
0.00417874
0.00445029
0.00398842
0.0036943
0.00429929
0.00384889
0.00384688
0.00399003
0.00381937
0.00383558
0.00375511
0.00389752
0.0042866
0.00384486
0.00403301
0.00412178
0.00392994
0.00399139
0.003676
0.00478249
0.00404916
0.00433264
0.00374339
0.0041734
0.00393636
0.00367879
0.00396218
0.00410258
0.00371879
0.00445769
0.00388705
0.00393357
0.00407927
0.00385267
0.00416085
0.00444623
0.00458544
0.00443504
0.0040477
0.00393627
0.00468239
0.00531306
0.00380901
0.00494769
0.00389356
0.00402484
0.00359833
0.00365262
0.00399342
0.0044932
0.00392711
0.00381674
0.0039055
0.00391914
0.00373662
0.00379506
0.00383795
0.00442997
0.00439223
0.00392113
0.00388059
0.0038371
0.003646
0.00428511
0.00383947
0.00413261
0.00404056
0.0038625
0.00412213
0.00363815
0.0038455
0.00363056
0.00407046
0.00450996
0.00378181
0.0039998
0.00367637
0.0036936
0.00413814
0.00372366
0.00395679
0.00418361
0.00391683
0.00416966
0.00367486
0.00372152
0.00407475
0.00392243
0.00416573
0.00384435
0.00426468
0.003678
0.00373427
0.00397821
0.00395523
0.00556653
0.00378326
0.00407626
0.00384299
0.00391557
0.0041719
0.00392179
0.00387104
0.00365697
0.00389717
0.0037398
0.00373446
0.0042617
0.00479443
0.00401961
0.00392007
0.00387529
0.00373889
0.00371259
0.00422119
0.00422348
0.00435875
0.0038198
0.00385249
0.00387407
0.00380231
0.00405661
0.00373852
0.0042861
0.0039726
0.00398107
0.00377246
0.00390266
0.00369371
0.00384481
0.00400311
0.00423384
0.00394578
0.00385142
0.00395114
0.00395058
0.00381181
0.00385173
0.00491884
0.0041588
0.00408428
0.004585
0.00402382
0.00394474
0.00433584
0.00444178
0.00381496
0.00376468
0.00400573
0.00382552
0.00371171
0.00391085
0.00379519
0.00427521
0.0039261
0.0041397
0.00434083
0.00392678
0.00376077
0.00395066
0.0040187
0.00380984
0.00367358
0.00450229
0.0036673
0.00395201
0.00400794
0.0042319
0.0043278
0.00376107
0.00409051
0.00398746
0.00370786
0.00406102
0.00383113
0.00462636
0.00376609
0.00378159
0.00418787
0.00368204
0.00367377
0.00391239
0.00422161
0.00406015
0.00383507
0.00382509
0.00386538
0.0047302
0.00457795
0.00397084
0.00453042
0.00370245
0.00396126
0.00389691
0.00410527
0.00462688
0.00404768
0.00496916
0.0038559
0.00410632
0.00461385
0.00405004
0.00385865
0.00392291
0.00410543
0.00401645
0.00361259
0.00392735
0.00380507
0.0037026
0.00433379
0.00396664
0.00397947
0.00379554
0.00370838
0.00444038
0.00361156
0.00382242
0.00366766
0.00410965
0.00391126
0.00367065
0.0037909
0.00425141
0.00366288
0.00404777
0.00403754
0.00416687
0.00387858
0.00363111
0.00409778
0.00392994
0.00382565
0.00383099
0.00408003
0.0044933
0.00373343
0.00398662
0.00385616
0.00388775
0.0036997
0.00410137
0.00412488
0.00381135
0.00377412
0.00382494
0.00409984
0.00393422
0.00381296
0.00442374
0.00388132
0.00377272
0.00360381
0.00413253
0.00390736
0.00376282
0.00366861
0.00421416
0.00379843
0.0036823
0.00373252
0.00420968
0.00372112
0.00380616
0.00431038
0.00373475
0.00377546
0.00364895
0.00392344
0.00433097
0.00365303
0.00386403
0.00405969
0.00407369
0.003673
0.00362233
0.00434308
0.00412562
0.00485858
0.0039065
0.00420615
0.00389704
0.00383303
0.00410534
0.00413805
0.00398978
0.00372757
0.00477981
0.00388381
0.0036459
0.00361569
0.00399559
0.00388579
0.00395345
0.00410376
0.00410925
0.00375371
0.00362272
0.00397887
0.00382275
0.00411869
0.00383446
0.00460883
0.00364955
0.00360422
0.00393083
0.00419266
0.00457014
0.00402021
0.00467082
0.00392818
0.0038682
0.00371713
0.00387013
0.00372261
0.00407407
0.00412381
0.00415807
0.00380707
0.00377098
0.0039445
0.00423093
0.00417565
0.00406838
0.00404321
0.00373792
0.00375945
0.00361677
0.00386438
0.00374005
0.00432209
0.0040835
0.00400345
0.00401872
0.00366226
0.00398615
0.00395333
0.0037319
0.00410533
0.00374612
0.00403479
0.00388461
0.00366725
0.00369611
0.00365069
0.00494506
0.00406924
0.00429314
0.00398286
0.00386205
0.00403868
0.003842
0.00390337
0.00390209
0.00408661
0.00416654
0.00407711
0.00391207
0.00388631
0.00368543
0.00396549
0.00400027
0.00438942
0.00395315
0.0037888
0.00383654
0.00365046
0.00378871
0.00439256
0.00398645
0.0041655
0.00404803
0.00390225
0.00382679
0.00374485
0.00391696
0.00411596
0.00391421
0.00396596
0.00360991
0.00391372
0.0037343
0.00368352
0.00410742
0.00421163
0.00380573
0.00415977
0.0036107
0.00379653
0.00395488
0.00372773
0.00413211
0.00392937
0.00417909
0.00372435
0.00386933
0.00377169
0.00369618
0.00380071
0.00490423
0.00389814
0.00373565
0.00369963
0.0038402
0.00366461
0.00359884
0.00416559
0.00419057
0.00396586
0.003878
0.00384304
0.00369008
0.00400402
0.00388498
0.00399655
0.00382004
0.0040132
0.00378297
0.00390538
0.00366463
0.00374617
0.00391584
0.00484968
0.00400191
0.00385863
0.00367873
0.00388014
0.00370515
0.00360567
0.00400819
0.00433533
0.00381398
0.00383811
0.00412632
0.0036869
0.00368031
0.00377567
0.00458192
0.00408028
0.0040255
0.00411215
0.00408258
0.00381978
0.00363898
0.00395801
0.00466352
0.00451005
0.00376808
0.00378989
0.00382454
0.00364921
0.0036423
0.00417659
0.00389318
0.00421792
0.00395162
0.00412881
0.00374163
0.00363741
0.00391183
0.00418721
0.00388229
0.00405837
0.00373067
0.00375463
0.00386116
0.00361065
0.00401498
0.00375256
0.00378789
0.00388644
0.00376414
0.00369788
0.00366837
0.00372163
0.00408674
0.00378088
0.00395471
0.00371868
0.00418432
0.00365589
0.00387497
0.00368755
0.00417817
0.00387161
0.00400751
0.0040078
0.0039348
0.00378727
0.00361632
0.0044779
0.00383334
0.00388961
0.00391819
0.00380168
0.00381144
0.00374532
0.0036757
0.00398956
0.00474481
0.00436857
0.00404796
0.00372291
0.0036545
0.00368939
0.00376691
0.0040044
0.0043628
0.00428136
0.00416976
0.00383256
0.00375264
0.00370428
0.00413774
0.00390107
0.00388453
0.00359454
0.00373823
0.00376325
0.00408961
0.00378683
0.00373843
0.00416287
0.00371154
0.00399826
0.00376523
0.00364046
0.00395493
0.00409208
0.00417521
0.00387328
0.00371818
0.00385673
0.00376351
0.00392164
0.0036946
0.00401063
0.00402002
0.00399184
0.00369328
0.00371633
0.00388574
0.00371623
0.00433266
0.00393081
0.00419476
0.0037196
0.00378646
0.00366125
0.00414577
0.0036173
0.00417197
0.00378569
0.00407973
0.00364871
0.00401554
0.00394574
0.00379156
0.00404917
0.00409403
0.00381557
0.00411135
0.00384237
0.0040193
0.00386023
0.00370124
0.0044102
0.00383978
0.00428273
0.00370162
0.0037667
0.00393225
0.00613439
0.00424648
0.00415162
0.0038152
0.00402571
0.00404024
0.00372658
0.00385068
0.00400699
0.00473017
0.00400005
0.00419175
0.0041699
0.00418717
0.00671432
0.00560557
0.0052212
0.00429037
0.00365774
0.00380747
0.00463208
0.00537208
0.00522478
0.00412633
0.00412733
0.00401438
0.00375166
0.00432182
0.00449806
0.00431825
0.00392181
0.00433227
0.0042088
0.00368257
0.0039015
0.00445464
0.00400287
0.00375239
0.00411835
0.00386523
0.00375704
0.00377652
0.00412735
0.00409516
0.00381148
0.0036465
0.00406716
0.00391241
0.00376395
0.00396043
0.00386822
0.00379225
0.00378128
0.00381613
0.00393331
0.00420112
0.00364608
0.00387929
0.00407073
0.00377275
0.00384894
0.00389263
0.00474028
0.00431412
0.00453999
0.00383148
0.00395166
0.00368544
0.00374376
0.00425589
0.00374462
0.00372051
0.00448099
0.00547864
0.00397595
0.00386107
0.00431114
0.00412072
0.00480334
0.00461055
0.00551251
0.00415456
0.0063384
0.00681392
0.00527606
0.00595892
0.00390727
0.00405565
0.00444302
0.00466762
0.00519437
0.00700515
0.00730965
0.0039239
0.00510196
0.004715
0.00520569
0.00439061
0.00392895
0.00422318
0.0062162
0.00410882
0.00493527
0.00523282
0.00440535
0.00409075
0.00414525
0.00471682
0.00405844
0.0061327
0.00425821
0.00396166
0.00376426
0.00435415
0.00382856
0.00436828
0.00396683
0.00417246
0.00381719
0.00385745
0.00539856
0.0043559
0.0046685
0.00399815
0.0040829
0.00387033
0.0042554
0.00388962
0.00379443
0.00398087
0.00435342
0.00596624
0.00417077
0.00362602
0.00405139
0.00416751
0.00457251
0.00442427
0.00401123
0.00376735
0.00415706
0.00426892
0.00578348
0.00470899
0.00516989
0.00471508
0.00397196
0.00386015
0.00393897
0.00392542
0.00617165
0.00594159
0.00449795
0.00379749
0.00365024
0.00386767
0.00383652
0.00377835
0.00368976
0.00382952
0.00382238
0.00378433
0.00424599
0.00432745
0.00401597
0.00401934
0.00401588
0.00365343
0.00380337
0.00391095
0.00366043
0.00408699
0.00389412
0.00421853
0.00371776
0.00364204
0.00371245
0.00387101
0.00383928
0.00390266
0.00397427
0.00411482
0.00378969
0.00366378
0.00407718
0.00371822
0.00430655
0.00398
0.00377752
0.00385105
0.00376447
0.00384514
0.00374627
0.00378872
0.00410008
0.00384886
0.00419631
0.00390621
0.00368255
0.00372735
0.00376041
0.00397186
0.00394531
0.00390767
0.00391821
0.0038701
0.00362458
0.00411161
0.00395266
0.00404839
0.00416792
0.00396062
0.00361868
0.00383866
0.00364948
0.00395718
0.00378369
0.00408948
0.00449139
0.00386515
0.00395404
0.00368091
0.00366735
0.00409779
0.00389624
0.00477455
0.00392939
0.00417829
0.00440882
0.00568431
0.00386534
0.00439227
0.0048962
0.00476156
0.00413764
0.00384748
0.00425118
0.00396661
0.00414914
0.00428615
0.00374814
0.00381403
0.00383885
0.00404677
0.00370852
0.00371173
0.00384976
0.00459339
0.0038826
0.00388611
0.00361936
0.00389117
0.00377237
0.00367018
0.00442758
0.00395861
0.00406954
0.00388332
0.00377954
0.00365786
0.00368262
0.00455217
0.00535419
0.003886
0.00392465
0.00367751
0.0040508
0.00389822
0.00368216
0.00420347
0.00375182
0.00414163
0.00395383
0.00366541
0.00382348
0.00401005
0.00416806
0.00440715
0.00378441
0.00390745
0.00367439
0.00446761
0.00392097
0.00376757
0.0053021
0.00403105
0.00386192
0.00403041
0.00389645
0.00377262
0.00368806
0.00382275
0.00382145
0.0037714
0.00393984
0.00408356
0.00390275
0.00372101
0.00379554
0.00430269
0.00387735
0.00389003
0.00373459
0.00387633
0.00383466
0.00376498
0.00368897
0.00434702
0.00423581
0.0040658
0.0039087
0.00378692
0.00358555
0.00370664
0.00404613
0.00384911
0.00417134
0.00389046
0.00382511
0.00382643
0.00369615
0.00394106
0.00410335
0.004229
0.0041922
0.00363239
0.00372701
0.0037243
0.0037638
0.00403519
0.00404746
0.00379103
0.00380678
0.00395906
0.0038052
0.0037528
0.00363509
0.00398735
0.00384473
0.00414711
0.00394873
0.00390881
0.00379609
0.00363501
0.00377326
0.00397744
0.00387077
0.00382727
0.0039218
0.00418888
0.00368735
0.00372087
0.00376381
0.0042285
0.00394317
0.00406192
0.00393413
0.00392919
0.00369305
0.00374766
0.00374157
0.00395497
0.00388931
0.00367372
0.00418772
0.00375529
0.00377339
0.00359615
0.00426919
0.0039836
0.00405827
0.00365348
0.00376339
0.00386578
0.00405833
0.00403877
0.0037269
0.00401694
0.00393613
0.00378592
0.00380548
0.00368627
0.00375134
0.00417384
0.00374258
0.00426641
0.00365046
0.00388719
0.00370501
0.0038775
0.00369994
0.00411271
0.00373964
0.004082
0.00369216
0.00376812
0.00368503
0.00421554
0.00416894
0.00434531
0.0040479
0.00371657
0.00447496
0.00379305
0.00418229
0.00396047
0.00382249
0.00403618
0.00381415
0.00391617
0.00443562
0.00376884
0.00417259
0.00421836
0.00400515
0.00385029
0.00380619
0.00365649
0.00366067
0.0037591
0.00386343
0.00445723
0.00401091
0.00400996
0.00371162
0.00367945
0.00391698
0.00397322
0.0040191
0.00412955
0.00371412
0.00438334
0.00380987
0.00392889
0.0039639
0.00364867
0.00465673
0.00371811
0.00396757
0.00397029
0.00383127
0.00395943
0.00394605
0.00443808
0.00388561
0.00386641
0.00393738
0.0040922
0.00370001
0.00376553
0.00385926
0.00404966
0.00388577
0.00385575
0.00461478
0.00403297
0.00367697
0.00395102
0.00404746
0.00414821
0.0037138
0.00389505
0.00398412
0.00374483
0.00376246
0.00369977
0.00423908
0.0038268
0.00400538
0.00387738
0.003878
0.0036904
0.00377367
0.0041589
0.00394168
0.00373273
0.00368169
0.00418073
0.00385138
0.00400007
0.00362348
0.0041648
0.00378771
0.00398503
0.0037513
0.00424449
0.00374887
0.00386085
0.00379968
0.00411027
0.0039366
0.00364284
0.00390452
0.003931
0.00406326
0.00394613
0.00392757
0.00371027
0.00384828
0.00367288
0.00503028
0.00381828
0.00433847
0.00400167
0.00421445
0.00384768
0.0036479
0.00385188
0.00409094
0.00387208
0.00373427
0.00409358
0.0039226
0.00370456
0.00392636
0.0039278
0.00367971
0.00401831
0.00385961
0.00385606
0.00389703
0.0036343
0.00379172
0.00410672
0.00398021
0.00386971
0.00395794
0.00423423
0.00361414
0.00397691
0.00385506
0.0041037
0.00426877
0.00376288
0.00435112
0.0041217
0.00371236
0.00401041
0.0038997
0.00631906
0.00505493
0.00412575
0.00416161
0.00375245
0.0037343
0.00397576
0.00402183
0.0037331
0.00405512
0.00373866
0.0038316
0.00384895
0.00389032
0.00385368
0.00380595
0.00444515
0.00388883
0.00388455
0.00363561
0.00383508
0.00381634
0.0038617
0.00389323
0.00389209
0.00394075
0.00377961
0.00364882
0.00378333
0.00368258
0.00400171
0.00380384
0.00409118
0.00425856
0.00370343
0.00370009
0.00402372
0.00414924
0.00549435
0.00431772
0.00445238
0.00377266
0.0037178
0.00378405
0.00375598
0.00427956
0.00378633
0.0040695
0.00387459
0.00365768
0.00411022
0.00362444
0.00447019
0.00392656
0.00398022
0.00404562
0.00389028
0.00365597
0.00394847
0.00381103
0.00401464
0.00397448
0.00389344
0.00401459
0.00373586
0.00373718
0.00361499
0.00366966
0.00386435
0.0044317
0.00411313
0.0039143
0.00409955
0.00389701
0.00381805
0.00371127
0.0039975
0.00398943
0.00367639
0.00399066
0.00361966
0.00388463
0.00389986
0.00424214
0.00522795
0.00414073
0.00378759
0.00369443
0.0039554
0.00382403
0.00375894
0.00446092
0.00379884
0.00399391
0.00380572
0.00376365
0.00375248
0.00393566
0.00376911
0.00464733
0.00370151
0.00383406
0.00400477
0.00414025
0.00388268
0.00373832
0.00453413
0.00444365
0.00397533
0.00412381
0.0039697
0.00367274
0.00371097
0.00373208
0.00425555
0.00395556
0.0040957
0.00389493
0.00406096
0.00373155
0.0037433
0.00428252
0.00448906
0.00377066
0.00385264
0.0037306
0.00377407
0.00364872
0.00365154
0.00431695
0.00405769
0.00407428
0.00370586
0.00368122
0.00403258
0.00371855
0.0037601
0.00424003
0.00410753
0.0037759
0.00400726
0.00436245
0.00366488
0.00382291
0.00387663
0.00397548
0.00406775
0.00393929
0.00419741
0.00367721
0.00370416
0.00364735
0.00412702
0.00394634
0.00424896
0.00374218
0.00461833
0.00360495
0.00394072
0.0038137
0.00402829
0.00383941
0.00413907
0.00397287
0.00376326
0.00387116
0.00361778
0.00404391
0.00380303
0.00383847
0.00400975
0.00399385
0.00376601
0.00373925
0.00407714
0.00410469
0.00426849
0.00390492
0.00386212
0.00379668
0.00365066
0.00357987
0.00392939
0.00399038
0.00521711
0.00392805
0.00367362
0.00431366
0.00362421
0.00388787
0.0040312
0.00385648
0.00387113
0.00378869
0.00361699
0.00389759
0.00405007
0.00423569
0.00380138
0.00438981
0.00373808
0.00389
0.00366111
0.00403446
0.00397503
0.00383821
0.00383015
0.00385795
0.00374467
0.00379336
0.00386198
0.00386171
0.00417709
0.00389182
0.00394519
0.0037148
0.00395378
0.0036791
0.00381951
0.00384794
0.00416393
0.00395178
0.00390487
0.0036872
0.00399027
0.00374288
0.00415253
0.0039323
0.00370037
0.00389517
0.00410876
0.0038828
0.00368553
0.00471473
0.00386986
0.00409826
0.00383719
0.00362019
0.00434854
0.00393215
0.0038555
0.00385325
0.00415471
0.00395651
0.00375943
0.00376122
0.00386298
0.0036891
0.00411892
0.00372515
0.00400788
0.0038409
0.00381687
0.00377478
0.00386903
0.00365347
0.00382967
0.0037256
0.00419891
0.00390826
0.00394785
0.0038306
0.00385501
0.00385159
0.00387369
0.0040903
0.00449912
0.00387369
0.00368728
0.00428538
0.00378743
0.00391598
0.00375373
0.00377387
0.00384416
0.00375901
0.00400017
0.00413941
0.00376736
0.00387243
0.00395738
0.00411976
0.00404027
0.00367015
0.00390888
0.0040256
0.00387434
0.00384338
0.0044455
0.00400161
0.0036184
0.00368363
0.00432905
0.00371522
0.00389073
0.00375703
0.00386236
0.00390369
0.00373499
0.00364679
0.00447729
0.00484299
0.00373471
0.00423742
0.00398741
0.00378867
0.00416632
0.00422984
0.00392336
0.00378809
0.00418048
0.00407222
0.0039204
0.00369978
0.00364769
0.0043874
0.00417438
0.00389145
0.00394405
0.00369536
0.00394072
0.00386077
0.00445561
0.00389617
0.00389797
0.00428703
0.00398326
0.00369059
0.00368061
0.00367165
0.00435562
0.00380478
0.00373476
0.00517807
0.00424747
0.00365125
0.00379799
0.00378237
0.00394351
0.00383225
0.0039345
0.00381741
0.00377575
0.00382058
0.00415799
0.00404532
0.00394352
0.00384898
0.00432032
0.00394288
0.00382997
0.0037243
0.00395639
0.00439101
0.00434614
0.00407097
0.00417871
0.00373898
0.00372041
0.00382286
0.00387713
0.00400191
0.0038532
0.00416928
0.00385586
0.0038895
0.00373684
0.00415274
0.0045545
0.00410542
0.00375492
0.00392155
0.00380093
0.0038603
0.00392277
0.00387984
0.00378757
0.00412011
0.00451577
0.00398377
0.00377802
0.00368221
0.00414374
0.0037116
0.00472915
0.00397398
0.00396428
0.00383368
0.00368159
0.00394395
0.00382667
0.00393226
0.0043308
0.00389573
0.00400346
0.00359945
0.00363842
0.00406768
0.00381384
0.00415507
0.00395923
0.00410773
0.00406133
0.00359138
0.00377704
0.00380636
0.00392996
0.00410879
0.00374635
0.0042021
0.00378619
0.00375166
0.00391352
0.00365686
0.00395252
0.0040786
0.00383929
0.00398549
0.0037649
0.00379563
0.00374294
0.00376369
0.00437879
0.00491177
0.00430581
0.0039115
0.00380068
0.00368558
0.00396917
0.00398343
0.00406851
0.00412313
0.00409669
0.0036483
0.00405017
0.0037529
0.00377331
0.00380813
0.00406359
0.00395333
0.00374563
0.00362667
0.00394602
0.00387537
0.00372403
0.004266
0.00444261
0.00381709
0.00375308
0.00365539
0.00392979
0.0036695
0.00365173
0.00410592
0.00382281
0.00400754
0.00372225
0.00386224
0.00371095
0.00390486
0.00387555
0.00448015
0.00393218
0.00385685
0.00367455
0.00405519
0.00381485
0.00380285
0.00412866
0.0039774
0.00404581
0.00379399
0.00368593
0.00383587
0.00371999
0.00377164
0.00417155
0.00420783
0.00372144
0.0039388
0.00387013
0.00377402
0.00364955
0.00369634
0.00458925
0.00465573
0.00382998
0.0039548
0.00380321
0.00379795
0.00363599
0.00418343
0.00380626
0.00400669
0.00387885
0.00381749
0.00383677
0.003653
0.00366957
0.00451821
0.00382089
0.00426504
0.00371532
0.00433012
0.00365517
0.00364369
0.00369665
0.00390949
0.00379682
0.00419735
0.00386493
0.00389206
0.00369677
0.00417431
0.00405376
0.00414864
0.00397406
0.00388569
0.00440636
0.00369511
0.00376154
0.00373354
0.0039807
0.00435233
0.0038941
0.00411583
0.00377215
0.00371894
0.00380501
0.00373826
0.00384466
0.00376667
0.0042056
0.00413344
0.00395352
0.00375058
0.003772
0.00402325
0.00385832
0.00405747
0.00394727
0.00399413
0.00377331
0.00379141
0.00387704
0.00396872
0.00370029
0.00445956
0.00418841
0.00372115
0.00369552
0.0036907
0.0040947
0.00386648
0.00397473
0.00384046
0.00391046
0.00378412
0.00373443
0.00381833
0.00381347
0.0039521
0.00407648
0.00386509
0.0039642
0.00376631
0.00363988
0.00394172
0.00383378
0.0040831
0.00372241
0.0041402
0.00382226
0.00383951
0.00377585
0.00401679
0.00390824
0.00379232
0.00361603
0.00388346
0.00364045
0.00378758
0.00395158
0.00384111
0.0042033
0.00404947
0.00372733
0.00373739
0.00378008
0.00384829
0.00384796
0.00394414
0.00383705
0.00364812
0.003801
0.00362028
0.00490737
0.00381345
0.0039171
0.00387566
0.00395984
0.00365125
0.00395998
0.00368393
0.00407532
0.00400606
0.00411151
0.00394093
0.00376922
0.00399071
0.00365458
0.00407322
0.00388159
0.00382332
0.00388678
0.00406366
0.00367389
0.00386473
0.00371313
0.00377028
0.0038441
0.00405039
0.0037222
0.00390843
0.00360449
0.00406454
0.00383184
0.00382639
0.00433137
0.00416343
0.00405249
0.0039201
0.00373881
0.00371504
0.00381919
0.00388503
0.00401546
0.0039253
0.00372178
0.00377322
0.00424683
0.00370495
0.00393819
0.00390057
0.00418365
0.00404867
0.0038
0.00405093
0.00378087
0.00373535
0.00431346
0.00418937
0.00381862
0.00390072
0.00396706
0.00402658
0.00372641
0.00388503
0.00381973
0.00394042
0.00395229
0.00380061
0.0041689
0.00373872
0.00416818
0.00372084
0.00399719
0.00430655
0.00387987
0.00407113
0.0040298
0.00367876
0.00387478
0.00425389
0.00378251
0.00394114
0.00396137
0.0038139
0.00367385
0.00394154
0.0037538
0.00405236
0.00394904
0.00372382
0.00422553
0.00392142
0.00378193
0.00387753
0.00433226
0.00371562
0.00375288
0.00368655
0.00377052
0.00375765
0.00391908
0.00373482
0.00467035
0.0040273
0.00378556
0.00377735
0.00404143
0.0040093
0.00389684
0.00377852
0.00375901
0.00373365
0.00385479
0.00382994
0.00429585
0.00361943
0.00383522
0.00418722
0.00376024
0.00388157
0.0038182
0.00409077
0.00391035
0.0046336
0.00382206
0.00440253
0.00389117
0.0038435
0.00367848
0.00391445
0.0037178
0.00380127
0.00420689
0.00372264
0.00382299
0.00368431
0.00381945
0.00409047
0.00392496
0.00373576
0.00464519
0.00390744
0.00387779
0.0035851
0.00391295
0.00388144
0.00383951
0.00444443
0.00384714
0.00389758
0.00411164
0.00412316
0.00416481
0.00389056
0.00377755
0.00370381
0.00393137
0.00400682
0.00385681
0.00385435
0.00382713
0.00385142
0.00387498
0.00380845
0.00376059
0.00380122
0.0038368
0.00401424
0.00378816
0.0036938
0.00387915
0.00394185
0.00379788
0.00373909
0.00402043
0.00387387
0.00397254
0.00387682
0.00404938
0.0040597
0.00423103
0.00371461
0.00486141
0.00430538
0.0037374
0.00452155
0.00428163
0.00367432
0.00396937
0.00406998
0.00574567
0.00424368
0.00584696
0.00411926
0.00406191
0.00430745
0.00395615
0.00439169
0.00458921
0.00418111
0.00386307
0.0036287
0.00398589
0.00459304
0.00458647
0.00389672
0.00434814
0.0038237
0.00392373
0.00389175
0.00384563
0.00412863
0.00446542
0.00425656
0.00412645
0.00388473
0.00375179
0.00456319
0.00416613
0.00379597
0.00370446
0.00407828
0.00370314
0.00378021
0.00410941
0.00389837
0.00494024
0.00377889
0.00402286
0.00375721
0.00366948
0.00382211
0.00400851
0.00413275
0.00380862
0.0040975
0.00445535
0.00372148
0.00369847
0.004672
0.00384156
0.00447027
0.00371206
0.0041386
0.00367625
0.00365816
0.00399214
0.00391199
0.00423095
0.00401195
0.00399052
0.00436756
0.00359177
0.00365303
0.00384574
0.00369929
0.00405677
0.00431933
0.00473433
0.00394571
0.00377868
0.00424888
0.00378254
0.00413907
0.00460064
0.00385684
0.004156
0.00398851
0.0039379
0.0040713
0.00377957
0.00424589
0.00392027
0.00395562
0.00419067
0.00362859
0.0038984
0.00380336
0.00408855
0.00555052
0.00414459
0.00384966
0.00378784
0.0037833
0.00375185
0.00382048
0.00402312
0.00381826
0.004798
0.00457273
0.00377907
0.0037795
0.00397225
0.00420092
0.00449494
0.00415951
0.0043171
0.00421384
0.00399227
0.00387232
0.00453652
0.00501527
0.00437065
0.00398022
0.00389219
0.00411796
0.00372536
0.00410546
0.00426624
0.00411334
0.00397037
0.00384362
0.00441428
0.00394855
0.0037604
0.00445682
0.00402791
0.0037571
0.00408253
0.00391982
0.00379933
0.00368262
0.0046628
0.00505994
0.00446514
0.00386863
0.00413152
0.0038914
0.0039154
0.00426204
0.00396973
0.00391498
0.00398985
0.00415108
0.00415298
0.00383066
0.00391039
0.00424134
0.00462921
0.00382291
0.00378821
0.00398522
0.00383143
0.00413622
0.00425411
0.00398242
0.00465457
0.00385525
0.00485421
0.00405108
0.00378197
0.00421026
0.00379375
0.00402733
0.00388474
0.004445
0.00389718
0.00405436
0.00374536
0.00422078
0.00380273
0.00426188
0.00391157
0.00394151
0.00369686
0.00372393
0.00434943
0.00420588
0.00409376
0.00389907
0.00421199
0.00369517
0.00371332
0.00374873
0.00401051
0.0039198
0.00445849
0.00431999
0.00577367
0.00373593
0.0040175
0.00457121
0.00470299
0.00491571
0.00398722
0.00471916
0.00565265
0.00432126
0.0042838
0.00433428
0.00384049
0.00368412
0.00390887
0.00376232
0.00374015
0.00403514
0.00397093
0.00390198
0.00407128
0.00426335
0.00371576
0.00387448
0.00399904
0.00411997
0.00393391
0.00401176
0.00369449
0.00393503
0.00382735
0.00393284
0.00391353
0.00412179
0.00375384
0.0039405
0.00386587
0.00379575
0.00415011
0.00389978
0.00383159
0.00373919
0.0036721
0.00402613
0.00428813
0.00375986
0.0039673
0.0037724
0.00394945
0.00386242
0.00418935
0.00358729
0.00378196
0.0037973
0.00403389
0.00421636
0.00387238
0.00379364
0.00368567
0.00406958
0.00417867
0.00396698
0.00392744
0.00464078
0.00385198
0.00391297
0.00376378
0.00422533
0.00463164
0.00405311
0.00423689
0.00394083
0.00366657
0.00407127
0.00394419
0.0036781
0.00397373
0.0038615
0.00430933
0.00368652
0.00475417
0.0040028
0.00375379
0.00403037
0.00367383
0.00370589
0.00380431
0.00392496
0.00371596
0.00390984
0.00368756
0.00418944
0.00391854
0.00382169
0.00404135
0.00394278
0.00368823
0.00412307
0.00387531
0.00402976
0.00398949
0.00397711
0.00372927
0.00396288
0.00367045
0.00385399
0.00403335
0.00389657
0.00377691
0.0039116
0.00386879
0.00369171
0.00514812
0.0037522
0.00384727
0.00395027
0.00446546
0.00367419
0.00393638
0.00393442
0.00379831
0.00443273
0.00382118
0.00377605
0.00397194
0.00387162
0.00364758
0.00381618
0.00382846
0.00374995
0.00385818
0.00386674
0.00392021
0.00394856
0.0036805
0.00397706
0.0040201
0.00389814
0.00376016
0.00405391
0.00417681
0.00386416
0.00377466
0.00371454
0.00387744
0.00385065
0.00371511
0.00402105
0.00426843
0.0037048
0.00391669
0.00410001
0.00371236
0.00420735
0.0038579
0.00408764
0.00363609
0.00392773
0.00370342
0.00390834
0.0039139
0.00380984
0.0038127
0.00397795
0.00365312
0.00389571
0.00367039
0.00379962
0.00378274
0.00368317
0.00376172
0.00423388
0.00383071
0.00392879
0.00392656
0.00409837
0.0038577
0.00385485
0.00366244
0.00414517
0.00379158
0.00367562
0.0038929
0.00369998
0.00389486
0.00377383
0.00404036
0.00393894
0.00377553
0.00430409
0.00372788
0.00380665
0.00382389
0.00368954
0.00438787
0.00380806
0.00380346
0.00389973
0.00367802
0.00374471
0.00370766
0.00375492
0.00405566
0.00415081
0.00371816
0.00407777
0.00364108
0.00367434
0.00371077
0.0036748
0.00407558
0.00381895
0.00413739
0.00368574
0.00404975
0.00384127
0.00364872
0.00404335
0.0041039
0.00407476
0.00395125
0.00376999
0.00418141
0.0037398
0.00417833
0.00404092
0.00403711
0.00371809
0.00412868
0.0038114
0.00375068
0.0037046
0.00401336
0.00415067
0.00400312
0.00410802
0.00400533
0.00422412
0.00394457
0.00373317
0.00433076
0.00409497
0.0040722
0.0039353
0.00413703
0.00397948
0.00371358
0.00433141
0.00441892
0.00369763
0.00415844
0.00383018
0.00389296
0.0036521
0.00387917
0.00414043
0.00396857
0.00442997
0.00375085
0.00383942
0.0036393
0.00384407
0.00422247
0.00384863
0.00395447
0.00379811
0.00388452
0.00373913
0.00370011
0.00394937
0.00377929
0.0047606
0.00376204
0.00401417
0.00385495
0.00371449
0.00363137
0.00380917
0.0040601
0.00381307
0.00377943
0.00401363
0.00377125
0.00394797
0.00368141
0.00410361
0.00450575
0.00390301
0.0039501
0.00385957
0.00373549
0.00388633
0.00383968
0.00389307
0.00426218
0.00387263
0.0051529
0.00377511
0.00396773
0.00385797
0.00392422
0.00385413
0.00385349
0.00406152
0.00385927
0.00395557
0.00367814
0.00391176
0.00385653
0.00406415
0.00392715
0.0040062
0.00427594
0.00381715
0.00380548
0.00378553
0.00399475
0.00389288
0.00403794
0.00382703
0.00363908
0.00368153
0.00375445
0.00366115
0.00383523
0.00415123
0.00380011
0.00392088
0.00374451
0.00380115
0.00421659
0.00375223
0.00402987
0.00384467
0.00422014
0.00377407
0.00362699
0.00368568
0.00379129
0.0042935
0.00378451
0.0037779
0.00412376
0.00368004
0.00384288
0.00379005
0.00391495
0.00388715
0.00418154
0.00396389
0.00388051
0.00415281
0.00365753
0.00409475
0.0040189
0.0039043
0.0041307
0.0040321
0.00381416
0.0037192
0.00378517
0.00384747
0.00368557
0.00522317
0.00378588
0.00402077
0.00379233
0.00377859
0.00436235
0.00361211
0.00380357
0.00428619
0.00396929
0.00381221
0.00362884
0.00397644
0.00381998
0.00378555
0.00424245
0.00377813
0.0043319
0.00380317
0.00367473
0.00426555
0.00372597
0.00392802
0.00398224
0.00410431
0.00411284
0.0036903
0.00402819
0.00380511
0.00379552
0.00416027
0.00376102
0.00467592
0.0038921
0.00406042
0.00398038
0.00386238
0.00452185
0.0045919
0.00428967
0.00376855
0.00382664
0.00374908
0.00405348
0.00376331
0.00484027
0.00507896
0.00789743
0.00642064
0.00404967
0.00749206
0.00703477
0.00438085
0.006352
0.00419627
0.00459286
0.00658751
0.0057314
0.00445447
0.00459723
0.00369445
0.00456219
0.00554169
0.00494652
0.00427497
0.0051052
0.00369756
0.00367998
0.00471019
0.00742929
0.00413961
0.00462628
0.00401922
0.00393815
0.00425753
0.00507824
0.00439958
0.00634805
0.00494451
0.00397714
0.00414654
0.00482973
0.00488287
0.00671469
0.00465376
0.00408246
0.00396362
0.00401844
0.00507029
0.00517424
0.00437108
0.00485429
0.00404667
0.00379381
0.00498411
0.00430738
0.00410555
0.00451739
0.00413905
0.00388432
0.00406372
0.0038405
0.00468957
0.00673147
0.00407983
0.00407112
0.00478378
0.00553639
0.00524165
0.00425671
0.00487487
0.00451551
0.00395437
0.00458457
0.00525396
0.00413973
0.00419622
0.00437601
0.00448602
0.00463865
0.00471046
0.00456229
0.00390606
0.00758441
0.00436205
0.00577311
0.00536436
0.00400538
0.00395326
0.00402463
0.00483431
0.00461195
0.00382099
0.00419645
0.00431163
0.00415268
0.00378088
0.00456844
0.00410546
0.00468815
0.00473336
0.0039546
0.00448589
0.00439289
0.00449362
0.00430217
0.00443949
0.00488578
0.00418863
0.00462251
0.00396043
0.00394344
0.00448985
0.00422309
0.00429595
0.00439759
0.00494217
0.00580214
0.00429767
0.00431433
0.00417047
0.00485578
0.00418638
0.00422729
0.00393853
0.00477179
0.004167
0.00402803
0.00435377
0.00476549
0.00387422
0.00414005
0.00419397
0.00409072
0.00460901
0.00451098
0.00397184
0.00407425
0.00466247
0.00422714
0.00405687
0.00396897
0.0044592
0.00473543
0.00424782
0.00387845
0.00469922
0.00428521
0.00421031
0.0040326
0.00424556
0.00400809
0.00460502
0.00439682
0.00502546
0.00431446
0.00483131
0.0039353
0.0044905
0.00378457
0.0053436
0.00415564
0.00417833
0.00445248
0.004358
0.00416241
0.00367794
0.0039422
0.00389207
0.00391934
0.00391094
0.00393782
0.00376335
0.00383653
0.0040612
0.0037018
0.0039007
0.00375922
0.00408838
0.00382053
0.00414816
0.00377455
0.0041023
0.00377938
0.003809
0.00369549
0.00396079
0.00385403
0.00397526
0.00421342
0.00374191
0.00376609
0.00381941
0.00368764
0.00430115
0.00385933
0.00377431
0.00387326
0.00372165
0.00420761
0.00376962
0.0039655
0.00363587
0.00398053
0.00388566
0.00440772
0.00377139
0.00389552
0.00369949
0.0041243
0.00400808
0.00394969
0.00379225
0.00374041
0.00379886
0.00358998
0.00363007
0.00408138
0.00395451
0.00366741
0.00396214
0.00399969
0.00391309
0.00387855
0.00402414
0.00404225
0.00405476
0.00395546
0.00411886
0.0036983
0.00393111
0.00372379
0.00416215
0.00390427
0.00375915
0.00422015
0.00385055
0.00393271
0.0040599
0.003756
0.00415828
0.00375023
0.00387946
0.00400863
0.00384171
0.00380613
0.00363358
0.00414005
0.00388402
0.00388573
0.00381625
0.00392386
0.00417351
0.00371152
0.0036529
0.00391098
0.00378135
0.0038066
0.00388085
0.00384974
0.00436417
0.003662
0.00415475
0.00397122
0.00399739
0.00367335
0.0037766
0.00411291
0.00364336
0.00366792
0.00400834
0.00388757
0.00451232
0.0040002
0.00371969
0.0036813
0.00417251
0.00374647
0.00402771
0.00390674
0.0036149
0.00430319
0.00395956
0.00383293
0.00361695
0.00369012
0.00417632
0.0038666
0.00380238
0.00379139
0.00386701
0.00372016
0.00366055
0.00392641
0.00399058
0.0040069
0.00402232
0.00397708
0.00370141
0.00376345
0.00378277
0.00459708
0.00401954
0.00376679
0.00377265
0.00387379
0.00375705
0.00362526
0.0040454
0.00419892
0.00422301
0.00370285
0.00374423
0.00393669
0.00364619
0.00382365
0.00389606
0.00430794
0.00368518
0.00397917
0.00401315
0.00381787
0.00384761
0.00377149
0.00415814
0.00423428
0.00378838
0.00374987
0.00381315
0.00390796
0.00385477
0.0040601
0.00390095
0.0038359
0.00380888
0.00387269
0.0037421
0.00376048
0.00365375
0.00398186
0.00427
0.00380533
0.00390683
0.00402179
0.00386982
0.00362252
0.00421191
0.00428351
0.00404324
0.00390931
0.0039802
0.00389298
0.00361124
0.00374327
0.00416995
0.00387253
0.00397657
0.00379618
0.00394976
0.00407254
0.00364121
0.00368512
0.00369813
0.00402281
0.00388603
0.00402131
0.00400734
0.00379626
0.00398784
0.00401318
0.00387393
0.00375746
0.00402547
0.00394458
0.00427955
0.00372477
0.00366944
0.00388582
0.00377623
0.00435432
0.00399336
0.00400252
0.00397877
0.00370751
0.00388932
0.00383476
0.00388192
0.00420642
0.00394599
0.00383921
0.00370342
0.00375659
0.0039393
0.0039707
0.00423335
0.00382864
0.00407607
0.0038544
0.00369754
0.00387941
0.00374753
0.00372972
0.00421522
0.00405409
0.00417455
0.00444719
0.00372141
0.00413657
0.00362727
0.00420575
0.0042003
0.00381437
0.00392263
0.00362203
0.00413448
0.00367765
0.0037208
0.00499124
0.00549934
0.00529878
0.00480789
0.00528886
0.00440921
0.00536666
0.00541327
0.005164
0.00393047
0.00412492
0.00403879
0.00392417
0.00494917
0.00393729
0.00425107
0.00390341
0.00392341
0.00379014
0.00374739
0.00545284
0.0060129
0.00423236
0.003781
0.00420976
0.00402529
0.00373306
0.00423427
0.00391755
0.0039828
0.00538734
0.00385681
0.00406556
0.00389591
0.00439829
0.00434374
0.00380307
0.00370814
0.00393463
0.00369481
0.00384649
0.00446393
0.00459118
0.00395574
0.00374134
0.00414725
0.00380391
0.00365124
0.00374124
0.00416955
0.00392809
0.0037948
0.00393197
0.00444726
0.00386134
0.0043859
0.00415107
0.00420454
0.00433512
0.00372934
0.00419354
0.00367392
0.00377336
0.00415131
0.00412325
0.00396192
0.00406743
0.00447729
0.00387763
0.0036549
0.00387137
0.00385484
0.00405013
0.00406029
0.00394529
0.0048111
0.00390814
0.00395288
0.00376347
0.00383533
0.00385891
0.00405759
0.00385098
0.00379433
0.00366935
0.00401763
0.00441815
0.0043259
0.00402238
0.00395597
0.00411525
0.00411283
0.00369536
0.00379537
0.00421192
0.00414013
0.00433783
0.00403652
0.00468347
0.0040155
0.00406332
0.00400893
0.00380532
0.00398164
0.00394404
0.00411249
0.00423877
0.00447675
0.00415543
0.00456599
0.0037775
0.00432669
0.00372335
0.00382357
0.00421115
0.0036512
0.00392246
0.00427241
0.00367171
0.00397999
0.00470191
0.00378307
0.00404589
0.00385401
0.00469622
0.00387758
0.00427615
0.00392339
0.00417979
0.0044431
0.00380115
0.00414703
0.00412522
0.00389126
0.0037046
0.00379901
0.00380705
0.00381827
0.00427337
0.00384965
0.00407184
0.00437086
0.00450117
0.00378808
0.00400721
0.00373105
0.00442593
0.00411665
0.00437633
0.00710995
0.00437629
0.00581856
0.00414033
0.00399425
0.00402536
0.00407958
0.00385738
0.00386913
0.00381773
0.0040258
0.00474197
0.00410268
0.00418485
0.00377649
0.00476714
0.00376966
0.00395271
0.00402301
0.0036833
0.00452443
0.00411919
0.00403037
0.00376874
0.00389773
0.00397065
0.00376962
0.0038696
0.00368118
0.00382479
0.00408049
0.00368177
0.00387645
0.00386152
0.00466732
0.00380972
0.00410666
0.00396179
0.00409644
0.00401599
0.00441547
0.00381536
0.00390268
0.00379488
0.00379103
0.00432972
0.00409653
0.00474503
0.00419719
0.00469818
0.0041829
0.00375672
0.00381802
0.00469514
0.00615211
0.00487808
0.00611319
0.0037828
0.00471846
0.00376183
0.00409483
0.00409485
0.00434285
0.00434423
0.00459364
0.0051264
0.00406129
0.00410626
0.00397176
0.00517553
0.00443661
0.00420134
0.00422195
0.00558019
0.00649291
0.00674256
0.00376002
0.0045441
0.0039901
0.00391365
0.00414887
0.00448077
0.00446221
0.00390016
0.00456552
0.00558139
0.00400113
0.00407886
0.00397521
0.00405988
0.00381025
0.00375572
0.00386696
0.0038802
0.0038326
0.00437124
0.0042206
0.00401833
0.00386657
0.00401782
0.00381332
0.00398659
0.00379525
0.00384905
0.00463183
0.00380576
0.00421786
0.0041227
0.0039163
0.00390736
0.00396757
0.00435357
0.00395819
0.0037577
0.00425929
0.00369449
0.00438389
0.00523362
0.00825319
0.00456243
0.00450021
0.00485624
0.00377582
0.00395749
0.00388907
0.00506709
0.0054433
0.00514467
0.00399268
0.00382384
0.00425533
0.00426311
0.00382651
0.00408978
0.00454775
0.00378016
0.00412521
0.00399071
0.0042185
0.00406456
0.00434411
0.00383603
0.00364551
0.00379621
0.004204
0.00374992
0.00614824
0.00384338
0.00479
0.00385198
0.00380313
0.0039129
0.00409541
0.00445703
0.00372351
0.00425044
0.00391619
0.00409314
0.00393206
0.0040666
0.00439395
0.00386676
0.00482493
0.00381632
0.00359775
0.00367642
0.0039718
0.00417017
0.00456762
0.00391855
0.00447066
0.00379062
0.00383289
0.00394789
0.00369921
0.00422743
0.00378703
0.00433642
0.00409996
0.00385975
0.00388455
0.00394224
0.00430203
0.00416788
0.00384475
0.0040006
0.00366483
0.00415855
0.00396041
0.00365554
0.00467334
0.00413308
0.00518685
0.00414414
0.00391739
0.00399939
0.00366703
0.00412939
0.0038363
0.0042709
0.00377002
0.00395694
0.00400589
0.00379677
0.00383917
0.00416698
0.00388673
0.00425546
0.00392646
0.00385174
0.00411079
0.00374478
0.00446759
0.00413039
0.00465483
0.00379552
0.00387929
0.00391102
0.00370123
0.00369594
0.00409935
0.00414913
0.00382226
0.00375495
0.00370814
0.00391269
0.00364789
0.00386608
0.00460592
0.00387964
0.00408678
0.00374311
0.00411302
0.00370117
0.003652
0.0043276
0.00445527
0.00402045
0.00401934
0.00415132
0.00385717
0.00386926
0.00384873
0.00444815
0.00409915
0.0042346
0.00369496
0.00387476
0.00378129
0.00364129
0.00400391
0.00414887
0.00409797
0.00391938
0.00372609
0.00375292
0.00374683
0.00464483
0.00440763
0.00558107
0.00470463
0.00446349
0.00367326
0.00377749
0.00372677
0.00499337
0.0043125
0.00380484
0.00415379
0.00367561
0.0037323
0.00378273
0.00390461
0.00414358
0.00392163
0.00451381
0.00424716
0.00395952
0.00392786
0.00411141
0.00383782
0.00403266
0.00391433
0.00402864
0.00381319
0.00359006
0.00368651
0.00390546
0.00383863
0.0044478
0.00385413
0.00382976
0.00381723
0.00387167
0.00373806
0.00446985
0.00382628
0.00390141
0.00387017
0.0042595
0.00435847
0.00396355
0.00413147
0.00408533
0.00383334
0.0037611
0.00380511
0.00384523
0.00400595
0.00375166
0.00470718
0.00380612
0.00367949
0.0040567
0.00392261
0.00370065
0.00408266
0.00396073
0.00495716
0.0037667
0.00383019
0.00397915
0.00383074
0.00415858
0.00375145
0.00411612
0.00366455
0.00401501
0.00394255
0.00384937
0.00381083
0.00393726
0.00412907
0.00431292
0.0036808
0.00393313
0.00372391
0.00403844
0.00383577
0.00368395
0.00416371
0.00428694
0.00376304
0.00380415
0.00431434
0.0037049
0.0046485
0.00407736
0.0042972
0.00358778
0.00410112
0.00414871
0.00396158
0.00411801
0.00398013
0.00380061
0.00439181
0.00374013
0.00395364
0.0040393
0.00382192
0.0041898
0.00378098
0.0039121
0.00384644
0.00369447
0.00420961
0.00363715
0.00399053
0.00376792
0.00403108
0.00404716
0.00389875
0.00391343
0.00385972
0.00413501
0.00369111
0.00380159
0.00366511
0.00424115
0.00396063
0.00380597
0.00404636
0.00396758
0.00393459
0.00387027
0.00385385
0.00370103
0.00373618
0.00398112
0.00371751
0.0041753
0.00378656
0.00426578
0.00389904
0.0038654
0.00368072
0.00382586
0.00405675
0.0036519
0.00498089
0.00436239
0.00486468
0.00420029
0.00458949
0.0040721
0.00365736
0.00396855
0.00389688
0.00410474
0.00477374
0.00444403
0.0042423
0.00428961
0.00405937
0.00382747
0.00428181
0.00423293
0.00404867
0.0042571
0.00381029
0.00377077
0.00383494
0.00394482
0.00377134
0.00387184
0.00372316
0.00414863
0.0036483
0.00389546
0.00392284
0.0039592
0.00412082
0.00409921
0.0038363
0.00372433
0.00378919
0.00394324
0.00369787
0.00408162
0.00385545
0.00375372
0.00432338
0.00394965
0.00386016
0.00379087
0.00408989
0.00395454
0.00401678
0.00374174
0.00384169
0.00412488
0.0039321
0.00376367
0.00402378
0.00434165
0.00382644
0.00416532
0.00368743
0.00397418
0.00393073
0.00389469
0.00399189
0.00381053
0.00400204
0.0037732
0.00415028
0.00392406
0.00375231
0.00398341
0.00399987
0.00424634
0.00408405
0.00371555
0.00382699
0.00403664
0.00378591
0.00419352
0.00383671
0.00382577
0.00424268
0.00380474
0.00377969
0.00369008
0.00396804
0.0041745
0.00400863
0.0040755
0.00372136
0.00390927
0.00392866
0.00377643
0.00424548
0.00388624
0.00435139
0.00408908
0.00390018
0.00385963
0.0036779
0.00374208
0.004155
0.00403376
0.00388004
0.00381811
0.00404711
0.00383644
0.00372758
0.00408521
0.00403304
0.00407917
0.00387753
0.00392342
0.00397377
0.00390712
0.00373958
0.00416833
0.00396882
0.00368133
0.00394951
0.00397299
0.00385149
0.00369172
0.00373746
0.00422952
0.00456363
0.00391033
0.00389566
0.00386921
0.00396744
0.00366456
0.00388011
0.00412372
0.00379584
0.00397825
0.00379615
0.00386891
0.00371948
0.00382803
0.00415543
0.00411282
0.0037374
0.00374522
0.00385128
0.00407426
0.00387459
0.0039171
0.0039048
0.00394963
0.0041566
0.00374956
0.00397116
0.00363031
0.00387402
0.00401191
0.00424049
0.00374895
0.00390183
0.00408017
0.00377472
0.0037855
0.00369101
0.00401865
0.00406757
0.00373448
0.00396378
0.00383911
0.00420356
0.00412704
0.00435504
0.00459491
0.00485237
0.00394221
0.00416871
0.00408549
0.00387581
0.00399199
0.004071
0.00413639
0.00377034
0.00427449
0.00387642
0.00399851
0.00379937
0.00383513
0.00416253
0.0037755
0.00404449
0.00378464
0.00374948
0.00365044
0.00390538
0.00381484
0.00457305
0.00396606
0.00400607
0.00382797
0.00375671
0.00372459
0.00382158
0.00420707
0.00383602
0.00400711
0.00382632
0.00385587
0.00379025
0.00421218
0.00386659
0.00432163
0.00362689
0.00412551
0.00400594
0.00369621
0.00365739
0.00399111
0.00384755
0.00465294
0.00428165
0.00392798
0.00380837
0.00395285
0.0038156
0.00383538
0.00402444
0.00365531
0.00444538
0.0038027
0.00390715
0.00366883
0.00393448
0.00430948
0.00420487
0.00383225
0.00401301
0.00377572
0.00376857
0.00372623
0.00397509
0.00405525
0.00390539
0.00417225
0.00392188
0.00366203
0.00388023
0.00390591
0.00370072
0.0040688
0.00379088
0.0043522
0.00370876
0.0036509
0.00373848
0.00371974
0.00375354
0.00456063
0.00368896
0.00399829
0.00384076
0.00380083
0.00402016
0.00363768
0.00411944
0.00442428
0.00414014
0.00393268
0.00392202
0.00381553
0.00370121
0.00395757
0.00431431
0.00388602
0.00394276
0.00375013
0.00386011
0.00421793
0.00376058
0.00383748
0.00391262
0.00430244
0.0040951
0.00363504
0.00379511
0.00409007
0.0038056
0.00405532
0.0041467
0.00397122
0.00372225
0.00404369
0.0036143
0.00366091
0.00369582
0.00394551
0.00500763
0.00395197
0.00429934
0.00365552
0.00376372
0.00382185
0.0036825
0.00404895
0.00387565
0.00397618
0.00388635
0.00408943
0.00373848
0.00365514
0.0040948
0.00465943
0.00382624
0.00420218
0.00404615
0.0039344
0.0037893
0.00373011
0.00424181
0.00382576
0.00436358
0.0038369
0.00382558
0.00387743
0.00380551
0.00376055
0.00386441
0.00385264
0.00388662
0.00374233
0.00396456
0.00361872
0.00398307
0.00376801
0.00496014
0.00507062
0.0051655
0.00435361
0.00412628
0.00389429
0.00457268
0.00402429
0.00372176
0.00385016
0.00388596
0.00368767
0.00409421
0.00444701
0.00375884
0.00397988
0.00378067
0.00403447
0.00414022
0.00403132
0.00398727
0.00391684
0.00392877
0.00382522
0.00382848
0.00393578
0.00372351
0.00369384
0.00402563
0.00400552
0.00367114
0.00370944
0.0038921
0.00463442
0.00369273
0.00376763
0.00405441
0.00403641
0.00371658
0.00364446
0.00390748
0.00361957
0.00426648
0.00374275
0.00383078
0.00376888
0.0036674
0.00373701
0.00442728
0.00373448
0.00378382
0.00397168
0.00387831
0.003816
0.00367745
0.00375546
0.00413338
0.00401977
0.00416207
0.00375635
0.00474653
0.00376671
0.00372206
0.00385559
0.00386378
0.00451285
0.00373359
0.00426358
0.00390689
0.00375453
0.00407402
0.00385181
0.00393723
0.00364715
0.00370976
0.00402714
0.00385799
0.00384253
0.00400633
0.00379244
0.00438945
0.00386378
0.00377685
0.00403331
0.00369856
0.00398895
0.00376841
0.00393532
0.0038138
0.00379548
0.00384563
0.0037765
0.00372599
0.0040172
0.00401666
0.00395427
0.00375654
0.00383921
0.00384036
0.00419055
0.00367791
0.00442471
0.00364999
0.00395422
0.00366891
0.00378259
0.00413911
0.00390049
0.00377545
0.00397517
0.0038281
0.00390388
0.00377151
0.00377729
0.00425999
0.00410859
0.00534937
0.00399628
0.0036709
0.00414053
0.00415196
0.00395802
0.00391838
0.00403481
0.0040395
0.00419031
0.00365098
0.00371824
0.00388852
0.00476011
0.003986
0.00405744
0.0042049
0.0037706
0.00452185
0.00400506
0.00449765
0.00405408
0.00402076
0.00389455
0.00368205
0.00387016
0.00393207
0.00382193
0.00437199
0.00388485
0.00410184
0.00386388
0.00410056
0.00381269
0.00400397
0.00395646
0.00442089
0.00458674
0.00390479
0.00402495
0.00379144
0.00383225
0.00385236
0.00399461
0.00360774
0.00640163
0.00580735
0.00538579
0.00443669
0.0051831
0.00582768
0.00387611
0.00390907
0.00369879
0.00409547
0.00363467
0.00428411
0.00417644
0.00380598
0.00498965
0.00492193
0.00519153
0.00450959
0.00485151
0.0039024
0.00375971
0.00379343
0.00454712
0.00391928
0.00374386
0.00427711
0.00410434
0.00371288
0.00393608
0.00394328
0.00543289
0.00515242
0.0046095
0.00428634
0.00446844
0.00374686
0.00409942
0.00391712
0.00378208
0.00397471
0.00407458
0.00395497
0.00376165
0.00425494
0.00390622
0.00373017
0.00383902
0.00435627
0.00417024
0.00476781
0.00465564
0.00413358
0.00384334
0.00363277
0.00445955
0.00482365
0.00409874
0.00403915
0.00393544
0.00387251
0.00384148
0.00401166
0.00428838
0.00419639
0.00477288
0.00472315
0.00406547
0.00410847
0.00423973
0.0041262
0.00397449
0.00395485
0.00384836
0.00400322
0.00372279
0.00465716
0.00680597
0.00618457
0.00418141
0.0037623
0.00437045
0.00421325
0.00416185
0.0040328
0.00432921
0.00556962
0.00424356
0.00464963
0.00567027
0.00486463
0.00435432
0.00401977
0.00392056
0.00427553
0.00393033
0.00400636
0.00529168
0.00579631
0.00544793
0.00485345
0.00391874
0.00447636
0.0043273
0.0045988
0.00446554
0.00471921
0.00377188
0.00426045
0.00443481
0.00551173
0.00413974
0.00509003
0.00399496
0.00406366
0.00375101
0.00564222
0.00498779
0.00560932
0.00394507
0.00507915
0.00378913
0.00394616
0.00759694
0.00703834
0.00527499
0.00555942
0.00385725
0.00531544
0.00459192
0.00510182
0.0041994
0.00418052
0.00410724
0.00487384
0.0059246
0.00433024
0.00425282
0.00457027
0.00425163
0.00388091
0.00413602
0.00480522
0.00423411
0.00371846
0.00385556
0.00371702
0.00472666
0.00443852
0.00379844
0.004241
0.00402196
0.00429563
0.00386681
0.00370482
0.00391693
0.00436948
0.00382847
0.00401091
0.0036792
0.00398089
0.00371877
0.00385149
0.00402937
0.00438975
0.00408787
0.00398704
0.00367522
0.00424129
0.00366043
0.00380227
0.00436417
0.0038685
0.00395778
0.00379365
0.00435415
0.00362787
0.0037317
0.00414129
0.00446058
0.00432469
0.004482
0.00426695
0.00384915
0.0040254
0.00425506
0.00473612
0.0044489
0.0042348
0.0037591
0.00369399
0.00373793
0.00368041
0.00384919
0.00466675
0.00399096
0.00379226
0.00366427
0.0036438
0.00374442
0.00375144
0.0042209
0.00416444
0.00408178
0.00406566
0.00374002
0.00370229
0.00378974
0.00403195
0.00450564
0.00383619
0.00380153
0.00368849
0.00494609
0.00376441
0.0039007
0.00468809
0.00420538
0.00439619
0.00406824
0.00362337
0.00370188
0.00411762
0.00409121
0.0040868
0.00388828
0.00385132
0.00436769
0.00406447
0.00369727
0.00411955
0.00374056
0.00411263
0.00419441
0.0038583
0.00383184
0.00383937
0.00372974
0.00433398
0.00416682
0.00384228
0.00400167
0.00402324
0.00376733
0.00393125
0.00399131
0.00442096
0.00375526
0.00398216
0.00374547
0.00396181
0.00404899
0.00363569
0.0049128
0.00463506
0.00393889
0.00374371
0.00467952
0.00414155
0.00379842
0.0038617
0.00404276
0.00358677
0.00374213
0.00414592
0.00429266
0.00521377
0.00604586
0.00626676
0.00416535
0.0046517
0.00413866
0.00448766
0.00414801
0.00443636
0.00401442
0.00382097
0.00507514
0.00390059
0.00426848
0.00383013
0.00387969
0.00408948
0.00376232
0.0040363
0.0038643
0.00454221
0.00382339
0.00394353
0.00401752
0.00374761
0.00399167
0.00384558
0.00375313
0.00375944
0.00383944
0.00425772
0.00397458
0.00388457
0.00377546
0.00390518
0.00418604
0.00415374
0.00389508
0.00450086
0.00409355
0.0041192
0.0038223
0.00434293
0.00399364
0.0051893
0.00398371
0.00417888
0.00376297
0.00402871
0.00387813
0.00364607
0.00414474
0.00449315
0.00527222
0.00396989
0.00453457
0.00425934
0.00433092
0.00449122
0.00494239
0.00410494
0.00464936
0.00470666
0.00434831
0.00399164
0.00420567
0.00423917
0.0040746
0.00415248
0.00514851
0.00436125
0.00405262
0.00401072
0.0042455
0.00405398
0.00432763
0.00396711
0.00432074
0.0040758
0.00420422
0.00425836
0.00414027
0.00482915
0.00412291
0.00584203
0.00454614
0.00396862
0.00377795
0.00480534
0.00452202
0.00380754
0.00386512
0.00458835
0.00426665
0.00401506
0.00409257
0.00444897
0.00425644
0.00390984
0.00395363
0.00374176
0.00392413
0.00412732
0.00434245
0.00382457
0.00405017
0.00411827
0.00433388
0.0039818
0.00421092
0.00451323
0.00496013
0.0043001
0.00552354
0.00600392
0.00433225
0.00500803
0.00418662
0.00469757
0.00538525
0.00462762
0.00436605
0.00491226
0.00442994
0.00518118
0.00412915
0.00442476
0.00492365
0.00428254
0.00426889
0.00371961
0.00382361
0.00373907
0.00460885
0.00379689
0.00413647
0.00471451
0.00419704
0.00428801
0.00391901
0.00446701
0.00399412
0.00395266
0.00454481
0.00382727
0.00416723
0.00374023
0.003754
0.00385924
0.0036408
0.00413788
0.00397365
0.00375679
0.00367925
0.00380737
0.00400286
0.00382437
0.00374442
0.00398744
0.00441259
0.00386602
0.00383925
0.003894
0.00378848
0.00407145
0.00382934
0.00398593
0.00392531
0.00394274
0.00368229
0.00394989
0.00380672
0.00381262
0.00399728
0.00434381
0.00383073
0.00378262
0.00383533
0.00377527
0.00406128
0.0036877
0.00420484
0.0038965
0.00398882
0.00389107
0.00375896
0.00380298
0.00387915
0.00423914
0.00412988
0.00394948
0.0038475
0.00389358
0.00391176
0.00366002
0.00376214
0.00394952
0.00380359
0.00394531
0.00383162
0.00395247
0.00396848
0.00408588
0.0037401
0.00408909
0.00381244
0.00371936
0.00386758
0.00389394
0.00370661
0.00381718
0.00408649
0.00380867
0.00466045
0.0036739
0.00388311
0.00377083
0.00379071
0.00400855
0.00403101
0.00413096
0.00392554
0.00402698
0.00396851
0.00402107
0.00377224
0.00380001
0.00397536
0.00413839
0.00385055
0.00408891
0.00388297
0.00391012
0.00378145
0.00368415
0.00388937
0.00394702
0.00392565
0.00429327
0.00414376
0.00379817
0.00367701
0.00376709
0.00385618
0.0039032
0.00388001
0.0040202
0.00373676
0.00365399
0.00396161
0.0036287
0.00396244
0.00420225
0.00379904
0.00390433
0.0037559
0.00392181
0.00386477
0.00366852
0.00428093
0.00367893
0.00449724
0.00387157
0.00386374
0.0041028
0.00376152
0.00416084
0.00398241
0.00382294
0.00392041
0.00381329
0.00391957
0.00386198
0.00367217
0.00425021
0.00387951
0.00416681
0.00415099
0.00377774
0.00431549
0.0041466
0.00478794
0.00426213
0.00391236
0.00401405
0.00409531
0.00394013
0.00381405
0.00391728
0.00384097
0.00431641
0.00433951
0.00396123
0.00362309
0.00391747
0.00363216
0.00379628
0.003829
0.00423641
0.00395677
0.00389776
0.00407252
0.00368116
0.00366535
0.00393356
0.00423335
0.00391578
0.00374523
0.00394959
0.00387639
0.00369683
0.0037009
0.00384771
0.00420674
0.00386002
0.00396299
0.00372796
0.00391115
0.00369015
0.00385233
0.00398591
0.0040438
0.00399029
0.0038952
0.00396603
0.00367537
0.0036597
0.00376593
0.0039937
0.00472073
0.00391551
0.00394299
0.00365579
0.00362135
0.00378651
0.00398937
0.00406555
0.00393033
0.0040194
0.00400032
