1.71809
1.1604
1.14585
1.6814
1.10101
1.84156
1.67697
1.65958
1.37159
1.8042
1.10213
1.13137
1.09542
1.17492
1.09968
1.12549
1.14481
1.17658
1.09725
1.08001
1.12957
1.14363
1.11865
1.12048
1.15267
1.12919
1.19517
1.07243
1.10681
1.081
1.14613
1.10932
1.13522
1.20054
1.17358
1.12177
1.11957
1.10292
1.18244
1.09012
1.19901
1.11265
1.1039
1.11043
1.14951
1.12996
1.11246
1.07088
1.13027
1.15603
1.26212
1.09215
2.10639
1.16618
1.14742
1.14165
1.15618
1.10882
1.12954
1.10072
1.11562
1.16723
1.07275
1.11874
1.12105
1.12092
1.11746
1.69185
1.82554
1.11208
1.0859
1.3689
1.11043
1.08078
1.22527
1.10082
1.13641
1.1391
1.16491
1.11782
2.02876
1.12307
1.11903
1.79839
1.70988
1.06806
1.11279
1.33163
1.1623
1.14489
1.09554
1.1019
1.08613
1.25822
1.22147
1.17829
1.14146
1.20622
1.38163
1.14084
