18.7872
14.9105
15.7453
15.1773
15.4649
15.5846
15.1894
16.124
15.8835
15.1778
14.8541
15.5405
15.4236
15.0441
16.7913
14.9146
15.3809
15.3176
15.6305
16.7158
15.6757
15.876
15.176
16.1802
17.1945
16.8152
15.5443
15.3634
17.7371
17.3723
15.4651
15.421
14.8845
15.3836
19.0331
19.508
15.807
15.8831
15.7317
16.1232
15.9625
15.7133
16.1265
15.9951
15.3317
15.9219
16.6092
15.5164
15.2975
16.2091
15.3196
16.3668
16.1929
16.0979
15.6649
17.0341
15.5963
18.8912
15.7936
15.9375
17.1239
16.0656
17.4563
16.1322
17.435
16.3528
16.2624
17.7581
16.2527
15.0811
15.1237
15.0865
14.853
14.8827
15.4946
15.5817
15.712
17.4597
19.607
15.5738
18.3894
15.1186
15.5416
15.3801
16.1256
15.6962
16.489
15.5413
16.3648
15.6866
20.621
15.3761
16.2931
14.7601
15.1446
15.4742
15.714
15.5306
15.1386
16.129
