2573.2
2600.63
2601.53
2599.92
2625.33
2600
2543.6
2942.02
1993.4
2610.7
2663.23
2274.55
3048.5
3006.81
2992.15
4507.12
3051.93
2767.53
2853.06
2944.32
3119.88
2848.69
2936.98
2433.59
2782.92
3050.13
2959.25
2221.39
2973.43
2959.96
2988.51
2977.6
2561.23
3013.94
2884.18
3048.12
3044.13
2892.18
2984.02
2901.76
3000.64
2999.48
2400.54
2726.42
2691.43
2861.21
2464.14
2755.52
2640.59
1928.39
2671.36
2720.98
2700.41
2682.68
2761.5
2307.98
2477.54
2601.07
2602.52
2591.19
2590.09
2693.36
2585.69
2586.58
2400.53
2434
2373.63
2341.71
2604.93
2603.05
2631.58
1962.1
2584.61
2580.39
2605.93
2599.67
2606.83
2666.88
2635.62
2073.54
2089.32
2218.49
2605.15
2627.96
2594.24
2604.77
2605.77
2671.54
2621.58
2412.07
2613.64
2099.82
2538.58
2586.09
2606.63
2607.64
2592.04
2066.12
2585.41
2625.59
