1.47595
1.38796
1.83539
1.34776
1.37926
1.41535
1.36595
1.39916
1.51949
1.36882
1.37079
1.33771
1.3959
1.40177
1.39693
1.51581
1.46841
1.3787
1.65969
1.40687
1.3702
1.39193
1.4187
1.91289
2.08657
2.00756
1.38692
2.13382
1.38835
1.35113
1.45774
1.45178
1.38722
1.38769
1.45694
1.36838
1.401
1.46677
1.37569
1.36503
1.62996
1.5076
1.45081
1.35914
1.51634
1.36124
1.49064
1.39883
2.11623
1.4094
1.41153
1.4202
1.5003
2.07818
1.38658
1.43854
1.4136
1.44704
1.40886
1.38336
1.49962
1.51977
1.38375
1.3998
1.71389
2.15271
1.45578
1.37472
1.41336
1.36543
1.41717
1.4351
1.42956
1.37355
1.39729
1.38137
1.42874
1.35293
1.47623
1.53481
4.31261
2.04422
1.44386
1.36226
1.38045
1.41166
1.40357
1.86598
1.3756
1.99995
1.41119
1.44711
1.44225
2.20874
2.09152
1.34867
1.37678
1.40678
1.35316
1.34091
