0.0150511
0.0150893
0.0140939
0.0136321
0.013343
0.0145833
0.0138065
0.0137079
0.0141875
0.0132606
0.0145836
0.0145102
0.016809
0.0138381
0.0145201
0.0135529
0.0138642
0.0145003
0.0132777
0.0145388
0.0135986
0.0140844
0.0137625
0.0133116
0.0143507
0.0134251
0.0143456
0.0133353
0.0134475
0.0137423
0.0134331
0.0141745
0.0133167
0.0148293
0.0143646
0.0139659
0.0153344
0.014072
0.0179532
0.0135617
0.0139201
0.0140827
0.0141376
0.0148147
0.0146044
0.0148891
0.0135516
0.0162024
0.0137521
0.0142638
0.0143293
0.0143758
0.0145323
0.0140456
0.0153082
0.0133816
0.0141034
0.0144217
0.0146489
0.0138377
0.0132895
0.0150415
0.0137314
0.015343
0.0144854
0.0144972
0.0137485
0.0137032
0.0139549
0.0137795
0.0145918
0.0139116
0.0143799
0.0137998
0.0138263
0.0156762
0.0132996
0.014857
0.0132589
0.0142865
0.013249
0.0134386
0.0141127
0.013126
0.0146555
0.0154121
0.016877
0.0153492
0.0154541
0.0155173
0.0157661
0.0156101
0.014944
0.0153466
0.0156801
0.0154144
0.0146716
0.0158434
0.0150791
0.013916
0.014263
0.0133286
0.0135274
0.0137801
0.0138547
0.0143811
0.0142181
0.0142312
0.0136846
0.0133088
0.0140445
0.0132791
0.0140922
0.0133145
0.013691
0.0138627
0.0140238
0.0136525
0.0138539
0.0139092
0.0138571
0.013962
0.0138316
0.013823
0.0140733
0.0142359
0.0137687
0.0137283
0.0145312
0.013387
0.0140533
0.0141122
0.0142561
0.0151229
0.0139653
0.0141298
0.014105
0.014007
0.0135032
0.013854
0.0134023
0.0134689
0.0139379
0.0135968
0.0139808
0.0137287
0.0138266
0.0137071
0.0135631
0.0141524
0.0135282
0.0132215
0.0137529
0.0134038
0.014125
0.0136017
0.0138465
0.0134884
0.0139194
0.0133727
0.0136814
0.01411
0.0133724
0.0137117
0.0140296
0.0134618
0.0144398
0.01374
0.0142195
0.0139563
0.0143406
0.0137574
0.0135017
0.0140787
0.0137243
0.0143444
0.0144656
0.0134231
0.013836
0.0132633
0.0139463
0.0140744
0.0147486
0.0136853
0.0135931
0.014343
0.0135126
0.0142188
0.0133689
0.0143838
0.0136581
0.0135088
0.0140185
0.0131508
0.0140881
0.0138417
0.0138177
0.0138125
0.0142974
0.0157434
0.0132768
0.0141861
0.0133597
0.0132238
0.0136651
0.0131372
0.0140962
0.0134798
0.0137386
0.0139282
0.013547
0.0155133
0.0133553
0.0143778
0.0132159
0.0143209
0.0149655
0.0134002
0.0142663
0.0131508
0.0142869
0.0135839
0.0137752
0.0138934
0.0135813
0.0144072
0.0133055
0.0143
0.0137399
0.0133008
0.013667
0.0131546
0.0141344
0.0131316
0.0135584
0.013705
0.0132968
0.0139562
0.0135822
0.0138738
0.0131982
0.0138957
0.0134101
0.0139153
0.0138611
0.0136661
0.0144944
0.0131755
0.0135423
0.0136038
0.0139389
0.0135088
0.0133887
0.0137204
0.0137494
0.0146823
0.0146842
0.0141898
0.0134099
0.0137251
0.013963
0.0137239
0.0136994
0.0136314
0.0133096
0.01358
0.0138129
0.0136642
0.0135091
0.0137852
0.013572
0.0136475
0.0136615
0.0140034
0.0134431
0.0136045
0.0142454
0.0143246
0.0137302
0.0137797
0.0135337
0.0136466
0.0133741
0.0138087
0.0131883
0.0134977
0.0137692
0.0134937
0.0136864
0.0136566
0.0141793
0.0133966
0.0136052
0.0133576
0.0137176
0.013564
0.0133688
0.0136546
0.0135643
0.0136164
0.0136971
0.0134701
0.013737
0.0134375
0.0140852
0.013665
0.0135756
0.0139376
0.0135672
0.0141524
0.0134925
0.0136078
0.0134072
0.0133691
0.0140865
0.0136165
0.0158103
0.0139626
0.0139661
0.0139142
0.0131629
0.0142684
0.0137651
0.013852
0.0135687
0.0144554
0.0160774
0.0158114
0.0150919
0.0136316
0.014048
0.0135335
0.013394
0.0135652
0.0131554
0.0142349
0.0133153
0.013641
0.0145984
0.0145191
0.0145598
0.0130815
0.0142599
0.0136108
0.0140511
0.0136727
0.0155559
0.0154244
0.0136351
0.014788
0.0133176
0.0149334
0.0139075
0.0149575
0.0141966
0.0155842
0.0155334
0.0134721
0.0146993
0.0132422
0.0162206
0.0134836
0.0138488
0.0141706
0.0131935
0.0143537
0.01348
0.0143373
0.0134008
0.0136666
0.0135848
0.0132545
0.0142134
0.0134161
0.0140256
0.0137163
0.0132703
0.0146222
0.0134555
0.0141988
0.0131293
0.0138725
0.0138706
0.0131784
0.0143459
0.0129785
0.0151033
0.0142273
0.0137598
0.0134052
0.0136295
0.0136492
0.013531
0.0135454
0.0133397
0.0137354
0.0137534
0.013658
0.0143614
0.0133195
0.0136352
0.0138189
0.0139201
0.0137794
0.013459
0.017837
0.0159859
0.0150875
0.0142317
0.0146678
0.0137674
0.0138524
0.0134825
0.0143064
0.0133716
0.0142926
0.0139397
0.0138788
0.0146324
0.0136259
0.0140879
0.0136884
0.0137337
0.0145341
0.0141225
0.0136759
0.0137801
0.0143198
0.0136575
0.0135419
0.013549
0.0134595
0.013928
0.0138998
0.0141325
0.0135319
0.0137219
0.0136998
0.0141943
0.0137584
0.013416
0.0138347
0.0137716
0.0133465
0.014314
0.0131689
0.0136933
0.0139097
0.0138489
0.0137884
0.013323
0.0138422
0.0134725
0.0136786
0.0143681
0.0133177
0.0154458
0.0131068
0.0138487
0.013427
0.0134821
0.0137423
0.0130384
0.0142153
0.0131732
0.0147827
0.0136774
0.0137745
0.0137987
0.0135033
0.0141156
0.0133787
0.0136503
0.013798
0.0137701
0.0138017
0.0132113
0.0139626
0.0141346
0.0152723
0.0151655
0.0143756
0.0151887
0.0138754
0.0160962
0.0138064
0.0152806
0.013812
0.0158767
0.0142942
0.014353
0.0152076
0.0132646
0.0143769
0.0139313
0.0151
0.0134637
0.0134257
0.0141981
0.0143209
0.0156657
0.0135926
0.0138461
0.0135459
0.0140324
0.0163852
0.013727
0.0135547
0.0137667
0.0138457
0.0135017
0.014008
0.0138124
0.0139753
0.0136649
0.0141805
0.0142739
0.0134827
0.0136652
0.0132379
0.0133923
0.0133934
0.0140823
0.0136813
0.0136974
0.0140556
0.0134432
0.0139824
0.0135365
0.0137382
0.0136492
0.0139562
0.0133867
0.0139644
0.0138506
0.0137498
0.013477
0.014155
0.0133573
0.0137949
0.0137478
0.0135562
0.0133744
0.0139781
0.0135113
0.0133181
0.0138895
0.0135937
0.0136126
0.0137067
0.0132566
0.0133864
0.0136264
0.0138384
0.0134127
0.013554
0.0133602
0.0136459
0.0135027
0.0138183
0.0138041
0.0137918
0.0137973
0.013803
0.0133592
0.0155495
0.0154899
0.0148958
0.0134479
0.0143712
0.0140561
0.0139034
0.0133128
0.014086
0.013707
0.013832
0.0151638
0.0136752
0.0143898
0.0136074
0.0136481
0.0139141
0.0135755
0.0146477
0.0139211
0.0136201
0.0148431
0.0139103
0.0142873
0.0137248
0.0140082
0.0140249
0.0143135
0.0159927
0.0145372
0.0167634
0.0137489
0.0149831
0.0140814
0.0140577
0.0143878
0.013755
0.0136809
0.0130556
0.0150578
0.0132739
0.0138596
0.0151469
0.0144139
0.0145489
0.0135687
0.0145195
0.0130223
0.0137531
0.01483
0.0140372
0.0163782
0.0165854
0.0198149
0.0144886
0.0164045
0.0140782
0.0142006
0.0136474
0.0140217
0.0135469
0.0139205
0.0140068
0.0132907
0.0138771
0.0130969
0.0149076
0.0132598
0.0137396
0.0155041
0.0133768
0.0143789
0.0135097
0.0139702
0.0133581
0.0145629
0.0140575
0.0133544
0.0138832
0.0143735
0.0138329
0.0133333
0.0142569
0.0141611
0.0139782
0.0140685
0.0136203
0.013933
0.0134242
0.0134568
0.0151421
0.0143531
0.0144409
0.0146363
0.0137054
0.013938
0.0140649
0.0151822
0.0136453
0.014088
0.0151522
0.0137033
0.013922
0.0139064
0.01446
0.0136224
0.0136514
0.0148418
0.0139646
0.0138319
0.0143666
0.0141315
0.0143562
0.0137554
0.0138653
0.0134219
0.0130209
0.0152565
0.0139691
0.0136361
0.0134793
0.015026
0.0137262
0.0131393
0.0156547
0.0143805
0.0136802
0.0139562
0.0160507
0.0136867
0.0131695
0.015556
0.0139575
0.0137959
0.0138644
0.0140674
0.0137774
0.0133392
0.0154967
0.0143067
0.0133966
0.0137112
0.0141305
0.0133757
0.0133451
0.0136545
0.0135646
0.0149456
0.0143121
0.0138803
0.0142235
0.0133895
0.0149104
0.0141103
0.0137023
0.0143975
0.014097
0.0143139
0.013391
0.0146647
0.0138229
0.013494
0.0146326
0.0134101
0.0135257
0.0136138
0.0138369
0.0140416
0.0141414
0.013345
0.0135555
0.0137618
0.0133711
0.0138147
0.0131111
0.0143355
0.0142999
0.0141344
0.0135906
0.0134429
0.0137958
0.0129695
0.014476
0.0141166
0.0136694
0.0134691
0.0140137
0.0137527
0.0134335
0.0138716
0.0132206
0.0151637
0.0154877
0.0135147
0.0156993
0.0144093
0.0140045
0.0142625
0.0137971
0.0145896
0.0149161
0.0158701
0.0137778
0.0141439
0.0164791
0.0151159
0.014215
0.0148126
0.0154469
0.0138292
0.015401
0.0140004
0.013483
0.0135023
0.0140964
0.0136426
0.0138623
0.0139694
0.0138555
0.0132462
0.0131434
0.0153507
0.0139802
0.0135361
0.0135387
0.0142822
0.0137812
0.0135368
0.01419
0.0140322
0.0135344
0.013937
0.0136783
0.0136363
0.0141517
0.0141375
0.014247
0.0137611
0.0133453
0.0136101
0.0133369
0.0131847
0.0141069
0.0139314
0.0139387
0.0134689
0.0134212
0.0138878
0.0137225
0.0138956
0.0138165
0.0146556
0.0142334
0.0138667
0.0137304
0.013433
0.0139902
0.0140935
0.0138391
0.0139003
0.0146259
0.0138043
0.0135876
0.0142681
0.0138412
0.0137456
0.0140915
0.0137113
0.0136396
0.0137931
0.0141776
0.0149964
0.016534
0.0153468
0.0134839
0.0139007
0.0137257
0.0149946
0.0141181
0.0140805
0.0143577
0.0139167
0.0141076
0.014076
0.0133823
0.0131602
0.0148813
0.0153703
0.0152895
0.01495
0.0167803
0.0154992
0.0149815
0.0140785
0.0142665
0.0132276
0.0130867
0.0155063
0.0145855
0.0145813
0.0155593
0.013325
0.0134071
0.0130754
0.0164677
0.0140805
0.0145551
0.014814
0.0138471
0.013941
0.0146238
0.0156971
0.0136306
0.0141754
0.0161195
0.013472
0.0129162
0.0149063
0.0151654
0.0141582
0.0139573
0.0138913
0.0129004
0.0128357
0.014758
0.0141535
0.0133588
0.0134435
0.01365
0.0135124
0.0131858
0.0162381
0.0144392
0.0137172
0.0138576
0.0153716
0.0138727
0.0138844
0.0148652
0.0149614
0.0142176
0.0156057
0.0141706
0.0140677
0.013619
0.0160641
0.0139702
0.0135955
0.0142269
0.0145553
0.014477
0.0147331
0.0138285
0.0135507
0.0140582
0.0142591
0.0136931
0.0139521
0.013778
0.0146712
0.0135556
0.0138809
0.0146659
0.0137686
0.0138496
0.0150419
0.0159682
0.0140909
0.013744
0.015116
0.01425
0.01402
0.014467
0.0145789
0.013835
0.0144253
0.0147834
0.0134079
0.0140092
0.0148425
0.014405
0.0133532
0.0156168
0.0144406
0.013558
0.0141039
0.0146641
0.0135641
0.013521
0.014108
0.0146512
0.0139155
0.0138864
0.0151273
0.0132734
0.0133177
0.0133293
0.014643
0.0142586
0.016558
0.0144585
0.0140822
0.0143021
0.0144175
0.0135149
0.0140651
0.0136466
0.0137927
0.0136294
0.0143563
0.0149203
0.0137345
0.0138037
0.0142927
0.013625
0.0134371
0.0135889
0.0137103
0.0139317
0.0139127
0.0160396
0.0141376
0.0135888
0.0142299
0.0138893
0.0137439
0.0135127
0.0137939
0.0136811
0.0135725
0.0138143
0.0133835
0.0135817
0.0135771
0.013709
0.014506
0.0137958
0.0142326
0.0137725
0.0138976
0.0146293
0.0145955
0.0154375
0.0134245
0.0147554
0.0148777
0.0138963
0.013851
0.0137723
0.0137426
0.01416
0.0144456
0.0139957
0.0138451
0.0147424
0.014829
0.0138746
0.0138002
0.0156775
0.0138195
0.0139966
0.0144701
0.0134284
0.0142777
0.0132264
0.0138823
0.0142882
0.0134186
0.0163058
0.0142666
0.0134172
0.0135875
0.0137273
0.0140801
0.0138739
0.0142099
0.0140278
0.0137397
0.014254
0.0145259
0.013454
0.0134976
0.0141717
0.0147803
0.0135348
0.0147323
0.0230919
0.0150931
0.017566
0.0169052
0.0158328
0.0159828
0.0142157
0.0137595
0.0134574
0.0147693
0.0135702
0.0136572
0.0149464
0.0134016
0.0140126
0.0136487
0.0142833
0.0137945
0.0133342
0.0146413
0.0138382
0.014388
0.0137315
0.013433
0.0144776
0.013676
0.0135288
0.0145339
0.0135769
0.0134971
0.0135592
0.0136227
0.0135733
0.0171618
0.013993
0.0138318
0.0136124
0.0133574
0.0140392
0.0136832
0.0140324
0.0134156
0.0134908
0.0136616
0.0130815
0.0141429
0.0137873
0.0135148
0.0142052
0.0130608
0.0139815
0.0135476
0.0136349
0.013831
0.0135858
0.0140607
0.0133548
0.0140835
0.0134413
0.0135432
0.0136893
0.0143731
0.0146614
0.0135359
0.0149369
0.013932
0.0140168
0.0137191
0.0135617
0.0141638
0.013379
0.0137365
0.0139693
0.0133761
0.0144711
0.0133415
0.0140412
0.0133146
0.0139827
0.0137096
0.0132035
0.014441
0.0128944
0.0134419
0.0136805
0.0134825
0.0138795
0.0135453
0.0136126
0.0136133
0.0138028
0.013376
0.0132635
0.0135826
0.0135202
0.0139634
0.0133645
0.0132704
0.0131521
0.0131345
0.0136127
0.0134207
0.0136246
0.0136031
0.0131558
0.0136563
0.0134807
0.0138187
0.0138244
0.0134414
0.0133622
0.0136319
0.0142816
0.0133632
0.013373
0.0138032
0.0135917
0.0135969
0.0144685
0.0139237
0.0135786
0.0138987
0.0141294
0.0138137
0.0142344
0.0142449
0.0133312
0.013692
0.0135605
0.0140408
0.0134393
0.0134747
0.0139352
0.0135979
0.0138721
0.0135999
0.0138703
0.0138744
0.0134194
0.0136532
0.0138356
0.0136034
0.0134699
0.0136634
0.0138765
0.0135508
0.0134709
0.0134619
0.0134967
0.0137999
0.0133108
0.0137517
0.0136867
0.0136947
0.0139957
0.0132913
0.0166663
0.0141353
0.0138311
0.013831
0.013462
0.0137874
0.013341
0.0140563
0.014077
0.0135536
0.0141804
0.0132777
0.0140796
0.01332
0.0140539
0.015137
0.0138319
0.0135717
0.013387
0.0144071
0.013519
0.013608
0.0151697
0.0138328
0.0147964
0.013494
0.0143534
0.0137166
0.0136542
0.014346
0.0132852
0.0140969
0.0133337
0.0146302
0.0141948
0.0156552
0.0159661
0.0143075
0.015072
0.0137098
0.0147421
0.0136908
0.0170172
0.014964
0.014463
0.0148031
0.015175
0.0138531
0.0136637
0.0140477
0.0141985
0.0140378
0.014086
0.0144591
0.0136617
0.0134027
0.0147519
0.0146874
0.0144121
0.01399
0.0134175
0.0132728
0.0132913
0.015356
0.013763
0.0144695
0.0143409
0.0138524
0.013807
0.0133365
0.0163404
0.01357
0.0147024
0.0137951
0.0135027
0.0135013
0.0132669
0.0140316
0.0130688
0.0138479
0.0135772
0.0134667
0.0131902
0.0136398
0.01523
0.0139841
0.0141582
0.0138616
0.0136182
0.0136518
0.0131919
0.0139082
0.0139043
0.0135806
0.0142357
0.0136982
0.0138291
0.0132193
0.014714
0.0133665
0.0136073
0.014031
0.0141143
0.0143129
0.013457
0.0166428
0.0141725
0.0134635
0.0157667
0.0137426
0.0141625
0.0143797
0.0140102
0.0139363
0.0135045
0.0151941
0.0139586
0.0136686
0.0136442
0.0140721
0.013643
0.0132832
0.0160259
0.0137597
0.0135264
0.0143372
0.0138242
0.0136697
0.0137836
0.0156134
0.0135319
0.0135492
0.0144142
0.0132184
0.014177
0.0132834
0.0153426
0.0158132
0.0139611
0.0148641
0.0154456
0.013794
0.0133042
0.0140213
0.0133441
0.0141329
0.013597
0.0134192
0.0147025
0.0132828
0.0143006
0.014177
0.0144158
0.0148002
0.0140136
0.0141745
0.0133241
0.0144055
0.0143049
0.0139614
0.0136871
0.0134173
0.0149958
0.0138088
0.0137956
0.0140351
0.0142279
0.0139541
0.0132499
0.0142231
0.013216
0.0135525
0.0134754
0.0136948
0.0140231
0.0132589
0.0136036
0.0136901
0.0139182
0.0135488
0.0132949
0.0135337
0.0135634
0.0133963
0.0137904
0.0137671
0.0134408
0.0136713
0.0137408
0.0135316
0.0140976
0.0133669
0.0140961
0.0140419
0.0131369
0.0141054
0.013476
0.0133549
0.0140901
0.0131445
0.013733
0.013689
0.013819
0.0138151
0.013494
0.0141927
0.0133643
0.0137052
0.0139989
0.013423
0.0137674
0.013155
0.0139671
0.0136003
0.0135847
0.0137504
0.0131855
0.013575
0.013473
0.0140693
0.0135977
0.0134362
0.0138796
0.0133974
0.0140533
0.0134235
0.0132389
0.0141871
0.0132642
0.0136313
0.0133649
0.0132983
0.0135437
0.0135257
0.0146156
0.0134297
0.0135331
0.0133939
0.0133246
0.0139807
0.013358
0.0136407
0.0136713
0.0131723
0.0134494
0.0134255
0.0138983
0.0134625
0.0132247
0.0143335
0.0135669
0.0137359
0.0137088
0.0134509
0.0138156
0.0131762
0.0147906
0.0137669
0.0137857
0.0136233
0.0131775
0.0140533
0.0135364
0.0145341
0.0133793
0.0133401
0.0139071
0.0131905
0.014162
0.0136724
0.0137351
0.0136746
0.012882
0.0137851
0.0132427
0.0134939
0.0137979
0.0132574
0.0139155
0.0135846
0.013756
0.013409
0.0137311
0.0137161
0.0134436
0.0141261
0.0132918
0.0137982
0.0135376
0.0134688
0.014318
0.0131067
0.013882
0.0133483
0.0137947
0.0141197
0.0130119
0.0141187
0.013767
0.0136583
0.0136172
0.0136252
0.0137656
0.0133606
0.0139413
0.0135826
0.0134703
0.0138013
0.0135658
0.0146223
0.0138089
0.0133752
0.0134289
0.0137153
0.0133519
0.0141654
0.0147551
0.0138937
0.0136267
0.0136704
0.0139594
0.0141266
0.0136956
0.0143796
0.0144609
0.0140771
0.0138555
0.0150861
0.013525
0.0135473
0.0136608
0.0138323
0.0141312
0.0144884
0.0138749
0.0134048
0.0137063
0.0148351
0.0142717
0.0139438
0.0140179
0.0139394
0.0144473
0.0139226
0.0149932
0.0143581
0.0136807
0.0139205
0.0136586
0.0150254
0.0131312
0.0145825
0.0143795
0.0137951
0.0139101
0.0134816
0.0145525
0.0133241
0.015723
0.0145677
0.0133855
0.0148051
0.0140289
0.0137963
0.0140596
0.0140419
0.0133873
0.0134472
0.016461
0.0138106
0.013989
0.0134245
0.0138103
0.0131542
0.0137685
0.0147191
0.013383
0.0137923
0.0132146
0.0135038
0.0135332
0.0132627
0.0136173
0.0132047
0.0137371
0.0133883
0.0135144
0.0141414
0.014017
0.0161959
0.0141147
0.0142697
0.014206
0.0152879
0.0136478
0.013554
0.0169853
0.0134646
0.0139077
0.0150316
0.0145168
0.0134125
0.0135881
0.0158119
0.0140523
0.0141087
0.0152105
0.0141546
0.0137675
0.0133989
0.0139441
0.0134809
0.0143174
0.0137046
0.0140404
0.01414
0.0132157
0.0153575
0.0132029
0.0138509
0.0142778
0.0137732
0.0133396
0.0136836
0.0143956
0.0133906
0.0141634
0.0137482
0.0144187
0.0154506
0.0139954
0.014319
0.0139783
0.0160965
0.0146979
0.0147748
0.0151728
0.0161549
0.0154587
0.0141491
0.0159501
0.014143
0.0164764
0.0144611
0.0153986
0.0139224
0.0141817
0.0141984
0.0139255
0.0142097
0.0153416
0.0145493
0.0131736
0.0144274
0.0149486
0.0145684
0.0141518
0.0144045
0.0144383
0.0138295
0.0141574
0.0144145
0.0135951
0.013962
0.014198
0.013256
0.0155449
0.0362178
0.0796623
0.0178798
0.0141957
0.017827
0.0143713
0.0137268
0.0137849
0.0151765
0.013331
0.0144321
0.014269
0.0138071
0.0138238
0.0143014
0.0150271
0.0133251
0.0138579
0.0134164
0.0133373
0.0139619
0.0138855
0.0143939
0.0143613
0.0143639
0.0142097
0.0134887
0.0139325
0.0134973
0.0146004
0.013542
0.0140324
0.0152655
0.0136241
0.013845
0.0135876
0.013944
0.0141743
0.0152987
0.0151753
0.0140486
0.0147863
0.0138932
0.0136639
0.0137258
0.0144108
0.0139485
0.0130732
0.0142296
0.0142055
0.0140493
0.0138573
0.0149773
0.0136466
0.0137583
0.0143343
0.0143375
0.0138188
0.0137726
0.0131502
0.0147401
0.013332
0.0137897
0.0137464
0.0138194
0.0135364
0.0131621
0.0143381
0.0135281
0.0135724
0.013587
0.01349
0.0142805
0.0133291
0.0139025
0.0141563
0.0138181
0.0138021
0.0129938
0.0140254
0.0133254
0.013956
0.0136148
0.013947
0.0155822
0.0137981
0.0134971
0.0136902
0.0135409
0.0139252
0.0133952
0.0155533
0.0149766
0.0152598
0.0140528
0.0138473
0.0138787
0.0136784
0.0137101
0.0138691
0.0139941
0.0143548
0.0136777
0.0137804
0.0137243
0.0137397
0.0139259
0.0137442
0.0138831
0.0144684
0.0137914
0.0134711
0.013831
0.0135002
0.0133429
0.0145967
0.0148429
0.0140156
0.0132505
0.0141696
0.0134965
0.0136442
0.0143491
0.0134041
0.0167467
0.0136385
0.0136684
0.0132074
0.0141537
0.0135589
0.0130205
0.0137788
0.0136268
0.0138248
0.0134218
0.0133318
0.0139406
0.013056
0.0139764
0.01392
0.0138279
0.0149993
0.0135131
0.0141231
0.0134389
0.0146987
0.0136473
0.013834
0.0136027
0.0131833
0.0138631
0.0130827
0.0136595
0.0146046
0.0136404
0.0137938
0.0130956
0.013929
0.0133707
0.0136614
0.0138789
0.0133825
0.0136986
0.0136715
0.0136563
0.013793
0.0134783
0.0138444
0.0134226
0.013626
0.0135052
0.013655
0.0135417
0.0134778
0.0136286
0.0132343
0.0134498
0.0136126
0.0131602
0.0136643
0.0141876
0.0138192
0.0134412
0.0133299
0.0138915
0.0132779
0.0139334
0.0135382
0.0139636
0.0135083
0.0132403
0.0140196
0.0139695
0.014216
0.0136658
0.0133657
0.0140042
0.0137714
0.0143444
0.0133815
0.0133246
0.0136675
0.0135292
0.0141481
0.0135921
0.0133748
0.0137999
0.0131337
0.0137675
0.0140248
0.0142748
0.0134758
0.0130439
0.0137397
0.0129623
0.0136505
0.0138408
0.0135038
0.0137806
0.0130899
0.0133694
0.0134377
0.0138651
0.0140513
0.0134042
0.0134198
0.01362
0.013487
0.0136138
0.0134582
0.0136961
0.0135827
0.0134596
0.0137122
0.0139525
0.0142826
0.0147925
0.0146338
0.0136832
0.0135632
0.0136846
0.0138747
0.0133932
0.0137666
0.0136123
0.0140812
0.0134924
0.0136029
0.0135047
0.0138808
0.0135581
0.01579
0.0160731
0.0137051
0.0142762
0.0137771
0.01346
0.0133132
0.0133967
0.0133658
0.013631
0.0136946
0.013448
0.0138833
0.0137839
0.013823
0.0135439
0.0131368
0.0140415
0.0135126
0.0137371
0.0142921
0.0137444
0.0137404
0.0135517
0.0139011
0.0134359
0.0137621
0.0135188
0.0129616
0.0140273
0.0134062
0.0134918
0.0134406
0.0133827
0.0138885
0.0132947
0.0138785
0.0130707
0.0131397
0.0136544
0.0134246
0.013648
0.0131369
0.0131763
0.0136993
0.0132166
0.0136965
0.0132172
0.0138191
0.0164759
0.0140638
0.0140796
0.0134253
0.0137419
0.0134851
0.013691
0.0135671
0.013535
0.0135481
0.0136077
0.0135055
0.0136814
0.0136539
0.0140786
0.0133779
0.0135241
0.0134308
0.0134309
0.0142153
0.013427
0.0133092
0.0142952
0.0136046
0.0140477
0.0140794
0.0138285
0.0132276
0.0133207
0.0134085
0.0132498
0.013839
0.0132906
0.0135962
0.013402
0.013563
0.0163974
0.0142962
0.0143657
0.0156532
0.0138044
0.0142569
0.0166392
0.0143051
0.0138247
0.0141036
0.0148603
0.014073
0.0137011
0.0145853
0.0143453
0.0139107
0.0137252
0.0141199
0.0142934
0.0144914
0.0145711
0.0140781
0.0144849
0.0146302
0.0140509
0.0145476
0.0146967
0.0161059
0.0139863
0.0143214
0.0152233
0.014665
0.013691
0.0135634
0.0136218
0.0135848
0.0137471
0.0137847
0.0142214
0.0138756
0.0131424
0.0134341
0.0140157
0.0132319
0.0136741
0.0133452
0.0135949
0.0141051
0.0137422
0.0138297
0.0135013
0.0137246
0.0133984
0.0137407
0.0139134
0.0155242
0.0139173
0.0136953
0.0136555
0.0137784
0.0134569
0.0136132
0.0130736
0.0137356
0.0132599
0.0137818
0.0135825
0.0137255
0.0135789
0.0136189
0.0137998
0.0133379
0.0137565
0.0132571
0.0132582
0.0143659
0.013126
0.0139778
0.0131333
0.0135901
0.0138577
0.0131846
0.0136482
0.01319
0.0137362
0.0135292
0.0131881
0.0145309
0.0132489
0.0143647
0.0141316
0.0162348
0.0138104
0.0143215
0.0135018
0.0133206
0.0136508
0.0134851
0.0139059
0.0134072
0.0136736
0.0140753
0.0134547
0.0135877
0.0136404
0.0137167
0.0138123
0.0133641
0.0140231
0.0136438
0.0136024
0.0136675
0.0133664
0.0138059
0.0139497
0.013875
0.013556
0.0135385
0.0152506
0.0138687
0.0137345
0.0136047
0.0133223
0.0139065
0.0134494
0.014261
0.0137098
0.0147414
0.01364
0.0133793
0.0135606
0.0137165
0.0146585
0.013516
0.01335
0.013417
0.0136183
0.0135744
0.0135579
0.0136274
0.0142464
0.0132556
0.0150171
0.014097
0.0138009
0.0139943
0.0141832
0.0138245
0.013667
0.0153001
0.0136871
0.0141336
0.0138697
0.0142057
0.0139435
0.01415
0.0138036
0.0132838
0.0151364
0.0140794
0.0142207
0.0134325
0.0141013
0.013478
0.0147038
0.0136428
0.0137055
0.0146446
0.0137674
0.0134298
0.0137252
0.0138861
0.0133421
0.015805
0.0141413
0.0139648
0.0135114
0.0143478
0.0139091
0.0136646
0.0145803
0.013658
0.0136437
0.0135064
0.0140609
0.0136124
0.0137919
0.0137865
0.0149621
0.0139141
0.0132255
0.0138807
0.0139496
0.0133037
0.0137472
0.0133588
0.0136359
0.014073
0.0143132
0.0137253
0.0134356
0.0139577
0.0137435
0.0135714
0.0132731
0.0154021
0.0140251
0.0132682
0.0140501
0.0138344
0.0144273
0.0137017
0.014487
0.0140592
0.0132669
0.0134218
0.0141722
0.0142843
0.0133479
0.0136432
0.0144994
0.0137165
0.0167207
0.0134449
0.0142199
0.0134832
0.0137898
0.0134029
0.0133651
0.0138915
0.0138795
0.0136689
0.0134346
0.0133842
0.0144911
0.0135155
0.0143438
0.0136463
0.0136907
0.013732
0.0141381
0.0150646
0.0132536
0.0146496
0.0137837
0.0137565
0.0140801
0.0139049
0.0137887
0.0136427
0.0138411
0.0133982
0.0136799
0.0140107
0.0133225
0.0687292
0.0161779
0.014226
0.0175767
0.0138241
0.0143763
0.013657
0.0136565
0.014912
0.0134466
0.013741
0.0131563
0.0144085
0.0135717
0.0134687
0.0136599
0.0140407
0.0144663
0.0134234
0.0144352
0.0133602
0.0141957
0.0143424
0.0136619
0.0138741
0.0132785
0.013509
0.0137606
0.0135377
0.0134165
0.0137123
0.0145352
0.0131573
0.0147006
0.013514
0.0137052
0.0139408
0.013453
0.0137244
0.0136319
0.0136303
0.0134147
0.0137744
0.0129686
0.0135321
0.0138844
0.0130657
0.0135315
0.0132959
0.0133398
0.0137083
0.014012
0.0141607
0.013874
0.0137912
0.0137971
0.0139722
0.0141192
0.0137853
0.0137686
0.0142448
0.0136869
0.0134753
0.0133185
0.013549
0.0136793
0.0143362
0.0134914
0.013666
0.0133176
0.0139503
0.0145
0.0134296
0.0138044
0.0137576
0.0140127
0.0131252
0.0131439
0.0147638
0.0138631
0.0143577
0.0140004
0.013407
0.0134617
0.0139025
0.0138088
0.01312
0.0144676
0.0133477
0.0138486
0.0136537
0.0136292
0.0143085
0.0146215
0.0149833
0.0139076
0.0149444
0.014322
0.0144328
0.0137827
0.0148777
0.0147736
0.0138781
0.0145654
0.0136211
0.0140243
0.0140677
0.0132198
0.014177
0.0140652
0.0140694
0.0138729
0.0140431
0.0136491
0.0130526
0.0143144
0.0135309
0.0138724
0.0136152
0.0135618
0.0143853
0.0135842
0.0143638
0.0139825
0.0146636
0.0134453
0.0134915
0.014801
0.0130925
0.0147641
0.0144492
0.0136986
0.013815
0.0158555
0.0148931
0.0136229
0.0145438
0.0131631
0.0139285
0.0136406
0.0147823
0.0136828
0.0144056
0.0159282
0.0144881
0.0152701
0.014099
0.0143074
0.015168
0.0146672
0.015654
0.0139547
0.0156195
0.0139803
0.0150593
0.0136496
0.0138761
0.0135617
0.013324
0.0138572
0.0133432
0.0143676
0.0134698
0.013385
0.0138688
0.0137247
0.0133671
0.0133943
0.0136683
0.0133495
0.0137176
0.0138585
0.0134697
0.0133213
0.0135825
0.0135137
0.0143154
0.0136019
0.0135171
0.0140972
0.0134371
0.0137948
0.0133678
0.0136547
0.0139793
0.0137486
0.0135039
0.0137382
0.013762
0.013861
0.0134196
0.0139608
0.0135426
0.0136396
0.01378
0.0133009
0.0138857
0.0136593
0.0133561
0.0138379
0.014585
0.0135585
0.0138963
0.0142084
0.0136177
0.0136736
0.0135994
0.0133874
0.0137537
0.0135211
0.0133835
0.0133484
0.0134872
0.0134506
0.0131279
0.0139291
0.0132024
0.0137476
0.0139508
0.0142282
0.0143859
0.0132455
0.0143054
0.0140754
0.0152206
0.0135165
0.0137691
0.01346
0.0133067
0.0139335
0.0133967
0.0135402
0.0136467
0.0144459
0.0138855
0.0130492
0.0148358
0.0133001
0.0140735
0.0137379
0.013733
0.016648
0.0157778
0.0165419
0.014724
0.017301
0.0141546
0.0145128
0.0137173
0.0153384
0.014982
0.0133741
0.0140811
0.0134655
0.0142901
0.0138551
0.0140156
0.0142226
0.0133989
0.0143384
0.0131983
0.0140238
0.0137255
0.0134512
0.0144845
0.0133419
0.0136126
0.0132402
0.0140236
0.0134602
0.0138077
0.014127
0.0132144
0.0141503
0.0134956
0.0135458
0.0142809
0.0135316
0.0136716
0.0135076
0.0136793
0.0138855
0.0134771
0.0143905
0.0134853
0.0136132
0.0134123
0.0131134
0.0148593
0.0135983
0.0139926
0.0140635
0.0138955
0.0136777
0.0132145
0.0138987
0.0132871
0.0136741
0.0137809
0.013291
0.0139902
0.0135585
0.0148717
0.0139032
0.0144359
0.0135085
0.013411
0.0142062
0.0135147
0.0142847
0.0147565
0.014037
0.0137635
0.0141619
0.0134219
0.0142097
0.0137386
0.0136602
0.0135564
0.0144591
0.0139163
0.0136181
0.0138746
0.0135292
0.0138033
0.0134093
0.0135006
0.0149673
0.013346
0.0135246
0.013618
0.0143375
0.0132204
0.0139449
0.013492
0.0130289
0.0139077
0.0134997
0.0140536
0.0136568
0.013645
0.0139779
0.0133628
0.013562
0.0131047
0.0138484
0.0139696
0.0132521
0.0146372
0.0132967
0.0142594
0.013729
0.0140472
0.0139762
0.0137639
0.0137324
0.0135462
0.0137577
0.0135442
0.0147365
0.0140562
0.0139303
0.0135945
0.0130793
0.0147916
0.0132959
0.0137285
0.0139302
0.0133453
0.0140964
0.0132033
0.0137117
0.0134298
0.015948
0.0142494
0.0134334
0.0153301
0.013631
0.014527
0.0136129
0.0142579
0.0135634
0.0135024
0.0147018
0.0132475
0.0141603
0.0136539
0.0144594
0.013483
0.0130615
0.0148143
0.0136624
0.013797
0.0134243
0.0136973
0.014097
0.0133063
0.0142168
0.0133371
0.0135874
0.0142544
0.0134279
0.0156341
0.0132011
0.0150435
0.013866
0.0144218
0.0144711
0.0132173
0.0138181
0.0132492
0.0145023
0.0135853
0.0137572
0.0134892
0.0136501
0.0135627
0.0133856
0.0139468
0.0132617
0.0138297
0.0141678
0.0131423
0.0141508
0.0133896
0.013963
0.0139628
0.013349
0.0139576
0.0136261
0.0140525
0.0136206
0.0137803
0.0146184
0.0133659
0.013698
0.0135634
0.0134233
0.0139808
0.0137758
0.0139452
0.0135612
0.0142411
0.0132313
0.0143663
0.0138062
0.0136433
0.0138765
0.0136811
0.0133019
0.0146524
0.0139239
0.01381
0.0134409
0.0142158
0.0136411
0.0137483
0.0137112
0.0136305
0.0156882
0.0157212
0.014777
0.0136219
0.0139224
0.0145651
0.0133321
0.0134926
0.0147589
0.0135504
0.0139761
0.0138202
0.0138693
0.0141522
0.0135329
0.0141676
0.0136374
0.0140892
0.0133624
0.0137739
0.0136932
0.0134564
0.0140283
0.013539
0.0138229
0.013587
0.0141544
0.0139372
0.0139382
0.013743
0.0134046
0.0137052
0.013676
0.0136519
0.0138071
0.0135912
0.0135184
0.0137871
0.0135179
0.0149148
0.0145684
0.0148712
0.013756
0.0142078
0.0139097
0.013628
0.0138229
0.0136396
0.0139414
0.0139664
0.0156192
0.0145933
0.0150082
0.0144377
0.0150521
0.0144309
0.0138776
0.0177056
0.0137584
0.0140067
0.013743
0.0146469
0.0139975
0.0145901
0.0141627
0.0137251
0.0137172
0.0145489
0.0149707
0.013601
0.0158264
0.0164883
0.0144325
0.0140873
0.0169216
0.0145905
0.0134349
0.0144522
0.0133893
0.0142252
0.0136695
0.0141694
0.0139467
0.0133548
0.0143384
0.0133011
0.01458
0.0136184
0.0138014
0.0136851
0.0132665
0.0144123
0.0132661
0.0138748
0.014052
0.0138511
0.0135784
0.0135574
0.0141723
0.0132055
0.0141045
0.0142768
0.0134123
0.0139981
0.0134269
0.0147763
0.0137123
0.0136583
0.0136363
0.0134151
0.0140203
0.0130772
0.0142418
0.0136413
0.0136857
0.0143146
0.0137235
0.0135438
0.0132259
0.0138538
0.0137343
0.0131484
0.0138985
0.0135226
0.014005
0.01342
0.0141732
0.0191673
0.0171986
0.0159551
0.0137269
0.0140198
0.014498
0.0136466
0.0136378
0.014395
0.013262
0.0143451
0.0140613
0.0137701
0.0142645
0.0138245
0.0144781
0.0140023
0.0144003
0.0137717
0.0140067
0.0144325
0.0137977
0.0136659
0.014699
0.0138455
0.013313
0.0137697
0.0133729
0.0134897
0.0136704
0.0132643
0.014019
0.013968
0.0135242
0.0132644
0.0132237
0.0149174
0.0139299
0.0141116
0.0142463
0.0154747
0.0140341
0.0134896
0.0133407
0.0135337
0.0140597
0.0136956
0.0139066
0.0134112
0.0146119
0.0135533
0.0136579
0.0147612
0.0132737
0.0146697
0.0131195
0.0134849
0.029933
0.0423777
0.0254264
0.033465
0.0193413
0.0187484
0.016831
0.0164353
0.0176588
0.0143973
0.0136819
0.0143259
0.0140982
0.0133749
0.0142832
0.0138664
0.0137591
0.014256
0.0133417
0.014204
0.0135117
0.0137281
0.0141945
0.013781
0.0153812
0.0143457
0.0142756
0.0133561
0.0188107
0.0150382
0.014355
0.0145801
0.015446
0.0152875
0.0154888
0.0148713
0.0144737
0.0150241
0.0149376
0.0143096
0.0140943
0.0149997
0.0144462
0.0147615
0.0153047
0.0142279
0.0137838
0.0168633
0.0148889
0.0147589
0.0150631
0.014404
0.0138633
0.0138385
0.0146391
0.0140323
0.0145849
0.0141086
0.0141037
0.0148894
0.0139837
0.0137571
0.0137475
0.0141815
0.0140498
0.0142831
0.0135291
0.014794
0.0134596
0.0146081
0.0159579
0.0143281
0.0144226
0.0135263
0.013773
0.0166281
0.0159755
0.0140241
0.0138365
0.013439
0.0136858
0.0145307
0.01371
0.0144382
0.0150998
0.0145193
0.013941
0.0141857
0.0134572
0.0141065
0.0142539
0.0137778
0.0174537
0.0164764
0.0155073
0.0137822
0.0143055
0.0136083
0.0133799
0.0153777
0.0138116
0.0158872
0.0161172
0.0161202
0.0138849
0.0165415
0.0139579
0.0164671
0.0147717
0.0150239
0.0149837
0.013525
0.0152087
0.0133597
0.0162449
0.0153972
0.018993
0.0144985
0.0172395
0.0130745
0.0143597
0.0133784
0.0139128
0.0141711
0.0133693
0.0147229
0.0131724
0.0137685
0.0135521
0.0135053
0.0137077
0.0133068
0.0176218
0.0137695
0.0144916
0.0136741
0.0142278
0.0161607
0.0156907
0.0144116
0.0143846
0.0148863
0.0154321
0.0134565
0.0136212
0.014634
0.0137378
0.014231
0.0139706
0.0133637
0.0138956
0.0144046
0.0136884
0.0145368
0.0139614
0.0142097
0.0137682
0.0145115
0.0131757
0.0142316
0.0141596
0.0133257
0.0144045
0.0139429
0.0142633
0.0136951
0.0143834
0.0142265
0.0134862
0.0146727
0.0140896
0.0137101
0.0144935
0.0145693
0.013323
0.0141275
0.0143488
0.0138486
0.0136149
0.0134436
0.0136424
0.0140184
0.0139564
0.0138805
0.0139063
0.0138201
0.0135252
0.0153215
0.0143005
0.014086
0.0163178
0.0172566
0.016325
0.0155917
0.0168764
0.0151777
0.0148239
0.0144564
0.0139008
0.0143459
0.0140928
0.013949
0.0141898
0.014125
0.0147443
0.0135763
0.0171912
0.0144304
0.0146639
0.0154315
0.0144007
0.01424
0.0143571
0.0145917
0.0137714
0.0139494
0.0150498
0.0138848
0.0138482
0.0138672
0.0138603
0.014177
0.0154691
0.0137685
0.0151747
0.0138785
0.015359
0.0138755
0.0138617
0.0138957
0.0141935
0.0147512
0.0132201
0.0137418
0.0133783
0.0142544
0.0143822
0.0136201
0.0142221
0.0133327
0.013882
0.0135309
0.0129267
0.0135686
0.0145609
0.0144696
0.0132265
0.0152695
0.0159611
0.0143656
0.0138859
0.0134027
0.0155249
0.0141152
0.0152025
0.0154857
0.0155441
0.0135988
0.0138808
0.0138251
0.0132517
0.0142195
0.0136005
0.014297
0.0135919
0.0140817
0.0138154
0.0133068
0.0153134
0.0132325
0.0152729
0.0141062
0.0150291
0.0154166
0.0155014
0.0168901
0.0155594
0.0157695
0.0155061
0.0162238
0.01676
0.0171765
0.0157336
0.0172135
0.0148658
0.0149007
0.0159516
0.014452
0.0136793
0.0148637
0.0135702
0.0142823
0.013386
0.0139801
0.0139703
0.0137197
0.0144331
0.0133783
0.0147757
0.0133574
0.0139221
0.0139914
0.0135485
0.0138545
0.0135246
0.0148122
0.0137024
0.0145411
0.0138061
0.0134449
0.0137319
0.013992
0.014364
0.0138986
0.01401
0.013932
0.0133627
0.0139508
0.013584
0.0146385
0.0139935
0.0143147
0.0140172
0.0143337
0.0136448
0.0142023
0.0150473
0.0142106
0.0147675
0.0139659
0.0142501
0.0139928
0.0145137
0.0143117
0.0138693
0.0147176
0.0142217
0.0144316
0.013781
0.0158557
0.0140095
0.0148151
0.0154648
0.0144266
0.0142554
0.0136825
0.0147428
0.0133484
0.0141425
0.0136712
0.0134646
0.0142284
0.0134281
0.0139762
0.0134815
0.0140419
0.0133291
0.0136704
0.0142114
0.0134024
0.0142207
0.013916
0.0136685
0.0137119
0.0137007
0.0135969
0.0138744
0.0142751
0.0132892
0.0140221
0.0140761
0.0133245
0.0141392
0.0134156
0.0140159
0.0131004
0.0134208
0.0143946
0.0132095
0.0138736
0.0139386
0.014341
0.013528
0.0133613
0.0153043
0.0135722
0.0141586
0.0136145
0.014294
0.0135638
0.0130725
0.0140746
0.0132411
0.0141563
0.0135403
0.0134611
0.0135511
0.0138448
0.0153183
0.0136978
0.014364
0.0133263
0.0142076
0.0136775
0.0133021
0.0139306
0.0134639
0.0141379
0.0135388
0.0134386
0.0135505
0.0138313
0.0143408
0.0147238
0.0142706
0.0194881
0.0152924
0.0139991
0.0135051
0.0144646
0.0131458
0.0139221
0.0136862
0.0136682
0.0138283
0.0134161
0.0138651
0.0131666
0.0139426
0.0131379
0.0135831
0.0136526
0.0132084
0.014124
0.0132739
0.0133855
0.0134985
0.0132974
0.0136105
0.0134278
0.0136111
0.0136058
0.0134185
0.0138629
0.0131832
0.0148979
0.0132882
0.0134049
0.0136589
0.0132269
0.0147294
0.0140534
0.0131498
0.0133366
0.0140118
0.0131601
0.0140963
0.0161466
0.0136618
0.0135695
0.0141636
0.0147801
0.0140565
0.0142037
0.0139208
0.0135527
0.0138638
0.0137364
0.0151488
0.0138084
0.0137521
0.0133344
0.0135601
0.013477
0.0132538
0.0142127
0.0134706
0.0137758
0.0134763
0.0139747
0.0135907
0.0136082
0.01401
0.0135394
0.0138443
0.0131892
0.0144391
0.0135829
0.0134401
0.0141336
0.0130503
0.0140512
0.0134799
0.0138632
0.0140334
0.0139143
0.0138749
0.013443
0.0141921
0.0133995
0.0135708
0.0138745
0.0135946
0.0141023
0.0136592
0.0138379
0.0131792
0.01525
0.0139667
0.0135898
0.0145333
0.0141198
0.0143009
0.0138023
0.0150778
0.0147575
0.0141214
0.0145744
0.0146508
0.014615
0.0140448
0.015622
0.0137783
0.0138544
0.0149813
0.0133472
0.0147438
0.0136822
0.0137719
0.0135602
0.0135737
0.0147418
0.0133331
0.0146985
0.0135194
0.0139612
0.013254
0.0141034
0.014916
0.0130445
0.0141134
0.0152686
0.0148169
0.0132359
0.0140126
0.0140635
0.013289
0.0139235
0.0135944
0.0140787
0.0138347
0.0137752
0.0139767
0.0133395
0.0141405
0.0170081
0.0145235
0.0140264
0.0138832
0.0143182
0.0134653
0.017103
0.0164911
0.0148451
0.0134832
0.0146515
0.0136345
0.0134846
0.0137942
0.013599
0.0139242
0.013199
0.0152483
0.0136974
0.0134649
0.0143405
0.0133947
0.014763
0.0135504
0.0146419
0.0138433
0.0135864
0.0164226
0.0147204
0.0141479
0.0138858
0.013718
0.0134053
0.0152283
0.0157087
0.0144653
0.0135931
0.01443
0.0137218
0.0139745
0.0139242
0.0153451
0.0142409
0.0148274
0.0165708
0.0148118
0.0155698
0.0167306
0.0159725
0.015381
0.015867
0.0153332
0.0141895
0.0142819
0.0139215
0.0133705
0.0139671
0.0143142
0.013499
0.0142796
0.014278
0.0135788
0.0135525
0.014257
0.0134747
0.0136068
0.0138486
0.0140497
0.0138881
0.0136702
0.0136059
0.0148273
0.0136535
0.0135908
0.0136326
0.0138337
0.0135397
0.0134662
0.0145966
0.0133218
0.0141211
0.0137724
0.0139396
0.0138014
0.0136155
0.014666
0.013567
0.0142364
0.0137228
0.0140885
0.0137053
0.0132277
0.0152063
0.0133289
0.0143855
0.0140205
0.0145155
0.0135201
0.013653
0.0146446
0.0131508
0.014169
0.0148195
0.0139987
0.0144152
0.0136704
0.0159963
0.013332
0.0145538
0.0140827
0.0149728
0.0142927
0.0136387
0.0139849
0.0134074
0.0170374
0.0150196
0.0142268
0.0139457
0.0142994
0.0142324
0.0135605
0.0143797
0.0133662
0.0137206
0.0136493
0.0138021
0.0145495
0.0135753
0.0143643
0.0140005
0.0139297
0.0134281
0.0138633
0.013613
0.0131812
0.0146574
0.0154778
0.0138585
0.0133869
0.0154553
0.0142538
0.0137373
0.0152855
0.0138422
0.0140278
0.0133878
0.014125
0.0143005
0.0137078
0.0143069
0.0145853
0.0136959
0.0139538
0.0135923
0.0135698
0.0138545
0.0138081
0.0136722
0.0139025
0.0133572
0.0142312
0.0136379
0.0140659
0.0153729
0.0136624
0.0136915
0.0140536
0.0141619
0.0133694
0.0140648
0.0137054
0.0142398
0.0139404
0.01373
0.0145483
0.0135711
0.0137812
0.014922
0.0147518
0.0141632
0.0137084
0.0138487
0.0132158
0.0139736
0.0138946
0.0144711
0.0138418
0.0133441
0.0137473
0.0157866
0.0139853
0.0139436
0.0137353
0.0132154
0.0135328
0.0136266
0.0135673
0.014392
0.0134605
0.0140936
0.0132545
0.0140059
0.0146496
0.0137924
0.0138388
0.0140994
0.0152629
0.0135092
0.0136034
0.0149474
0.0145148
0.0135743
0.0139581
0.0144841
0.0133074
0.0143169
0.013699
0.0143121
0.0167554
0.0142769
0.0141081
0.0131801
0.0152625
0.0135073
0.0140077
0.0135349
0.0135925
0.0143122
0.0135095
0.0160021
0.0144428
0.0143558
0.0138114
0.0135029
0.0141611
0.0144545
0.0141786
0.0136371
0.0145804
0.0136229
0.0144357
0.0142243
0.0132573
0.0156181
0.01317
0.0140218
0.0137518
0.0134735
0.0138603
0.0135774
0.0156768
0.0134451
0.014679
0.0139878
0.0135379
0.0137698
0.0130986
0.013961
0.0136709
0.0135317
0.014337
0.0131566
0.0137069
0.0135999
0.0140563
0.0132831
0.0137102
0.015307
0.0141773
0.0144093
0.0133963
0.0148678
0.0132969
0.0132233
0.017397
0.0140832
0.0140106
0.0138859
0.0165787
0.0135812
0.0138855
0.0139866
0.0136513
0.013237
0.0136971
0.013717
0.0130967
0.0145063
0.0136161
0.0140613
0.0139611
0.0138802
0.0145182
0.0137661
0.0143107
0.0142362
0.0146474
0.0143706
0.0140803
0.0140053
0.0135856
0.0146619
0.0147818
0.0138322
0.0137043
0.0150295
0.0146402
0.0163505
0.0162785
0.0156129
0.01416
0.0137631
0.014362
0.0134891
0.0140056
0.0144001
0.0144457
0.0136332
0.0136728
0.0137011
0.0132797
0.0144675
0.0143372
0.0140908
0.0136455
0.0134705
0.013883
0.0137873
0.0140609
0.0136739
0.0139072
0.0132264
0.013931
0.0137968
0.0132477
0.0142232
0.0138042
0.0142785
0.0137504
0.0135019
0.0148689
0.0136557
0.0135737
0.0142663
0.0140722
0.0132718
0.0138428
0.0140922
0.0134171
0.0138044
0.0136765
0.016464
0.0158742
0.0141619
0.0132719
0.0138476
0.0136537
0.0130338
0.0145257
0.0134827
0.0135256
0.0143821
0.0145647
0.0138539
0.0133919
0.0153106
0.0131942
0.0138518
0.013209
0.0134775
0.0138576
0.0132031
0.0138833
0.0135121
0.0144469
0.0134885
0.0131858
0.0139248
0.0142686
0.0141227
0.013333
0.0131886
0.0143233
0.0131374
0.0141287
0.0135745
0.0140711
0.0133437
0.0130499
0.0139548
0.0134966
0.0137021
0.0135148
0.0134489
0.0145874
0.0133422
0.0140023
0.0136291
0.0140657
0.0140436
0.0134321
0.0140147
0.0134672
0.0142633
0.0142976
0.0135806
0.0146672
0.0132146
0.0136252
0.0137777
0.0145543
0.0135684
0.0132601
0.0142581
0.0153113
0.0153398
0.0135869
0.015385
0.0142158
0.0153974
0.0139128
0.0151398
0.0143993
0.0152043
0.0142396
0.0141417
0.0156417
0.0141531
0.0136041
0.0132324
0.0146877
0.0134793
0.013728
0.0135556
0.0135639
0.014462
0.0130713
0.0140461
0.0135863
0.0137195
0.013818
0.0133473
0.013755
0.0134532
0.0142775
0.01345
0.0133113
0.0136801
0.0134295
0.0141703
0.0140329
0.0139177
0.0139295
0.0132618
0.0134303
0.0138031
0.0145637
0.0135039
0.0137018
0.0135224
0.0135176
0.0136121
0.0146699
0.0137745
0.0134115
0.0132762
0.0135252
0.0139481
0.014258
0.0130354
0.0138612
0.0133254
0.0132047
0.0138852
0.0136101
0.0137851
0.0132224
0.0141492
0.0136999
0.0135386
0.0140265
0.0134581
0.0138094
0.0132794
0.0136326
0.0137855
0.0134598
0.0139133
0.0130558
0.0143231
0.0134117
0.0140389
0.0134542
0.0136213
0.0141783
0.0130118
0.0136221
0.0134261
0.0136903
0.013391
0.0135623
0.0135207
0.0140442
0.0138834
0.0136458
0.0137456
0.0139368
0.0133464
0.0142208
0.0134073
0.0138514
0.0133785
0.0132935
0.0141342
0.0134731
0.0137526
0.0131091
0.0133557
0.0137304
0.012921
0.0137836
0.0135333
0.0137596
0.013885
0.0132941
0.0141625
0.0134829
0.013974
0.013337
0.0135446
0.0149173
0.013322
0.0141971
0.0135234
0.0133868
0.0139221
0.0155038
0.0141927
0.0130978
0.0142015
0.013907
0.0146328
0.0157339
0.0145994
0.0156538
0.0136624
0.0142939
0.0131487
0.0144938
0.0131866
0.013824
0.0138205
0.0145277
0.0143815
0.0136734
0.0145032
0.0135111
0.016702
0.0145684
0.0133362
0.0156606
0.0136742
0.0140231
0.0133673
0.0142143
0.013376
0.0134195
0.0145539
0.0136249
0.0145607
0.0136215
0.0143103
0.0135324
0.0138728
0.0134128
0.0135131
0.0155833
0.0137727
0.0141469
0.0134731
0.0140847
0.0133046
0.0137533
0.0145797
0.0135959
0.0148565
0.0132722
0.0138581
0.01344
0.0134309
0.0143553
0.013493
0.0139046
0.01327
0.0139974
0.0133919
0.0134293
0.0141259
0.0140719
0.0146897
0.0136638
0.0143229
0.0148802
0.0141464
0.0168058
0.0143682
0.0154237
0.0148376
0.0143251
0.0135145
0.0141791
0.0144805
0.0195603
0.0139552
0.0145135
0.0131691
0.0137665
0.0143912
0.0139405
0.0138384
0.0134448
0.014243
0.0131391
0.0140251
0.0145345
0.0134482
0.0140617
0.0133664
0.0140807
0.0133295
0.0139023
0.0136631
0.013562
0.0142379
0.0131254
0.0141768
0.01348
0.013756
0.0144579
0.0135811
0.014618
0.0133162
0.0139801
0.013203
0.0139017
0.0138529
0.0133507
0.0150867
0.0137735
0.0139205
0.0135171
0.0139986
0.014271
0.0134846
0.0141483
0.0133567
0.0135262
0.0139247
0.0134238
0.0147279
0.0140412
0.0139671
0.0137761
0.0137125
0.013977
0.0133923
0.0146452
0.013466
0.0141616
0.013702
0.0132415
0.0145228
0.0133029
0.0143201
0.0140888
0.0145488
0.0135593
0.013561
0.014649
0.0130781
0.0142701
0.0134334
0.0155324
0.0147602
0.014064
0.014125
0.0132721
0.0146923
0.0134243
0.0150547
0.0135326
0.0139647
0.0139807
0.0134824
0.0145643
0.0130587
0.0153137
0.0135948
0.0132777
0.0148374
0.0136763
0.0135991
0.0144879
0.0155867
0.0135907
0.013338
0.0140574
0.0132434
0.0144537
0.0134313
0.0140986
0.0136962
0.0137355
0.0145031
0.0140329
0.0150581
0.0146399
0.0145826
0.013596
0.014468
0.0133687
0.014005
0.0136936
0.0140726
0.0139485
0.0136973
0.0137814
0.0140494
0.0143707
0.0134097
0.0139202
0.0137792
0.0138476
0.0138921
0.014447
0.0144597
0.0140153
0.0142235
0.0141096
0.013694
0.0137707
0.0147121
0.0140016
0.0134359
0.0137661
0.0135893
0.0137867
0.0140021
0.014025
0.0142287
0.0135706
0.0139737
0.0144156
0.0137939
0.0140911
0.0135335
0.0143213
0.0165479
0.0168968
0.0142411
0.0138735
0.01615
0.0141735
0.0135315
0.0136932
0.0139946
0.013815
0.0142408
0.0140856
0.0148561
0.0135352
0.0138964
0.0136351
0.0135007
0.014337
0.013905
0.0171027
0.0131213
0.0145693
0.0136168
0.0143718
0.014223
0.0150523
0.0144518
0.0131207
0.0157873
0.013884
0.0141434
0.0162013
0.0160529
0.0152581
0.0158089
0.0163998
0.014517
0.0145792
0.0145688
0.0140168
0.01323
0.01481
0.0138294
0.0138665
0.0147573
0.0132563
0.0140313
0.0139133
0.0149108
0.0138807
0.0135192
0.0138754
0.0137599
0.0142153
0.0136613
0.014212
0.0136042
0.0132761
0.014321
0.0132741
0.0148348
0.0133888
0.0147605
0.0132728
0.0135025
0.014377
0.0129783
0.0144395
0.0134848
0.0144296
0.0136133
0.0133413
0.0146155
0.0135052
0.0143945
0.0147522
0.0142826
0.0145263
0.0133025
0.0145642
0.013164
0.0144339
0.0136812
0.0135864
0.017591
0.0133606
0.0140403
0.013103
0.0145069
0.0132914
0.0142034
0.0143907
0.0129662
0.0152101
0.0133613
0.0151534
0.0147779
0.0158253
0.0146681
0.0153366
0.0140871
0.0145587
0.0138161
0.0136499
0.0139476
0.0137108
0.0136794
0.0133234
0.0144206
0.0164165
0.014221
0.0133249
0.0135992
0.0140041
0.0136417
0.0137404
0.0137449
0.0166007
0.0142811
0.0142936
0.0142663
0.0136466
0.0140242
0.0138689
0.0136562
0.0130766
0.0131982
0.0137085
0.013599
0.0135961
0.0134171
0.0154369
0.0141363
0.0137889
0.014041
0.0143609
0.0139051
0.0136794
0.0147543
0.0141817
0.0137993
0.0136919
0.0136686
0.0138489
0.0137184
0.0152748
0.0138737
0.013901
0.0135359
0.0141113
0.0139164
0.0147068
0.0139204
0.0139513
0.0142595
0.0134554
0.0138815
0.0142577
0.0137932
0.0142828
0.0140751
0.0143273
0.0147235
0.0140686
0.013716
0.0136505
0.0139163
0.0133252
0.0136849
0.0130484
0.0135266
0.0139761
0.0139741
0.0133914
0.013375
0.014032
0.0132463
0.0139899
0.0138247
0.0137126
0.0138161
0.0135054
0.0135224
0.0133591
0.0134293
0.013935
0.0133991
0.0141653
0.0132249
0.013682
0.013622
0.013501
0.0142746
0.0137191
0.013558
0.0143436
0.0138598
0.0134951
0.0135612
0.0139754
0.013437
0.014281
0.0136706
0.0142907
0.0141748
0.0132632
0.0150472
0.0132884
0.0140898
0.0141294
0.0138087
0.0139647
0.0133667
0.0147985
0.0133217
0.0167287
0.0137587
0.0140998
0.014594
0.0134268
0.0139109
0.0133093
0.014214
0.0137101
0.0131669
0.0154968
0.0136282
0.0144687
0.0135519
0.0146811
0.013245
0.013238
0.0148969
0.013314
0.0148419
0.0136439
0.0134374
0.013862
0.0134153
0.0146765
0.0142802
0.0159094
0.013699
0.0138221
0.0130613
0.019954
0.0143683
0.0144206
0.0140058
0.0141568
0.01555
0.0139262
0.0142434
0.0133074
0.0146895
0.0140232
0.0144932
0.0133497
0.0137659
0.0138993
0.0136923
0.0141668
0.0135904
0.0146489
0.0138215
0.0136882
0.0141014
0.0141794
0.0136418
0.0152644
0.0139628
0.0135225
0.0135457
0.0137923
0.0134159
0.0140552
0.0139621
0.0137714
0.0135376
0.0141574
0.0145055
0.0137951
0.0138404
0.0139087
0.0147276
0.0144351
0.0134491
0.0135301
0.0137809
0.0135489
0.0137218
0.0145198
0.0134517
0.0136097
0.0135511
0.0140721
0.0136648
0.014459
0.0137291
0.0136318
0.0144373
0.0138313
0.0140553
0.0142683
0.0139112
0.0137642
0.0139593
0.0139891
0.0137576
0.0142875
0.013846
0.0141473
0.0135177
0.0136126
0.0138793
0.013528
0.0133858
0.0145171
0.0136191
0.0137778
0.0131652
0.0138426
0.0134392
0.0137526
0.0142693
0.013305
0.0135745
0.0132602
0.0136261
0.0139013
0.0131905
0.0139876
0.0132008
0.0143647
0.0143219
0.0137446
0.0138201
0.0135575
0.0137363
0.0132916
0.0137091
0.0136981
0.0138222
0.0153363
0.0147156
0.0210258
0.0139353
0.0148593
0.0136994
0.0145507
0.0136176
0.0135213
0.0138452
0.0133181
0.0146908
0.013604
0.0146871
0.0138252
0.0137117
0.0142249
0.013103
0.0141596
0.0134036
0.0142147
0.0134391
0.0134296
0.0146693
0.0133241
0.0147134
0.013266
0.0139914
0.0136811
0.0130876
0.0145713
0.0132876
0.014606
0.0132693
0.0143406
0.0141233
0.0131279
0.014703
0.0136107
0.0141943
0.0131259
0.0142453
0.0144708
0.0131489
0.0141485
0.0134519
0.0142725
0.0134257
0.0141226
0.0135971
0.013965
0.0141726
0.0141311
0.0139194
0.0138976
0.0141035
0.0140127
0.0143679
0.0143315
0.0144571
0.0141002
0.0151504
0.0139835
0.0134338
0.0375411
0.0425718
0.0233918
0.0257456
0.0196548
0.0148559
0.0157966
0.014486
0.0164491
0.0158459
0.0144246
0.0136925
0.0135968
0.0139334
0.0138263
0.0139536
0.0144575
0.0148386
0.0137408
0.0137118
0.0138028
0.0136748
0.0146041
0.0138441
0.0137304
0.0140673
0.0138305
0.0141242
0.0137406
0.0140736
0.0139406
0.0141041
0.0139199
0.0135432
0.0145535
0.01424
0.014171
0.0150147
0.0140108
0.0134782
0.0136313
0.0141881
0.0141033
0.0137723
0.0141039
0.0137873
0.0136769
0.0140028
0.0132872
0.0140207
0.0139789
0.0134944
0.0135848
0.0133472
0.0132956
0.0136623
0.0141873
0.0134361
0.0139757
0.0140253
0.0131925
0.0137988
0.0132553
0.0141323
0.0136102
0.0131754
0.0136455
0.0131917
0.0135598
0.0133968
0.0136551
0.0137499
0.0130063
0.0144393
0.0134484
0.0137431
0.013764
0.013448
0.0138923
0.0136098
0.0138191
0.0136839
0.0135517
0.0138807
0.0144412
0.0144407
0.013332
0.0139149
0.0153405
0.0136808
0.0137322
0.0134917
0.0144382
0.0132448
0.0137573
0.0135769
0.0132845
0.01429
0.0134959
0.0135753
0.0133714
0.0144532
0.0155389
0.0133304
0.0147871
0.0132161
0.0142123
0.0136117
0.0134118
0.0156462
0.0134733
0.0143431
0.0134701
0.0154722
0.0145355
0.0137407
0.0138105
0.013016
0.0141128
0.0134032
0.0136191
0.0141826
0.0132181
0.0144267
0.0135698
0.0143393
0.0130006
0.0134262
0.013894
0.0132366
0.0139359
0.0133386
0.0138696
0.0140143
0.0138072
0.0137403
0.0139855
0.0137867
0.0140133
0.013907
0.013901
0.0136569
0.0137372
0.0140238
0.0149464
0.0138622
0.0138419
0.013204
0.01398
0.0137035
0.0137858
0.0141743
0.0135519
0.0138912
0.01385
0.014053
0.0141939
0.0140938
0.0139594
0.0133219
0.0138301
0.0135237
0.0140988
0.0137756
0.0132607
0.0137124
0.0133737
0.0138717
0.0131853
0.015096
0.0157935
0.0144435
0.0135545
0.0136141
0.0133984
0.0133629
0.0138719
0.0135122
0.0145084
0.0133919
0.0132391
0.0134637
0.0131722
0.0139039
0.0135939
0.0141305
0.0137314
0.0134707
0.0141163
0.0132148
0.0139134
0.0138258
0.0135548
0.0135335
0.0134471
0.0136154
0.0133697
0.0137411
0.0136243
0.0135073
0.0138341
0.0135466
0.0140997
0.0134805
0.013697
0.0148456
0.0137961
0.013749
0.013402
0.0133697
0.0135478
0.0138044
0.0136456
0.0131383
0.0140462
0.0134802
0.0133651
0.0138149
0.0131385
0.0142051
0.0166133
0.0233511
0.014206
0.0149935
0.0140434
0.0143378
0.0136028
0.0176577
0.01387
0.0140127
0.0138937
0.013686
0.0146598
0.0130596
0.0146572
0.0140117
0.0132424
0.0148925
0.0139323
0.0143332
0.0135173
0.0145413
0.0136649
0.0134412
0.0142862
0.0133256
0.0146022
0.0144657
0.0136913
0.0134484
0.0132638
0.0144563
0.0131048
0.0143635
0.0134225
0.013665
0.0138924
0.0128737
0.0151819
0.0132776
0.0143253
0.0135816
0.0134941
0.0139673
0.0132388
0.0143172
0.0133308
0.0136253
0.0137202
0.0137149
0.0139537
0.0135421
0.0135369
0.0132678
0.0138855
0.0134961
0.0138049
0.013529
0.0134557
0.0137943
0.0130928
0.0136014
0.013846
0.0134628
0.0136238
0.0134233
0.013588
0.0134469
0.0145825
0.0136333
0.0136119
0.0135646
0.0139541
0.0136872
0.0136107
0.0135721
0.0138881
0.0134778
0.0134501
0.0138614
0.0138694
0.0134737
0.0137981
0.0133407
0.0132821
0.0136311
0.0134535
0.0133054
0.0134498
0.013354
0.0136722
0.0148471
0.0138323
0.0135047
0.0136145
0.0133282
0.0133243
0.0135504
0.0138209
0.0134845
0.0133847
0.0135297
0.0134143
0.0137893
0.0134019
0.0133775
0.0141834
0.0137666
0.0136925
0.0138748
0.01361
0.0134746
0.0132907
0.0137866
0.0134711
0.0138928
0.013528
0.0129341
0.0144867
0.0132094
0.014144
0.0135059
0.0133889
0.0134508
0.0132591
0.0134243
0.0133737
0.0136616
0.0139371
0.0136616
0.0142415
0.0132964
0.01356
0.0145225
0.0134039
0.0139656
0.0131618
0.0138085
0.0133957
0.0136427
0.0139109
0.0130435
0.013945
0.0132972
0.0135731
0.0143473
0.0131141
0.0143842
0.0130776
0.013768
0.0134894
0.0129665
