0.000876624
0.000901595
0.000659344
0.000659795
0.00063264
0.000642672
0.000728469
0.000696568
0.000647837
0.000660546
0.000911697
0.000630596
0.000737757
0.000709687
0.000663122
0.000870504
0.000632144
0.000744644
0.000971463
0.000768976
0.000675141
0.000683752
0.00076902
0.00073303
0.000697473
0.000640424
0.000920259
0.000957091
0.000726794
0.000725593
0.000727317
0.000664854
0.00070534
0.000656892
0.000755054
0.000708596
0.000697455
0.000664631
0.000677991
0.00066963
0.000750366
0.000658079
0.000780002
0.000952926
0.00065167
0.000682812
0.00088878
0.000652969
0.000672955
0.000641447
0.000662447
0.000646604
0.000673609
0.000637546
0.000660544
0.00061711
0.00060347
0.000628584
0.00062676
0.000636193
0.000678615
0.000675782
0.000689444
0.000629222
0.000633175
0.000649851
0.000665541
0.000637819
0.000684853
0.000692238
0.00068045
0.00062942
0.000648425
0.000667218
0.000660469
0.000674974
0.000632487
0.000928665
0.000678437
0.000674964
0.000671249
0.000681226
0.000665332
0.000706418
0.000684298
0.000641463
0.000622089
0.000757582
0.000948337
0.000723224
0.000784754
0.000687251
0.000652883
0.000666382
0.000653931
0.000628597
0.000637755
0.000629836
0.000654729
0.000662346
0.000630131
0.000656463
0.000650738
0.000631777
0.000683989
0.000663747
0.000649773
0.000629904
0.000640208
0.000754988
0.00102651
0.00060217
0.000701458
0.000661228
0.000646512
0.000689646
0.000673543
0.000894459
0.0007542
0.000767992
0.000673507
0.000654692
0.000755803
0.000695106
0.000801713
0.000746134
0.000685314
0.000769205
0.000720402
0.000674073
0.000682408
0.000725278
0.00101849
0.000744526
0.000939129
0.00141749
0.00092046
0.000707217
0.00111
0.00108254
0.000795125
0.000623341
0.000931608
0.00117072
0.00073034
0.000710626
0.000622201
0.000703679
0.00095215
0.000830359
0.00108045
0.00116935
0.000761034
0.000783687
0.000742832
0.000810534
0.000658298
0.000734815
0.000817803
0.000654731
0.000654584
0.000650244
0.00067539
0.000729549
0.00068681
0.000901192
0.000692323
0.000628809
0.000706156
0.000655226
0.000672172
0.000635084
0.000673505
0.000918968
0.000729497
0.000865997
0.000844025
0.000713789
0.000720922
0.000641195
0.000935717
0.000889132
0.000876909
0.000648356
0.000705841
0.000705051
0.000686774
0.000722723
0.000666307
0.000717565
0.000630665
0.000638596
0.000625011
0.000647446
0.000853447
0.000772255
0.000695796
0.000695691
0.000707768
0.000646364
0.00066755
0.00071501
0.000863891
0.000680116
0.000658548
0.000647451
0.000634773
0.000689327
0.000703399
0.000982543
0.000814211
0.000825242
0.000941429
0.000664619
0.00068294
0.000619952
0.000657419
0.000699586
0.00066623
0.000696504
0.000637923
0.00070592
0.000659227
0.00067424
0.000726368
0.000748726
0.000650983
0.000734018
0.000632789
0.000681938
0.000647561
0.000672959
0.000935257
0.000763099
0.000670863
0.000674388
0.000766652
0.000692451
0.000644785
0.00062413
0.000631911
0.00063749
0.000674157
0.000750796
0.000660279
0.000636487
0.000639624
0.000635394
0.000693736
0.000645782
0.000692804
0.000670514
0.000701207
0.000660844
0.000635946
0.00074146
0.000713329
0.000770104
0.00092556
0.000648721
0.000819434
0.000746177
0.000740021
0.000702653
0.000647166
0.000623657
0.000622069
0.000639561
0.000852964
0.00066008
0.000644455
0.000644804
0.000635463
0.000651663
0.000771531
0.000714308
0.00066033
0.000688996
0.000662899
0.000632818
0.000737382
0.000720239
0.000721158
0.00085545
0.00064889
0.000862921
0.000739448
0.000657595
0.000650506
0.000656394
0.000675551
0.000660884
0.000679248
0.000677821
0.000706094
0.000656159
0.000626384
0.000712761
0.000637168
0.000669157
0.000699491
0.000768258
0.00102132
0.0008954
0.000653939
0.000734547
0.000694871
0.00070552
0.000625577
0.000644748
0.000683074
0.000795356
0.000665577
0.0007101
0.000682924
0.00065865
0.000613835
0.000647267
0.000674319
0.000649071
0.000658214
0.00064231
0.000756981
0.000665848
0.000810011
0.000637702
0.0008233
0.000774363
0.000705702
0.000645635
0.000720615
0.000649117
0.000735412
0.000708542
0.000627689
0.00063752
0.00098703
0.000657831
0.000902134
0.000632687
0.000651055
0.000660185
0.000701647
0.000655737
0.000665493
0.000808376
0.000623773
0.000739313
0.000646135
0.000671342
0.000670329
0.0006479
0.000706826
0.000753922
0.000697468
0.000682656
0.000668991
0.000785317
0.000677857
0.000659833
0.000625445
0.000760571
0.000738476
0.000727881
0.000607901
0.000610398
0.000617467
0.000683522
0.000695302
0.000665192
0.000948369
0.000698368
0.000784892
0.000732085
0.000750629
0.000594007
0.000652226
0.000686736
0.0007552
0.000701593
0.000736252
0.000722702
0.000797744
0.000731528
0.000675624
0.000649155
0.00102949
0.000779903
0.000833628
0.000679746
0.000630048
0.000753852
0.000639658
0.000752812
0.00104873
0.000670977
0.00078868
0.000802632
0.000774914
0.000657354
0.000663862
0.000921518
0.000762394
0.00076302
0.000941738
0.000921798
0.000659068
0.000722294
0.00130678
0.000902921
0.000948307
0.00102904
0.00084692
0.000939483
0.00074192
0.000694489
0.00108785
0.000692245
0.000784189
0.000676383
0.000674091
0.000677281
0.000826186
0.000725654
0.000869583
0.000820308
0.000804032
0.000664613
0.000846106
0.000747818
0.000721989
0.00069399
0.0007185
0.000696647
0.000679789
0.000710309
0.000845244
0.000712972
0.000670087
0.00086485
0.000702507
0.000763922
0.000846681
0.000650941
0.00084562
0.000935866
0.000838881
0.0010922
0.000819173
0.000997424
0.00117244
0.000776017
0.000687713
0.000776118
0.000846269
0.000709217
0.00101243
0.00104587
0.000980872
0.000803443
0.000675064
0.000674181
0.000684169
0.000806783
0.00095708
0.00114127
0.00116951
0.000680001
0.000631541
0.00078435
0.00106955
0.00100385
0.00102915
0.000702163
0.00064203
0.000639838
0.000672218
0.000717064
0.000747748
0.000669249
0.000726125
0.000852294
0.0006566
0.000695117
0.000893112
0.000699372
0.000643378
0.000764784
0.000707742
0.000637694
0.000672487
0.000668496
0.00081996
0.000775014
0.000849403
0.000699763
0.000667362
0.000643474
0.000641812
0.000817165
0.000889436
0.000653811
0.0010036
0.000673534
0.000748839
0.000707089
0.000728967
0.000712164
0.000724563
0.000804361
0.000761285
0.000702135
0.000765554
0.000866574
0.000660527
0.000694089
0.000648824
0.000788863
0.000712972
0.00065464
0.000667948
0.000666751
0.000643723
0.000631643
0.000700194
0.000876716
0.00083405
0.000741162
0.000747366
0.000663967
0.000664803
0.000644504
0.000640072
0.000708478
0.00078235
0.000699755
0.000675327
0.00063647
0.000691271
0.000699622
0.000644095
0.000739337
0.00067055
0.000627403
0.00069046
0.000688171
0.000645027
0.000661906
0.000622724
0.000676738
0.000640535
0.000677312
0.000683539
0.000821195
0.000623081
0.000675855
0.000845413
0.000730275
0.000761568
0.000852183
0.000778231
0.000714495
0.000916195
0.00075866
0.00070589
0.000646192
0.000641999
0.000717663
0.000660183
0.000718325
0.000812313
0.000701733
0.00067664
0.000656843
0.000657982
0.000766549
0.000818704
0.000627665
0.000753305
0.000648302
0.000645128
0.000742152
0.000663806
0.000739314
0.000946608
0.000902846
0.000738767
0.000661508
0.000692995
0.000652578
0.000638758
0.000688492
0.000629189
0.000707294
0.000648913
0.000683341
0.00071368
0.000735967
0.000828124
0.0006719
0.000635888
0.000650972
0.000648015
0.000904955
0.0006924
0.000688871
0.000651851
0.000674624
0.000658048
0.000650573
0.000831623
0.000772547
0.000648042
0.000651578
0.000658739
0.00064432
0.000718194
0.000700171
0.00067186
0.000690111
0.000664976
0.000890846
0.000675164
0.000650522
0.000878107
0.000929931
0.00090934
0.000692198
0.000752513
0.000675154
0.000644417
0.000765531
0.00101536
0.000678097
0.000857741
0.000938788
0.000862518
0.00102968
0.000666833
0.00068239
0.000723127
0.000713202
0.00069012
0.000629374
0.000638699
0.000654812
0.000692989
0.000694025
0.000742155
0.000708161
0.000757884
0.000745565
0.00131059
0.000716972
0.000636367
0.000759005
0.000672514
0.00070145
0.000754273
0.000640742
0.000646817
0.000800372
0.000674514
0.000671099
0.000650831
0.00072358
0.000644239
0.000772012
0.000634333
0.000660177
0.000813772
0.000725956
0.000795711
0.0007267
0.000629327
0.000714017
0.000749613
0.000641439
0.000678494
0.000662091
0.000694414
0.000699115
0.00103238
0.000846458
0.000663298
0.000637314
0.000660665
0.000739251
0.000701332
0.000674307
0.000659713
0.000658857
0.000613739
0.000620867
0.000661138
0.000703389
0.000708592
0.00124946
0.000665738
0.000709162
0.000638607
0.000866618
0.000638291
0.000636156
0.000680306
0.00066244
0.000681331
0.000683409
0.000739892
0.000676465
0.000697906
0.000641924
0.00073522
0.000801629
0.00069268
0.000635668
0.000698968
0.000680325
0.000659495
0.000936394
0.000777828
0.000679036
0.000794345
0.000717319
0.000683447
0.000702179
0.000802496
0.000624786
0.000656576
0.000749068
0.000780016
0.000819642
0.000655972
0.000651333
0.000643454
0.000703401
0.000707813
0.000693214
0.000625508
0.000648841
0.000619767
0.000650121
0.000647135
0.00065488
0.000642133
0.000807659
0.000624163
0.000724784
0.000630256
0.000646212
0.000644894
0.000829921
0.00066012
0.00082668
0.000639145
0.000682879
0.000648354
0.00063166
0.00063776
0.000706506
0.000636459
0.00075378
0.000631848
0.00062887
0.000630621
0.000640547
0.000636905
0.00066922
0.000706388
0.000664887
0.000635637
0.000715934
0.000791401
0.000662375
0.00063148
0.000648773
0.000775326
0.000655038
0.000694115
0.000664044
0.000718941
0.000779871
0.000665617
0.000681547
0.000661705
0.000623641
0.000710851
0.000701821
0.00064072
0.000661608
0.000667945
0.000684872
0.000648425
0.000661506
0.00105764
0.000733983
0.000641008
0.000715113
0.000695149
0.000825644
0.00070105
0.00067852
0.000747685
0.000649428
0.000607695
0.000679809
0.000775938
0.000646766
0.000681485
0.000630929
0.00069269
0.0007807
0.000691235
0.000686127
0.000738979
0.000661323
0.000693835
0.000656032
0.000881376
0.000835684
0.00063911
0.000635011
0.000661342
0.000633473
0.000694955
0.000743378
0.000811548
0.000683712
0.000675239
0.000640554
0.000648186
0.000864372
0.000637243
0.00083838
0.000728431
0.000693047
0.000633
0.000658059
0.000683295
0.000651937
0.000719726
0.000612807
0.000698749
0.000698345
0.000630415
0.000632176
0.000768406
0.000652879
0.000703759
0.000649871
0.000793638
0.000642262
0.00092908
0.000640241
0.000637963
0.000642286
0.000670543
0.000680775
0.00078589
0.000716948
0.000811235
0.000632708
0.000715451
0.000644885
0.000640012
0.000668827
0.000655576
0.000657901
0.000701791
0.000790875
0.000628592
0.000675865
0.000664586
0.000677321
0.000635741
0.000674929
0.000684602
0.000629771
0.000670504
0.000606949
0.000662026
0.000639669
0.000719573
0.00080772
0.00075839
0.000755987
0.000789872
0.000953245
0.00072441
0.000726462
0.000705931
0.000670436
0.000680031
0.000698933
0.000716624
0.00075412
0.000668184
0.000673035
0.000676643
0.000687488
0.000676899
0.000716604
0.000845748
0.000650545
0.000650858
0.000654739
0.00106359
0.000870444
0.000850736
0.000855443
0.000668513
0.000703452
0.000643357
0.000663653
0.000739872
0.000701183
0.000629271
0.00064907
0.000774295
0.000727669
0.000794001
0.000693092
0.000670358
0.000653845
0.000670489
0.00073242
0.000780972
0.000652512
0.000609557
0.00072333
0.000683021
0.000663728
0.00086376
0.000689916
0.000791815
0.000713696
0.000788236
0.000611822
0.000776816
0.000628238
0.000644601
0.000748549
0.000684189
0.000788359
0.00070175
0.000643661
0.000690812
0.000658329
0.000632834
0.000621234
0.000741457
0.000758824
0.00069711
0.000628796
0.000694797
0.000828524
0.000660365
0.000734284
0.000748501
0.000655848
0.000884901
0.000732772
0.000754443
0.00064218
0.000652235
0.000640009
0.000742176
0.000647824
0.000984855
0.000685742
0.000692321
0.000698052
0.000661311
0.000709674
0.000642531
0.000675077
0.000844339
0.000780566
0.000656009
0.000703905
0.000664399
0.000700472
0.000679461
0.000684052
0.000641855
0.000916229
0.00085621
0.000729521
0.00067095
0.000636885
0.000646984
0.000606133
0.000652852
0.000647911
0.000633554
0.000671238
0.000744901
0.000649509
0.000759766
0.000705093
0.000806852
0.000742612
0.000793293
0.000680894
0.000783446
0.000781961
0.000672068
0.000763519
0.000670603
0.000635017
0.00100962
0.000679559
0.000660005
0.000668212
0.000638874
0.000675967
0.000678337
0.000653998
0.000666751
0.000781417
0.000663998
0.00071689
0.000669693
0.000712511
0.000663239
0.000666138
0.000904249
0.000881413
0.000684138
0.000721676
0.000661431
0.000753619
0.000955602
0.00067945
0.000639286
0.000856475
0.000635196
0.000675871
0.000698787
0.000712928
0.000772015
0.000724587
0.000751166
0.000750769
0.000664016
0.000675019
0.00069728
0.000661924
0.000667924
0.000713176
0.000694317
0.000696322
0.00074854
0.000784951
0.000710767
0.000812498
0.000645478
0.000644508
0.000684752
0.000789009
0.00074048
0.000777146
0.0007438
0.000661708
0.000656721
0.000761906
0.000657181
0.000659155
0.000696589
0.000672422
0.000703713
0.000711874
0.00074606
0.00071914
0.000692604
0.000657618
0.00074486
0.000659439
0.000743196
0.0007883
0.000856174
0.000722632
0.000644066
0.000699854
0.000733245
0.000704962
0.000641331
0.000665583
0.000721425
0.000650512
0.000674478
0.000661438
0.000765404
0.000826004
0.000838449
0.00064182
0.000643076
0.00063164
0.000640669
0.000623532
0.000660865
0.000686062
0.000723268
0.000810754
0.00065742
0.00067584
0.000714012
0.000629091
0.000667877
0.000639225
0.000720224
0.00074267
0.000644069
0.000623284
0.000645554
0.000679506
0.000672399
0.000708245
0.00067321
0.000980015
0.000850994
0.00080926
0.000912931
0.000708097
0.000691934
0.000656557
0.00103748
0.00078404
0.000638407
0.000732935
0.000837782
0.000684477
0.000665801
0.000673471
0.00095647
0.000708044
0.000646745
0.000690489
0.000756864
0.000669254
0.000637762
0.00104264
0.000691955
0.000757415
0.000749729
0.000820058
0.00101144
0.000615415
0.000695318
0.000733914
0.000840747
0.000759715
0.000760508
0.000731929
0.000659037
0.000686022
0.00102077
0.000795702
0.000665841
0.000679866
0.000625149
0.000730576
0.000728833
0.000672834
0.000659062
0.000658674
0.000674207
0.000731052
0.000666345
0.000777737
0.000664066
0.000904395
0.000674276
0.000688604
0.00074646
0.000655464
0.00066048
0.000861924
0.00067354
0.000686968
0.000661409
0.00064398
0.000642678
0.000945119
0.000638717
0.000632659
0.000650875
0.000681173
0.000677322
0.000672604
0.00074226
0.000724143
0.000715778
0.000678216
0.000741485
0.000641391
0.00090312
0.000694272
0.000663275
0.00062949
0.000824865
0.000756857
0.000810888
0.000743038
0.000624841
0.000656245
0.000646726
0.000654004
0.00105073
0.000685574
0.000641678
0.00069652
0.000658659
0.000635748
0.00062853
0.000678228
0.000645126
0.000697702
0.000787777
0.000695525
0.000684372
0.000748185
0.000657696
0.000655171
0.000644607
0.000634621
0.000736106
0.000640292
0.00077174
0.000695245
0.000672562
0.000694361
0.000652328
0.000657048
0.000810385
0.00061984
0.000646026
0.000640723
0.000660559
0.000610855
0.000637523
0.000728943
0.000723001
0.000846375
0.000649678
0.000716262
0.000738093
0.00064344
0.000645438
0.000623572
0.000633547
0.000742876
0.000915274
0.000678463
0.000654249
0.000639819
0.000644894
0.000633906
0.000747438
0.000615011
0.000689474
0.000632971
0.0006575
0.000648011
0.00065594
0.000629622
0.000727089
0.000677595
0.000687038
0.000714061
0.000642382
0.000644827
0.000653577
0.000655865
0.000623979
0.000692999
0.000655388
0.000990822
0.000643379
0.000692867
0.000649656
0.000615604
0.000660034
0.00069955
0.000652894
0.000789724
0.000704857
0.000680927
0.000617083
0.000636424
0.000668556
0.000693747
0.000691183
0.00080272
0.000800757
0.000660224
0.000643947
0.000729099
0.00074519
0.000665894
0.000717202
0.000731713
0.00102222
0.000687974
0.000645932
0.000631698
0.000683029
0.000787191
0.000648412
0.000657426
0.000816249
0.000650622
0.000650214
0.000630156
0.000689987
0.000682163
0.000722814
0.00064062
0.000766315
0.000698579
0.000653323
0.000658619
0.0010346
0.000685087
0.000630898
0.000645992
0.000695877
0.000923038
0.000709318
0.000656967
0.000680185
0.0006226
0.00068699
0.000693787
0.000660862
0.000783315
0.000624056
0.000636554
0.000655214
0.000652369
0.000702948
0.000696015
0.000716282
0.000708411
0.00077738
0.000650606
0.000632631
0.000682378
0.000735738
0.00112797
0.00100517
0.000763682
0.000977409
0.000638889
0.000715859
0.000735584
0.000710326
0.000732109
0.000617717
0.000687053
0.000717514
0.000685576
0.000656531
0.000675809
0.000754445
0.000711275
0.000673131
0.000661313
0.000777411
0.000676355
0.000618151
0.0006477
0.000632335
0.000646334
0.000770031
0.000771782
0.000834949
0.000742549
0.000675137
0.000758215
0.000708877
0.000729434
0.000703628
0.000635473
0.00072972
0.000664541
0.000651377
0.000651354
0.000706782
0.000640647
0.000660318
0.000687348
0.000688606
0.000792206
0.000731516
0.000713855
0.000713191
0.000640035
0.000731733
0.000653389
0.000760748
0.000912876
0.000658344
0.000648921
0.000659769
0.000682975
0.000684987
0.000682852
0.000641113
0.000817635
0.000711419
0.000632024
0.000678936
0.000722432
0.000656649
0.000806169
0.000783341
0.000681409
0.000681831
0.000757207
0.000669647
0.000661354
0.000845264
0.000746333
0.000738257
0.0010979
0.00091921
0.000647471
0.000737214
0.000759313
0.000720769
0.000618541
0.000669075
0.00082186
0.000655566
0.000666284
0.00065328
0.000693579
0.000650769
0.000686653
0.000695041
0.000737115
0.000967836
0.000635357
0.000625732
0.000799855
0.00083346
0.000688318
0.0008038
0.00126574
0.00084761
0.00067551
0.000768686
0.000693739
0.000693276
0.000777408
0.00065088
0.000645517
0.000731707
0.00065501
0.000660803
0.000644738
0.000773167
0.000697528
0.000636961
0.000622913
0.0009165
0.000933075
0.000724837
0.000730126
0.00107834
0.00105113
0.000921714
0.000629811
0.000757654
0.00113151
0.00115184
0.00084406
0.000698434
0.000673775
0.000747604
0.000918421
0.00111786
0.00106199
0.00106498
0.000836723
0.000958024
0.00114189
0.000873372
0.000693273
0.00100202
0.000760193
0.00065859
0.000947954
0.000713534
0.000653886
0.000837699
0.000762827
0.000663966
0.000638752
0.000786813
0.000679114
0.000650815
0.000653896
0.000644274
0.000634284
0.000770546
0.00064048
0.000629531
0.000684031
0.000910475
0.000666939
0.000666923
0.000981477
0.00100749
0.00102346
0.000960641
0.00101565
0.000892192
0.00122077
0.00089803
0.000783798
0.000721361
0.000654152
0.000629553
0.000667535
0.000953723
0.000659315
0.000659539
0.000859742
0.000863679
0.000661664
0.000749176
0.000878661
0.000733393
0.000657317
0.000632254
0.000675165
0.0006896
0.000646622
0.000730791
0.000675486
0.000732786
0.000657881
0.000955361
0.000933885
0.000912296
0.000797571
0.000723918
0.000725998
0.000738074
0.000769945
0.000852018
0.000771202
0.000659055
0.000872766
0.000963338
0.000650941
0.000671382
0.000629663
0.000702871
0.000668394
0.000665224
0.000645107
0.000659011
0.000730734
0.000722614
0.000681579
0.000693387
0.000617867
0.000610975
0.000642424
0.000744024
0.000784609
0.000665612
0.000639695
0.000641121
0.000832714
0.000682261
0.000766866
0.00112209
0.000875544
0.00070356
0.000864762
0.00064885
0.000667981
0.00062156
0.0006464
0.00064763
0.000857844
0.000740202
0.000704094
0.000645733
0.000794119
0.000636514
0.000749772
0.000628347
0.000741885
0.000698661
0.000653658
0.000677677
0.000816552
0.000742286
0.000690611
0.000764243
0.000689718
0.000851802
0.000671284
0.000599542
0.00083345
0.000677653
0.000677806
0.000795179
0.000647218
0.000699601
0.000782965
0.000827617
0.000771111
0.000694554
0.000785898
0.000652593
0.000627474
0.00103806
0.000666458
0.00104277
0.00102822
0.000806091
0.000664009
0.00109026
0.000694044
0.000821044
0.000695867
0.00073738
0.000749262
0.000643642
0.000808761
0.000863512
0.000728214
0.00113581
0.00105279
0.00110408
0.000835677
0.000941636
0.000813217
0.00089489
0.000770981
0.000878573
0.000757289
0.000718836
0.000767003
0.000669698
0.000828244
0.000733067
0.00077673
0.000658359
0.000654144
0.000777877
0.000670699
0.00065244
0.000690726
0.00069233
0.000663416
0.000702005
0.000778459
0.000637676
0.000726155
0.000817366
0.00072801
0.0010418
0.000821475
0.000638737
0.000641662
0.0007649
0.00101432
0.000718349
0.000670691
0.000659733
0.000666635
0.000717868
0.000695735
0.000951755
0.000806378
0.00106589
0.000652682
0.000710323
0.000691426
0.000634004
0.000683978
0.000768802
0.000849334
0.000763776
0.000799156
0.000659877
0.000705874
0.000841047
0.000963401
0.000671508
0.000669815
0.000691105
0.000754945
0.000652736
0.000678145
0.000636481
0.000758034
0.000657612
0.000738475
0.000679886
0.000678942
0.000718369
0.000713821
0.000639451
0.000900638
0.000791152
0.000687857
0.000673522
0.00072749
0.000746601
0.000753275
0.000718978
0.000717924
0.000712911
0.000661828
0.000671906
0.000662834
0.000748145
0.00068861
0.00064206
0.000826409
0.000775071
0.000672533
0.000679488
0.000806101
0.000688003
0.000633085
0.00062182
0.000676792
0.000722926
0.00069671
0.000698704
0.000642756
0.000695979
0.000815393
0.000719567
0.00071877
0.000807869
0.000710591
0.000632594
0.000650266
0.000706468
0.000725875
0.00089029
0.000634532
0.000635811
0.000627743
0.000813423
0.00069253
0.000860513
0.000750762
0.000745016
0.000664411
0.000647106
0.000656152
0.000694449
0.000603523
0.000801393
0.0008709
0.000914231
0.000956505
0.000873516
0.000681403
0.00064913
0.000639886
0.000646132
0.000673463
0.00072856
0.00066529
0.000653223
0.000648867
0.000717326
0.000671124
0.000651865
0.000702617
0.000644464
0.00087301
0.000648238
0.000678417
0.000664201
0.000694733
0.000677953
0.000685366
0.00062862
0.000977573
0.000712453
0.000911547
0.000813805
0.000649383
0.00062051
0.000650034
0.000697245
0.000717608
0.000719303
0.000741353
0.000839588
0.000654575
0.000825572
0.000662722
0.000723779
0.000723946
0.000633073
0.000695538
0.000632143
0.000619318
0.000734563
0.000671481
0.000700563
0.000928713
0.000881599
0.00069254
0.000748625
0.000647391
0.000634431
0.000639387
0.000858201
0.000749188
0.000672293
0.00070093
0.000657217
0.000730194
0.000776049
0.000823814
0.000644716
0.000827325
0.000670914
0.000863579
0.00069561
0.000658001
0.000778043
0.000717682
0.00077065
0.000637077
0.000741598
0.000640008
0.000648735
0.000746192
0.000724357
0.000644171
0.000661393
0.000666203
0.000710899
0.000729693
0.000635519
0.000686037
0.000672457
0.000785407
0.000668709
0.000759037
0.000704977
0.000669755
0.000642446
0.000644088
0.000690592
0.000644513
0.000643064
0.000633293
0.000764659
0.000774411
0.000682477
0.000686766
0.00064741
0.000680965
0.000714585
0.000730747
0.000653573
0.000680667
0.000701334
0.000746206
0.000635139
0.000936863
0.000708655
0.000881548
0.000684318
0.000722084
0.000698796
0.000774911
0.000657416
0.00067593
0.000752421
0.000902956
0.00061148
0.000634892
0.000698197
0.000790775
0.000634223
0.000675086
0.000742183
0.000835402
0.000633571
0.000656725
0.000726276
0.000663718
0.00069594
0.000785139
0.00068808
0.000819672
0.000819984
0.000666691
0.000611193
0.000717823
0.000635848
0.00063585
0.000638119
0.000694332
0.000647237
0.000638844
0.000646476
0.000687772
0.000671641
0.00103333
0.000723173
0.000863236
0.00065833
0.000643644
0.000649196
0.000670784
0.00072482
0.000645376
0.000645825
0.000702564
0.000706686
0.00066322
0.000708377
0.000749517
0.000625876
0.000688757
0.000634962
0.00061217
0.000653913
0.000722371
0.000706133
0.000708166
0.000634328
0.000636696
0.000728193
0.000744595
0.000680791
0.000759215
0.000672048
0.000634833
0.00063241
0.000729538
0.000744044
0.000642738
0.000654496
0.000686521
0.000713726
0.00070368
0.000779154
0.000916525
0.000667398
0.000657374
0.000656011
0.000652387
0.000638367
0.000639927
0.0006276
0.00064126
0.000640712
0.00068307
0.000727977
0.000837542
0.000688983
0.000817362
0.00073233
0.000832421
0.000645681
0.000618456
0.000652309
0.000699842
0.000673721
0.000636275
0.000619866
0.000755812
0.000697247
0.000685594
0.000640869
0.000646368
0.000698102
0.000659701
0.000690497
0.000659574
0.00073375
0.000677687
0.000705888
0.000655241
0.000713463
0.00076737
0.000715161
0.000700933
0.000655392
0.000713307
0.000731166
0.000650575
0.000902832
0.000657324
0.000731619
0.000698915
0.000745221
0.000641708
0.000637552
0.000629228
0.000666299
0.00065084
0.000621636
0.000636209
0.000823481
0.000698997
0.00105899
0.000682291
0.00074629
0.000990174
0.000660116
0.000711263
0.000679313
0.000797977
0.000691695
0.000627616
0.000698504
0.000680107
0.000645939
0.000656714
0.00073119
0.000655455
0.000834844
0.000622385
0.000629958
0.000621732
0.000656157
0.000691586
0.0006729
0.000639222
0.000631259
0.000646792
0.000671087
0.000633022
0.000702382
0.000684916
0.000658315
0.000634431
0.000876898
0.000746661
0.000716695
0.000630457
0.000686994
0.000705796
0.00071186
0.000659899
0.000711171
0.000696207
0.000671715
0.000656772
0.000701673
0.00066318
0.000681446
0.000674277
0.00066278
0.00065144
0.000663308
0.00101701
0.000759241
0.000664966
0.000632531
0.000677572
0.000694329
0.000679933
0.000747706
0.000654646
0.000631022
0.000642726
0.000671005
0.000701874
0.000714836
0.000774891
0.000769289
0.000681906
0.000670384
0.000659091
0.000682133
0.000713596
0.000688928
0.000718143
0.000673337
0.000874282
0.000792066
0.00097136
0.000682443
0.000952547
0.000753619
0.000849132
0.000890405
0.000701046
0.000697988
0.000703335
0.000951078
0.000700327
0.000778694
0.000626626
0.000716442
0.000633957
0.00064004
0.000665917
0.000649965
0.000641828
0.000661111
0.000661546
0.000678729
0.000740615
0.000706749
0.000661846
0.000648409
0.000673698
0.000795688
0.000662413
0.000649082
0.000827357
0.000815732
0.000702157
0.000686597
0.000867792
0.000834631
0.0008802
0.000646401
0.000765251
0.000677504
0.000650651
0.000640234
0.000676132
0.000706915
0.000723052
0.000634094
0.00064297
0.000769232
0.000683037
0.000683448
0.000675686
0.000800392
0.000689873
0.000779277
0.000753682
0.000713994
0.000668651
0.000654516
0.000679646
0.000778173
0.000809408
0.000685114
0.000694401
0.000705183
0.000676305
0.000650788
0.000657725
0.000622339
0.000791071
0.000711439
0.000797806
0.000704472
0.000692606
0.000642536
0.000721138
0.000742536
0.000774775
0.000647364
0.00102404
0.000805735
0.000658374
0.000701251
0.000723234
0.000709392
0.000675057
0.000629989
0.00069307
0.000845716
0.000632066
0.000664026
0.00064137
0.000694948
0.000677682
0.000669949
0.000824368
0.00080781
0.000686298
0.000611093
0.000625412
0.000818009
0.000638529
0.000661959
0.000678677
0.000897336
0.000926353
0.000627406
0.00065034
0.000631939
0.000683057
0.000768229
0.000660409
0.000668161
0.00069138
0.000636761
0.000631922
0.000614619
0.000687482
0.000679601
0.000634573
0.000650363
0.000783017
0.000775406
0.000669194
0.000682011
0.000660893
0.000608927
0.000765655
0.000718472
0.000684277
0.000793012
0.000842786
0.000690618
0.000743591
0.000635456
0.000677959
0.000709268
0.0006694
0.000759983
0.000690647
0.000698581
0.00067967
0.000640737
0.000671208
0.000632574
0.000679967
0.000806055
0.000721805
0.000625842
0.000678747
0.000640137
0.000651397
0.000639525
0.000740819
0.000710219
0.00069946
0.000772176
0.000801082
0.000664635
0.00071003
0.000684286
0.000754023
0.000719058
0.000705998
0.000666657
0.000808408
0.000651639
0.000653238
0.000630792
0.000632301
0.000800955
0.00074883
0.000664338
0.000677489
0.000645499
0.000682118
0.000637092
0.000781073
0.00064963
0.000790984
0.00082767
0.000774002
0.000688233
0.000632564
0.000643278
0.000863775
0.000725892
0.000692927
0.000622241
0.000720614
0.000658771
0.000831579
0.00100291
0.000768341
0.00066763
0.000859694
0.000959576
0.000702632
0.00118812
0.00127392
0.00083424
0.000894479
0.000776766
0.000741045
0.000738842
0.000646876
0.000717017
0.000676424
0.000731693
0.000657463
0.000634706
0.000799734
0.000810328
0.000771853
0.000665889
0.000849852
0.000948343
0.00118518
0.000709269
0.000667578
0.000759819
0.000689382
0.000688834
0.00072905
0.000643303
0.00065175
0.000635312
0.000644805
0.000663012
0.000658519
0.000657262
0.000660132
0.00074921
0.00115631
0.000710221
0.000937772
0.000723998
0.000679732
0.000678944
0.00068709
0.000724944
0.00070606
0.000803171
0.000641299
0.000618493
0.000672271
0.000637501
0.000655821
0.000699858
0.000739228
0.000653186
0.000658472
0.000668677
0.000706902
0.000761317
0.000696834
0.000658404
0.000853642
0.000679442
0.000719759
0.000701796
0.000714568
0.00107922
0.00067826
0.000946812
0.000649481
0.000688968
0.000644548
0.000660186
0.000665544
0.000616934
0.00064307
0.000673295
0.000795337
0.000846054
0.0008794
0.00070777
0.000774621
0.000740302
0.000650113
0.000797916
0.000753319
0.000800931
0.000717108
0.000686342
0.000660891
0.000630366
0.000644297
0.000826197
0.000904786
0.000741334
0.000677716
0.000748683
0.000686592
0.000641784
0.000675873
0.000750958
0.000848408
0.000666481
0.000637444
0.000773769
0.00065
0.000700254
0.000952587
0.00084346
0.000938091
0.000678538
0.000688185
0.000752058
0.000687991
0.000653219
0.000683075
0.000854853
0.00065354
0.000700063
0.000636605
0.00071484
0.000637646
0.000729424
0.000644193
0.000703564
0.000633601
0.000751354
0.000627925
0.000752214
0.000660489
0.000736009
0.000632208
0.000755205
0.000680894
0.000662106
0.000676269
0.000726319
0.000650499
0.000701689
0.000780804
0.00063582
0.000733377
0.000688901
0.000683663
0.00080528
0.000703923
0.000654429
0.000636881
0.000682697
0.00064834
0.000645904
0.00063233
0.000650626
0.000656017
0.000719503
0.000621348
0.000722588
0.000615137
0.000669624
0.000692739
0.000661982
0.000704227
0.000723769
0.000673817
0.000637374
0.000650043
0.000809498
0.000702151
0.000725453
0.000667082
0.000626756
0.000611619
0.000648934
0.000654511
0.000712859
0.000638671
0.000641146
0.000794434
0.000651092
0.000813276
0.000636553
0.000650841
0.000630636
0.000729752
0.000666929
0.000795616
0.000648859
0.000748341
0.000650414
0.000702072
0.000710712
0.000698829
0.000745313
0.000747852
0.000666458
0.000651037
0.000643407
0.000651131
0.000683359
0.000679352
0.000645044
0.000628203
0.000648284
0.00065762
0.000697265
0.000660534
0.000633163
0.000675231
0.000620215
0.000667723
0.000695115
0.000735379
0.000679807
0.000688577
0.000689199
0.000785633
0.000705767
0.000647272
0.000670804
0.000651761
0.000686948
0.000664867
0.000640244
0.00063277
0.000635038
0.000748008
0.00067753
0.000696361
0.000646666
0.000714633
0.000701049
0.000681189
0.000691759
0.000645766
0.000633852
0.000655229
0.000658881
0.000726543
0.000631674
0.00064959
0.000624332
0.00063694
0.000737919
0.000711417
0.000701219
0.00069476
0.00063868
0.000648066
0.00069349
0.000632191
0.000628114
0.000624188
0.000620167
0.000656203
0.000729228
0.000695057
0.000702343
0.000668842
0.00083982
0.000759163
0.00078268
0.000722698
0.000813325
0.000813692
0.000743515
0.000671385
0.000653103
0.000689946
0.000631165
0.000674874
0.000721516
0.000678997
0.000626267
0.000751486
0.000645851
0.000752375
0.000697344
0.000660865
0.000627927
0.00071155
0.000685196
0.000737495
0.000849521
0.00068222
0.000716013
0.000643303
0.000662348
0.000688137
0.000745497
0.000852207
0.000826508
0.00077834
0.000647782
0.00080121
0.000662862
0.000656141
0.000652498
0.000692391
0.000655967
0.00064446
0.000664829
0.000635049
0.000664858
0.000638735
0.000677087
0.000708492
0.000765059
0.00113216
0.00065546
0.000657207
0.000652729
0.000687791
0.00064909
0.000723094
0.000718027
0.000693879
0.000685969
0.00064629
0.000706804
0.000767667
0.000620956
0.000667405
0.000903901
0.000662078
0.000653512
0.000671099
0.00066127
0.000656306
0.000653703
0.000631942
0.000628959
0.000831929
0.000708059
0.000676129
0.000760891
0.000662604
0.000745606
0.000644832
0.000799926
0.00116755
0.000879742
0.000685224
0.000646132
0.000634342
0.000764485
0.000662954
0.000694285
0.000827875
0.000702855
0.000641035
0.000679175
0.000669966
0.000617667
0.000677059
0.000851395
0.000929828
0.000638438
0.000668447
0.000739598
0.000666885
0.000689263
0.000679261
0.00071135
0.000877917
0.000672058
0.000631774
0.000633987
0.000724813
0.00064915
0.000721894
0.000646337
0.00068704
0.000767961
0.000660368
0.000628795
0.000639978
0.000636027
0.000710588
0.000692749
0.000674258
0.000806248
0.000672078
0.00069193
0.000691414
0.00068251
0.000692037
0.000710485
0.000737067
0.000776927
0.000855521
0.000653514
0.000673437
0.00064831
0.00088508
0.000648559
0.000663155
0.000670053
0.000647666
0.000762838
0.000653436
0.00062385
0.000689236
0.000720703
0.000642106
0.00069223
0.000684338
0.000943956
0.000689092
0.000661706
0.000710584
0.000692866
0.000758337
0.000883685
0.00103335
0.000853178
0.000840313
0.000876865
0.000709577
0.000892845
0.000956918
0.000983648
0.000750419
0.000935475
0.000831873
0.000888576
0.000820024
0.000925431
0.000831068
0.0012277
0.000984232
0.000870785
0.000970562
0.000836825
0.000789278
0.00119255
0.000806433
0.000819516
0.000910411
0.000682975
0.000725026
0.00068159
0.000709779
0.000844181
0.000654103
0.000708594
0.00070132
0.000687537
0.000670318
0.000659951
0.000663741
0.000687848
0.000675361
0.000765151
0.000689695
0.000982718
0.000693973
0.000735434
0.000723211
0.00075981
0.000880978
0.000755378
0.00067314
0.000768633
0.000698716
0.00063359
0.00074018
0.000743358
0.000621776
0.000650291
0.000767096
0.000873246
0.000670073
0.00063177
0.00065477
0.000655295
0.0010432
0.000705882
0.000703983
0.000910697
0.000686033
0.000707361
0.00071374
0.000634693
0.000681626
0.000758848
0.000885775
0.000659369
0.000655388
0.000694685
0.00065692
0.000651209
0.000676431
0.000739653
0.000734469
0.000780856
0.00063822
0.000625134
0.000700075
0.000637876
0.00275514
0.000972174
0.000821218
0.00101793
0.00105036
0.000769759
0.00075009
0.000862178
0.000662804
0.000683845
0.000756809
0.000872743
0.000843303
0.000652096
0.000701474
0.000958211
0.000671435
0.000698334
0.000703483
0.000702364
0.000659543
0.000735157
0.000742319
0.000632221
0.000965024
0.000812385
0.000674376
0.000918674
0.000790227
0.000704845
0.000682638
0.000817968
0.00072758
0.0007298
0.000707182
0.000742494
0.00069743
0.000695527
0.000646947
0.000749803
0.000626687
0.000631153
0.000836139
0.000654652
0.000723263
0.000902359
0.000893209
0.000856223
0.000703943
0.000715401
0.00066974
0.000680872
0.000742087
0.000680772
0.000794247
0.000645754
0.0006436
0.000927483
0.000735301
0.000793242
0.00068922
0.000633615
0.000841823
0.000755867
0.000680658
0.000824018
0.000940373
0.000755624
0.000904101
0.00112108
0.000828587
0.000702236
0.000857246
0.000707286
0.000887854
0.000850792
0.000990231
0.000671945
0.000666275
0.000875337
0.00065217
0.000672947
0.000622439
0.000700624
0.000627977
0.000704525
0.000759392
0.00073255
0.000842625
0.00103845
0.000822483
0.00327882
0.0011383
0.00123969
0.000946664
0.00207223
0.00109129
0.000943757
0.000663339
0.000789014
0.000878457
0.00071133
0.000732389
0.000963862
0.000798566
0.00101894
0.000714079
0.0010659
0.000972059
0.0011414
0.00111473
0.000707166
0.000830366
0.000881014
0.000798783
0.000985743
0.000717071
0.000895718
0.000910585
0.000836652
0.00133006
0.00197383
0.00128692
0.000952557
0.001574
0.00104667
0.00083869
0.000749441
0.000762719
0.000761368
0.000940699
0.000749804
0.000848369
0.00065273
0.000724687
0.000807642
0.000830559
0.000705181
0.000751206
0.00104834
0.00101486
0.000689599
0.000868164
0.00111251
0.000702497
0.00070871
0.000656538
0.000949153
0.000917995
0.0010132
0.000731657
0.000793164
0.000755995
0.00073191
0.000857768
0.000803251
0.000835977
0.000836002
0.00074817
0.0011148
0.000766573
0.000706609
0.00090732
0.000677041
0.00095947
0.00108476
0.000811087
0.00073819
0.00066819
0.000695754
0.000672689
0.000660472
0.000648495
0.000934656
0.00085972
0.000619556
0.000778458
0.000890562
0.000992472
0.00118333
0.00109723
0.000665719
0.000671458
0.000697327
0.00103554
0.000836659
0.000914053
0.000672113
0.0007001
0.000633522
0.000793307
0.000670696
0.000705847
0.000917731
0.000739493
0.00068564
0.000643112
0.000778741
0.000674297
0.00075489
0.000836626
0.000796985
0.000669263
0.000707236
0.000628629
0.000668168
0.000653671
0.000736157
0.000920304
0.00143835
0.000703642
0.000652615
0.000709094
0.000800317
0.000840677
0.00126837
0.000704816
0.000639612
0.000792207
0.000711164
0.000675711
0.000703557
0.000632005
0.000815873
0.000803679
0.000676346
0.000720164
0.000683344
0.000692455
0.000697332
0.000676496
0.000654767
0.000772183
0.000668572
0.000739613
0.000637353
0.000854402
0.00065975
0.000674434
0.000811234
0.000898056
0.000668959
0.000800419
0.000845269
0.000687642
0.000686695
0.000652086
0.000654706
0.000807468
0.000724689
0.000749165
0.000662058
0.000885556
0.000689558
0.000856573
0.000857196
0.00129003
0.000722205
0.000823789
0.000659324
0.000698975
0.000744685
0.000654589
0.000820305
0.000658787
0.000717883
0.00079197
0.000712567
0.00080378
0.000647139
0.000651571
0.000698614
0.000776815
0.000823894
0.000827754
0.000645817
0.000766321
0.00131138
0.000938582
0.000948115
0.000756242
0.000868564
0.000683675
0.000730114
0.000719755
0.000662559
0.000741781
0.000701252
0.000656152
0.0007942
0.000650825
0.000642106
0.000639156
0.000664847
0.000789613
0.000754894
0.000676744
0.000717805
0.000705889
0.000696199
0.000651251
0.000687649
0.000732823
0.000779106
0.000626945
0.000702695
0.000663861
0.000645685
0.000622983
0.000857159
0.000692667
0.000657119
0.00070106
0.00064605
0.000646786
0.00061412
0.000656488
0.000642079
0.000641981
0.000840116
0.000780914
0.000743945
0.00066091
0.000677535
0.000669611
0.000746388
0.00092096
0.000905229
0.000703309
0.000616426
0.000652514
0.000639768
0.000661879
0.000652658
0.000638687
0.000632164
0.000723653
0.000655801
0.000677688
0.000746069
0.000627526
0.000629815
0.000792435
0.00067762
0.000674026
0.000628133
0.000883187
0.00070282
0.00071864
0.000744359
0.000672202
0.000706988
0.000671962
0.000654349
0.000711833
0.000757796
0.000660236
0.000660072
0.000641442
0.000654217
0.000714566
0.00071482
0.000898348
0.000772956
0.000681109
0.000721926
0.000650972
0.00066733
0.000744023
0.000716921
0.000676713
0.000768498
0.0007081
0.000652316
0.000747525
0.000635218
0.000705415
0.000661822
0.000725729
0.00078771
0.000660177
0.000620886
0.000746904
0.00062174
0.000658031
0.000678637
0.000711975
0.000961243
0.000716235
0.000709851
0.000649554
0.000647232
0.000662546
0.000646388
0.000960324
0.000805985
0.000724965
0.000737911
0.000783711
0.000712961
0.000795853
0.000885915
0.000649428
0.000741411
0.00105579
0.000629852
0.000658746
0.000629546
0.000821605
0.000850327
0.000772002
0.000644362
0.000691565
0.0006463
0.000680739
0.000781722
0.000774184
0.000913102
0.00107786
0.00117292
0.000786374
0.000826607
0.00118252
0.00115519
0.000792772
0.000944746
0.000725888
0.000656471
0.000855142
0.0010573
0.00103614
0.00129869
0.00105599
0.00074825
0.000723891
0.000995755
0.000783357
0.000834026
0.00080312
0.000711861
0.00114044
0.000658275
0.000799334
0.00076458
0.000850006
0.000699262
0.000762028
0.000974674
0.000870618
0.0013091
0.000829342
0.000796284
0.000680495
0.000935462
0.000887235
0.000724244
0.000860017
0.000818085
0.000728901
0.000618826
0.000799276
0.000850641
0.000887811
0.000757311
0.000671515
0.000801142
0.000715762
0.000673877
0.000725914
0.000675935
0.000676212
0.000746189
0.000664391
0.000771759
0.000759663
0.000795986
0.000766975
0.000673519
0.000660869
0.000709702
0.000703202
0.000653093
0.000659724
0.00069698
0.000764593
0.000662347
0.000703417
0.000627701
0.000679353
0.00102381
0.000773311
0.000614037
0.000650577
0.000659345
0.000657793
0.000733061
0.000770597
0.000662074
0.000712017
0.000641115
0.000662686
0.000791131
0.000698292
0.000635376
0.000866174
0.000674417
0.000725221
0.000730174
0.000663017
0.000656801
0.000626878
0.000627929
0.000635739
0.000755937
0.000673607
0.000912693
0.000773631
0.000747913
0.000697301
0.000701879
0.000848234
0.000675629
0.000721885
0.000612798
0.000828008
0.000675674
0.000691993
0.000658788
0.000719639
0.000811656
0.000717834
0.000637851
0.000706293
0.000644311
0.000797588
0.000709289
0.000656812
0.000632842
0.000635866
0.00081162
0.000752579
0.000652597
0.000682956
0.000723397
0.000706807
0.00068131
0.00068802
0.000682992
0.000668326
0.00094266
0.000656442
0.000783092
0.0009628
0.000713621
0.000687256
0.000719508
0.000659555
0.000827614
0.000651706
0.000626017
0.000688822
0.000648346
0.000626893
0.00063082
0.000809421
0.000855598
0.000717267
0.000754262
0.000662646
0.000643915
0.000742588
0.000699411
0.000696328
0.000719522
0.000671479
0.00067084
0.000704782
0.000688161
0.000815559
0.000860699
0.000663014
0.000771745
0.000636142
0.000843061
0.000683108
0.00064688
0.000668885
0.000670141
0.000639201
0.00062248
0.0008138
0.000663799
0.000675838
0.000664714
0.000754801
0.000742999
0.000844591
0.000821813
0.000784602
0.00066394
0.000929576
0.000656499
0.00073409
0.000693816
0.000866364
0.000711254
0.000766146
0.000711082
0.000663914
0.000734615
0.000653045
0.000646916
0.000633956
0.00066243
0.000697158
0.00081645
0.000728645
0.000953123
0.000646047
0.000634967
0.000634119
0.000776233
0.000669446
0.000768075
0.000828849
0.000832116
0.000732404
0.000791145
0.000677748
0.000682256
0.000760029
0.000641993
0.000688543
0.000675606
0.000662383
0.00065734
0.000672241
0.000835865
0.000856536
0.000640435
0.000676307
0.000653713
0.000682547
0.000745631
0.000689459
0.000651185
0.000983272
0.000649486
0.000736213
0.00072656
0.000637292
0.000794671
0.000672331
0.000646558
0.000656982
0.000657724
0.000662937
0.000669456
0.000686988
0.000652207
0.000615852
0.000639673
0.000642703
0.000712272
0.000748225
0.000764123
0.000842312
0.000964601
0.000670233
0.000733115
0.000667925
0.000641333
0.000654941
0.000708926
0.000760995
0.000863528
0.000703178
0.000808628
0.000667262
0.000686417
0.000748536
0.000673214
0.000819886
0.00065399
0.000630026
0.00068146
0.000652574
0.00066835
0.000657776
0.000635325
0.000634348
0.000665922
0.000612863
0.000612013
0.000614425
0.000681147
0.000672573
0.000636146
0.000639805
0.000676183
0.000716915
0.000723638
0.000664066
0.000635836
0.000663388
0.000706863
0.000655482
0.000708623
0.00064274
0.000664446
0.000658582
0.00064688
0.000648282
0.000642809
0.000667692
0.000719162
0.000715014
0.00072608
0.000673602
0.00101603
0.000688599
0.000937589
0.000760289
0.000709571
0.000653018
0.000699474
0.000760572
0.000661854
0.000645897
0.00066725
0.000810359
0.000667685
0.000652818
0.00064723
0.000644761
0.000641268
0.000637908
0.000658618
0.00069358
0.000657505
0.000760825
0.000664688
0.000648904
0.000694435
0.000712424
0.000653047
0.000659692
0.000683814
0.000688527
0.000675066
0.000629998
0.000704628
0.000643282
0.00082038
0.000661201
0.000695863
0.000663087
0.000908958
0.00069618
0.000749143
0.000653044
0.000638513
0.000621448
0.000679794
0.000769353
0.000706844
0.00063648
0.000657266
0.000640938
0.000650819
0.000727224
0.000637757
0.000676233
0.00064078
0.000835256
0.000689914
0.000779907
0.000765776
0.000936826
0.000710925
0.000712492
0.000865109
0.000884178
0.000836282
0.000671952
0.00071071
0.000714268
0.000677543
0.000653094
0.000835552
0.000685353
0.000655297
0.000662501
0.000706471
0.000650806
0.000693162
0.000779262
0.00074075
0.000749254
0.000991042
0.000852611
0.000683502
0.00066279
0.000677205
0.000709154
0.00100946
0.000768813
0.000674033
0.000687406
0.000638422
0.00064137
0.000754549
0.000772283
0.000684433
0.000690427
0.000702741
0.000640637
0.000721305
0.000647689
0.000787508
0.000802015
0.00103721
0.000680704
0.000801055
0.000909704
0.000772485
0.000656709
0.000667611
0.000721128
0.000774239
0.000786862
0.000649345
0.000632324
0.000654352
0.000676264
0.00063681
0.000635379
0.000639155
0.000678102
0.000779398
0.00066037
0.000708617
0.000662891
0.000649518
0.000805135
0.000772221
0.000761105
0.00072062
0.000667618
0.000657391
0.000682283
0.000625855
0.000827565
0.000637914
0.00083204
0.000659197
0.000643531
0.000647795
0.000699188
0.000671929
0.000649844
0.000672505
0.000655407
0.000819169
0.000787346
0.000677594
0.000669045
0.000751027
0.000703656
0.000668255
0.000707785
0.000970986
0.000750702
0.000684067
0.000751007
0.000673694
0.000646183
0.000668794
0.000641449
0.000872985
0.000702876
0.000675539
0.000679873
0.000809718
0.000639831
0.000631551
0.00063728
0.000615627
0.000723971
0.000673822
0.000804205
0.000713365
0.000708111
0.000639011
0.000622085
0.000740031
0.000912263
0.00100165
0.000705137
0.000812765
0.000913538
0.000616857
0.000691303
0.000640889
0.000838843
0.000701874
0.000638085
0.000636389
0.000665018
0.000632436
0.000643057
0.000629541
0.000608368
0.000777416
0.000642057
0.000920145
0.000973284
0.000678818
0.000648288
0.000630419
0.000827876
0.000914677
0.000727952
0.000654465
0.00091864
0.000751208
0.00065686
0.000695056
0.000968202
0.000642312
0.000813439
0.000668042
0.000836454
0.000685223
0.000628452
0.000716737
0.000800586
0.000674943
0.000730787
0.000732925
0.000704173
0.000699355
0.000659226
0.000794589
0.000871766
0.000901392
0.000977797
0.000733919
0.000923486
0.000691526
0.000662313
0.000646085
0.000845836
0.000745483
0.00072547
0.000752079
0.000645528
0.000652463
0.000661993
0.000737015
0.000761272
0.000658961
0.00070296
0.000676324
0.000649932
0.00065451
0.000678149
0.000758945
0.000865413
0.000815553
0.000869013
0.000653234
0.000776454
0.000750535
0.000688374
0.000701743
0.000916736
0.00063109
0.000691973
0.000668522
0.000669701
0.000630875
0.000686975
0.000661182
0.000788663
0.00064776
0.000672614
0.000686855
0.000707615
0.000662719
0.000626213
0.000697668
0.000696735
0.000744143
0.000924976
0.000661108
0.0008032
0.000716524
0.000669083
0.000690943
0.000634401
0.000923648
0.000658994
0.000723765
0.000660829
0.000642325
0.000641367
0.000629223
0.000634597
0.000670737
0.000673991
0.000687028
0.000693791
0.000661473
0.000723647
0.000699385
0.000875064
0.000666605
0.000668516
0.000851942
0.000687067
0.00074574
0.00066518
0.000653829
0.000662532
0.000662456
0.000881356
0.000646188
0.000645552
0.00067006
0.000677346
0.00074625
0.000630716
0.000632061
0.000726789
0.000642577
0.000842362
0.000649022
0.000717776
0.000689799
0.000715159
0.000645455
0.000911589
0.00077102
0.00079789
0.000827374
0.000711433
0.000832436
0.000704488
0.000652986
0.000714919
0.000659032
0.000677022
0.000726266
0.000711123
0.000639356
0.000644234
0.000660607
0.000690805
0.000653584
0.00068207
0.000759246
0.000646545
0.000673857
0.00064828
0.000676943
0.000689037
0.000744243
0.000696362
0.000697896
0.000745188
0.000889511
0.000730883
0.000645197
0.00063674
0.000746919
0.000844131
0.000667357
0.000720158
0.000656218
0.000684821
0.000755418
0.000639536
0.000756406
0.000642146
0.000722417
0.000757242
0.00065669
0.000651378
0.000652784
0.000631413
0.000625282
0.000689602
0.00065331
0.000707818
0.000675935
0.000747238
0.000712806
0.000697052
0.000640423
0.000637274
0.000623737
0.000926844
0.000755697
0.000729854
0.000635352
0.000641109
0.000652233
0.000785611
0.000767113
0.000878469
0.000766822
0.000693066
0.000632368
0.000662353
0.000675061
0.000647056
0.000692336
0.000718509
0.00110635
0.000761706
0.000739132
0.000712164
0.000649074
0.000669694
0.000662562
0.000665947
0.000743783
0.000669491
0.000618272
0.000649673
0.000640097
0.000647793
0.00067344
0.000806616
0.000744858
0.00083172
0.000749502
0.00067673
0.000640223
0.000623741
0.000648214
0.000692315
0.000688597
0.000707391
0.000812141
0.000696345
0.000653494
0.000890443
0.000666958
0.000761928
0.000662067
0.000822148
0.000701146
0.00064906
0.000654804
0.000644614
0.000621157
0.000634516
0.000651808
0.000658619
0.000726078
0.000772428
0.000646662
0.000635125
0.00068716
0.000637145
0.00071163
0.000694902
0.000790004
0.00112153
0.000747904
0.000718206
0.000781546
0.000714811
0.000683947
0.0006694
0.000775606
0.000640518
0.000653027
0.000638804
0.00063434
0.000802963
0.000676533
0.000766869
0.000737407
0.000712842
0.000762225
0.000618296
0.000667353
0.000640321
0.000689159
0.000654897
0.000790693
0.000674474
0.000780401
0.000682549
0.000796844
0.000771296
0.000665126
0.000642062
0.000643248
0.000889877
0.000672643
0.000651939
0.000614191
0.000644647
0.000638236
0.000685395
0.000634187
0.000717886
0.00087137
0.00070035
0.000643216
0.000885372
0.000657419
0.00068795
0.000640779
0.000681858
0.0007348
0.00108528
0.000719
0.000853143
0.000769901
0.000624581
0.000646099
0.000648064
0.000892925
0.000670061
0.000766464
0.000657747
0.000655082
0.000710765
0.000645435
0.000633362
0.000651366
0.00066443
0.000674073
0.000702237
0.000604617
0.000657177
0.000768873
0.00063846
0.000655826
0.000759501
0.000659561
0.00126851
0.000824985
0.000694347
0.000664755
0.000625425
0.0006324
0.000626899
0.000896894
0.000680203
0.000636706
0.000669494
0.000670315
0.000634385
0.00067406
0.000640721
0.000819142
0.000674376
0.000675684
0.000640148
0.000628544
0.000645502
0.000780899
0.00064184
0.00064382
0.000708503
0.000728942
0.000951792
0.000751967
0.000705714
0.0006504
0.000665643
0.000637494
0.000815696
0.000666846
0.000700099
0.000635485
0.000790369
0.000635161
0.00069833
0.000727745
0.000715164
0.00066441
0.000633138
0.00065504
0.000715633
0.000675928
0.000642937
0.000665278
0.000675784
0.000702228
0.000708313
0.000667655
0.000895777
0.000670301
0.000661334
0.000693959
0.000677429
0.000643497
0.000652253
0.000666393
0.000655224
0.000651431
0.000657934
0.000649101
0.000762716
0.000685792
0.000755755
0.000643648
0.000667178
0.000631028
0.000632342
0.000681288
0.000665732
0.000694362
0.000674499
0.000623952
0.00062939
0.000635836
0.000793633
0.000714109
0.000653728
0.000768074
0.000637904
0.000649909
0.000627432
0.000707519
0.000643386
0.000645285
0.000643153
0.000720337
0.000729072
0.000630554
0.000630598
0.000800845
0.000673266
0.000669307
0.000734589
0.000794058
0.000684373
0.000646521
0.000630425
0.000670556
0.000636964
0.000667512
0.000647787
0.000712479
0.000644714
0.000656584
0.000635008
0.000707498
0.000635965
0.00065616
0.000742628
0.00066814
0.000920985
0.000629878
0.000644571
0.000722836
0.000688815
0.000789676
0.000724483
0.000699827
0.000693329
0.000753563
0.000801688
0.000688361
0.000629286
0.000712802
0.00062054
0.000660488
0.000683639
0.000653632
0.00063845
0.000638582
0.000637239
0.000668351
0.000718075
0.00079055
0.000690079
0.000704454
0.000634235
0.000897892
0.000727219
0.000644852
0.000801083
0.000700677
0.000854716
0.00091269
0.000699316
0.000624859
0.000629391
0.000639747
0.000680514
0.000746143
0.000629644
0.000631747
0.000623739
0.000640969
0.00062798
0.000705766
0.00065347
0.000659885
0.000630151
0.000696783
0.000614747
0.000629719
0.000721172
0.000712177
0.000637555
0.000784416
0.000763176
0.000687884
0.000703684
0.000745086
0.00080999
0.000737443
0.0007672
0.000726221
0.000905828
0.000771602
0.00109571
0.000691186
0.000676056
0.000742978
0.00065803
0.000721319
0.000670027
0.000715968
0.000683157
0.000657612
0.000777214
0.000667902
0.000682104
0.000790586
0.00136214
0.000817747
0.0012226
0.00104049
0.000789303
0.000739785
0.0010208
0.000640769
0.000667057
0.000617881
0.000683292
0.000820919
0.000778985
0.0006815
0.000649888
0.000709398
0.000720632
0.000726268
0.000742146
0.000656714
0.000618078
0.000770945
0.000923468
0.000719813
0.000803552
0.00109437
0.000733226
0.000691945
0.000677725
0.000976512
0.000726216
0.000773513
0.000670097
0.000756958
0.000675878
0.000708982
0.000655301
0.000620164
0.000658569
0.000651049
0.000653264
0.000677172
0.000884791
0.000911505
0.000721527
0.000821326
0.000756245
0.000873129
0.000770169
0.000680997
0.00080544
0.000822555
0.000690074
0.000658587
0.000777939
0.000653113
0.000650768
0.000700117
0.000670655
0.000712892
0.000633325
0.000640468
0.000717452
0.000945852
0.000621651
0.000688554
0.000746455
0.000636371
0.000647254
0.00070699
0.000997543
0.000833126
0.000691576
0.000816742
0.000955547
0.000663167
0.000741541
0.000975442
0.000690009
0.000717045
0.000730366
0.000659906
0.000621582
0.000679195
0.000702008
0.000634982
0.000678696
0.000626622
0.000676119
0.000643176
0.000663191
0.000656975
0.000768889
0.000656697
0.000718484
0.000804666
0.000741731
0.000666976
0.000693964
0.000681518
0.000670509
0.000700684
0.000828668
0.000931173
0.000651933
0.000650663
0.000652836
0.000654981
0.000648349
0.000687436
0.000631854
0.000679834
0.00063346
0.00063993
0.000684179
0.000649554
0.000741483
0.000672443
0.000643387
0.000835617
0.000710598
0.000900457
0.000709807
0.000737313
0.000674513
0.000717089
0.00064624
0.000675909
0.000670442
0.000670436
0.000942732
0.000714477
0.000662776
0.000754167
0.000636315
0.000707521
0.000654051
0.000648644
0.000649381
0.000649543
0.000679279
0.000647473
0.000689162
0.00067563
0.000891149
0.000891694
0.000674944
0.000769703
0.000731908
0.000771489
0.000713716
0.000654244
0.000668376
0.00070248
0.000630976
0.000743018
0.000613143
0.000645299
0.000624977
0.000706448
0.000651328
0.000652774
0.000624903
0.000773371
0.000661223
0.000667388
0.000757844
0.000645369
0.000663186
0.000690034
0.000708271
0.000675305
0.000999684
0.000686079
0.000678874
0.000658397
0.000713004
0.000635105
0.000711331
0.000640378
0.000676396
0.000707911
0.000678361
0.000755005
0.000748951
0.000707157
0.000707603
0.000662418
0.000668373
0.000650964
0.000639254
0.00076441
0.000656649
0.000658876
0.000747302
0.000825163
0.000703973
0.00102364
0.00100569
0.000721006
0.000831941
0.000704016
0.00074986
0.00082997
0.00188461
0.0013942
0.00125011
0.00101094
0.000947662
0.000973349
0.000961982
0.00107598
0.00113845
0.00111698
0.00120371
0.00104997
0.000907497
0.000938379
0.00134306
0.00101554
0.00178709
0.00165116
0.00123662
0.00185933
0.00121439
0.000891414
0.000982574
0.000997719
0.000981351
0.00101167
0.00155864
0.000823107
0.00349995
0.105472
0.00151966
0.00758182
0.023866
0.00229596
0.00100663
0.000751183
0.000743111
0.000843805
0.000741813
0.00627167
0.00424151
0.00114215
0.0048821
0.00102045
0.00191631
0.00156901
0.00717668
0.0237806
0.0014943
0.00160514
0.00159701
0.00213244
0.00130225
0.0011553
0.00208147
0.00222434
0.00082254
0.00198199
0.000908891
0.0205332
0.00605152
0.00252652
0.0017024
0.00146871
0.00107676
0.0012893
0.00316541
0.00123773
0.00216794
0.00508858
0.00107913
0.00147685
0.00126447
0.00399154
0.00332577
0.00200234
0.00200501
0.00166452
0.00110311
0.00110332
0.00242046
0.00239013
0.0174131
0.00130391
0.00208082
0.000980021
0.000994497
0.00315843
0.00233309
0.00133813
0.000934576
0.001057
0.000953242
0.001071
0.00135643
0.00101652
0.00229218
0.00388065
0.000900308
0.00151021
0.0014015
0.00488011
0.00482831
0.0116259
0.00283324
0.00116328
0.00138006
0.00159414
0.0012564
0.00363496
0.00107184
0.00187208
0.00119353
0.00143852
0.00191048
0.00225213
0.00140578
0.00128446
0.00145409
0.00158426
0.00175348
0.00201008
0.00335613
0.000950868
0.00146152
0.00171382
0.001041
0.00164791
0.0191297
0.00154799
0.00183546
0.00182266
0.00136049
0.000959463
0.00248521
0.00472833
0.0013484
0.0011523
0.00110774
0.00112772
0.00213684
0.00105228
0.00105695
0.00142943
0.00150539
0.00117946
0.000943603
0.00136413
0.00138631
0.00184753
0.00132663
0.00113007
0.00114039
0.00149132
0.00203417
0.00364521
0.00134804
0.000978214
0.00118964
0.00126505
0.00108646
0.00116355
0.00257934
0.000934021
0.00204537
0.00104082
0.00195841
0.00113912
0.00164161
0.000993107
0.00142464
0.0012313
0.00167352
0.00558469
0.00243787
0.00293253
0.00178263
0.00108595
0.00104679
0.00423713
0.00116031
0.00249678
0.000977704
0.00105191
0.000901162
0.000862606
0.00127012
0.000648642
0.000640643
0.000693852
0.000717817
0.000849395
0.00102006
0.000882518
0.000983696
0.0591587
0.00103105
0.0101822
0.0175276
0.0462154
0.00442343
0.00216443
0.00757093
0.00151234
0.00263961
0.000940985
0.00497209
0.00268322
0.00110219
0.00120061
0.00144393
0.00159151
0.000991469
0.00212043
0.00213538
0.00123383
0.0013636
0.000925012
0.00231209
0.00129831
0.00173485
0.00095227
0.00100459
0.00239879
0.000848348
0.000931293
0.00109874
0.000988581
0.00117089
0.00107124
0.00162789
0.00101519
0.00113351
0.000964163
0.000962129
0.000945572
0.00108392
0.00185499
0.000972537
0.00100112
0.00116859
0.0008874
0.00109517
0.0013299
0.00130708
0.00104462
0.00102258
0.00124197
0.00104018
0.00104425
0.00116394
0.00143984
0.0010799
0.00125756
0.00135472
0.00119207
0.000946538
0.000929406
0.000988864
0.00114942
0.00158975
0.00167016
0.00107886
0.00326222
0.00128527
0.00119364
0.00103792
0.00159881
0.000937363
0.00114208
0.00113972
0.00105676
0.00551748
0.00110931
0.00117756
0.0011443
0.00111139
0.0012914
0.00104427
0.00119217
0.00113417
0.00121154
0.00135895
0.0115929
0.00252522
0.0142881
0.00536414
0.00453365
0.00149056
0.00132673
0.00120823
0.00121389
0.000924311
0.00105018
0.00262831
0.00115295
0.00278717
0.00214966
0.0010548
0.00101175
0.00147916
0.000771077
0.000798206
0.00131317
0.000836401
0.00106194
0.00107461
0.00105477
0.00125309
0.0012921
0.00110927
0.00125784
0.00105302
0.00120358
0.00105624
0.00100456
0.00123763
0.00103792
0.00109613
0.00087307
0.00104222
0.000974847
0.000756021
0.00100607
0.0011851
0.00144141
0.000977806
0.000833255
0.000727041
0.000989988
0.00131821
0.000898138
0.00101877
0.000929759
0.000809013
0.00110265
0.00149752
0.00130393
0.00110655
0.0012742
0.00128931
0.00108718
0.00121955
0.00111453
0.00108602
0.0010554
0.000849059
0.00122135
0.00102197
0.000762045
0.000902973
0.00123188
0.00110785
0.00106006
0.00152502
0.00111631
0.00220687
0.00130389
0.00105669
0.00154075
0.00119128
0.00107478
0.00125523
0.00107708
0.00115942
0.00169486
0.00107343
0.000935748
0.0011939
0.000926355
0.00115625
0.00108789
0.000951783
0.00458005
0.000920466
0.00126495
0.0010536
0.000962303
0.00123988
0.00134474
0.00101543
0.00119808
0.00287202
0.00123003
0.00214935
0.00123177
0.0021564
0.00133636
0.00209807
0.00106802
0.00109758
0.00397511
0.00100111
0.00101286
0.000885483
0.00111932
0.00152396
0.00127568
0.00108756
0.00126387
0.00119421
0.00379371
0.00153053
0.00101123
0.00116847
0.0296696
0.00139301
0.00105543
0.00120097
0.000965671
0.000938801
0.00105373
0.00124073
0.000954693
0.00136726
0.00112895
0.000956787
0.000923995
0.00109826
0.000954077
0.00101052
0.000947662
0.00121594
0.00705584
0.00160818
0.00103491
0.00186235
0.00101985
0.000915786
0.00190279
0.00124046
0.00135079
0.00197141
0.0011243
0.000931436
0.00272401
0.000967176
0.00107486
0.000927972
0.00115392
0.00110115
0.0012208
0.00293847
0.00151808
0.00102839
0.000980554
0.00121609
0.000942909
0.000977812
0.00103192
0.00101931
0.000999501
0.000977894
0.000955398
0.000949505
0.00173711
0.00153152
0.00107911
0.000708967
0.00114575
0.00112945
0.00067256
0.000996864
0.000782726
0.000981626
0.000928679
0.000909264
0.000696307
0.000987462
0.00113405
0.00111811
0.00101275
0.000950433
0.00106813
0.0010464
0.00148033
0.000946566
0.000936155
0.00101998
0.000953935
0.00192268
0.00122207
0.00150272
0.000894904
0.00199367
0.000983177
0.0054416
0.00149576
0.00108662
0.00172555
0.00135377
0.00104384
0.000947829
0.00204745
0.000964425
0.000876622
0.00122253
0.000870063
0.00122956
0.000943813
0.00126238
0.00102546
0.000875522
0.00238759
0.00173407
0.00345127
0.00146147
0.00124355
0.00116497
0.000815349
0.000884631
0.0010094
0.00082508
0.0011113
0.00107944
0.000875679
0.00227296
0.00102555
0.00255731
0.000948152
0.000973339
0.001075
0.00343111
0.00092007
0.00211417
0.00202563
0.000977831
0.000704548
0.000989546
0.000922007
0.000927929
0.00141982
0.000766729
0.00111502
0.00156914
0.00101257
0.00160805
0.00292574
0.00135042
0.00128747
0.000991981
0.00100756
0.0011934
0.0011302
0.0018856
0.00255924
0.00115434
0.00130822
0.00182765
0.00102885
0.000752559
0.00108121
0.0010055
0.00125387
0.00133498
0.00106241
0.00154416
0.00538072
0.000984382
0.00150553
0.00110868
0.00134993
0.00108473
0.00114274
0.00160263
0.00256877
0.00192808
0.00400996
0.00390291
