18.7018
19.336
19.3815
18.237
19.9317
18.5256
19.5378
20.9903
19.3295
18.9293
19.1227
19.3924
19.4173
18.6158
19.1434
18.2266
19.3688
19.2972
18.9277
18.6466
24.0227
19.0182
19.6536
21.4477
24.2197
19.4823
18.8699
24.9497
19.489
23.7814
18.8003
18.7755
19.0075
18.9243
22.1251
18.6392
18.9825
19.1695
19.8506
18.7202
19.2389
19.0498
19.9529
20.9253
18.5536
24.9127
19.529
19.4693
18.3138
18.937
18.6404
25.3257
20.032
20.0459
18.8151
20.4066
19.357
19.6727
19.4356
19.1113
18.7553
18.8794
19.7873
18.1175
18.7702
19.1025
19.7679
19.7607
18.7756
19.1169
19.2722
19.0271
19.5279
20.6004
20.2493
19.2363
20.6987
19.2396
19.5849
19.6554
21.452
22.1882
19.4423
19.3655
19.4441
21.4803
19.5019
23.1389
19.5202
19.3515
18.1334
20.8559
21.5232
23.5107
18.5496
22.0042
18.599
20.3774
24.5777
20.2645
