0.0165534
0.0158266
0.015713
0.0157006
0.0155578
0.0198364
0.0164312
0.0161839
0.0149216
0.0169043
0.0160617
0.0158921
0.0163214
0.0158182
0.016806
0.0181689
0.0165775
0.0185371
0.0168862
0.014949
0.0154631
0.0153636
0.0150113
0.0151365
0.014485
0.0179553
0.0144506
0.0155855
0.0145324
0.0141835
0.0150801
0.0136693
0.015683
0.0142091
0.0147597
0.0142571
0.0155889
0.0174221
0.0287581
0.0700571
0.0176169
0.0208983
0.0207125
0.034589
0.0152149
0.0171749
0.0169907
0.01401
0.0145245
0.017044
0.0146241
0.0152931
0.0151344
0.0243627
0.0183635
0.0163746
0.0278922
0.0360801
0.0601821
0.0335613
0.027285
0.0327776
0.0326475
0.0337676
0.0435701
0.0438056
0.030513
0.0326963
0.0455964
0.031446
0.022725
0.0225286
0.0233237
0.0245922
0.0225995
0.0221144
0.0236451
0.0188997
0.0208114
0.0254857
0.019903
0.020421
0.0321547
0.0296731
0.0293061
0.0308663
0.0300489
0.0291813
0.0246141
0.0256789
0.0181869
0.0156684
0.0182712
0.0180831
0.0181029
0.0191126
0.0159658
0.0227394
0.0161831
0.0198068
0.0201933
0.0175909
0.0222607
0.0170566
0.0164257
0.0148743
0.0172337
0.0157467
0.0160526
0.0151059
0.0155932
0.0172401
0.0156486
0.0144893
0.0174771
0.0151653
0.0169268
0.0152587
0.0175858
0.0165157
0.0216739
0.0264618
0.0210511
0.0235216
0.0228322
0.0181085
0.0175504
0.0162068
0.0153573
0.0213515
0.0168787
0.0164429
0.0172718
0.0206279
0.0201046
0.0198604
0.0177156
0.0163488
0.017078
0.0174905
0.0185194
0.01927
0.0200666
0.0199441
0.0177969
0.0272434
0.0214811
0.0198862
0.0183217
0.0183497
0.017294
0.0174896
0.0166616
0.0167955
0.0155055
0.0281651
0.0299559
0.0212229
0.0177482
0.0238442
0.0160453
0.0181585
0.0258203
0.0188115
0.0190093
0.0186455
0.0195025
0.0209231
0.0177117
0.0218428
0.0177252
0.0186496
0.0211588
0.0177125
0.0201836
0.0169122
0.0183427
0.0178694
0.0163248
0.016414
0.0179893
0.0220049
0.0245301
0.0215256
0.0245425
0.0191468
0.0166331
0.0198717
0.017741
0.0197712
0.0155634
0.0184621
0.0199577
0.0199289
0.0203459
0.0161714
0.0186994
0.0241263
0.0176212
0.0212569
0.0177115
0.0224351
0.0197083
0.0145415
0.0204772
0.0152654
0.0175569
0.0221114
0.01588
0.0170517
0.0167558
0.0167794
0.0177552
0.0188533
0.0157533
0.0208827
0.015803
0.0176622
0.0175442
0.0183797
0.0186567
0.0165948
0.0180296
0.0200654
0.0202087
0.0188465
0.016853
0.0167085
0.0164838
0.0184919
0.0159609
0.0176587
0.0152836
0.0216547
0.0154051
0.0177443
0.0153736
0.017947
0.0163147
0.0177528
0.0173202
0.0173491
0.0174057
0.0177976
0.0174626
0.0156643
0.0192425
0.0165199
0.023423
0.0220777
0.0187298
0.0198193
0.01562
0.0199832
0.0185791
0.0181093
0.0189142
0.0259842
0.0262728
0.0227435
0.0192393
0.0171982
0.0161896
0.0151766
0.0143907
0.014657
0.0149855
0.0171222
0.0147107
0.014768
0.0140552
0.0178872
0.0267961
0.0229897
0.0249975
0.0242112
0.0269058
0.0172122
0.0185937
0.016783
0.018254
0.0242253
0.0232583
0.0288044
0.0233794
0.0184145
0.0165891
0.0159446
0.0144543
0.0148036
0.0141909
0.0148648
0.0138607
0.0143838
0.0151107
0.0140495
0.014674
0.0136309
0.0152103
0.0142293
0.0152542
0.0145268
0.0158538
0.0141557
0.0147214
0.0171616
0.0151216
0.0164683
0.0142573
0.0149414
0.0134901
0.0153537
0.0140198
0.0163125
0.0138782
0.0184007
0.0164248
0.0204081
0.0197177
0.0202376
0.0150264
0.0180923
0.0158092
0.0156944
0.015261
0.0159764
0.0151818
0.0147298
0.0144784
0.0154088
0.0146974
0.0160788
0.0144472
0.0153353
0.0145791
0.0151601
0.0151675
0.0156093
0.0150423
0.0146258
0.0150703
0.0140976
0.0148171
0.0143754
0.0161144
0.014268
0.0152307
0.0159779
0.0147227
0.0146855
0.0148664
0.0152289
0.0154839
0.0155433
0.017167
0.0157602
0.0156436
0.0142359
0.0148732
0.0147465
0.0145968
0.0151551
0.0140051
0.0177836
0.0176732
0.0196531
0.0158411
0.016252
0.0153647
0.0157456
0.0143338
0.015666
0.0144509
0.0153434
0.0163256
0.0208094
0.0152139
0.0149914
0.0145342
0.0153159
0.0147559
0.0166429
0.0141613
0.0155219
0.0146527
0.0156154
0.0146955
0.0155967
0.0147348
0.0160785
0.0154365
0.0178418
0.0174856
0.0169707
0.0154816
0.0155844
0.0159289
0.0194031
0.0171442
0.0207504
0.0157209
0.0162481
0.0155471
0.0160783
0.0148897
0.0159255
0.0150113
0.0160002
0.0159926
0.0163588
0.0147784
0.0193422
0.0155611
0.0167815
0.0163732
0.0169419
0.0158805
0.0174193
0.0173408
0.0201324
0.0214302
0.0168578
0.0244511
0.0210693
0.023107
0.0226571
0.0204312
0.017683
0.0184069
0.0163559
0.0199026
0.0185163
0.0209774
0.0168764
0.0159971
0.0177469
0.0153768
0.0184791
0.0154285
0.0171519
0.0164268
0.01901
0.0172249
0.0169426
0.0211883
0.0183192
0.0204692
0.0204177
0.0218338
0.0187174
0.0175111
0.0196756
0.016919
0.0187692
0.0162172
0.0162615
0.016543
0.0164754
0.0179914
0.0173704
0.0173029
0.0166701
0.0189564
0.0166978
0.0182648
0.0160351
0.0176775
0.0161509
0.0178617
0.0175465
0.017725
0.0173116
0.0175095
0.0181155
0.016215
0.017545
0.0170137
0.0175313
0.0163069
0.0180709
0.0160447
0.0187724
0.0172834
0.016369
0.0199139
0.0170202
0.0197372
0.0163928
0.0183451
0.0172749
0.0202766
0.0185248
0.0184562
0.0186192
0.0174516
0.0189131
0.0175337
0.0202624
0.017842
0.0166103
0.0200823
0.0164186
0.0193386
0.0168324
0.0214898
0.0213391
0.0182814
0.0187682
0.0171956
0.0185605
0.018012
0.0204078
0.0208769
0.0186457
0.0214391
0.0294092
0.0190643
0.0185744
0.0180113
0.018373
0.0176324
0.0174075
0.0201635
0.0179184
0.018245
0.0180212
0.0180528
0.0173276
0.0183917
0.0171013
0.0181442
0.0177106
0.0170652
0.0180186
0.0168761
0.0182653
0.0174118
0.0173709
0.0188828
0.01907
0.0176623
0.0191873
0.0179558
0.0178775
0.0190664
0.0183583
0.0200793
0.0173624
0.0199125
0.0194753
0.0183661
0.0172444
0.0191959
0.018403
0.0201339
0.0179681
0.0173096
0.0179117
0.0166359
0.0173709
0.0164064
0.0172112
0.0170704
0.026436
0.0181614
0.0169281
0.0187781
0.0174822
0.0180076
0.0171369
0.0174299
0.0166451
0.0171915
0.0183719
0.0173601
0.0188801
0.0163015
0.0172467
0.0165642
0.0174384
0.016124
0.017603
0.0165158
0.0172844
0.0176465
0.0185179
0.0185437
0.0180476
0.0191668
0.0167659
0.0183432
0.0160755
0.0188409
0.0164632
0.0177188
0.0172075
0.0173428
0.017909
0.0169084
0.0169923
0.0168591
0.017234
0.016682
0.0177464
0.016413
0.0169001
0.0164628
0.0176912
0.0161839
0.0176861
0.01637
0.0172769
0.0169414
0.0172586
0.0168964
0.0173869
0.0161042
0.0173463
0.0167135
0.017313
0.01694
0.0188495
0.0167411
0.0175693
0.017384
0.0168306
0.0183698
0.0163324
0.016847
0.0170108
0.0174072
0.0164419
0.0177465
0.0164304
0.017153
0.0171375
0.0166793
0.0176016
0.0167922
0.0173037
0.0163709
0.0178207
0.0164445
0.0189681
0.0168811
0.0172232
0.0168078
0.0170246
0.0175851
0.0174349
0.0172326
0.0163746
0.0172205
0.0163458
0.0179818
0.0165351
0.0172443
0.0165902
0.0177519
0.017442
0.0175368
0.0161181
0.0170191
0.0170277
0.0169672
0.0174098
0.01648
0.0175714
0.0165976
0.0170931
0.01681
0.0179252
0.0162551
0.0170867
0.0163283
0.0169199
0.0162767
0.0175315
0.0166352
0.0175688
0.0166484
0.0176095
0.0179051
0.0167908
0.0181295
0.0161972
0.0171851
0.0178856
0.0180218
0.0165693
0.0170686
0.0159049
0.0172182
0.0159904
0.0177583
0.0160369
0.01744
0.0165328
0.0193073
0.0176448
0.0170265
0.0181027
0.0185825
0.0214713
0.02374
0.019165
0.0190871
0.0181016
0.0184872
0.0175115
0.0192551
0.0188947
0.0179123
0.0173931
0.0186195
0.016852
0.0163525
0.0171249
0.0161122
0.0174338
0.0202597
0.017112
0.0164299
0.0170544
0.0167591
0.016779
0.0171734
0.0170465
0.0161977
0.016975
0.0167076
0.0174952
0.0192851
0.0174456
0.0173624
0.0170394
0.0175111
0.0172445
0.0175048
0.0172321
0.0168314
0.0172609
0.0165031
0.0178281
0.016311
0.0172518
0.0162091
0.0171574
0.0171356
0.0174898
0.0164449
0.017028
0.0166069
0.0176146
0.0167304
0.0171063
0.0170104
0.0171098
0.0169058
0.0166663
0.0184184
0.0162697
0.0180221
0.0166786
0.0169379
0.0168047
0.0175856
0.0165691
0.0172302
0.0167343
0.016842
0.0174206
0.0170472
0.0174695
0.0164962
0.0171043
0.0162519
0.0174803
0.0165244
0.0174458
0.0161387
0.0175295
0.01619
0.0185953
0.0166174
0.0174686
0.0165223
0.0175271
0.0169023
0.0175533
0.0176615
0.0168705
0.0175811
0.0165844
0.0175363
0.0162852
0.0177263
0.0166096
0.0176076
0.0164454
0.0179323
0.0163137
0.0172663
0.016619
0.0170003
0.0163634
0.0175125
0.0164233
0.0172499
0.0161009
0.0173061
0.0161892
0.0175422
0.0166642
0.0165798
0.0160659
0.0175021
0.0174924
0.0172585
0.0168616
0.0170612
0.0167876
0.0166738
0.016749
0.0161776
0.0175314
0.0171219
0.0169078
0.0164183
0.0172927
0.017218
0.0178278
0.0172959
0.0164395
0.0179182
0.0163989
0.01686
0.0166854
0.0176679
0.0169913
0.0176895
0.0167729
0.0171036
0.0168379
0.017469
0.0168572
0.0174238
0.017578
0.017188
0.0173312
0.0167048
0.0181074
0.016947
0.0168907
0.0169757
0.0169076
0.0167138
0.0187625
0.0166191
0.0167399
0.0177441
0.0164511
0.0187032
0.016389
0.0176662
0.0173939
0.0180303
0.0162242
0.0175207
0.0167715
0.0173082
0.0176132
0.0168855
0.0173746
0.0179064
0.0166671
0.0168111
0.0186073
0.0161568
0.0175939
0.0162771
0.0177147
0.0189281
0.0181889
0.0182078
0.0176512
0.0176284
0.0162683
0.0172913
0.0163789
0.018291
0.01689
0.0168319
0.0163361
0.0177658
0.0164437
0.018083
0.0166189
0.0173563
0.01681
0.018756
0.0181988
0.0178029
0.0181298
0.0180882
0.0172647
0.016322
0.0175124
0.0164262
0.0176148
0.016846
0.0174803
0.0173141
0.0175923
0.0165337
0.01803
0.0169384
0.0171026
0.017197
0.0173269
0.0169159
0.0175542
0.017291
0.0164112
0.0203822
0.0169433
0.0170533
0.0164324
0.0173012
0.0170532
0.016831
0.0163985
0.0174446
0.0171242
0.0211234
0.0173486
0.0159116
0.0174931
0.0175061
0.0167331
0.0166341
0.0174951
0.0167787
0.0172458
0.0171277
0.0169378
0.0174271
0.0166484
0.0170564
0.0163071
0.017533
0.0167383
0.0177011
0.0156169
0.0166846
0.0158097
0.0166552
0.015919
0.0172019
0.0159449
0.0165739
0.0163471
0.0165894
0.0174254
0.0164434
0.0168152
0.016234
0.0170838
0.0166286
0.0166894
0.0167311
0.0163525
0.0162311
0.0169549
0.0163557
0.0162944
0.015793
0.0163983
0.0159176
0.0167245
0.0157514
0.0170062
0.0155715
0.0166748
0.0159422
0.0169525
0.0153637
0.0184371
0.0152033
0.0166829
0.0154978
0.0180366
0.0153588
0.0178076
0.0152528
0.0170221
0.0154401
0.0173965
0.0155788
0.0191504
0.0157721
0.0166827
0.0154966
0.0169159
0.0159857
0.0171418
0.0155647
0.0164839
0.0155105
0.0170858
0.0156326
0.0166157
0.0148348
0.0172448
0.015003
0.0175129
0.0153574
0.0170375
0.0156354
0.0176162
0.0160519
0.0167092
0.0161755
0.0170282
0.0154196
0.0161255
0.0150424
0.0167344
0.0155393
0.0160162
0.015096
0.0159578
0.0149287
0.0180718
0.0167637
0.016019
0.0154557
0.0159665
0.0155107
0.0156828
0.0153402
0.0158265
0.0155638
0.0154048
0.0161137
0.0153601
0.015751
0.0153203
0.0157214
0.0153313
0.016701
0.0157132
0.016049
0.015977
0.015238
0.0152537
0.0158591
0.0154412
0.015935
0.0155979
0.0156518
0.0153381
0.0159733
0.0170032
0.0162786
0.0151917
0.015207
0.0149795
0.0154405
0.0151304
0.0157931
0.0151608
0.0156871
0.0148915
0.0174193
0.0196094
0.0176159
0.0152159
0.0154846
0.0149846
0.0152086
0.0147131
0.0161844
0.015373
0.0170139
0.0148358
0.0154933
0.0148614
0.0160092
0.0156513
0.0158555
0.0155807
0.0168886
0.0149621
0.0155444
0.0147615
0.0159668
0.0150106
0.0154294
0.0150624
0.0162371
0.0159967
0.0153082
0.0156184
0.0157246
0.0157685
0.0151299
0.0156421
0.0155768
0.0156945
0.0148039
0.0186062
0.0170686
0.0164913
0.0159722
0.0157202
0.0161487
0.0150589
0.0160744
0.0151047
0.015485
0.0152925
0.0159262
0.0151608
0.014808
0.0160108
0.0139524
0.0157781
0.0152577
0.0153167
0.0146565
0.0147609
0.0147341
0.0151286
0.0149271
0.0142701
0.0157877
0.0141894
0.015724
0.0145576
0.0161699
0.0140363
0.0152429
0.0146401
0.0152431
0.0147417
0.0144701
0.0154308
0.014218
0.0151479
0.014492
0.0156739
0.0141669
0.0151401
0.0140502
0.015103
0.0146213
0.0144556
0.0148441
0.0142824
0.0159297
0.0143108
0.0150675
0.0144096
0.0156752
0.0143444
0.014806
0.0147953
0.0146413
0.0149235
0.0157929
0.0363146
0.0311886
0.0232094
0.024603
0.0151427
0.0156519
0.0140549
0.0151221
0.0146656
0.0154289
0.0144592
0.0147884
0.014436
0.0140739
0.0151747
0.0142696
0.0148726
0.0137766
0.0145643
0.0136993
0.0145864
0.0138489
0.0141756
0.0141449
0.0138712
0.01458
0.0142785
0.0150348
0.014885
0.015387
0.0139484
0.0146363
0.0147907
0.0143719
0.0155944
0.0144858
0.0152054
0.0145483
0.0144659
0.0141821
0.0147132
0.0152015
0.0168219
0.0157435
0.0153473
0.0153512
0.0172505
0.0142462
0.0146313
0.015279
0.0144178
0.0145423
0.01448
0.0149808
0.0147388
0.0176514
0.0151724
0.0167308
0.0158977
0.016878
0.0165308
0.0163876
0.014016
0.0144384
0.0139084
0.0143732
0.0141045
0.0140594
0.0148833
0.0141864
0.0144861
0.013883
0.015682
0.0137191
0.0151569
0.0136819
0.0145842
0.0143908
0.0141464
0.0149875
0.0142718
0.0150527
0.0134995
0.0148039
0.0142604
0.01439
0.014053
0.0135502
0.0153949
0.0138986
0.0147103
0.0138612
0.0148631
0.014223
0.0138969
0.0151929
0.0135899
0.0147238
0.0150885
0.0145012
0.0140064
0.0153195
0.0171675
0.0148573
0.0155989
0.0137909
0.0145429
0.0133385
0.0147639
0.0143087
0.014971
0.0137785
0.0143624
0.0152248
0.0149069
0.0145266
0.0142141
0.0145106
0.0137311
0.0151714
0.0143713
0.0148054
0.0138922
0.0144406
0.0142402
0.0140325
0.0146476
0.015883
0.0165138
0.0141027
0.0148893
0.0147195
0.0144781
0.014044
0.0151229
0.0139929
0.014138
0.0144083
0.0138829
0.0147742
0.013762
0.0148919
0.0196341
0.0154209
0.014445
0.0146936
0.0145825
0.0148034
0.0144528
0.0143685
0.0146596
0.014265
0.0141593
0.0142207
0.0147186
0.014105
0.0147556
0.0143718
0.0144291
0.0136691
0.0139399
0.0148738
0.0144274
0.0144709
0.0152094
0.0145379
0.0136459
0.014627
0.0139576
0.0142878
0.0143699
0.014393
0.0142439
0.0141511
0.0151069
0.0145202
0.0141004
0.0141037
0.0147257
0.0137336
0.0143921
0.0146894
0.014039
0.0144825
0.01443
0.0156002
0.0139281
0.0146047
0.0140472
0.0141736
0.014456
0.0143147
0.0143104
0.0141101
0.0187476
0.0145549
0.0149481
0.0147064
0.0147537
0.0146001
0.014571
0.0147747
0.0143584
0.0145556
0.0143413
0.0150777
0.01338
0.0151865
0.0137635
0.014837
0.0140665
0.0139828
0.0145216
0.0133505
0.0148741
0.0139887
0.0143052
0.0142563
0.0140651
0.014689
0.0136713
0.015201
0.0137595
0.0145021
0.0142579
0.014959
0.0139694
0.0139667
0.0156286
0.0137614
0.0148908
0.0145787
0.0148505
0.0135989
0.0139079
0.025944
0.0154184
0.016026
0.0148165
0.0142707
0.0155556
0.0166518
0.0151581
0.0144045
0.0137013
0.0153687
0.0150082
0.0154512
0.0136604
0.0144123
0.0149187
0.0143823
0.0137712
0.0144264
0.0143902
0.0147934
0.0146886
0.0146009
0.0144586
0.0140512
0.0160013
0.0135409
0.0141048
0.0140813
0.0144369
0.0137933
0.0142466
0.01432
0.0137429
0.0144701
0.0146168
0.0146403
0.0137318
0.0145603
0.0148013
0.0140841
0.0143202
0.0142932
0.0144889
0.0176273
0.0148501
0.0139141
0.0142877
0.0144038
0.0143762
0.0143262
0.0141156
0.0142588
0.0144507
0.0143157
0.0143784
0.0146313
0.0135714
0.0152708
0.0142887
0.0138463
0.0143793
0.0163875
0.0143859
0.0138088
0.0153273
0.014279
0.0158331
0.014676
0.014684
0.0147338
0.0152962
0.0142596
0.0144507
0.0146033
0.0144536
0.0146585
0.0142392
0.0146338
0.0137961
0.0147889
0.0139958
0.0143364
0.0146855
0.0144993
0.0142429
0.0145241
0.0147299
0.0137533
0.0155798
0.0138108
0.0149341
0.0149985
0.0144849
0.014243
0.0145252
0.0145037
0.0136593
0.0146762
0.0137741
0.0143054
0.0140381
0.0137706
0.0147229
0.0135139
0.0159327
0.0136867
0.0150583
0.0155501
0.0146984
0.0140457
0.0139426
0.0158616
0.0138848
0.014729
0.014417
0.014952
0.0143051
0.0147957
0.0148783
0.0140349
0.0151056
0.0137514
0.0154281
0.0153599
0.0146746
0.0141688
0.0165201
0.0147172
0.0142638
0.014543
0.0147795
0.0150438
0.0140543
0.0181797
0.0137754
0.0148695
0.0135797
0.0144754
0.0137414
0.0141986
0.014495
0.0138308
0.0145609
0.0138893
0.0152304
0.0137142
0.0148091
0.0139513
0.0137813
0.0145808
0.0139309
0.0148242
0.0134104
0.0147381
0.0138765
0.0147664
0.0153271
0.0216448
0.0151152
0.0151322
0.0155212
0.0156485
0.0148485
0.0149152
0.0142729
0.0143269
0.0147773
0.0141603
0.0152328
0.0142195
0.014602
0.0140518
0.0143166
0.0138838
0.0147259
0.0140953
0.0145028
0.0141886
0.0140962
0.0142061
0.0136693
0.0153675
0.0139777
0.0147899
0.0141117
0.0140514
0.0143589
0.013856
0.0142818
0.0138338
0.0143352
0.0138488
0.0140312
0.0155873
0.0144459
0.0148011
0.0143307
0.0143084
0.0141736
0.0146241
0.0145806
0.0145789
0.0143654
0.0141967
0.0138922
0.0144352
0.0145208
0.0159374
0.0150965
0.0138864
0.0144547
0.0143665
0.0141501
0.0140655
0.0148333
0.0143966
0.0143664
0.0144632
0.0142464
0.0145874
0.0143407
0.015314
0.0145381
0.0165309
0.0144137
0.0144
0.0139278
0.0143149
0.0145788
0.0140755
0.0149209
0.0137876
0.0142711
0.0140523
0.0144682
0.0146604
0.0142333
0.0145639
0.014246
0.0149088
0.0137195
0.0149862
0.0141985
0.0140322
0.0146254
0.0138813
0.0142325
0.0139433
0.0154142
0.0135206
0.0146817
0.0140294
0.0141766
0.0147825
0.0140266
0.0148666
0.0134395
0.0157086
0.014057
0.0142336
0.014516
0.0145739
0.0145588
0.0139724
0.0148987
0.0136909
0.015634
0.0169565
0.0200522
0.0161871
0.0176529
0.0143362
0.0160213
0.0144308
0.0147189
0.013964
0.0151799
0.0141499
0.0136716
0.0156775
0.0142012
0.0153379
0.0140467
0.0151024
0.0137358
0.0144235
0.0149258
0.0141848
0.0146815
0.0138459
0.0153701
0.0138872
0.0147288
0.0140342
0.0151615
0.0142071
0.0145276
0.0140363
0.0144066
0.0145144
0.0145049
0.0147988
0.0144636
0.0147405
0.0140307
0.0148974
0.0147301
0.0153571
0.0142324
0.0143173
0.0143491
0.0141278
0.0144951
0.0146437
0.0144271
0.015915
0.0156038
0.0139547
0.0140322
0.014428
0.0146777
0.0146439
0.0139599
0.0160909
0.0144622
0.0140377
0.0141957
0.0146173
0.0141522
0.0140557
0.0142217
0.0146535
0.0143079
0.0147351
0.015363
0.0173048
0.0148719
0.0148758
0.0141031
0.0141216
0.0153676
0.0138382
0.0146253
0.0139663
0.0148029
0.0140025
0.0140858
0.0147942
0.0137746
0.0153673
0.015143
0.0161611
0.0153085
0.0143036
0.0150734
0.0152259
0.0150276
0.0142498
0.0145784
0.0144753
0.0145361
0.0138415
0.0146386
0.0142774
0.0175698
0.0153982
0.0149207
0.0147228
0.0146069
0.015769
0.017063
0.0152508
0.0152346
0.0180429
0.0153694
0.0158823
0.0136653
0.0148662
0.013807
0.0144221
0.0138508
0.0143105
0.0146812
0.013802
0.0148778
0.0137226
0.0144122
0.0139984
0.014631
0.0143682
0.0138237
0.0156234
0.0137199
0.0152901
0.0137818
0.0153802
0.0143787
0.0143092
0.0148779
0.0137526
0.014543
0.0138441
0.014789
0.014106
0.0144844
0.0140235
0.014749
0.0154363
0.0144175
0.0153353
0.0139385
0.0147511
0.0141061
0.0143325
0.0156889
0.0184067
0.0154672
0.0156562
0.0179033
0.0174279
0.0198433
0.0184958
0.016664
0.0155088
0.0157195
0.0162829
0.0183296
0.0148184
0.0149544
0.0165635
0.015857
0.0152811
0.0151325
0.0162879
0.0152803
0.0158492
0.0156713
0.0148568
0.0158797
0.0159675
0.0158958
0.0166551
0.0162796
0.0183742
0.0230294
0.0167557
0.0168922
0.0169348
0.0155089
0.0176076
0.0165484
0.0166879
0.0149456
0.0157711
0.0162196
0.0164954
0.0154328
0.016398
0.0153987
0.0176329
0.0152398
0.017721
0.0165147
0.0161179
0.0154992
0.0170114
0.0156061
0.0157671
0.0168425
0.0156426
0.0155211
0.0164575
0.0162822
0.0153788
0.0154991
0.0146035
0.0162917
0.0155522
0.0167948
0.0141125
0.0194186
0.0144457
0.0168206
0.0145324
0.0167298
0.0149442
0.0171496
0.0139114
0.0167954
0.0159323
0.0172273
0.0147329
0.0210867
0.0146637
0.016423
0.0145188
0.0162306
0.0142676
0.0168735
0.0144421
0.0160829
0.0144708
0.0153853
0.0151421
0.0148682
0.0154812
0.0150045
0.024048
0.0168239
0.0171235
0.0171492
0.0165742
0.0180242
0.0163485
0.0192419
0.0158893
0.0170422
0.0155917
0.0197147
0.0159006
0.0186548
0.0166504
0.0165631
0.0154854
0.0151713
0.0159209
0.0148424
0.0155836
0.0154319
0.0153394
0.0156403
0.0147151
0.0155247
0.0156634
0.015647
0.0146427
0.0157703
0.0152465
0.0155279
0.0153002
0.0165801
0.0151934
0.0153862
0.0151404
0.014924
0.0152645
0.0190642
0.016149
0.0148379
0.016734
0.0162427
0.0151426
0.0153064
0.0158753
0.0173536
0.0158714
0.0190029
0.015001
0.0144343
0.0149425
0.0139149
0.0148459
0.0150639
0.0140499
0.015315
0.0142359
0.0153864
0.0143253
0.0144314
0.0142167
0.0137745
0.0146349
0.014277
0.0143269
0.0145544
0.0145267
0.0143413
0.0145153
0.0147086
0.0143141
0.0160732
0.0143122
0.0161614
0.0146324
0.0153436
0.0139969
0.0143684
0.0143227
0.0142053
0.0140838
0.0136701
0.0151636
0.0138071
0.0145932
0.0140881
0.0141564
0.0146011
0.0141009
0.0145045
0.0138534
0.0153505
0.0146463
0.0145367
0.0143419
0.0156031
0.0150177
0.0141965
0.0151018
0.0135501
0.0150649
0.014184
0.0151731
0.0150414
0.0144034
0.0149631
0.0140987
0.0147755
0.0141608
0.0153457
0.0137715
0.0153264
0.0138699
0.0140786
0.0145745
0.0138486
0.0150286
0.0139341
0.0164586
0.0141547
0.0143162
0.0141143
0.0146456
0.0142543
0.0136748
0.0149355
0.0137041
0.0152727
0.0137712
0.014631
0.0145876
0.0145856
0.0143082
0.0137032
0.0147774
0.014327
0.0140641
0.0140215
0.0147248
0.0137841
0.0155702
0.0141869
0.0147914
0.0145712
0.014065
0.0147021
0.0138609
0.014089
0.0145412
0.0142546
0.0142591
0.0141651
0.0141628
0.0143334
0.0145493
0.0158899
0.0143986
0.0147752
0.0141158
0.0146418
0.0144914
0.0140547
0.0151088
0.0148816
0.0150642
0.0141754
0.0139628
0.0140568
0.0142398
0.0144906
0.0141879
0.0141386
0.0141338
0.0141491
0.0140507
0.0158204
0.0152503
0.0147946
0.0145067
0.0144342
0.0142106
0.0147982
0.014099
0.0139162
0.0145019
0.0142541
0.014335
0.0148851
0.014367
0.014571
0.0141788
0.0143428
0.0138619
0.0144109
0.0145948
0.0153964
0.0140317
0.0140416
0.0156238
0.0139298
0.0149799
0.0151169
0.0150854
0.0140314
0.0146049
0.0146772
0.0142596
0.0145741
0.0144143
0.0168932
0.0145922
0.0164928
0.0151972
0.0178174
0.0146316
0.0170327
0.0152508
0.0161898
0.0149436
0.016963
0.0157705
0.0183956
0.0146443
0.0157382
0.01519
0.0159499
0.0150163
0.0167787
0.0166036
0.015691
0.0160148
0.0162414
0.0159785
0.0165858
0.0162362
0.0150883
0.016554
0.0142714
0.0157775
0.0142439
0.0148035
0.014033
0.0153468
0.0139199
0.0142976
0.0141891
0.0144842
0.0145143
0.0139554
0.0154446
0.014356
0.0143047
0.0144009
0.0147605
0.0143085
0.0143121
0.0149647
0.0144247
0.0142977
0.0157435
0.0165582
0.0145624
0.0168984
0.015939
0.0149696
0.0157808
0.0151795
0.0155819
0.01548
0.0148068
0.0163664
0.0147626
0.0175276
0.0148097
0.0150348
0.0156147
0.0153432
0.0147187
0.0161869
0.0156012
0.0169833
0.0161132
0.0155873
0.0156792
0.0154924
0.0145632
0.015752
0.0152552
0.0165263
0.0158404
0.0160526
0.0160572
0.0153808
0.0171319
0.0151992
0.0150961
0.0150981
0.015648
0.0145028
0.0155794
0.0148016
0.014558
0.0152005
0.0148524
0.0143325
0.0147886
0.0157296
0.0152646
0.0147702
0.014616
0.0153895
0.0141894
0.0152268
0.0137955
0.0152521
0.0138515
0.0153418
0.0141466
0.015064
0.0146861
0.0148825
0.0144521
0.013855
0.0154533
0.0135332
0.015362
0.0139903
0.0146569
0.0146383
0.0143765
0.0151018
0.0162661
0.0155552
0.0143756
0.0162862
0.0137705
0.0163773
0.0138368
0.0159356
0.0149852
0.0148236
0.0140281
0.0145823
0.0149007
0.0137141
0.0142542
0.0148505
0.0140451
0.0147177
0.0142322
0.0144803
0.01444
0.0141689
0.0143858
0.0142521
0.0156922
0.0152994
0.0145845
0.0148726
0.0145297
0.0144987
0.0140989
0.0146616
0.0138677
0.0141871
0.014547
0.0144893
0.0154227
0.0151426
0.0159035
0.015637
0.0155985
0.0160415
0.0154687
0.0156345
0.0151989
0.0152242
0.0159867
0.015444
0.0147215
0.0141105
0.0144746
0.0145816
0.0139813
0.0140935
0.0144871
0.0141708
0.0144711
0.014187
0.0142924
0.0143593
0.0142651
0.014557
0.0137914
0.0144747
0.0146345
0.0140548
0.0141683
0.0145137
0.0147004
0.0143446
0.015016
0.0138818
0.0145896
0.0146389
0.0147778
0.01414
0.0143038
0.0145254
0.0139456
0.0151926
0.0143955
0.0150763
0.0137675
0.0143163
0.014195
0.0139566
0.0149583
0.0136677
0.0147247
0.0142013
0.0145027
0.0146833
0.0140903
0.0144957
0.0143088
0.0151249
0.0144426
0.0156197
0.0143628
0.014431
0.0148077
0.0151608
0.0142948
0.0140493
0.0148894
0.0137904
0.0152923
0.0141194
0.0145712
0.0144407
0.0145778
0.0148533
0.0139299
0.0144381
0.0142279
0.0147347
0.0142733
0.015986
0.0145596
0.0147793
0.0145617
0.0148369
0.0148879
0.0138684
0.0155605
0.014214
0.015303
0.0152109
0.0148086
0.0142596
0.0145099
0.0145327
0.0136967
0.0151028
0.013877
0.0154008
0.0142798
0.0152426
0.0141508
0.0142066
0.0146679
0.0136713
0.0152459
0.0136291
0.0154851
0.0138222
0.0151472
0.0145452
0.0145283
0.014167
0.013742
0.0153734
0.0138219
0.015294
0.0142331
0.0140918
0.0139373
0.0144626
0.0139069
0.0141239
0.0154364
0.014388
0.015285
0.0140429
0.014303
0.014176
0.0139277
0.0142505
0.0145831
0.0145994
0.0152075
0.0141893
0.0149148
0.0143167
0.0140338
0.0145257
0.0145747
0.0156688
0.0147943
0.0138792
0.0143476
0.0145004
0.0142136
0.0142282
0.0141272
0.0140144
0.013838
0.0143744
0.0145638
0.014032
0.0142067
0.0140818
0.0145857
0.0139126
0.0154311
0.0139209
0.0141375
0.0141197
0.0145331
0.0143825
0.0144413
0.0149453
0.0141102
0.0148653
0.0143429
0.0144275
0.0145437
0.0144069
0.0144895
0.0141413
0.0146617
0.0140157
0.0135651
0.0147282
0.0139566
0.0148168
0.0138198
0.0177038
0.0150058
0.0149692
0.0144931
0.0149412
0.0143389
0.014203
0.0168701
0.0139183
0.0150585
0.0143345
0.0149025
0.0137717
0.0143302
0.0146337
0.0148096
0.0141297
0.0135466
0.0146472
0.0142104
0.0174744
0.0148622
0.0146773
0.0144636
0.0146309
0.01445
0.016365
0.0150099
0.0139451
0.0146369
0.0140184
0.0147309
0.0144479
0.0147302
0.0145763
0.0139483
0.014588
0.0138463
0.0144288
0.0139866
0.0145542
0.0143125
0.0141921
0.0144862
0.0145404
0.0147814
0.0135988
0.0147042
0.0138221
0.0144499
0.0145924
0.014819
0.0146722
0.0145245
0.0151301
0.0138531
0.0155501
0.0139837
0.0161083
0.0140231
0.0148138
0.0140351
0.0140016
0.0153723
0.0134926
0.0151549
0.0139298
0.0147724
0.0139177
0.0147727
0.0151303
0.0142811
0.0145313
0.0144672
0.0155281
0.0140667
0.0149911
0.0143766
0.0144311
0.0144909
0.0143472
0.0144042
0.0142858
0.0147075
0.0148626
0.0140488
0.0156584
0.0150397
0.0148089
0.0141891
0.0147888
0.0146323
0.0147509
0.0149642
0.0140733
0.014291
0.0143642
0.014346
0.0140727
0.0139135
0.0153676
0.0137531
0.01464
0.0140181
0.0143289
0.0145275
0.0144149
0.0147951
0.0138663
0.0147582
0.0145792
0.0149875
0.0145097
0.0145281
0.0144543
0.0137615
0.0148598
0.0137496
0.0149257
0.0135685
0.0148446
0.0142437
0.0145606
0.014497
0.0136717
0.014981
0.0137829
0.0141089
0.0138548
0.0164998
0.0156558
0.0153455
0.0156787
0.0174147
0.01528
0.015409
0.015925
0.0147626
0.0161176
0.0156793
0.0177772
0.0151634
0.0162587
0.0154449
0.0149733
0.0155221
0.0161079
0.0151827
0.0156818
0.0156253
0.0163521
0.0162432
0.0156425
0.0153283
0.0162385
0.0158433
0.0188039
0.0171445
0.0174224
0.0182912
0.0176246
0.0173112
0.0182892
0.0152556
0.0170349
0.0160873
0.0149353
0.0150997
0.0159035
0.0162469
0.0146085
0.0158016
0.0151717
0.016444
0.0149355
0.0187531
0.0150659
0.0154604
0.0150344
0.0179697
0.0152235
0.0200096
0.0150561
0.0185628
0.0162974
0.0174981
0.0156059
0.0167939
0.0144043
0.0182615
0.017644
0.0195946
0.0190505
0.0166725
0.0172391
0.0167717
0.0154673
0.0155306
0.0211853
0.0147287
0.0168431
0.0153235
0.0164068
0.0156555
0.016574
0.0156624
0.017031
0.016105
0.0173737
0.0155413
0.0159725
0.0153376
0.0155558
0.0143943
0.0156312
0.0151437
0.0159763
0.0154277
0.0145367
0.0161143
0.0152378
0.0149645
0.0154954
0.0156949
0.0154587
0.0162286
0.0161226
0.0158199
0.0159473
0.0156939
0.0158874
0.018903
0.0167469
0.0157192
0.0160522
0.0162711
0.0154115
0.0167173
0.0161676
0.0154218
0.016904
0.0162871
0.0151691
0.0152716
0.0154467
0.0153756
0.015517
0.0150805
0.0161129
0.0167668
0.0170345
0.0155044
0.0154556
0.0147848
0.0161391
0.015193
0.0158585
0.0151634
0.0182553
0.0186605
0.015917
0.015072
0.0163209
0.0147147
0.0166892
0.0155106
0.0187928
0.0165418
0.0175608
0.0177258
0.0194219
0.0162262
0.0187967
0.0217077
0.0204099
0.0201456
0.0152809
0.0164924
0.0160577
0.0167411
0.0152935
0.0164236
0.0164353
0.0155592
0.0149465
0.0147329
0.0162385
0.0169726
0.0154439
0.0143855
0.0163392
0.0144542
0.0155641
0.0143575
0.0175095
0.0150666
0.0170516
0.0145576
0.0168545
0.0158851
0.0185716
0.0146451
0.0176363
0.015679
0.0160522
0.0165118
0.0163017
0.0145604
0.0144457
0.0148539
0.0140797
0.0146356
0.0145008
0.0145456
0.0142001
0.0152381
0.0148229
0.0146778
0.0148002
0.0143862
0.0143293
0.0138762
0.0143443
0.0140086
0.0149622
0.0148197
0.0144295
0.0140815
0.0144987
0.0145182
0.014741
0.0166403
0.0157765
0.0162846
0.0170356
0.0153838
0.018258
0.0171044
0.0169089
0.0156099
0.0155848
0.019641
0.0165157
0.0162329
0.0156308
0.0152063
0.0152669
0.015913
0.0149979
0.0169581
0.0152248
0.0160012
0.0153871
0.0157717
0.0165945
0.0591969
0.0501928
0.0655811
0.0169351
0.0202266
0.0188475
0.0161811
0.0173669
0.0189408
0.016902
0.0166403
0.0158251
0.0166029
0.0176187
0.0165329
0.015332
0.0182719
0.0159245
0.0164951
0.0158633
0.0159265
0.0159779
0.0198575
0.0163503
0.0173173
0.0159236
0.0164124
0.0161624
0.0177551
0.0159188
0.0150874
0.015432
0.0150852
0.0166665
0.0163103
0.0150219
0.0152923
0.0158791
0.0156866
0.0155616
0.0150648
0.0158713
0.0144917
0.0151253
0.0165021
0.0155881
0.0152636
0.0154756
0.0198632
0.019176
0.0174394
0.0160456
0.0160377
0.016355
0.0152685
0.0168387
0.0165394
0.0166164
0.0154912
0.0181919
0.0178045
0.0171508
0.0178376
0.0176113
0.0161638
0.017271
0.0171508
0.0152201
0.0184339
0.0169973
0.0160435
0.0156724
0.0172036
0.0156319
0.0197671
0.017639
0.0187077
0.0159157
0.0165322
0.0164365
0.0186369
0.017899
0.0186998
0.0177102
0.0176184
0.0171175
0.0163919
0.0180585
0.017793
0.0178266
0.0206812
0.0202159
0.0183285
0.0187299
0.0169429
0.0156603
0.0184181
0.015298
0.0159354
0.0159579
0.0161414
0.0158498
0.0168993
0.0159347
0.0162335
0.0156357
0.0162728
0.0153401
0.0153591
0.0205735
0.0155564
0.0159676
0.0152718
0.0158222
0.0151291
0.0165112
0.0150417
0.0172755
0.0165032
0.016262
0.016613
0.0158917
0.0149401
0.0176826
0.0143043
0.0160707
0.0159355
0.0210125
0.0172858
0.0170307
0.018023
0.0164662
0.0225633
0.0151114
0.0167949
0.0149934
0.0165903
0.0142525
0.015895
0.0148572
0.0160813
0.0149714
0.0162879
0.0156221
0.0167669
0.0160576
0.0164062
0.0172699
0.0158189
0.0173525
0.0246419
0.0199146
0.0216722
0.0222724
0.0191883
0.0151833
0.0165635
0.0175795
0.0153342
0.0157766
0.0150074
0.0156889
0.0152636
0.0164461
0.0168842
0.020815
0.015268
0.0157196
0.0150028
0.0158621
0.0145843
0.0167151
0.0156889
0.0165173
0.0150821
0.0179322
0.0152341
0.0185939
0.0165996
0.0199198
0.0166516
0.0176727
0.0169049
0.0175152
0.0165848
0.0156501
0.0166482
0.0159215
0.0168097
0.0163041
0.0167643
0.0155281
0.0192135
0.0199739
0.0171251
0.0200333
0.0161651
0.0170108
0.0149723
0.0176721
0.014789
0.0174079
0.0143969
0.0165231
0.0166518
0.017184
0.0167596
0.0166315
0.0155325
0.0165142
0.015896
0.015835
0.0152492
0.0170017
0.0149954
0.0149279
0.0155886
0.0157271
0.0168907
0.0154192
0.0157186
0.0153752
0.0169906
0.0168474
0.0165737
0.0161158
0.0171152
0.0163806
0.0175053
0.0174824
0.0179843
0.0180537
0.0196809
0.0205293
0.01691
0.0166954
0.0160425
0.015712
0.015406
0.0161106
0.0155094
0.0157157
0.0150284
0.0207795
0.0159618
0.0160784
0.0159097
0.0167732
0.0164403
0.0166758
0.0160621
0.0158967
0.0167245
0.0158265
0.0162201
0.0158932
0.0160286
0.0160022
0.0153421
0.0165386
0.0152716
0.0162044
0.0153306
0.0168469
0.0162921
0.0173162
0.0154171
0.0172105
0.0156997
0.0171457
0.0152443
0.0173182
0.0156969
0.0167206
0.0151422
0.0164247
0.015596
0.0165066
0.0153459
0.0165635
0.0161699
0.0180174
0.0157751
0.0205949
0.0156817
0.0193356
0.0168435
0.0181697
0.0177539
0.0164022
0.0166026
0.0164894
0.0166252
0.0169588
0.0160752
0.015938
0.0164705
0.0152799
0.0167175
0.0161351
0.0172901
0.0155056
0.0161219
0.0166722
0.0176565
0.0165848
0.0174856
0.0176685
0.0182178
0.0207809
0.0190714
0.0187773
0.0157856
0.0165813
0.0146182
0.0175352
0.0181597
0.0180207
0.0168371
0.0159472
0.0155278
0.0150746
0.0158696
0.0154426
0.0153683
0.0155342
0.015458
0.0157547
0.0154153
0.0179336
0.0153731
0.0158953
0.0203313
0.0152446
0.0174278
0.0182172
0.0165088
0.0169227
0.0170187
0.0152675
0.015737
0.0150521
0.0168514
0.0151966
0.0181155
0.0173597
0.0182758
0.0159511
0.0168028
0.0173032
0.018968
0.0163493
0.0156226
0.0168933
0.0159442
0.0153343
0.0158353
0.0157425
0.0156982
0.0148725
0.0159014
0.0163735
0.0176675
0.0158153
0.0175678
0.0205217
0.0154585
0.0187275
0.0151169
0.017013
0.0148211
0.0163698
0.0151823
0.0166398
0.0148545
0.016821
0.0157268
0.0158215
0.0147644
0.0167683
0.0155517
0.0172491
0.0164227
0.0169635
0.0152798
0.0194695
0.0169665
0.0183615
0.0169685
0.0196943
0.0178508
0.017127
0.0159181
0.0198999
0.015604
0.0155329
0.01623
0.0156049
0.0160232
0.0180994
0.0160516
0.0181447
0.0181847
0.0218182
0.0231861
0.0201293
0.0214562
0.0216271
0.0154157
0.019533
0.0170841
0.0175625
0.0157148
0.016022
0.0148471
0.014852
0.0151106
0.0151486
0.0154246
0.0159454
0.0148692
0.015999
0.0158579
0.0152275
0.0155786
0.01533
0.0152792
0.0149765
0.015854
0.0145454
0.0161055
0.015418
0.0169803
0.0144244
0.0166559
0.0147477
0.0171456
0.0157511
0.0163537
0.0146387
0.0168206
0.0144063
0.0153745
0.0150607
0.016241
0.0153345
0.0149491
0.0168075
0.0154421
0.0161866
0.0145828
0.0161817
0.0154518
0.0149103
0.0151875
0.0151927
0.0154136
0.015058
0.0149452
0.0153432
0.0152657
0.0151387
0.014948
0.0153209
0.0154766
0.0143595
0.0159384
0.0144488
0.0157195
0.0149774
0.0159511
0.0149966
0.0154651
0.0148606
0.0153218
0.0157235
0.0161887
0.0163522
0.0166772
0.0160117
0.0168219
0.016633
0.01504
0.0150581
0.0159927
0.0169526
0.0157925
0.0161568
0.015153
0.01597
0.0147781
0.0158168
0.0149865
0.015949
0.0179206
0.0191177
0.0150664
0.0181208
0.0174667
0.0183543
0.0186341
0.0151831
0.0154774
0.0165341
0.0194755
0.0151588
0.0166301
0.0156627
0.0162879
0.014915
0.0157599
0.0151198
0.0162598
0.0165968
0.0154233
0.0155222
0.0162753
0.0160852
0.0150116
0.0170501
0.0158204
0.0163662
0.0154514
0.0167553
0.015806
0.0184976
0.0158909
0.015258
0.0152869
0.0161975
0.0160421
0.0162878
0.0155839
0.0153178
0.0169138
0.0163436
0.01573
0.0178104
0.0182165
0.0157652
0.0185075
0.0184481
0.0151987
0.0238073
0.0160367
0.0168577
0.0162218
0.0165852
0.0163371
0.015767
0.0142861
0.015258
0.0157746
0.0160572
0.0155027
0.016019
0.0160692
0.0165684
0.0151618
0.0151402
0.01606
0.0153771
0.0149985
0.015638
0.0158156
0.0148412
0.0149347
0.014671
0.0152513
0.014674
0.0163603
0.0156706
0.0168357
0.0153727
0.0155279
0.014953
0.0173108
0.0149043
0.0154871
0.0151439
0.0157038
0.0146527
0.0149815
0.0155096
0.0152222
0.0156255
0.0144205
0.0155105
0.0145655
0.0157001
0.0147405
0.0160557
0.0149894
0.0154796
0.0150069
0.0172758
0.0150599
0.01497
0.0163009
0.0153868
0.0156187
0.0154688
0.0154238
0.0148824
0.0156378
0.0149155
0.0153401
0.0150246
0.0156939
0.0146896
0.0155064
0.0148492
0.0161864
0.0149279
0.0158333
0.0154041
0.0149184
0.0164334
0.0150349
0.0167272
0.0166276
0.017051
0.0173721
0.017518
0.0151917
0.0150865
0.0155839
0.0152626
0.0153886
0.0156577
0.0157769
0.0156871
0.015686
0.015603
0.0149791
0.0148105
0.0151379
0.014734
0.0159526
0.0150777
0.0153295
0.0148335
0.014874
0.0152744
0.0156823
0.0164284
0.0148777
0.0160643
0.0159459
0.0163717
0.01566
0.0159592
0.0157401
0.0162034
0.0164897
0.015603
0.0156516
0.0165596
0.0158345
0.0159227
0.0154874
0.0157881
0.0155732
0.0167587
0.0156254
0.0161544
0.0155111
0.0173895
0.014919
0.0201354
0.0188492
0.0201103
0.018047
0.0181165
0.0166428
0.0157427
0.0154002
0.0158564
0.0163045
0.0153249
0.0157251
0.0157317
0.0170975
0.0159344
0.0153847
0.0150868
0.0161432
0.015823
0.0154357
0.0158389
0.0154493
0.016031
0.015236
0.0158213
0.015083
0.0160549
0.0150809
0.0159509
0.0153887
0.0163628
0.0152157
0.0155545
0.0157428
0.016495
0.0158083
0.0164385
0.0154327
0.0162346
0.0157637
0.0160973
0.0152728
0.0164651
0.0154697
0.0160213
0.015386
0.0157099
0.0157191
0.0154
0.0157834
0.0154189
0.0163765
0.01563
0.0157347
0.0159673
0.0160884
0.0155223
0.0159089
0.0153299
0.0157327
0.0156749
0.015913
0.0152969
0.0159776
0.0155409
0.0163839
0.0152161
0.0168911
0.0151281
0.0161719
0.0153961
0.0161411
0.0153484
0.0159498
0.015431
0.0168387
0.015433
0.0160868
0.0187653
0.0169888
0.0177665
0.0163903
0.01572
0.0157866
0.0156985
0.0158142
0.0171685
0.0171647
0.0157797
0.0154295
0.0160255
0.0159142
0.0153977
0.0157134
0.0165371
0.0155924
0.0159904
0.0155172
0.0153376
0.0154067
0.0155787
0.0154244
0.0156022
0.0165562
0.0157161
0.0163586
0.01582
0.0170661
0.0159401
0.0162767
0.0168045
0.0162072
0.0166878
0.016037
0.0196821
0.0182481
0.0162236
0.0189681
0.0179243
0.0182022
0.019384
0.0188015
0.016884
0.0199381
0.0234042
0.021336
0.0176894
0.0187198
0.0174015
0.0181643
0.0193999
0.0181118
0.0185198
0.0180017
0.0168473
0.020185
0.0179327
0.0205174
0.020999
0.0186568
0.0248024
0.0188069
0.0191405
0.0197741
0.0176415
0.0238802
0.0198334
0.0193742
0.018877
0.0163934
0.0182204
0.0185991
0.020138
0.0171584
0.0177228
0.0175291
0.01746
0.0180975
0.0179893
0.0179125
0.0172768
0.0172293
0.0169935
0.0174824
0.0179285
0.0166997
0.0173213
0.0176799
0.0180888
0.0211692
0.0177243
0.018481
0.0170801
0.0180034
0.0174192
0.0195393
0.0176997
0.0182841
0.0194383
0.0178242
0.0187089
0.0176548
0.020911
0.018319
0.0194648
0.0176547
0.0178146
0.0201809
0.0195795
0.0178565
0.0173903
0.0187326
0.0173179
0.019562
0.0174227
0.0177368
0.0182967
0.0181988
0.0189791
0.0175887
0.0191365
0.0188246
0.0181314
0.0207455
0.0190457
0.019173
0.020307
0.0176484
0.0188408
0.017405
0.0186567
0.0192442
0.0237122
0.0192626
0.0179897
0.0190811
0.0175633
0.0186303
0.0191758
0.0182934
0.0190491
0.0180763
0.018603
0.01779
0.0187709
0.0170011
0.0186176
0.020063
0.0180775
0.0191396
0.0175684
0.0187004
0.0172497
0.0183102
0.0193329
0.0169452
0.0194372
0.0184137
0.0181511
0.0179985
0.0185299
0.0174891
0.0208363
0.0189533
0.0182839
0.0199802
0.0170901
0.0189166
0.0182808
0.0173439
0.0182279
0.0161974
0.0172594
0.0162603
0.0213318
0.017206
0.0174072
0.0163159
0.0168198
0.0166883
0.0173163
0.01655
0.0164406
0.016733
0.0182633
0.0166094
0.0162082
0.0171922
0.0166243
0.0180875
0.0186158
0.0171825
0.0169839
0.016545
0.0164948
0.0178154
0.0174776
0.016829
0.0168906
0.0169782
0.0165843
0.0172577
0.0172071
0.0171547
0.0165126
0.0172903
0.0166971
0.0170535
0.0168155
0.0173821
0.017505
0.0177554
0.0166741
0.016295
0.0164161
0.0165911
0.0168437
0.0168246
0.0166601
0.0166762
0.0166949
0.0171945
0.016411
0.0167893
0.016461
0.0167896
0.0170729
0.0170227
0.0164209
0.017345
0.0169133
0.0168468
0.0171433
0.0164184
0.0171138
0.0161621
0.0170841
0.022438
0.0187321
0.0173669
0.0169624
0.0169748
0.0172621
0.0167945
0.0166746
0.0176938
0.0172341
0.0166353
0.0171182
0.0175271
0.0168796
0.0183387
0.0167776
0.017596
0.01645
0.0173874
0.0163878
0.0176283
0.0160175
0.0174497
0.0164423
0.0178459
0.0170425
0.0177602
0.01658
0.01699
0.0168765
0.0169671
0.017351
0.0165677
0.0167862
0.0165312
0.0170648
0.0161263
0.017314
0.0165756
0.0180537
0.0170901
0.0173071
0.0169836
0.0168267
0.0166303
0.0165525
0.0171427
0.016861
0.0168862
0.0171346
0.0168608
0.0174349
0.0170627
0.0178757
0.0164569
0.0166282
0.0167268
0.0178817
0.0168168
0.0167337
0.0166062
0.0170419
0.0172064
0.0173274
0.0168415
0.0169803
0.016853
0.0168811
0.016953
0.0168205
0.0164106
0.0170921
0.0170671
0.0165246
0.016806
0.0171895
0.0162911
0.0180794
0.0170789
0.0165757
0.017783
0.0182148
0.017999
0.0171696
0.0166993
0.0164706
0.0175028
0.0164261
0.0170448
0.0168057
0.0170717
0.0177696
0.0172733
0.0169103
0.0179622
0.0170268
0.0166752
0.018368
0.016359
0.018096
0.0166672
0.0181874
0.0168427
0.0181161
0.0166364
0.0172402
0.0170025
0.0168272
0.0180041
0.0178549
0.0170037
0.0226923
0.0178075
0.016738
0.0178769
0.0164872
0.0175785
0.0183208
0.0201457
0.020732
0.0169999
0.0189502
0.0169333
0.0178498
0.0163616
0.0177136
0.0171774
0.0177265
0.0173619
0.0161796
0.017889
0.0162778
0.0180539
0.0168324
0.0178024
0.0169337
0.0176705
0.0163832
0.0184147
0.016826
0.0199052
0.0177036
0.0170892
0.0174021
0.0176104
0.0177018
0.0184905
0.0193441
0.018391
0.0199643
0.0185624
0.0181633
0.0185291
0.017222
0.0187193
0.0171289
0.0179873
0.0178478
0.0171584
0.0169061
0.0172195
0.0163417
0.0176998
0.0166745
0.0173905
0.0174728
0.017348
0.0183222
0.017849
0.0172098
0.0171259
0.01652
0.0178615
0.0166432
0.01768
0.0164577
0.0172278
0.0170053
0.0169269
0.0170059
0.0170168
0.0166149
0.0166733
0.0175617
0.0167629
0.0169281
0.0166229
0.0171056
0.016427
0.0170423
0.0166474
0.017182
0.016821
0.0174186
0.0166784
0.0173176
0.0162101
0.0174508
0.0165121
0.0171115
0.0166076
0.01721
0.0164331
0.0175922
0.0170358
0.0163653
0.0171134
0.0164483
0.0184415
0.0161013
0.0178359
0.0166653
0.0178445
0.0172296
0.0171332
0.0165217
0.0173253
0.0165751
0.0174747
0.0162685
0.0166177
0.0170813
0.016611
0.0166521
0.0167721
0.0171019
0.0164051
0.0168084
0.0166884
0.0179845
0.0163906
0.0176318
0.0161336
0.0164464
0.0156338
0.0169466
0.0166501
0.0168915
0.0156458
0.0167224
0.0160457
0.0167876
0.015413
0.0163665
0.0155048
0.0167266
0.0163372
0.0165275
0.0156192
0.0163029
0.0161679
0.0165337
0.0156442
0.0163613
0.015864
0.0163559
0.015475
0.0169074
0.0163734
0.0167929
0.0157406
0.016391
0.0158531
0.0164204
0.0156383
0.0167045
0.0157835
0.0167914
0.0157726
0.0170729
0.015858
0.0162092
0.0162138
0.0163173
0.0157745
0.0163008
0.0193397
0.0166655
0.0162326
0.0164204
0.015903
0.0164623
0.0161822
0.0160598
0.0162624
0.0161148
0.0161467
0.0165084
0.0161761
0.0169186
0.0161556
0.0151803
0.0155521
0.0159339
0.0150381
0.0154501
0.0152075
0.0162208
0.0153028
0.0158735
0.0158463
0.0153498
0.0158635
0.0156773
0.0164163
0.0157869
0.0154907
0.0155434
0.0164968
0.0176475
0.0160551
0.0171499
0.0152212
0.0159466
0.0169032
0.0161826
0.0158473
0.0161516
0.0154632
0.0156429
0.0156742
0.0162789
0.0156574
0.0163836
0.015326
0.0161492
0.0148951
0.0159868
0.0150416
0.0159171
0.0150892
0.0160827
0.0152646
0.0158839
0.0150484
0.0153152
0.015531
0.0152103
0.0157714
0.0156508
0.0165327
0.015671
0.0161359
0.0153899
0.0156789
0.015768
0.0162099
0.0144511
0.0158844
0.0142214
0.0166691
0.0153286
0.0163704
0.0144768
0.0156655
0.0151621
0.0160272
0.0156581
0.0168739
0.0154872
0.0156489
0.0158834
0.0151108
0.0154146
0.0159463
0.0154513
0.0147126
0.0164699
0.0144998
0.0156643
0.0149629
0.0159927
0.0163048
0.0155553
0.0145656
0.0156333
0.0150878
0.015514
0.0152854
0.0158978
0.0155423
0.0151659
0.0145615
0.0156741
0.0148232
0.0147882
0.0155248
0.0149081
0.0155339
0.0145946
0.0160512
0.0148643
0.0161918
0.0148971
0.0166642
0.016198
0.0176977
0.0143012
0.0167845
0.0147385
0.0154352
0.0146085
0.0154435
0.0153271
0.0149594
0.014787
0.0145453
0.014841
0.0143554
0.0152194
0.0145112
0.0158578
0.0146575
0.0149305
0.0156457
0.046835
0.0382202
0.0356395
0.0173716
0.0163557
0.0157809
0.0152418
0.0157244
0.0145604
0.0148324
0.0149378
0.0143018
0.014619
0.0143494
0.0150305
0.0146205
0.0159641
0.0143333
0.0142975
0.0145807
0.015124
0.0150523
0.0144695
0.0176508
0.0147157
0.0147468
0.0145906
0.0156761
0.0143345
0.0147887
0.0147244
0.0155246
0.0148478
0.017146
0.0146545
0.0155779
0.0159168
0.0162878
0.015426
0.0171827
0.0152509
0.0157115
0.0165366
0.0157333
0.0166946
0.0151675
0.0146744
0.0147158
0.0158901
0.0147561
0.0147509
0.0143364
0.0153317
0.0146036
0.0152286
0.0148157
0.0156608
0.0150977
0.0149885
0.0148065
0.0145024
0.0156464
0.013846
0.0161227
0.0141223
0.0155292
0.014625
0.0162328
0.0140861
0.0139058
0.0140033
0.013968
0.0143692
0.0137739
0.0151215
0.0141009
0.0144891
0.013948
0.0140964
0.0148468
0.0141018
0.0150959
0.0141125
0.01467
0.014276
0.0139824
0.0140592
0.0138852
0.0142391
0.0138238
0.0147236
0.0144699
0.0145914
0.0139049
0.0140787
0.0145975
0.0148753
0.0147495
0.0154091
0.0147695
0.0144422
0.0142894
0.0145364
0.0141542
0.015683
0.0140575
0.014426
0.0142375
0.0143958
0.0144871
0.0141728
0.0137
0.0147144
0.0140238
0.0141925
0.014931
0.0142681
0.0143548
0.0137444
0.014521
0.0138853
0.0145157
0.0147437
0.0147977
0.0151347
0.015749
0.0140554
0.0143031
0.0144715
0.0137629
0.0149781
0.0141586
0.0146949
0.0140752
0.0146936
0.0145089
0.0139152
0.0143245
0.0147617
0.0144963
0.0141597
0.0145244
0.0140362
0.0146197
0.0142197
0.0152022
0.0142782
0.0143826
0.0146943
0.0143032
0.0145609
0.0146854
0.0146111
0.0142541
0.0151588
0.0141096
0.0148704
0.0147158
0.0140803
0.0147358
0.0143187
0.014317
0.0142195
0.0146959
0.0141694
0.0144926
0.0140278
0.0142159
0.0151285
0.0140312
0.01403
0.0135639
0.0147703
0.0138027
0.0143912
0.0143402
0.0141943
0.0142182
0.013878
0.0149528
0.0142644
0.0152114
0.0137107
0.0146149
0.0144819
0.0143863
0.0146233
0.0140054
0.0148879
0.0137822
0.0149944
0.014126
0.0143952
0.0141793
0.0141655
0.0150682
0.0141085
0.0152297
0.014546
0.0160016
0.0141347
0.0143749
0.0143177
0.0138719
0.0144544
0.0140429
0.0151322
0.0140469
0.0148878
0.014069
0.0141901
0.014407
0.0144793
0.0144767
0.0140062
0.0142966
0.0141954
0.0141074
0.0146172
0.014796
0.014286
0.0139551
0.0147927
0.0140877
0.014623
0.0138678
0.0140806
0.0145091
0.0140602
0.0145406
0.0141083
0.0144959
0.0145038
0.013857
0.0177641
0.0161697
0.0145534
0.0143684
0.0139433
0.0147372
0.01407
0.0145157
0.0141902
0.0139049
0.0146956
0.0143971
0.0150839
0.0142595
0.014269
0.0146113
0.0143069
0.0144119
0.0142952
0.0145747
0.0139454
0.014511
0.0141558
0.0143341
0.0151077
0.0148746
0.0142725
0.0138966
0.0140339
0.0141019
0.0145147
0.0141656
0.0154304
0.014194
0.0149975
0.0142593
0.014286
0.0138308
0.0147029
0.0143449
0.0136409
0.0150071
0.0141698
0.0143888
0.0138431
0.014141
0.0141087
0.0144824
0.0151086
0.014746
0.0148054
0.0144437
0.0144438
0.0137347
0.0146756
0.0145477
0.0142846
0.0146696
0.0147038
0.014644
0.0139565
0.0156055
0.0143325
0.0145953
0.0138291
0.014232
0.0144447
0.0140754
0.0152368
0.0139233
0.014665
0.0151469
0.0169302
0.0137769
0.0145962
0.0142041
0.0143449
0.0145548
0.0142948
0.0145988
0.0139345
0.0152029
0.0138476
0.0149672
0.013976
0.0150171
0.0141494
0.0137117
0.0160368
0.0136092
0.0145986
0.0139833
0.0148808
0.0140329
0.0144344
0.0142193
0.0140483
0.0141818
0.0142855
0.0146246
0.0135667
0.0146506
0.0144373
0.0141117
0.0140952
0.0140344
0.0147991
0.0138321
0.0145515
0.0142735
0.0139427
0.0155359
0.014266
0.0142132
0.0137667
0.0152394
0.0138095
0.0139347
0.0145618
0.0144337
0.0144452
0.0140862
0.0147376
0.0140883
0.0144899
0.0144348
0.0141624
0.0139005
0.0148068
0.0140724
0.0145016
0.0142583
0.0172754
0.0145925
0.0141435
0.0162152
0.0140288
0.01471
0.013883
0.015012
0.0140563
0.014467
0.0142314
0.0141154
0.0141989
0.0142636
0.0144355
0.0140564
0.0158873
0.0141447
0.0145266
0.0136511
0.0154133
0.0141328
0.0144882
0.0153008
0.0146113
0.0161648
0.0150081
0.0206234
0.0175372
0.0156259
0.0157988
0.0146303
0.0150015
0.0164293
0.014763
0.0150391
0.0149387
0.0147022
0.0139046
0.0173561
0.0140915
0.0192739
0.0142294
0.0144931
0.0135959
0.0144672
0.0139171
0.0160484
0.0143857
0.0142547
0.0151532
0.0141274
0.0151627
0.0142141
0.016116
0.0138725
0.0158913
0.0135669
0.0145137
0.0147948
0.0139492
0.0152564
0.0142584
0.0148788
0.0137126
0.0149092
0.0141245
0.0141143
0.0148323
0.014238
0.0148717
0.0139374
0.0155028
0.0137392
0.0141773
0.0145516
0.0142435
0.0147213
0.0139726
0.015907
0.0144223
0.0144481
0.0143331
0.0144899
0.0148566
0.014743
0.0150622
0.0139531
0.0153177
0.0142386
0.0151915
0.0143734
0.017303
0.0144099
0.0140257
0.0149353
0.0145604
0.0147898
0.0141443
0.0148731
0.0141043
0.0151209
0.0148323
0.0142786
0.0138895
0.0149717
0.0145227
0.0152341
0.0146595
0.0149694
0.0143186
0.014139
0.0148731
0.0139448
0.0146545
0.0139401
0.0153918
0.0141608
0.0150995
0.0143342
0.0144933
0.0144495
0.0142088
0.01541
0.0140184
0.0155787
0.0139815
0.0150434
0.0137573
0.0155768
0.0139151
0.0153574
0.0146095
0.0147222
0.0148828
0.0136895
0.0159381
0.014437
0.0148406
0.0139524
0.0143978
0.0137553
0.0142713
0.0138873
0.0141266
0.0166527
0.0144941
0.0147041
0.0147734
0.0152403
0.0141085
0.0165736
0.0147315
0.0148378
0.0142104
0.0142901
0.0141221
0.0138699
0.0154653
0.0136913
0.014795
0.0141087
0.0148605
0.0137629
0.0155052
0.0163349
0.0151353
0.0143468
0.0140927
0.0143301
0.0135643
0.0149465
0.0136262
0.0150776
0.0141359
0.014304
0.014172
0.0137163
0.0160654
0.0145247
0.0159427
0.014455
0.0149337
0.0168833
0.0153213
0.0150234
0.014933
0.0148573
0.0157279
0.0148265
0.0146164
0.0163973
0.0138983
0.0150818
0.0142445
0.0146906
0.0137702
0.015336
0.0141087
0.0141513
0.0146766
0.013478
0.0150699
0.0144381
0.0146784
0.0139083
0.014448
0.014583
0.0147004
0.01452
0.013945
0.0160709
0.0145848
0.0147106
0.0140215
0.0140945
0.0150049
0.0143038
0.0145933
0.0150267
0.0144036
0.0140348
0.0148564
0.0143722
0.0151975
0.0142754
0.0145037
0.0148073
0.0150255
0.0151522
0.0186126
0.0157845
0.0154675
0.014714
0.0149441
0.0142328
0.0148908
0.0146306
0.014009
0.0145061
0.0143483
0.0151889
0.0142572
0.0151183
0.0145609
0.0148796
0.0144481
0.0143183
0.0145419
0.0144101
0.0148287
0.0145949
0.0154075
0.0143684
0.0144239
0.0139772
0.0149602
0.0143188
0.0146872
0.0144361
0.0138937
0.0154101
0.0138197
0.0153597
0.0137696
0.0150242
0.0142475
0.0151621
0.0143136
0.0144353
0.0160422
0.0141019
0.0153041
0.0145186
0.015083
0.0138955
0.0162642
0.0156315
0.0151273
0.0139167
0.0151298
0.0143425
0.0138103
0.0154687
0.0141613
0.0150348
0.0143841
0.0144863
0.0138417
0.0150426
0.0139542
0.0149275
0.0143339
0.0155051
0.0152208
0.0137808
0.0156229
0.0141611
0.0152222
0.0142752
0.0144938
0.0142905
0.0142626
0.0147511
0.013674
0.0146882
0.0139295
0.0148501
0.0140902
0.0141931
0.0144909
0.0140091
0.0148866
0.013783
0.0153157
0.0143827
0.0146891
0.0142116
0.0142557
0.0145418
0.0138309
0.0148953
0.0136161
0.0155961
0.0142176
0.0146865
0.0141056
0.0142249
0.0140412
0.0154367
0.0153028
0.0138249
0.0150449
0.0142969
0.0147035
0.0146644
0.0161971
0.0169051
0.0169417
0.0169537
0.0162963
0.0157456
0.0145222
0.0141931
0.0142076
0.0149143
0.013684
0.0145882
0.0143371
0.0145161
0.014406
0.0141209
0.0144932
0.0140542
0.0139366
0.0150698
0.0143473
0.0138439
0.0152258
0.0140785
0.0148299
0.0139633
0.0153097
0.0138844
0.0147688
0.014619
0.0141198
0.014396
0.0138974
0.014905
0.0139505
0.0157294
0.0140364
0.0148073
0.0147779
0.0148839
0.0141749
0.0140335
0.0142628
0.0140975
0.0146116
0.0160661
0.0156681
0.0148579
0.0179143
0.0149656
0.0152507
0.0154706
0.0162248
0.0144118
0.0192235
0.0152457
0.0162608
0.0152484
0.0169734
0.0143229
0.0174258
0.0138339
0.0144463
0.01401
0.0146713
0.0142715
0.0142687
0.0158183
0.0136523
0.0144609
0.0134162
0.0150106
0.0141954
0.0139269
0.0149106
0.0133798
0.0157362
0.0135544
