872.34
901.816
938.829
845.895
856.162
854.675
847.5
857.605
854.042
863.947
868.206
858.335
853.77
876.236
888.027
929.405
905.098
861.699
868.986
966.669
859.244
871.234
858.414
858.634
864.683
870.248
866.158
858.236
870.961
854.348
856.396
871.169
856.598
866.335
875.04
859.949
868.589
1037.82
864.747
864.068
862.119
851.106
852.64
874.979
846.093
862.252
859.668
865.267
845.67
852.144
855.779
851.949
845.725
852.709
856.996
865.431
2126.25
861.888
1988.95
1537.89
898.922
866.971
847.852
851.581
859.815
858.772
854.174
861.364
858.128
871.626
942.548
868.179
869.645
877.009
864.919
886.685
858.205
848.992
848.049
856.416
866.911
873.642
872.49
877.818
868.742
861.975
842.291
846.397
881.084
862.824
860.165
885.076
879.271
870.139
870.959
858.199
892.882
864.847
864.28
864.108
