0.769181
0.91435
0.752953
0.792882
1.01953
0.850867
0.839555
0.828388
0.839753
0.765173
1.10359
0.893873
0.773531
0.793232
0.801137
0.737967
0.801221
0.752264
0.791724
0.850316
0.762627
0.800816
0.784026
0.81204
0.732739
0.731953
0.836168
0.82257
0.843042
0.75876
0.775513
0.735987
0.767053
0.813801
0.79428
0.751943
0.78622
0.829888
0.814422
0.850086
0.748909
0.779569
0.769011
0.782776
0.842907
0.826347
0.770551
0.78549
0.771898
0.76873
0.810103
0.793027
0.780547
0.762759
0.732222
0.824025
0.893113
0.787118
0.834332
0.791536
0.821854
0.882879
0.747504
0.778787
0.758943
0.794209
0.784547
0.879597
0.794086
1.2445
0.776743
0.774262
0.753259
0.779207
0.76659
0.793732
0.889058
0.839375
0.935711
0.821339
0.746948
0.839479
0.778311
0.83459
0.767876
0.789348
0.788259
0.769386
0.805111
0.765483
0.803466
0.754159
0.770246
0.77576
0.784979
1.53311
0.746036
0.755524
0.753708
0.790662
