18.7083
18.046
19.0979
19.0977
18.8257
18.2843
18.4694
19.8475
19.5849
19.028
18.8419
19.0366
19.0407
19.2221
18.6178
18.8738
18.0483
18.6371
19.2241
19.2681
23.7437
18.0042
19.4167
24.264
23.5297
19.9293
18.7056
18.3027
19.9113
23.029
22.3803
17.6851
17.8131
19.1097
19.6209
18.7221
18.934
19.0388
19.1192
20.1748
19.5267
20.5534
19.1861
23.2668
19.8568
18.2695
18.5809
18.5056
18.2922
18.4714
19.2934
23.9854
18.3632
19.1626
18.5302
19.7866
19.0402
18.7525
18.9256
19.1998
19.366
18.2559
19.9145
17.7637
18.0508
18.629
18.6121
19.4886
18.9454
18.3776
18.4403
18.8581
20.4757
20.5715
19.8366
18.8793
18.9765
18.1944
18.6271
19.4528
18.1694
22.2998
19.8489
18.7317
21.649
19.7474
20.9729
20.0343
18.7529
18.2917
18.2456
18.8307
20.8445
18.911
18.4273
19.0903
20.5619
18.8763
21.3331
18.5784
