10.1353
10.144
10.2574
10.7492
10.9089
9.82118
10.1984
10.4421
9.66682
10.2164
9.84411
10.1483
10.0736
10.1553
9.90434
10.3942
11.2588
9.95988
13.6287
10.723
14.9458
12.3968
9.93456
10.3004
10.3789
10.0143
10.2382
10.4561
10.3267
10.9688
10.2419
14.7745
14.7657
9.72847
13.7394
10.351
10.9893
10.3829
10.5782
10.958
9.9723
9.70801
10.3728
10.0014
10.9469
10.2927
10.5494
9.71449
10.3597
10.3963
10.0378
9.81803
10.441
10.1694
10.7081
11.1895
11.1979
10.9456
10.5205
11.0224
9.88114
10.008
10.083
10.3209
10.2223
10.1513
10.5504
10.1517
10.6373
10.4698
10.1276
10.2481
10.0204
10.1021
10.6021
10.1374
10.4145
10.2875
11.2144
10.0938
14.1824
10.6811
14.2724
9.86102
12.2297
12.6908
12.4689
9.83596
14.0338
14.0588
10.306
11.3902
13.0119
11.3773
10.0791
10.7481
10.7115
10.0129
10.7649
10.1894
