3.08053
3.03039
3.18446
3.27999
3.09428
3.05337
3.01811
2.96982
3.01547
3.03736
2.90696
3.01296
3.29869
3.08467
3.25924
2.99843
3.10314
3.28104
2.97256
3.13807
3.39907
3.1667
2.98066
3.32027
2.99635
3.13417
3.28078
2.92975
3.13251
3.13328
3.05465
3.03286
3.24947
3.16529
3.11814
3.02557
3.0966
2.98539
3.04133
3.04275
4.78273
3.15227
3.09379
3.0818
3.15981
3.24201
3.03056
3.10744
4.46515
3.01984
3.10141
4.72619
3.07874
3.09607
4.71493
3.11374
3.06333
3.16967
3.00737
3.16561
3.51011
3.03282
3.15625
2.99277
3.15868
3.20522
3.47346
3.18986
2.98218
3.25938
4.08167
3.02861
3.04347
3.33638
2.99514
2.97127
3.07139
3.38822
3.15982
3.07804
3.12905
3.22164
6.03254
3.33143
4.73512
3.15269
3.12288
3.05906
3.07141
2.9626
3.70943
2.96066
3.05202
3.05531
3.02582
3.19674
3.04852
3.10377
3.38465
3.15705
