35.0742
33.6016
34.3638
35.2866
35.4772
33.8926
34.6613
36.9242
34.9659
35.369
33.9215
36.0736
34.6907
34.5956
34.4637
35.1088
33.9881
33.9603
34.7141
34.9795
37.2515
35.4115
35.1723
34.2301
34.6262
34.7355
34.1083
37.1433
35.941
35.2955
34.5219
33.3891
34.6359
37.43
34.3345
34.5917
34.4545
34.4054
37.2439
36.1867
34.1157
34.216
37.4371
34.6046
33.4048
34.964
33.7041
35.4147
33.4689
35.8496
35.7236
33.8952
34.4617
34.3439
34.3733
33.7126
34.0794
34.8562
35.9181
33.5745
34.1368
34.1489
36.1177
35.6612
34.0514
35.1157
34.0295
34.7742
34.0243
37.6641
36.4267
35.5767
34.0733
34.7917
34.6456
34.3222
34.7559
34.0782
34.9031
34.283
34.4493
35.7668
34.5719
33.3084
34.5299
33.5355
34.815
35.2749
36.6658
34.2091
34.6411
35.0679
34.9467
33.9301
33.6395
38.0134
34.8
34.0011
34.1358
33.7774
220.244
215.819
212.332
211.854
214.185
222.346
215.932
213.477
209.769
214.905
217.213
217.31
217.757
213.315
213.637
209.854
212.867
212.001
209.724
211.352
211.283
214.626
211.701
214.289
211.113
211.938
219.695
212.353
224.484
212.705
220.193
209.693
216.299
215.792
217.68
220.472
216.539
215.958
215.816
217.197
216.328
221.467
215.04
214.809
211.566
212.95
211.78
214.618
219.334
212.276
215.926
214.581
214.59
215.809
216.665
214.555
219.27
215.964
213.676
218.203
210.942
213.283
212.185
215.625
213.929
211.103
211.426
214.511
211.759
210.673
212.369
213.95
217.103
218.41
216.38
211.807
215.91
215.881
217.343
214.19
211.779
220.089
213.09
224.321
213.159
236.918
209.729
224.047
213.339
224.597
226.451
211.979
211.575
221.102
212.28
228.458
214.045
212.904
217.422
215.985
547.814
574.528
551.668
548.479
550.973
546.752
560.878
580.159
561.557
559.752
553.114
553.077
554.23
552.034
553.456
552.962
547.175
553.54
571.376
548.515
553.235
552.708
551.593
553.635
542.389
545.423
542.301
549.078
538.236
540.748
544.114
572.831
553.564
551.488
539.835
547.22
557.604
547.972
554.278
548.368
551.487
551.148
565.007
562.116
546.834
548.105
546.478
546.333
540.618
546.98
543.159
546.578
555.129
546.856
555.317
624.804
624.167
541.28
542.757
581.215
551.983
623.649
593.01
596.74
563.041
640.255
685.699
737.954
596.349
549.717
556.561
741.379
655.586
660.576
720.375
579.678
576.519
577.732
618.439
578.462
686.652
604.597
642.359
573.223
622.791
597.939
914.976
650.16
665.129
660.624
603.55
723.954
569.163
683.335
601.575
583.888
598.699
628.205
593.239
601.569
