5.22917
5.23392
5.03267
5.20478
5.15738
5.09741
5.07774
5.09126
5.15562
5.35435
5.50952
5.37968
5.07954
5.0577
5.15475
9.564
5.49015
5.20982
5.19977
5.23604
5.31604
5.0922
5.4735
7.26836
5.09686
5.03457
5.17375
5.2476
5.10546
8.11891
5.43733
6.15272
7.91508
5.37222
8.16831
4.99547
5.44796
5.10146
5.21063
5.74981
8.116
5.04066
5.07105
5.36111
5.26935
5.08776
5.23877
5.09305
5.16821
5.22651
5.42209
5.44465
5.82336
5.33792
5.04432
5.22517
5.00434
5.20031
5.18138
5.20588
5.13759
5.52688
5.19242
5.26801
5.23009
5.42558
5.13837
5.2214
5.31376
5.17961
5.30112
5.07441
5.12232
5.06141
5.39965
6.51987
5.18764
5.10919
5.13073
5.14793
5.03869
4.95005
5.16283
5.36326
5.076
4.95014
5.05336
5.08295
5.6728
5.43598
5.39464
5.28155
5.0573
4.96104
5.72834
4.99766
5.07339
5.04991
5.19746
5.31952
