18.03
18.5711
19.6907
18.9251
19.3044
18.3712
18.0767
21.3269
20.0038
18.112
18.8986
18.9963
19.9074
18.4282
18.4882
17.7246
22.6609
19.8421
18.5437
18.8039
27.8694
18.1835
18.7562
18.5498
19.4849
17.8841
21.0684
18.4752
18.7899
19.203
18.4588
23.5799
21.5369
18.6556
20.9961
18.1387
18.0257
18.9043
18.7233
17.7929
19.6605
18.6224
19.21
18.4949
18.1963
18.3083
23.8985
19.4465
18.0115
18.4398
18.2119
22.5577
19.3766
19.5869
18.4887
18.824
19.2843
18.854
19.1912
18.37
20.7261
18.4139
19.39
18.2379
17.9046
18.2645
19.5975
18.128
17.7919
23.1032
18.0726
18.1156
19.9288
17.8514
18.7464
19.6568
19.1866
18.6511
19.317
19.4811
24.3167
19.129
19.5243
18.0393
18.3402
20.2187
19.3383
21.7332
19.1874
18.1739
23.0564
20.7208
22.0852
22.3211
18.3141
24.1648
18.4803
23.7723
21.2494
23.9638
