6437.78
6871.82
7232.91
6380.92
6203.25
5713.55
6728.26
5937.03
6277.32
6412.01
5956.75
6306.69
6325.26
6319.35
6329.06
6292.34
6301.24
6245.27
6239.42
6285.18
5210.98
6206.8
6235.48
6334.6
6291.35
5159.21
6270.81
6290.06
7211.14
6591.87
5540.87
7134.1
7199.82
6944.42
9449.07
6511.1
6761.13
6759.38
6893.65
6623.24
6565.62
6860.07
6765.39
6887.16
6686.7
5582.74
7405.78
6354.61
6489.37
6603.18
7033.63
6572.57
5702.58
6521.55
6607.18
6759.62
7955.33
7930.52
6994.77
7258.57
6169.65
5803.59
7027.33
7238.27
7991.44
6411.64
6458.56
6422.56
5859.91
6274.39
6473.8
6340.32
6429.99
6730.48
6873.94
6955.13
7054.06
7059.75
7218.03
7011.62
7393.12
6889.12
6791.12
6288.32
6501.52
5507.27
6708.46
6536.63
6528.49
6568.81
6777.4
6505.35
6383.58
6342.37
5312.63
5544.77
6322.56
6342.84
6382.95
6398.84
