11.2622
9.03097
9.46176
9.22999
9.18611
9.04693
9.81433
9.93101
9.37588
9.4414
9.1266
9.5163
9.99939
9.81004
10.3768
10.0035
9.80361
9.61533
9.27358
9.61292
9.70495
9.55189
9.62366
10.0359
9.76989
9.43182
9.25811
10.4111
9.48593
9.19004
9.80266
9.4571
9.53319
10.0986
9.83405
9.8614
8.98466
9.6171
10.9111
9.68717
8.98308
9.8103
10.1889
9.72273
9.32559
9.68932
9.64367
9.79631
9.12745
9.64995
9.85066
9.73209
9.31722
9.62352
9.87569
9.13129
9.68145
9.33279
9.63237
9.64949
9.40347
9.19317
9.22663
9.71346
9.56059
9.56367
9.24109
9.62397
9.39758
9.41183
10.9376
10.0854
9.14082
9.18566
9.22843
9.48237
9.48199
9.16923
9.41411
9.85648
9.23472
10.4101
9.70395
9.48189
9.4624
9.26272
9.21919
9.33426
10.2003
9.41044
9.41906
9.16234
9.68869
10.2609
9.22993
9.17623
9.22874
9.27787
9.53862
9.28639
