1.48535
1.48741
1.5546
1.56145
1.41707
1.62896
1.78952
1.6637
1.61063
1.46407
1.43648
1.60747
1.41872
1.6206
1.57202
1.58299
1.43016
1.43934
1.35032
1.47748
1.50437
1.39661
1.42147
1.43234
1.41031
1.43875
1.54763
1.55192
1.39714
1.40489
1.4991
1.38081
1.45436
1.38007
1.39398
1.61264
1.52568
1.41546
1.50986
1.44775
1.45915
1.62043
1.86118
1.40148
1.48617
1.67443
1.42221
1.61958
1.61713
1.42403
1.50411
1.4136
1.44348
1.56387
1.70206
1.50921
1.41984
1.46411
1.38209
1.59911
1.49643
1.37259
1.59584
1.51326
1.38573
1.40517
1.46169
1.37276
1.38424
1.39816
1.51438
1.47538
1.40587
1.38816
1.41048
1.43209
1.38864
1.55897
1.32955
1.39482
1.38725
1.35344
1.61868
1.61767
1.45418
1.36116
1.57648
1.39864
1.34566
1.83356
1.44748
1.39326
1.4502
1.41139
1.38671
1.5701
1.39693
1.38288
1.43
1.49888
