9.52527
9.37797
9.49364
8.92912
8.95884
9.26571
9.18305
10.2401
8.91982
9.09439
9.10994
9.14147
8.97296
9.14691
10.4688
13.7014
9.10709
10.5305
9.31649
14.4208
9.26082
10.9634
9.01425
8.98658
10.5435
9.1728
8.71606
8.96423
11.0806
9.13418
9.62611
8.91176
13.3847
9.52998
13.284
14.4308
14.2191
9.32043
8.81231
8.91925
9.07859
11.2255
12.9853
9.48137
11.1681
9.24874
9.22371
8.77557
8.94311
8.84645
9.00199
9.87181
11.1733
8.95775
8.75243
8.91443
8.765
9.65978
8.81566
9.39222
8.68348
9.50965
8.8471
9.37745
8.93765
9.3173
9.118
8.82763
9.49263
9.41797
9.10114
8.99681
8.99281
9.26276
8.75486
9.10954
9.22757
9.00541
9.08807
9.24346
9.69071
9.29434
8.73104
9.69081
8.91011
8.843
8.83008
9.84761
9.29481
9.58501
9.71971
9.294
8.81231
9.10886
8.79603
9.7311
9.80557
8.85782
9.10342
9.79463
