19.0165
19.5451
18.841
22.273
18.9909
18.616
18.1085
18.757
19.0274
18.621
18.6668
18.2455
19.7536
19.2456
18.0663
23.9199
21.8473
20.1071
19.1698
21.4136
18.7242
19.0533
25.5678
20.9894
22.5729
26.1666
24.7227
25.7936
19.4061
21.7684
26.733
19.7568
18.7722
19.5303
20.767
19.6356
19.1236
24.1133
18.7299
21.0889
21.6384
19.006
19.7455
19.5428
18.3316
18.1746
21.305
18.5756
19.7444
18.8504
18.8363
19.0228
20.453
19.4352
19.0311
19.5839
19.7271
19.172
19.351
19.1612
18.9599
19.5429
18.2197
18.4865
17.7445
18.8112
19.5031
18.8785
19.2506
19.9227
19.5361
18.8158
19.1801
19.808
19.2642
19.9769
19.7392
19.2162
23.2665
25.0719
18.6817
22.3214
23.4107
19.1731
25.064
18.231
18.5359
24.6881
19.9143
25.2465
19.3326
19.4579
25.6924
18.29
24.8692
23.0355
22.8587
21.9572
18.9305
18.1038
