34.6495
40.697
41.7083
36.2938
35.6638
34.9235
35.7493
37.2287
34.1521
36.4782
37.6801
37.4009
36.1683
35.9394
35.0499
35.4377
34.8358
36.3509
35.8615
35.0109
34.4627
35.1183
34.078
33.8941
34.3638
36.1994
34.0908
37.547
35.7078
40.3538
37.0441
38.0355
40.2606
40.1788
34.1812
36.2819
39.4126
35.9545
35.8745
34.1114
36.5391
38.5358
45.4007
41.1587
39.826
35.6037
43.0209
42.9332
34.3195
36.5029
35.2658
34.1318
34.6261
36.8923
38.0905
36.2864
37.1547
36.3641
36.9414
87.9815
42.6775
35.9484
38.0678
36.6958
36.9783
36.5179
35.4458
35.2765
35.9727
35.7283
35.123
34.6682
35.6214
36.1704
36.4828
39.4051
35.7983
35.4854
35.0418
39.2266
40.1459
35.9291
35.2142
35.9833
35.5138
36.0864
34.5469
35.7086
36.9601
35.1814
50.4473
36.1897
34.6404
35.6778
35.5875
34.6058
35.5866
35.2906
34.5633
35.5853
