2.75597
1.94784
2.97207
1.96231
1.92157
2.17902
1.96022
2.05372
2.8058
1.95301
2.47732
1.96965
1.94753
2.01578
1.90105
2.2058
2.47173
2.05874
2.78849
2.11567
2.06063
2.00021
2.01014
3.02247
2.41492
2.89597
2.64933
1.98838
2.01174
2.28808
2.03709
2.04317
1.96799
2.20625
2.08175
1.99656
1.94989
2.23668
2.06487
1.92407
2.08597
1.93235
1.89609
2.14895
1.91215
2.20289
1.93433
2.02147
1.94472
1.99633
2.10361
2.17104
2.09811
1.96444
1.97648
1.99154
1.99021
1.96953
2.01898
1.95949
2.00034
1.992
1.90953
1.89436
1.91342
1.92456
1.94242
1.97998
1.94661
2.86436
2.23596
1.93286
2.13985
1.98762
2.00617
2.00764
2.90946
2.05451
2.14287
1.94504
2.05499
2.13896
2.06978
2.05666
1.94526
1.91388
2.88987
2.69755
1.97327
1.9972
1.97998
2.78757
1.97897
3.03803
2.09217
2.90817
2.22796
1.99045
2.02373
2.06181
