38.338
39.1857
40.0421
35.3371
33.8156
34.9198
37.1478
36.4622
36.1399
36.7419
36.077
36.9505
37.2833
35.4361
36.0866
34.6884
35.344
35.358
36.5172
34.9341
35.1521
36.128
36.4512
36.9466
35.6421
35.6625
34.5679
36.5104
39.9759
41.8921
36.6478
41.2023
40.978
40.285
40.2389
35.2882
36.1731
37.5688
37.3359
35.4518
37.2989
42.11
42.0721
42.5379
35.4435
37.2949
48.9306
45.836
36.6445
37.1295
36.981
35.7189
36.1297
37.0486
39.3521
37.9684
36.3264
37.868
37.197
135.956
38.3783
39.4916
42.4565
38.2027
41.1911
36.9578
37.9192
38.3018
35.8749
36.4889
35.1945
37.0708
35.4462
37.713
38.3411
41.8149
37.3289
41.7116
36.6532
38.6556
36.6161
35.419
37.1841
37.1765
36.4011
38.0523
38.5406
35.9191
36.8408
37.029
48.0778
36.0413
37.229
36.111
35.3806
35.2653
35.9345
35.9571
35.015
36.6975
