1.14538
1.12671
1.29439
1.15486
1.20499
1.08027
1.17805
1.4279
1.398
1.10025
1.0861
1.51318
1.09551
1.09403
1.20766
1.15875
1.13191
1.12738
1.11853
1.3023
1.11355
1.24277
1.11375
1.10265
1.23498
1.38953
1.1318
1.13973
1.10924
1.15003
1.09683
1.95321
1.28349
1.18243
1.11658
1.30394
1.09617
1.10629
1.12111
1.13097
1.10746
1.12208
1.11011
1.34924
1.08835
1.15972
1.10159
1.25664
1.12261
1.12039
1.19197
1.11918
1.16867
1.15471
1.1115
1.14323
1.38929
1.13705
1.97666
1.14327
1.10692
1.11766
1.19025
1.11041
1.10978
1.10048
1.09403
1.1489
1.10518
1.18249
1.31683
1.14936
1.13047
1.1264
1.10891
1.12652
1.13072
1.10328
1.13285
1.22132
1.27012
1.32209
1.10514
1.18615
1.11109
1.13408
1.22068
1.12342
1.36193
1.28833
1.19107
1.17111
1.10825
1.31123
1.20742
1.14617
1.21834
1.09747
1.26496
1.11955
3.87772
3.36811
3.70319
3.20895
3.47022
3.83179
3.34163
3.2728
3.87001
3.18998
3.41265
3.33497
3.372
3.31782
4.2847
3.61015
3.3299
3.5763
3.63259
3.37718
3.42391
3.35775
3.41817
3.30266
3.23918
3.3562
3.83317
3.34531
3.33918
3.52343
3.20397
3.21218
4.08304
3.25053
3.90953
3.32273
3.25782
3.26816
3.33891
3.37472
3.2136
3.67159
3.40122
3.74535
3.2903
3.21167
3.39986
3.30491
3.72862
3.70106
3.89543
3.63908
3.27824
3.27787
3.29177
3.39126
3.24549
3.30542
3.27968
3.22779
3.79183
3.47307
3.29615
4.71287
3.60768
3.3038
3.41535
3.90084
3.3227
3.26153
3.29335
3.4441
3.48609
3.41809
3.80986
3.33108
3.28783
3.43376
3.22614
3.33553
3.5011
3.38508
3.23969
3.64477
3.28587
3.6716
3.37954
3.47371
3.82972
3.99226
3.40552
3.4626
3.37426
3.23918
3.31864
3.30819
3.19036
3.74084
3.4407
3.41224
