26.2912
27.8994
27.3108
29.7691
30.264
25.3932
26.3249
26.2257
26.943
25.9759
26.8628
26.6424
27.1376
25.5121
26.5655
33.9775
31.7183
27.7258
26.6705
26.6673
27.5977
33.213
33.2784
27.6615
31.5079
30.9287
33.6003
31.6639
26.2772
30.1883
32.2821
28.4754
28.055
31.0122
25.8633
28.0443
26.8485
30.3204
27.9547
27.137
27.57
27.0947
29.4093
27.0766
28.074
26.1756
27.8859
25.5621
26.4756
25.8841
28.541
26.6113
29.3467
26.4244
26.4282
27.6545
28.1873
26.5508
27.209
26.4258
27.2304
27.0966
26.9493
27.3783
25.843
25.7669
28.3879
28.7326
26.9344
27.0149
28.6976
26.3201
26.9603
27.2414
27.5498
28.4839
26.3818
30.6922
32.0736
33.6339
25.1864
32.7522
26.4045
29.979
31.2072
27.0008
29.4303
32.9388
27.1328
32.8135
27.053
24.7888
32.0754
27.1636
33.9256
28.5761
32.4717
33.4037
27.4489
25.9295
