1.14538
1.12671
1.29439
1.15486
1.20499
1.08027
1.17805
1.4279
1.398
1.10025
1.0861
1.51318
1.09551
1.09403
1.20766
1.15875
1.13191
1.12738
1.11853
1.3023
1.11355
1.24277
1.11375
1.10265
1.23498
1.38953
1.1318
1.13973
1.10924
1.15003
1.09683
1.95321
1.28349
1.18243
1.11658
1.30394
1.09617
1.10629
1.12111
1.13097
1.10746
1.12208
1.11011
1.34924
1.08835
1.15972
1.10159
1.25664
1.12261
1.12039
1.19197
1.11918
1.16867
1.15471
1.1115
1.14323
1.38929
1.13705
1.97666
1.14327
1.10692
1.11766
1.19025
1.11041
1.10978
1.10048
1.09403
1.1489
1.10518
1.18249
1.31683
1.14936
1.13047
1.1264
1.10891
1.12652
1.13072
1.10328
1.13285
1.22132
1.27012
1.32209
1.10514
1.18615
1.11109
1.13408
1.22068
1.12342
1.36193
1.28833
1.19107
1.17111
1.10825
1.31123
1.20742
1.14617
1.21834
1.09747
1.26496
1.11955
3.87772
3.36811
3.70319
3.20895
3.47022
3.83179
3.34163
3.2728
3.87001
3.18998
3.41265
3.33497
3.372
3.31782
4.2847
3.61015
3.3299
3.5763
3.63259
3.37718
3.42391
3.35775
3.41817
3.30266
3.23918
3.3562
3.83317
3.34531
3.33918
3.52343
3.20397
3.21218
4.08304
3.25053
3.90953
3.32273
3.25782
3.26816
3.33891
3.37472
3.2136
3.67159
3.40122
3.74535
3.2903
3.21167
3.39986
3.30491
3.72862
3.70106
3.89543
3.63908
3.27824
3.27787
3.29177
3.39126
3.24549
3.30542
3.27968
3.22779
3.79183
3.47307
3.29615
4.71287
3.60768
3.3038
3.41535
3.90084
3.3227
3.26153
3.29335
3.4441
3.48609
3.41809
3.80986
3.33108
3.28783
3.43376
3.22614
3.33553
3.5011
3.38508
3.23969
3.64477
3.28587
3.6716
3.37954
3.47371
3.82972
3.99226
3.40552
3.4626
3.37426
3.23918
3.31864
3.30819
3.19036
3.74084
3.4407
3.41224
6.72351
5.90079
5.9241
6.0429
5.91698
6.39481
6.41503
5.77952
5.95514
5.92636
6.15035
5.6004
5.746
5.66038
6.17293
5.86712
5.82817
5.83021
6.29502
5.82127
5.94207
5.5281
5.82174
5.94382
6.08127
6.03882
5.68574
5.75849
5.63511
5.66432
6.09178
6.28083
6.26618
5.68209
5.77414
5.70999
6.05926
6.25016
6.06626
5.97316
6.12199
6.33634
6.06211
6.01074
6.03904
5.57262
5.65738
5.53542
5.58294
5.65174
5.68725
5.50741
6.05465
5.74059
5.7929
5.83271
5.58939
5.64079
6.09761
5.81522
5.71936
6.36786
5.95222
7.25776
6.05978
7.58288
7.72923
5.77142
5.69675
5.9863
10.5668
7.43373
7.987
7.20695
6.57256
5.7366
5.87726
5.9437
5.5708
5.67016
6.45753
6.65944
5.67371
6.04515
5.56838
6.68372
6.43775
5.81612
6.03889
5.86824
5.70584
5.74352
5.59196
5.94698
5.68358
5.94063
5.8152
6.02187
5.79103
5.90219
9.61214
8.26942
12.5453
8.65002
8.49192
8.61305
10.7868
9.56397
11.8206
8.65829
8.62645
9.70861
8.83825
10.1301
8.23431
10.0226
8.38164
8.86704
9.25596
8.56724
9.22969
9.45804
8.62674
9.55284
10.0269
8.78735
8.36771
8.3947
9.16464
8.38331
8.59088
9.46715
8.35794
8.65664
9.8147
8.33279
9.48141
8.25533
8.79134
8.25469
8.01428
8.94881
10.2345
8.28084
9.56681
8.58481
8.20222
8.71058
8.90031
9.54125
9.01357
9.51084
10.1567
8.08568
9.13646
9.05827
8.74449
8.19011
8.13637
9.4695
9.00906
10.134
8.59242
8.62462
10.5744
9.19476
9.17399
8.37305
8.79254
9.47566
9.56489
8.25599
7.99165
8.85559
9.09028
8.67022
8.29678
8.65561
9.25911
11.1451
8.3325
8.81867
8.65995
10.0165
9.20211
10.3551
9.59106
8.94269
9.43384
13.2444
8.43017
9.01442
9.45511
10.9604
8.47711
8.41088
9.62357
12.13
9.92812
8.66411
11.3022
11.1766
11.1526
11.4543
18.4301
16.2473
14.283
11.8416
11.2861
12.2282
11.1723
10.663
11.0021
12.9753
13.018
11.016
11.3733
12.3045
11.7202
12.4934
12.7378
11.008
11.7285
12.1782
11.3166
13.4419
12.8171
11.3496
12.0502
10.9598
11.526
11.5047
13.2943
11.0671
10.9509
11.2631
10.9711
11.5931
10.5201
12.2557
11.0889
12.2545
11.6657
14.3615
11.3752
12.3555
10.8025
13.2122
10.5227
11.9274
17.756
13.827
10.9294
10.5805
10.9544
10.5822
10.6314
16.8127
14.7534
13.9826
12.1612
10.7167
13.9652
10.7839
11.3077
10.6355
11.227
10.8974
12.0395
10.87
11.2006
11.9662
11.4049
12.4455
10.6755
11.1452
11.2593
11.2547
10.9104
11.1786
11.1344
10.9163
11.2936
12.8961
10.8568
10.5129
12.007
11.4183
10.9357
14.5938
14.741
11.5841
14.795
10.8381
11.8798
10.4553
10.9561
10.3367
10.6194
10.653
14.0141
19.9722
13.529
14.9788
18.7261
13.5309
16.3718
13.6565
16.52
14.5217
13.5213
21.2925
13.7028
15.1097
17.1907
13.6701
16.0017
14.712
13.9669
14.6644
17.7314
17.3019
15.1942
14.1509
13.4127
13.4333
14.4706
13.8666
13.9619
13.5302
13.6565
14.2014
14.035
13.8904
13.5517
14.2791
13.8629
13.9354
13.6254
13.36
13.7055
13.6273
13.3665
13.7409
13.5566
13.6598
13.893
14.1016
13.9158
13.3475
13.3793
17.3944
17.392
16.9956
16.5486
14.2867
13.0293
13.3191
16.8527
15.8631
14.8751
13.8014
13.8306
13.8888
14.7479
13.2285
14.2245
13.7296
12.9332
13.7461
13.382
13.965
13.7167
14.6585
13.7994
14.2691
13.4397
13.2337
14.093
25.491
14.0035
15.0973
14.13
14.1406
14.5536
12.992
13.5041
13.2436
13.404
14.1245
13.4189
16.5468
13.9852
14.0118
13.2581
15.9063
15.4803
13.0736
14.1307
13.0298
17.3873
21.8035
19.3386
19.7042
19.3256
17.3918
16.0543
18.3958
16.5267
16.1186
15.9995
16.4647
15.9897
16.054
16.6163
16.4389
16.6912
16.3416
15.8339
15.9187
16.2346
16.1807
16.1924
16.7446
19.3812
16.5918
16.7829
22.8013
17.1005
16.2616
16.4191
16.9625
17.9211
16.9077
18.1451
16.363
15.9894
18.359
16.7621
16.1461
17.358
15.9771
16.3805
16.3226
16.0394
17.1257
16.5653
17.5457
15.9688
16.0066
17.6967
16.3015
15.7636
15.7288
17.3521
17.0393
17.164
16.5158
15.8177
17.8434
17.1698
16.297
20.7014
17.0563
15.8731
16.6441
21.6937
15.679
18.0227
17.1168
15.9422
16.4671
18.0479
16.2766
16.0298
16.3039
16.2578
16.4404
16.5873
16.3824
16.9313
15.863
16.9045
16.5719
16.7471
16.168
16.9796
16.5462
16.6682
16.8355
16.5676
22.9287
18.9992
16.6515
15.6377
23.0836
16.8359
17.3993
16.0175
16.3811
