0.00130556
0.00117588
0.00118403
0.00118529
0.00124073
0.00147006
0.00118336
0.00118624
0.00124744
0.00133295
0.00129316
0.00124146
0.0012082
0.00133501
0.00121195
0.00140591
0.00132604
0.00121359
0.00133935
0.00135807
0.00135013
0.00124192
0.00147294
0.00123417
0.00131715
0.00149581
0.00168254
0.0012999
0.00167079
0.00147429
0.00133933
0.00151967
0.0013056
0.00127788
0.00127941
0.00134266
0.00123903
0.00129481
0.00122525
0.00118253
0.001202
0.00128311
0.00153216
0.00117528
0.00127647
0.00123875
0.00124344
0.00133119
0.00139499
0.00124435
0.0013806
0.00138475
0.00121434
0.00135473
0.00125429
0.00116609
0.00134415
0.00129024
0.00141155
0.0012029
0.00131403
0.00116349
0.00132023
0.00124351
0.00118399
0.00119978
0.0012563
0.00125217
0.00138585
0.00114844
0.00135816
0.00128709
0.00114841
0.00115084
0.00142234
0.00137613
0.0013874
0.00120033
0.00118533
0.00123335
0.00135578
0.00130228
0.00138372
0.00126589
0.0013731
0.00135992
0.00125649
0.00170959
0.00133583
0.00126264
0.00123051
0.00147361
0.00177499
0.00145045
0.00123673
0.00172669
0.00143558
0.00149359
0.00128207
0.00127046
0.00137699
0.00128897
0.00128917
0.00150574
0.00124878
0.0013267
0.00127464
0.00169073
0.00124708
0.00119681
0.0014027
0.00148856
0.0013981
0.00121473
0.00117677
0.00139468
0.00137067
0.00122913
0.00132843
0.00140196
0.00119866
0.00122659
0.00134705
0.00122326
0.00140982
0.00124198
0.00129701
0.00141006
0.00134808
0.00121659
0.00118642
0.00118641
0.00134052
0.0013214
0.00138808
0.0012897
0.00161022
0.00117434
0.00117282
0.00119496
0.00122405
0.00158383
0.00129806
0.00116057
0.00120365
0.00133756
0.0011659
0.00125122
0.00128409
0.00127333
0.00124004
0.00124964
0.00132378
0.00157784
0.0013222
0.00119566
0.00128112
0.00129708
0.00156693
0.00126332
0.00138108
0.00143618
0.00122796
0.00118099
0.00127569
0.00144849
0.00119605
0.00131811
0.00167431
0.00122664
0.00126034
0.0013217
0.00129334
0.00131311
0.00130213
0.00125374
0.0011741
0.00121616
0.00142702
0.00127571
0.00125473
0.00129411
0.00125951
0.00121027
0.0013056
0.00126042
0.00130988
0.00112749
0.00122062
0.00118152
0.00117251
0.00130586
0.00121414
0.00118475
0.00120604
0.0012934
0.00115538
0.00118897
0.00126631
0.00128257
0.00131532
0.00119452
0.00151052
0.00126637
0.0013225
0.00117042
0.00119319
0.00121287
0.00120897
0.00129673
0.00123924
0.00124635
0.00132073
0.00147053
0.00123663
0.00121384
0.00135213
0.0013209
0.00119316
0.00120813
0.0012273
0.00120342
0.00117218
0.00128835
0.00121975
0.0012569
0.00122318
0.00139971
0.00120333
0.00126165
0.00121389
0.00120998
0.00119607
0.00135496
0.00164557
0.00124634
0.00119846
0.00132327
0.00121377
0.00119722
0.00126355
0.00117311
0.00114338
0.00119544
0.00132266
0.00138355
0.00119456
0.00128244
0.00127103
0.00126082
0.00131738
0.00127813
0.00121712
0.00115232
0.00120453
0.00117689
0.00124019
0.0012857
0.00116495
0.00117719
0.00116898
0.00114763
0.00119718
0.00120162
0.00127513
0.00129463
0.00131564
0.0012152
0.00123526
0.00137818
0.00123341
0.00120691
0.00123479
0.00116729
0.00119309
0.00116119
0.00137294
0.00127876
0.00123226
0.00149149
0.0016453
0.00126711
0.0013685
0.00118232
0.00128599
0.00127557
0.00127117
0.00119383
0.00124884
0.00139448
0.00135607
0.00117695
0.00119186
0.00128796
0.00122929
0.00123471
0.00121721
0.00136702
0.00142079
0.00124624
0.00120893
0.0012099
0.00125022
0.00128395
0.00120014
0.00122156
0.0012337
0.00129442
0.00118841
0.0014016
0.00120821
0.00123674
0.00127464
0.00123535
0.00118482
0.00132279
0.00125141
0.00137329
0.00133316
0.00120271
0.00131051
0.00140012
0.0012165
0.00119041
0.00130285
0.00121352
0.00134251
0.00141811
0.00116964
0.0013688
0.00122525
0.0012245
0.0012454
0.00143342
0.00121554
0.00121022
0.00135368
0.00124531
0.00126273
0.00117148
0.00128312
0.00125945
0.0011958
0.00116845
0.00132597
0.00115447
0.00118387
0.00118026
0.001179
0.0013475
0.00132323
0.00135944
0.00123709
0.00117058
0.00123974
0.00128066
0.00122868
0.00120488
0.00122341
0.00121194
0.00120984
0.00123827
0.00117329
0.00115582
0.00116734
0.00126965
0.00112969
0.00133479
0.00126515
0.00121463
0.00124636
0.00137323
0.00137941
0.00128546
0.00123524
0.00124366
0.0012615
0.00120045
0.0012629
0.0012623
0.00119156
0.00120631
0.00120741
0.00120567
0.00125772
0.00131273
0.00120843
0.00141301
0.00124047
0.00128461
0.00128321
0.00118102
0.00134417
0.00127158
0.00116506
0.00116887
0.0012086
0.00118657
0.0011907
0.00120135
0.0012208
0.00116897
0.00121145
0.00137721
0.00130963
0.0012361
0.00126373
0.0012493
0.0013288
0.00135577
0.00185999
0.00121049
0.00118379
0.00124131
0.00119417
0.00127892
0.00162995
0.00121488
0.00132536
0.00174685
0.00147115
0.00168313
0.00179276
0.00152306
0.00153931
0.00155288
0.00125281
0.00145779
0.0012532
0.00132529
0.00131717
0.00119551
0.00122364
0.0012508
0.00131124
0.00126245
0.00120769
0.00148801
0.00131232
0.00133465
0.00137451
0.00136058
0.00127309
0.00118967
0.0012312
0.00122611
0.00143616
0.00117259
0.00116894
0.00124696
0.00135448
0.001177
0.0013023
0.00131101
0.00158819
0.00131106
0.00125735
0.00132491
0.00129356
0.00128845
0.0012547
0.00140812
0.00118925
0.00130481
0.00118285
0.0012076
0.00134236
0.0012465
0.00135118
0.001364
0.0014437
0.00163835
0.00129795
0.0012686
0.00117361
0.0014608
0.0013326
0.00118493
0.0012145
0.00121563
0.0011846
0.00124573
0.00138676
0.00140984
0.00125886
0.00132684
0.00146952
0.00127869
0.00132186
0.00119903
0.00125984
0.00135531
0.00128196
0.00122257
0.00131817
0.0011892
0.00125363
0.00126044
0.00188672
0.00125431
0.00118954
0.00128068
0.00138508
0.00164416
0.00138308
0.00118331
0.00147956
0.00125908
0.00142576
0.00132851
0.00135799
0.0013785
0.00122207
0.00121242
0.00126445
0.00161592
0.00122204
0.00129809
0.00126246
0.00137637
0.00148962
0.00128745
0.00126903
0.00136891
0.0012871
0.00121003
0.00118281
0.00114171
0.00123647
0.00134956
0.00140319
0.00119848
0.00123578
0.00123687
0.00148393
0.00147289
0.00150883
0.00179313
0.00134698
0.00122618
0.00144274
0.0012699
0.00125419
0.00125427
0.00146233
0.00120429
0.00122828
0.00134817
0.00120038
0.00126902
0.00132165
0.00142988
0.00125203
0.00132638
0.00149439
0.0013104
0.00124124
0.00137882
0.00127618
0.00129261
0.00116963
0.00118045
0.00118936
0.0013961
0.00144864
0.00129213
0.00130038
0.00124955
0.00137968
0.00159342
0.00132412
0.00123376
0.00138539
0.00120973
0.0013431
0.0014718
0.00135246
0.00117525
0.00128771
0.00128811
0.0014035
0.0012747
0.00158679
0.00157882
0.001619
0.00131738
0.00177506
0.00125162
0.00121938
0.00120367
0.00119349
0.00133783
0.00132742
0.00119904
0.00160649
0.00170392
0.0013881
0.00150135
0.0013106
0.0015371
0.00128165
0.00168115
0.00129199
0.00124688
0.00176395
0.00186463
0.00116358
0.00118348
0.00124977
0.00125496
0.00156866
0.00116957
0.00123038
0.00129078
0.00166228
0.00163287
0.00169557
0.00155801
0.00124781
0.00154008
0.00130378
0.00164252
0.001392
0.00137932
0.00123591
0.00133348
0.00120473
0.00120866
0.00118925
0.00118459
0.00125705
0.00128542
0.00122071
0.00136734
0.00119037
0.0011654
0.00118279
0.00121944
0.0011714
0.00116431
0.00114742
0.00120298
0.00116141
0.00119273
0.00126437
0.00121546
0.00116784
0.00128701
0.0011961
0.00123143
0.00137325
0.00172068
0.00128192
0.00117339
0.00135869
0.00117906
0.00120402
0.00120137
0.0011945
0.00118147
0.00134532
0.00115512
0.00125807
0.00123395
0.00122297
0.00116083
0.00122364
0.00148971
0.00169841
0.00125884
0.00126165
0.00138732
0.00124005
0.00127675
0.00117177
0.00137721
0.00123434
0.0012301
0.00136373
0.00128502
0.00118255
0.00124805
0.00115113
0.00120789
0.00123988
0.00122115
0.00136697
0.00119185
0.00123295
0.00134189
0.0012267
0.00131729
0.00123574
0.00131858
0.00165789
0.00147719
0.00122367
0.00127628
0.00142583
0.00124319
0.00248248
0.00150177
0.0015311
0.00124827
0.00131002
0.00130415
0.00128007
0.00115877
0.00125578
0.00177769
0.00126253
0.00120824
0.00122002
0.0011706
0.00123511
0.00120197
0.00151747
0.00174388
0.00125072
0.00144832
0.00118408
0.00171854
0.00136476
0.00131585
0.00120608
0.00133825
0.00130373
0.00121893
0.00116457
0.00118147
0.00120417
0.00118347
0.00118552
0.00138045
0.00134322
0.0012653
0.00127687
0.00120531
0.0014253
0.00121054
0.00121871
0.00126936
0.00123638
0.00124761
0.00124552
0.00115475
0.0012157
0.00120709
0.00124242
0.00118093
0.00132865
0.00133683
0.00133145
0.0017453
0.00121266
0.00112499
0.00132933
0.00139288
0.00129458
0.0012437
0.00118331
0.00130316
0.00121467
0.00123963
0.00120601
0.00126272
0.00119595
0.00128431
0.00131722
0.00126661
0.00134026
0.00134809
0.00125862
0.00150165
0.00166613
0.00122858
0.00122794
0.00127962
0.00124002
0.00135342
0.00125651
0.00120833
0.00121392
0.00117595
0.00138367
0.00120886
0.00121741
0.00115751
0.00117749
0.00130575
0.00130161
0.00122608
0.00128143
0.00124053
0.00134619
0.00134012
0.00137342
0.00126624
0.00126352
0.00124968
0.00148374
0.0011762
0.00116498
0.0013257
0.00147512
0.00127425
0.00120489
0.00130754
0.00114719
0.00125814
0.00124138
0.00123297
0.00140261
0.00131145
0.00158018
0.00129233
0.00119717
0.00143575
0.00135997
0.00124673
0.00122728
0.00115521
0.00122703
0.00121028
0.0013049
0.00120461
0.00121529
0.00122597
0.00149578
0.00171088
0.00155379
0.00158146
0.00135966
0.00127345
0.0013022
0.00123088
0.0012425
0.00116923
0.00121735
0.00116437
0.00120008
0.00121901
0.00122333
0.00124939
0.00143297
0.00135287
0.00123635
0.00137889
0.00163206
0.00150702
0.00147919
0.00150527
0.00128428
0.00134495
0.0012087
0.0012493
0.00119092
0.00122785
0.00126273
0.00144121
0.00130435
0.00126076
0.00124578
0.00139131
0.00163249
0.0012597
0.00121482
0.00136999
0.00123376
0.00128895
0.00115969
0.00114693
0.00116677
0.00117496
0.00125243
0.00121833
0.0012702
0.00116991
0.0011868
0.00121841
0.00151517
0.00230366
0.00166665
0.00133463
0.00144029
0.00126621
0.00115479
0.00118174
0.00120109
0.00115473
0.00124165
0.00134622
0.00130188
0.00120078
0.00123389
0.00123495
0.00148801
0.00151163
0.00198572
0.00141857
0.00143396
0.00127919
0.00129885
0.00120702
0.00123364
0.00117413
0.00130971
0.00131003
0.00121878
0.00134069
0.00131422
0.00130236
0.00134508
0.00142422
0.0017131
0.00118137
0.00126463
0.00123869
0.00122578
0.00133445
0.00118833
0.00117751
0.00121503
0.00126651
0.00120286
0.00128982
0.00121372
0.0013285
0.00136882
0.00126562
0.00126231
0.00122898
0.00132215
0.00132512
0.00138251
0.00121894
0.00118023
0.0011915
0.00121145
0.0011633
0.00122538
0.00122559
0.00137301
0.00115071
0.0013798
0.00123452
0.00127194
0.00128974
0.0013309
0.00121221
0.00133013
0.00122338
0.00121342
0.00120435
0.00126135
0.00120415
0.00122454
0.00119239
0.00116864
0.00129245
0.00130472
0.00130381
0.00129175
0.00130872
0.00132357
0.00125261
0.0012454
0.00133065
0.00130981
0.00122781
0.00118627
0.00118748
0.00118672
0.00113902
0.00115427
0.00124271
0.00135255
0.00149634
0.00131462
0.00115796
0.00123766
0.00121248
0.00136924
0.00120797
0.00125112
0.00129844
0.00119982
0.00121817
0.0012426
0.0012409
0.00120881
0.00121437
0.00117376
0.00130992
0.00124639
0.00115887
0.00125174
0.00116783
0.00125274
0.00168405
0.0015091
0.00130849
0.00120797
0.00122715
0.00138784
0.00125251
0.00129294
0.00124015
0.00129956
0.00120639
0.00137371
0.00122124
0.00135619
0.0011941
0.00116728
0.00131629
0.00122812
0.00123903
0.00144521
0.00116579
0.00120122
0.00135578
0.00120454
0.00124369
0.00126191
0.00123413
0.00116107
0.00118963
0.00144099
0.00120866
0.00123865
0.00130662
0.00126683
0.00129665
0.00123634
0.00127968
0.00149425
0.00114508
0.00132432
0.00120508
0.00118697
0.00118705
0.00125997
0.00125727
0.00116098
0.00126008
0.00122676
0.00132383
0.00120489
0.00119241
0.00118575
0.00134853
0.00144975
0.00141749
0.0012051
0.00138265
0.00126651
0.00118722
0.00117082
0.00117918
0.00129297
0.00121644
0.00132597
0.00121586
0.00128048
0.00119081
0.00118277
0.00121195
0.00120288
0.00125406
0.00146008
0.00122635
0.00118852
0.00116301
0.00127582
0.00120369
0.00122057
0.00125908
0.00127802
0.00119731
0.00125822
0.00121565
0.00121149
0.0013203
0.0011937
0.00120152
0.00127086
0.00144235
0.00128598
0.00120581
0.00118677
0.00122479
0.00120451
0.00119544
0.00120353
0.00117534
0.00120829
0.00130233
0.00118229
0.00139386
0.0011784
0.0013284
0.00120007
0.00115909
0.00122919
0.0012684
0.00116281
0.00164562
0.00113147
0.00126615
0.00114942
0.00121127
0.00117075
0.00115627
0.00120074
0.00119766
0.00118501
0.00120066
0.00111139
0.00127931
0.0011419
0.00114677
0.00128497
0.00132515
0.00115947
0.00133804
0.00119349
0.00114998
0.0012271
0.00117873
0.00125895
0.00139851
0.0011657
0.00126868
0.00121939
0.00117754
0.00115846
0.00119388
0.00112375
0.00111292
0.00125085
0.00121062
0.00131917
0.00154991
0.00113002
0.00118655
0.0013158
0.0013114
0.00119953
0.00123883
0.00125046
0.00116786
0.00112653
0.00116932
0.00126506
0.00126304
0.00114136
0.00122445
0.00145377
0.00135857
0.00135368
0.00146101
0.00116443
0.00124184
0.00130205
0.00148607
0.00114148
0.00122853
0.00131327
0.00118609
0.00117265
0.00119531
0.0011567
0.00113006
0.00129197
0.00122426
0.00158323
0.00141909
0.00141104
0.00121659
0.00114802
0.00139662
0.00134014
0.00148875
0.00140278
0.00140344
0.00130208
0.00124308
0.00124036
0.00111851
0.00114038
0.00123792
0.00122127
0.00145659
0.00117239
0.00136234
0.00121309
0.00121982
0.0011574
0.0011779
0.00116258
0.00126347
0.00117262
0.00115177
0.00119751
0.00118238
0.00117089
0.00119391
0.00114096
0.00117242
0.00119288
0.00146311
0.00122119
0.00127601
0.00113514
0.00116638
0.00123383
0.00128932
0.00115724
0.0012264
0.00132213
0.00117618
0.00114559
0.00114249
0.001179
0.00113778
0.00111349
0.00113972
0.00120337
0.00133163
0.00122599
0.00141077
0.00121295
0.00116741
0.00128688
0.00136813
0.0011679
0.00124396
0.00111254
0.00112038
0.00117674
0.00110765
0.00113658
0.0011527
0.00112722
0.00110569
0.00112111
0.00136338
0.00129809
0.00121768
0.00126662
0.00120099
0.00117435
0.00126361
0.00133852
0.0012728
0.00115238
0.00114645
0.00122097
0.00124219
0.00113058
0.00114133
0.00114016
0.00119613
0.00122339
0.00125227
0.00179045
0.00115884
0.00115715
0.00118623
0.00115134
0.00129442
0.00143568
0.00128029
0.00135905
0.00126111
0.00122795
0.00115493
0.0012052
0.00138671
0.00111965
0.00115362
0.00127918
0.00139876
0.00121021
0.00118266
0.00121764
0.00134059
0.00121322
0.00124913
0.00119619
0.00132204
0.00118508
0.00126627
0.00115295
0.00121683
0.00129256
0.0012334
0.00121104
0.00116472
0.00118472
0.00119257
0.00116846
0.00113985
0.00120355
0.00115646
0.00118802
0.00127441
0.00124519
0.00120887
0.00117271
0.00152293
0.00115563
0.00115998
0.00141657
0.00135107
0.00115272
0.00122261
0.00124794
0.0013074
0.00111135
0.00113267
0.00123887
0.00114468
0.00119526
0.00130097
0.00118802
0.00120029
0.00130713
0.00119017
0.00120213
0.00138674
0.00124241
0.00118551
0.00113957
0.00116637
0.00117579
0.00123128
0.00121934
0.00111671
0.00120184
0.00123439
0.00154479
0.00122852
0.00151817
0.00119825
0.00121727
0.00116233
0.00114164
0.00127438
0.00121762
0.00133607
0.00115631
0.00113749
0.0011743
0.0015035
0.00126401
0.00113531
0.00119843
0.00118639
0.00131116
0.00113304
0.00115484
0.00125738
0.00137318
0.0011475
0.00111019
0.00147418
0.00117197
0.00116384
0.0011849
0.00135082
0.00116064
0.00134413
0.0012094
0.00127971
0.00115419
0.00113987
0.00136083
0.0011774
0.00118391
0.00134097
0.00119927
0.00117551
0.00115091
0.00120187
0.00114785
0.00117616
0.00126349
0.00118111
0.00125429
0.00137925
0.00117192
0.00119303
0.00120895
0.0012895
0.00123377
0.00111352
0.00120017
0.00154121
0.00116309
0.00124276
0.00123409
0.00126303
0.0011365
0.00119075
0.00113107
0.00114702
0.00121995
0.00171214
0.00122401
0.00122824
0.00121769
0.00139879
0.00113554
0.00121978
0.00124987
0.00140985
0.00111569
0.00145918
0.00146257
0.0011821
0.00122754
0.00131425
0.00111515
0.00113463
0.00136458
0.00116906
0.00114119
0.00113349
0.00150784
0.00114865
0.0011936
0.00130575
0.00156456
0.00117376
0.00128088
0.00131222
0.00115843
0.00116507
0.00126982
0.00112844
0.0011072
0.00123778
0.00131799
0.00136681
0.00120072
0.00124323
0.00113444
0.00118917
0.00157291
0.00133895
0.00113629
0.00114003
0.00118365
0.00119737
0.00135
0.00148028
0.00115138
0.00111708
0.00118801
0.00120685
0.00118251
0.00122793
0.00124297
0.0011222
0.00138186
0.00129031
0.00155699
0.00114851
0.0013906
0.00138558
0.0011474
0.00115469
0.00118773
0.00113937
0.00116325
0.00118619
0.00155917
0.00119743
0.00119164
0.00130187
0.00116144
0.00116365
0.00190221
0.00128653
0.00119352
0.00128306
0.00126395
0.00120293
0.00137057
0.00112192
0.0011486
0.00120115
0.0012365
0.0012079
0.00114566
0.00136395
0.00139163
0.00145023
0.00145072
0.00118328
0.00116731
0.00122784
0.00152078
0.00125243
0.00117242
0.00113415
0.00114832
0.00116017
0.00115283
0.00123228
0.0012423
0.00115068
0.00112852
0.0011634
0.00123767
0.00117742
0.00138386
0.00119781
0.00114869
0.00127974
0.00119642
0.00115222
0.00118052
0.00120217
0.00111395
0.00112731
0.00115958
0.00118029
0.00126969
0.00120236
0.00133271
0.00115042
0.00140708
0.00113033
0.00126271
0.00113807
0.00116123
0.00121295
0.0012978
0.00116522
0.00116535
0.00114681
0.00120324
0.00115581
0.00115581
0.00118541
0.00129485
0.00131305
0.00120375
0.00115065
0.00137205
0.0012776
0.00135009
0.00116009
0.00141567
0.00235617
0.00118699
0.00121882
0.00140175
0.00122506
0.00122702
0.0013798
0.00139239
0.00151047
0.00147902
0.00118771
0.00124999
0.00168673
0.00165267
0.00191168
0.00167764
0.00161681
0.00188542
0.00137851
0.00118679
0.00179276
0.00118182
0.00137498
0.00140127
0.00133129
0.00114311
0.00119023
0.00157839
0.00120532
0.00122816
0.00113387
0.00124234
0.00116129
0.00114826
0.00115686
0.001168
0.00128866
0.00114898
0.00117453
0.00121077
0.00118437
0.00121844
0.00131574
0.00114297
0.00125145
0.00131645
0.00115064
0.00131089
0.0012154
0.0013051
0.00113073
0.00117107
0.00111812
0.00117332
0.00118177
0.00120513
0.00113739
0.00127734
0.00126142
0.00142445
0.00120509
0.0012693
0.00127483
0.00119007
0.00111697
0.00117907
0.00126415
0.00113819
0.00116658
0.00113172
0.00114828
0.00124354
0.00121833
0.00117187
0.00126656
0.00125472
0.00125245
0.0012897
0.00124238
0.001395
0.00136772
0.00113552
0.00122691
0.00122184
0.00131189
0.00122448
0.00116091
0.00119697
0.00109769
0.0013169
0.0012027
0.00122755
0.00115162
0.00131125
0.0014016
0.00151243
0.00136176
0.00196852
0.00121565
0.00114525
0.00153641
0.00131222
0.00140825
0.00115775
0.0011645
0.00122243
0.00117628
0.00131719
0.00119017
0.00118233
0.00147473
0.00128809
0.00150425
0.00123117
0.00139349
0.00117511
0.00128666
0.00151374
0.00116654
0.00120982
0.00123072
0.00115128
0.00122748
0.0012127
0.00115382
0.00114153
0.00115506
0.00116833
0.0015845
0.0011963
0.00123642
0.0012741
0.00134496
0.00118394
0.00114798
0.00118874
0.0011729
0.00118165
0.00114266
0.00121885
0.0011962
0.00115
0.00112611
0.00115236
0.00116729
0.00117287
0.00139861
0.00124506
0.0013572
0.00117764
0.00156328
0.00118144
0.00118789
0.0012952
0.00112697
0.00111839
0.00125656
0.00129277
0.00112818
0.00114219
0.00119176
0.00119644
0.00115973
0.00120698
0.00129695
0.0012083
0.00118444
0.00128222
0.00126488
0.00113619
0.00112717
0.00118369
0.00116983
0.00134567
0.00125816
0.00115558
0.00119143
0.00112284
0.00118701
0.00125585
0.00121535
0.00120959
0.00118405
0.00114355
0.00151526
0.00123733
0.00129396
0.00116383
0.00114203
0.00140376
0.00115767
0.00127258
0.00114633
0.00113441
0.00128903
0.00119164
0.00121235
0.00114962
0.0011943
0.00123141
0.00120612
0.00141532
0.00141285
0.00124206
0.00126143
0.00116779
0.00116733
0.00163767
0.00117006
0.00128974
0.00114237
0.00114889
0.00113532
0.00116091
0.00112264
0.00117032
0.00121215
0.00122497
0.00128671
0.00124096
0.00127076
0.00129278
0.00124357
0.00113439
0.00115367
0.00131508
0.00123618
0.0011129
0.00117779
0.00114175
0.00118478
0.0011348
0.00118111
0.00116
0.00120937
0.00124257
0.00118769
0.00155829
0.00134727
0.0014781
0.00174497
0.00125714
0.00123777
0.00118949
0.00126523
0.00112564
0.00122031
0.00121237
0.00121769
0.00119512
0.00126167
0.00151341
0.00115849
0.00122276
0.00130981
0.00128839
0.0013681
0.00123311
0.00117253
0.00121679
0.00114563
0.00128516
0.00124081
0.00122935
0.00126148
0.0011434
0.00108511
0.00109635
0.00116192
0.00132465
0.00114796
0.00123157
0.00141985
0.00120347
0.00136616
0.00114003
0.00111008
0.00116395
0.0011677
0.00110265
0.00116389
0.001093
0.00111442
0.0011811
0.00111429
0.00108031
0.00130652
0.00125972
0.00113562
0.00109771
0.00116045
0.00144618
0.00123032
0.00121591
0.001116
0.001179
0.00126235
0.00133764
0.00115021
0.00112292
0.001167
0.00108691
0.00113074
0.00122944
0.0011787
0.00121199
0.00110842
0.00124342
0.00142316
0.00136533
0.00111187
0.00129796
0.00112002
0.00113764
0.00113836
0.00129435
0.00108698
0.00112129
0.00111344
0.00115872
0.0012204
0.00115985
0.00114683
0.00111784
0.00116735
0.00124434
0.0011384
0.0012031
0.00116936
0.00142562
0.001346
0.0014438
0.00130866
0.00112575
0.0011035
0.00111983
0.00116986
0.00126035
0.00110774
0.00112936
0.00111613
0.00129222
0.00114515
0.0013519
0.00112987
0.00123849
0.00113048
0.00138484
0.00122121
0.00124425
0.00123083
0.00111959
0.00110493
0.00111887
0.0011888
0.00110739
0.00115285
0.00114593
0.00112789
0.00113701
0.00117534
0.00116367
0.00112165
0.00112002
0.00130985
0.00108964
0.0012557
0.0012566
0.00115707
0.00117058
0.0011888
0.00111342
0.00110792
0.00109441
0.00112587
0.00109152
0.00116089
0.00115923
0.00137561
0.00165415
0.00122023
0.0013116
0.00134284
0.00146526
0.00173921
0.00117683
0.0012806
0.00125303
0.00125714
0.00147642
0.00111352
0.00113558
0.00120658
0.00147812
0.00124719
0.00122487
0.0012084
0.00124702
0.00150625
0.00152822
0.00144512
0.00107746
0.00114251
0.00146586
0.00123933
0.00113781
0.00114509
0.00112158
0.00128889
0.00152588
0.00136146
0.00122948
0.00111259
0.00121031
0.00110308
0.00124061
0.00116696
0.00124072
0.00175881
0.00113011
0.00136273
0.00124438
0.00109777
0.00109225
0.00109358
0.00108255
0.00114506
0.00117977
0.00133076
0.00111081
0.00114933
0.00112216
0.00122108
0.00115179
0.0012147
0.00124599
0.001227
0.00110647
0.00116726
0.00127388
0.00133417
0.00109614
0.00109609
0.00109791
0.00117656
0.00119751
0.00123175
0.0011412
0.00110147
0.00114174
0.00111108
0.00124601
0.00152374
0.00136835
0.0012238
0.00112881
0.00117816
0.00138024
0.00123408
0.00113627
0.00109717
0.00113832
0.00114328
0.00111038
0.00122903
0.00118117
0.00113858
0.00119364
0.00118082
0.00114544
0.0011051
0.00139498
0.00119666
0.0011152
0.00124725
0.00117728
0.00129386
0.00109516
0.00182422
0.00148094
0.00123231
0.00123825
0.00110977
0.0011666
0.00110032
0.00114194
0.00110467
0.00125065
0.00122663
0.00183967
0.00113428
0.00109097
0.00121866
0.00116628
0.00112979
0.00124511
0.00116172
0.00118451
0.00120933
0.0011787
0.00123695
0.00132747
0.00121909
0.00121334
0.00124677
0.00121455
0.00143363
0.00116958
0.00117273
0.00119629
0.00147974
0.00107244
0.00123692
0.00115424
0.00121138
0.00108911
0.00110424
0.0012232
0.00136452
0.00123828
0.00110923
0.00127507
0.00125882
0.00129327
0.00172506
0.00116194
0.00115479
0.00118086
0.00115847
0.00126291
0.00139276
0.00122415
0.00114121
0.00139314
0.00114842
0.00111111
0.00141312
0.00118816
0.00115567
0.00130245
0.00121941
0.00145612
0.00131476
0.00116452
0.00121541
0.00116162
0.00110394
0.00132687
0.00116385
0.00123891
0.00136051
0.00112995
0.00132767
0.00137769
0.00113105
0.00111988
0.00122039
0.00119458
0.00133642
0.00150968
0.00111554
0.00122174
0.00117602
0.00111896
0.00119208
0.00149364
0.00117715
0.00122573
0.00122021
0.00108697
0.00115871
0.00162109
0.00112601
0.00111535
0.00124892
0.00118966
0.00133665
0.00133661
0.00115586
0.00122351
0.00122958
0.00115617
0.00110783
0.00137857
0.00118257
0.00124585
0.00116667
0.00110532
0.00121716
0.00163226
0.00111918
0.00115476
0.00139984
0.00116698
0.00127562
0.00116562
0.00114915
0.00118668
0.00119412
0.00113265
0.00115513
0.00113291
0.00144071
0.00142726
0.00112332
0.00116937
0.001181
0.00120902
0.00109876
0.00114917
0.00118924
0.00112946
0.00132429
0.00116082
0.00109535
0.00120965
0.00121428
0.00113821
0.00111693
0.00125562
0.00115659
0.00128425
0.00106623
0.00115298
0.00117145
0.00130625
0.0010982
0.0011658
0.00119621
0.00154358
0.0012485
0.00115952
0.00110435
0.00112691
0.00132417
0.00128213
0.00116457
0.00110106
0.00116755
0.00113358
0.00119289
0.00115296
0.00111886
0.00115269
0.0011179
0.00112808
0.00122786
0.00128918
0.00116417
0.00118786
0.00127578
0.00114804
0.00109899
0.00123544
0.00118013
0.0011062
0.00125187
0.00113055
0.00142627
0.00114915
0.00111984
0.0011058
0.00129167
0.00112712
0.00110407
0.00124983
0.00117074
0.00116126
0.00140935
0.0011236
0.00109072
0.00119081
0.00117204
0.00110502
0.0011372
0.00119402
0.00124166
0.00113253
0.00117223
0.00116178
0.00122817
0.00109189
0.00110639
0.00116152
0.00138489
0.00118803
0.00117568
0.00121456
0.00108933
0.00113979
0.00130765
0.0012713
0.00116447
0.0013517
0.00128054
0.00123494
0.00125103
0.00113043
0.00126549
0.00148028
0.00141731
0.0014107
0.00149376
0.0015164
0.00167698
0.00116258
0.00122339
0.00118878
0.0010551
0.00142937
0.00129492
0.00121461
0.0011921
0.00135183
0.0012554
0.001208
0.00107692
0.00133182
0.00125654
0.00141881
0.00138267
0.00112429
0.00134019
0.00111297
0.00124043
0.00118544
0.0012453
0.00142459
0.00110975
0.00111701
0.00132771
0.00116956
0.00140791
0.00126833
0.00129074
0.00136929
0.00123157
0.00131589
0.0013998
0.00124881
0.00118417
0.00112533
0.00159148
0.0011034
0.00165908
0.0013687
0.00111769
0.00129066
0.00122108
0.00158234
0.00144578
0.00127359
0.00113598
0.00136197
0.0016253
0.00109778
0.00145436
0.00153969
0.00122032
0.00130829
0.00146705
0.00112309
0.00125034
0.00113642
0.00110556
0.00126675
0.00159949
0.00145256
0.00130609
0.00130892
0.00166703
0.00112826
0.00136149
0.00132394
0.00111951
0.00123554
0.00170674
0.0012822
0.00117793
0.0012316
0.00110804
0.00167051
0.00117209
0.00121089
0.00119411
0.00115384
0.00149971
0.00115395
0.00118629
0.00140375
0.00131598
0.00119903
0.00114745
0.00116614
0.00135114
0.00111319
0.00133603
0.00123908
0.00127216
0.00118498
0.00129903
0.00123154
0.00124732
0.00144527
0.00133108
0.00130948
0.00112512
0.00116311
0.0012895
0.00157786
0.00136332
0.00117644
0.00110035
0.00115601
0.00115471
0.00110985
0.00116209
0.00121739
0.00134527
0.00128927
0.00169143
0.00129226
0.00112881
0.00111716
0.00129643
0.0012478
0.00121651
0.00132748
0.0013274
0.00119762
0.00121103
0.00121107
0.00119818
0.00109764
0.00110587
0.00136208
0.00135398
0.00114156
0.00140724
0.00122088
0.001116
0.0011397
0.00121268
0.00141733
0.00132118
0.00108912
0.00125135
0.00108375
0.00116479
0.00123817
0.00108984
0.00115238
0.00127368
0.00127344
0.00200638
0.00144454
0.00111188
0.00111763
0.00122883
0.0011849
0.00133083
0.00135048
0.00128218
0.00124598
0.00148567
0.00170542
0.00115888
0.00142893
0.00114196
0.00135622
0.00125038
0.00124066
0.00109436
0.00114602
0.00113041
0.00120392
0.00112363
0.00111819
0.00118548
0.00121106
0.0012231
0.0014577
0.00133857
0.00128775
0.0013302
0.00124174
0.00139287
0.00114092
0.00121399
0.00111567
0.00128302
0.0010766
0.00157502
0.00110114
0.00118149
0.00110754
0.00130287
0.00141977
0.00149842
0.00131787
0.00108602
0.00111429
0.00133896
0.00141076
0.00118483
0.00117434
0.00111284
0.00109551
0.00140295
0.00119091
0.00108909
0.00120066
0.00128331
0.00128761
0.0017592
0.00138401
0.00117447
0.00115494
0.0013104
0.00142356
0.00141404
0.00129388
0.00124884
0.00115747
0.00108113
0.00111908
0.00111053
0.00116102
0.00122192
0.00116133
0.00112089
0.00126759
0.00120715
0.00125454
0.00114844
0.00112567
0.00117453
0.00140446
0.00115293
0.00116653
0.00120728
0.00126475
0.00110383
0.00139862
0.00113548
0.00112456
0.00113737
0.00115456
0.00111128
0.00120899
0.00121935
0.00129365
0.00111706
0.00117203
0.00123004
0.0012134
0.00130457
0.00107488
0.00110438
0.00119326
0.00110331
0.00110263
0.0010785
0.00108766
0.00116694
0.00130453
0.00122455
0.00110769
0.00123823
0.0011523
0.00118182
0.00112633
0.00117203
0.00120458
0.00143706
0.00118085
0.00128981
0.00127102
0.00111268
0.00111557
0.00116823
0.00114474
0.00112344
0.00113913
0.00119918
0.00110511
0.00116865
0.00134617
0.00111175
0.0010977
0.00114835
0.00118818
0.00108493
0.00111816
0.00107116
0.00115772
0.00119726
0.00113544
0.00115776
0.00130929
0.00114911
0.00109146
0.0012206
0.00115387
0.00121578
0.00117589
0.00115886
0.00110168
0.00110607
0.00112004
0.00115976
0.00121586
0.00108848
0.00113005
0.00123279
0.00109895
0.00110287
0.00113603
0.00107059
0.00126638
0.0012239
0.00126268
0.00110787
0.00134099
0.00158498
0.0012045
0.00115986
0.0013748
0.00119665
0.00117627
0.0010979
0.00116901
0.00126264
0.00119733
0.00120476
0.00113223
0.0010701
0.00112939
0.00112393
0.00128616
0.00114583
0.00109445
0.00139452
0.00116796
0.00126384
0.00141757
0.00161695
0.00122759
0.00108903
0.00111407
0.00120354
0.00120941
0.00113475
0.00112839
0.00114167
0.00113449
0.00135807
0.00200335
0.00112832
0.00113417
0.00124974
0.00115545
0.00113872
0.00151408
0.00116423
0.0012036
0.00112441
0.00116175
0.00114399
0.00120723
0.00110055
0.0012267
0.0011445
0.00114559
0.00130482
0.00125296
0.00115218
0.00120726
0.00126251
0.00118913
0.00110723
0.0012452
0.00121974
0.00110121
0.00107661
0.00111119
0.00126798
0.00120239
0.00121814
0.00109237
0.00110042
0.00112714
0.00124277
0.00124098
0.00105626
0.00126721
0.00135449
0.00121688
0.00111834
0.00114862
0.00135146
0.00112721
0.00113598
0.00112013
0.00120564
0.0011415
0.00119851
0.00124686
0.00124083
0.001127
0.00114869
0.00125584
0.00126624
0.00115204
0.00117598
0.00121124
0.00127367
0.00114673
0.00109424
0.0011666
0.00111771
0.0011336
0.00118875
0.0011397
0.00112066
0.00121184
0.00110735
0.00120358
0.00123289
0.00112138
0.00110208
0.00112088
0.00117828
0.00152112
0.0011066
0.00112582
0.00115806
0.00130207
0.00113172
0.00113824
0.00118798
0.00111572
0.00107393
0.00120362
0.00110929
0.00125382
0.00119094
0.00110099
0.00125181
0.00117842
0.00137986
0.0012926
0.00110677
0.00115516
0.00115158
0.00130197
0.00109273
0.00110677
0.00111333
0.0011404
0.00110742
0.00132125
0.00122532
0.00111593
0.00119362
0.00110383
0.00142122
0.00107481
0.00125378
0.00128832
0.00127688
0.00114344
0.00129454
0.00112149
0.0012439
0.00115094
0.00114406
0.00112986
0.00128419
0.00111627
0.00130488
0.00112394
0.00113001
0.00112182
0.00123713
0.00125336
0.00111788
0.00122717
0.00117734
0.00107233
0.00111961
0.00114193
0.00120042
0.00107981
0.00107448
0.00105726
0.00106146
0.00108578
0.00142349
0.00146334
0.00112051
0.00111007
0.0011609
0.00131632
0.00122528
0.00119722
0.00132113
0.00120446
0.00107908
0.00125231
0.00114499
0.00108551
0.00105985
0.0010937
0.00107887
0.0011354
0.00108635
0.001095
0.00118472
0.00103848
0.00126431
0.00109529
0.0011355
0.00121819
0.00130886
0.00123475
0.00106512
0.00120673
0.00123677
0.00127519
0.00110235
0.0013057
0.00110041
0.00111238
0.00112647
0.00106812
0.00129637
0.00110877
0.0010773
0.00114771
0.00115235
0.00107203
0.00109866
0.00133914
0.00111856
0.00123052
0.00119369
0.00140726
0.00121454
0.00116959
0.00105223
0.00110127
0.00125082
0.00120337
0.0015279
0.00149779
0.00163924
0.0013972
0.00117393
0.00150742
0.00119718
0.00105788
0.00115322
0.00113182
0.00128017
0.00106022
0.00121181
0.00107397
0.00107767
0.00107146
0.00122538
0.0011058
0.0011463
0.00112633
0.00112999
0.00111265
0.00112041
0.00116444
0.00153329
0.00114478
0.00117837
0.00132367
0.00121012
0.00123698
0.00112665
0.00118583
0.00111798
0.00106435
0.00111456
0.00112186
0.00127874
0.00122368
0.00109791
0.00105615
0.0010439
0.00126228
0.00137885
0.00107615
0.00107168
0.00122446
0.00116749
0.00124352
0.00111967
0.00107329
0.00115253
0.00116918
0.00110662
0.00113792
0.00121601
0.00131144
0.00150786
0.00146677
0.00121711
0.00139377
0.00126286
0.00102159
0.00109128
0.00120374
0.00127585
0.00114809
0.00107956
0.00107796
0.00109939
0.0010826
0.0010527
0.00132611
0.00115467
0.00116672
0.00110283
0.00119101
0.00130423
0.00124431
0.0012665
0.00141609
0.00120179
0.00134876
0.00130889
0.00111865
0.00108561
0.00123195
0.00108726
0.00118221
0.00110893
0.00111151
0.00111335
0.00123534
0.0012394
0.00120565
0.00121012
0.00129503
0.00124616
0.00114244
0.00111733
0.00160152
0.00115004
0.00103793
0.00106968
0.00116299
0.00110505
0.00105716
0.00112389
0.00106319
0.0011241
0.00116537
0.00122423
0.00129236
0.0015171
0.00126011
0.00137312
0.0011524
0.00108716
0.00122716
0.00119462
0.0012528
0.00111559
0.00107285
0.0011054
0.00104813
0.00115101
0.00117407
0.00108385
0.00105848
0.00121791
0.00161021
0.00136562
0.00111118
0.00126872
0.00177299
0.00119888
0.00132367
0.00156939
0.00136793
0.00163169
0.00154586
0.00178008
0.00142436
0.00144409
0.00158637
0.00126392
0.00129612
0.00111323
0.00171328
0.00118447
0.00104335
0.00123451
0.00123702
0.00133357
0.0011382
0.00120397
0.00150933
0.00106976
0.00122299
0.00119519
0.00148068
0.00116734
0.00118931
0.00122066
0.00116602
0.00125428
0.0011838
0.00105512
0.00120349
0.00140781
0.00123379
0.00110804
0.00116252
0.00111529
0.00115972
0.00118823
0.0011283
0.00111159
0.00118769
0.00127393
0.00113915
0.00113188
0.00121381
0.00146389
0.00115813
0.00109521
0.00140707
0.00139374
0.00135882
0.00123998
0.00117752
0.00113446
0.0011356
0.00109735
0.00106838
0.00110752
0.00169658
0.00131622
0.00143143
0.00115207
0.00173087
0.00119067
0.00124257
0.00135097
0.00129368
0.0011722
0.0012247
0.00110944
0.00112652
0.00114208
0.00111957
0.00108263
0.00117893
0.00117648
0.00148862
0.00160888
0.00217952
0.00151885
0.00139044
0.00105788
0.00118735
0.0012467
0.0011607
0.00119059
0.00115011
0.00123717
0.00159375
0.00109792
0.00112324
0.00137877
0.00107598
0.0012675
0.00116422
0.00116657
0.00144761
0.0010736
0.00118202
0.00146892
0.00120053
0.00112334
0.00113844
0.00107596
0.00126242
0.00105466
0.00105919
0.00112933
0.00123314
0.00118828
0.00124489
0.00114766
0.00109069
0.00126073
0.00122315
0.00142563
0.00111754
0.00109756
0.00152159
0.00121704
0.00129271
0.00109303
0.00112902
0.00113171
0.00106585
0.00127932
0.00107971
0.00106424
0.0011844
0.00118565
0.00114191
0.00168866
0.0010989
0.00145744
0.00105089
0.00113238
0.00146571
0.00120137
0.00112932
0.00109563
0.00109014
0.00117251
0.00113595
0.00106975
0.00106311
0.00138154
0.00114468
0.00122309
0.00107399
0.00120293
0.00110284
0.00111807
0.001189
0.00124721
0.0011839
0.00121218
0.00117808
0.00130439
0.00112929
0.00108996
0.00109634
0.0010691
0.00110545
0.00106903
0.00109031
0.00121065
0.00118844
0.00108544
0.00125328
0.00124255
0.0013732
0.00110965
0.00106479
0.00115978
0.00111446
0.00116544
0.00115381
0.00110193
0.00108603
0.00114038
0.00105171
0.00110493
0.00111787
0.00120168
0.00114477
0.00107788
0.00111051
0.0016883
0.00117651
0.00148499
0.00106698
0.00127587
0.00164456
0.00138694
0.00106808
0.00108211
0.00109617
0.00122928
0.00111692
0.00105758
0.00120058
0.00109807
0.00150316
0.0012482
0.00111785
0.00164673
0.00117254
0.0011375
0.00112166
0.00107097
0.00119659
0.00115474
0.00106741
0.00104254
0.0011229
0.00121876
0.00109049
0.00106873
0.00106017
0.00114319
0.00113222
0.0012961
0.00110872
0.00108041
0.00115782
0.00116053
0.00126033
0.00111095
0.0011352
0.00120165
0.00116227
0.00109963
0.00109395
0.00109904
0.00113191
0.00107297
0.00112218
0.00103728
0.00124916
0.00110258
0.00126915
0.00109599
0.00121862
0.00114631
0.00113292
0.00136515
0.00110939
0.00104716
0.00108705
0.00113078
0.00118747
0.00111603
0.00107002
0.00109226
0.00118017
0.00118357
0.00103099
0.00113953
0.00108654
0.00116579
0.00110801
0.00105328
0.00108842
0.00114671
0.00144347
0.0015358
0.00140379
0.00126495
0.0012883
0.00113967
0.00111627
0.00107042
0.00109198
0.00109426
0.00110827
0.00142227
0.00124017
0.0010777
0.00110839
0.00109759
0.00113091
0.0012585
0.00116101
0.00127868
0.00112081
0.00109872
0.00133171
0.00143801
0.00104111
0.00129577
0.00112753
0.001252
0.00109311
0.0012013
0.00130065
0.00128886
0.00110239
0.00148565
0.00113151
0.00160901
0.00120722
0.00158791
0.0010861
0.00111536
0.00122897
0.00119361
0.00128323
0.00117608
0.0010895
0.00121339
0.00108263
0.00119115
0.0014061
0.0011963
0.00115255
0.00114916
0.00130104
0.00126908
0.00123033
0.00141355
0.00110363
0.00113065
0.00116638
0.00108045
0.00108459
0.00110356
0.00108362
0.00102655
0.00105977
0.00119891
0.00114622
0.00115631
0.00109682
0.00113329
0.00113339
0.00108825
0.00117339
0.00112848
0.00123781
0.0011528
0.00113744
0.00115501
0.00111724
0.00106351
0.00110562
0.00113045
0.00110144
0.00106097
0.0011612
0.00107022
0.00113469
0.00115365
0.00119778
0.00109523
0.00112237
0.00118046
0.00113589
0.00124388
0.00128286
0.00111706
0.00103674
0.00118538
0.00116736
0.00110897
0.00109558
0.00112077
0.00107442
0.00108199
0.00121623
0.00125485
0.00116012
0.00106154
0.00110024
0.00111428
0.00112373
0.00111865
0.00132387
0.00117
0.00115932
0.00107645
0.00111131
0.0011912
0.00105818
0.00107198
0.00108968
0.00110498
0.00114165
0.00109874
0.0011556
0.00107337
0.0010583
0.00110941
0.0011007
0.00123728
0.00115815
0.00121021
0.00116994
0.00117731
0.00108692
0.00109933
0.00125422
0.00111456
0.00111666
0.00109771
0.00114287
0.0010673
0.00125248
0.0010803
0.00117856
0.00105193
0.00109089
0.0010472
0.00115638
0.00127679
0.00124443
0.00129323
0.00115671
0.00122413
0.00139251
0.00149061
0.00112205
0.00108097
0.00107294
0.0012578
0.00136418
0.00106959
0.00106787
0.00109892
0.00107977
0.00111824
0.00131978
0.00114087
0.00115607
0.00120008
0.00108464
0.00116658
0.00127222
0.00112846
0.00107849
0.00106561
0.00108407
0.00139116
0.00117069
0.00129694
0.00120659
0.00114015
0.00109242
0.00119607
0.00116141
0.00120236
0.00128424
0.00119166
0.00173678
0.00117499
0.00108638
0.0011622
0.00137629
0.00111462
0.00118457
0.00115529
0.00114825
0.00115612
0.00124729
0.00120667
0.00116313
0.00110153
0.0011308
0.00139283
0.00127066
0.00125138
0.00108618
0.00106423
0.0012549
0.00131837
0.00119309
0.00113967
0.00121499
0.00110685
0.00147644
0.00106394
0.00116406
0.00119287
0.00105561
0.00112677
0.00110072
0.00127659
0.00121606
0.00123783
0.00116468
0.00120392
0.00111772
0.00108628
0.00106341
0.00109866
0.00116173
0.00108589
0.00115249
0.00108745
0.00124824
0.00105795
0.00108962
0.00119365
0.00111265
0.00107391
0.00132084
0.00112807
0.00124953
0.00119713
0.00107925
0.00112164
0.00120403
0.0012172
0.00108288
0.00104359
0.00110365
0.00120109
0.00114499
0.00114752
0.00108407
0.00104332
0.00107015
0.00113571
0.00108923
0.00130579
0.00119009
0.00111181
0.00133178
0.00107304
0.00107923
0.00131096
0.00115511
0.00116186
0.00106801
0.00109895
0.00121505
0.00117307
0.00103633
0.00109249
0.00103603
0.00106556
0.00104922
0.0010777
0.00107921
0.00106952
0.00125584
0.00113107
0.00118313
0.00114251
0.0011146
0.00111991
0.00110881
0.00103464
0.00109754
0.00119783
0.00134092
0.00106154
0.00106291
0.00108163
0.00118926
0.00105944
0.00116405
0.00111951
0.00110418
0.00118247
0.00129063
0.00120724
0.00115757
0.00109527
0.00122122
0.00127162
0.00109817
0.0010841
0.00122501
0.00127533
0.00114496
0.00112444
0.00113569
0.00110219
0.00112609
0.00116663
0.00107428
0.00120046
0.00130934
0.00111602
0.00147624
0.00110068
0.00111188
0.00131007
0.00111384
0.00107062
0.0011219
0.00115497
0.00108439
0.00105836
0.00107686
0.00106694
0.00113517
0.00106196
0.00110869
0.00111067
0.00127488
0.0011492
0.00115173
0.00134119
0.00117322
0.00111587
0.00109289
0.0010946
0.00136089
0.00113032
0.00106186
0.00125484
0.00107916
0.00107285
0.00110057
0.00117495
0.00111538
0.00121927
0.00115185
0.00122697
0.00189888
0.00125667
0.00130097
0.00143507
0.0011645
0.00115381
0.00110043
0.0013677
0.00119443
0.00109823
0.00140508
0.00108201
0.00108466
0.00106315
0.00108887
0.00112522
0.00111919
0.001208
0.0014857
0.0011503
0.00128913
0.00107303
0.00115482
0.00116986
0.0010874
0.0012046
0.00109172
0.00114949
0.00107727
0.00125816
0.0012012
0.00104897
0.00107755
0.00124933
0.00131405
0.00139001
0.00112379
0.00115735
0.00107011
0.00106841
0.00108472
0.00105256
0.00111416
0.00107193
0.00114497
0.0010748
0.00110516
0.00112577
0.0012003
0.00112233
0.00114899
0.00106374
0.00110896
0.001104
0.00108758
0.00112902
0.00137422
0.00120938
0.0011175
0.00106062
0.00107514
0.00106822
0.0010476
0.00118149
0.00113223
0.00114522
0.00110606
0.00173432
0.00112767
0.00105863
0.00110003
0.00118111
0.00108465
0.00112144
0.00108759
0.00127117
0.00114547
0.00110268
0.00114257
0.00106656
0.00115682
0.00110543
0.00108262
0.00145581
0.00117718
0.00109425
0.00122001
0.00109883
0.00108985
0.00154764
0.00115747
0.00109275
0.00105574
0.00119044
0.00119822
0.00123682
0.00107022
0.00120153
0.00111044
0.001063
0.00112091
0.00123963
0.00126559
0.00111661
0.00131121
0.00110965
0.00111094
0.00113379
0.00112831
0.00116894
0.00116899
0.00106211
0.0011476
0.00113023
0.00112779
0.00106543
0.0011133
0.00112251
0.00104647
0.00110492
0.00114023
0.00118437
0.00118012
0.00115943
0.00120615
0.0010907
0.00106742
0.00119538
0.00113768
0.00117543
0.00104258
0.00109638
0.00113465
0.00115308
0.00107434
0.00131285
0.00110633
0.00107486
0.00115298
0.0011625
0.00117625
0.00106777
0.00134976
0.00131633
0.00113225
0.00113214
0.00111153
0.00110035
0.0011423
0.00108777
0.00111369
0.00108217
0.00129018
0.00104878
0.00103845
0.00119013
0.00118724
0.00114619
0.00106146
0.00119239
0.00108893
0.00125886
0.00117072
0.0011451
0.00109848
0.00113506
0.00114079
0.00112333
0.00110831
0.00122082
0.00110469
0.00117067
0.00106889
0.00105742
0.00111364
0.00108811
0.0011797
0.00109585
0.00127544
0.00110313
0.00135167
0.00121416
0.00106663
0.00107763
0.00124665
0.00125064
0.00126638
0.00110647
0.00107654
0.0011
0.00121517
0.00114528
0.00118412
0.00110306
0.00108099
0.00118478
0.00113819
0.00129992
0.00112534
0.00119536
0.00124298
0.00108404
0.00106873
0.00112834
0.00129699
0.00115345
0.00109344
0.00107794
0.00111508
0.00109256
0.00167169
0.00124807
0.00110272
0.0011786
0.00141299
0.00170299
0.00114081
0.00126913
0.00113608
0.00108924
0.00119115
0.00109228
0.0011267
0.00113649
0.00124714
0.00113835
0.00105226
0.00123853
0.00122998
0.00108097
0.00105381
0.00113174
0.00111489
0.00123914
0.00110571
0.00126073
0.00142886
0.00108804
0.00112902
0.00113427
0.00114538
0.00118532
0.00104871
0.00113027
0.00117919
0.00106948
0.00111432
0.00114624
0.00108233
0.00125724
0.00125663
0.00115071
0.00117974
0.00107196
0.00114574
0.0012142
0.00127875
0.00117632
0.0011445
0.00128879
0.00110384
0.00108163
0.00119404
0.00106213
0.00108394
0.00110688
0.00113703
0.00107895
0.00113682
0.00110961
0.00115078
0.00126838
0.0011343
0.00121422
0.00122654
0.00112734
0.0011297
0.00108335
0.00111482
0.0011402
0.00108123
0.00107011
0.00121758
0.00108543
0.00106268
0.00113908
0.0011607
0.00112658
0.00108788
0.00110669
0.00114336
0.00107635
0.00136148
0.00123957
0.00106305
0.0011715
0.00116107
0.00129638
0.00125743
0.00118712
0.00114258
0.00106123
0.0010771
0.00106674
0.00129013
0.00121236
0.00113559
0.00119053
0.00119041
0.00118449
0.00102519
0.00161385
0.00127451
0.00114266
0.00126314
0.00108524
0.0012733
0.0012357
0.00115195
0.00118228
0.00136034
0.00118519
0.00126882
0.00122007
0.00128317
0.00127007
0.00105245
0.00112419
0.0012808
0.00129753
0.00124047
0.00109483
0.00139496
0.00110688
0.00134853
0.00110587
0.0012145
0.00112688
0.00109541
0.00113679
0.00116076
0.00128655
0.00110473
0.00136779
0.00115761
0.00123263
0.00123252
0.00133611
0.00112424
0.00107496
0.00116626
0.00117038
0.00109822
0.00109677
0.00118766
0.00107578
0.00106063
0.00114236
0.00112546
0.00124988
0.00108145
0.00114586
0.00107723
0.00124746
0.00115113
0.00127757
0.00112983
0.00103736
0.00112373
0.00134977
0.00111458
0.00110654
0.00108517
0.00104398
0.00122083
0.00112816
0.00106627
0.00105469
0.00121528
0.00115917
0.00140569
0.00135709
0.00112357
0.00115584
0.0012467
0.00109845
0.00106497
0.00117194
0.00118806
0.00112287
0.00109208
0.00126341
0.00123598
0.00112858
0.00122616
0.00113101
0.00186437
0.00160605
0.00112086
0.00133711
0.00116776
0.00136268
0.00105615
0.0011602
0.00125622
0.00141737
0.00115715
0.0011633
0.00113969
0.00133121
0.00113228
0.00114255
0.00129955
0.00128659
0.00127338
0.00129521
0.00107098
0.00121942
0.00111535
0.00139
0.00120002
0.00124641
0.00130326
0.00139228
0.00122557
0.00143907
0.00112977
0.00105383
0.00110381
0.00113489
0.00106507
0.00132179
0.00136935
0.00108724
0.00124937
0.00106103
0.001291
0.0012629
0.00107061
0.00109327
0.00115201
0.00150874
0.00143397
0.00105607
0.00105995
0.00111725
0.00108205
0.00115261
0.00124934
0.00114417
0.00135043
0.00132313
0.00125177
0.00128772
0.00131939
0.001115
0.00109059
0.00113117
0.00116077
0.00118696
0.00118507
0.00120941
0.0010907
0.00106831
0.00107159
0.00117343
0.00104101
0.00108499
0.00110236
0.00124801
0.00128713
0.00111509
0.00119563
0.00146362
0.00109508
0.00108477
0.00124687
0.00105842
0.00122142
0.00114816
0.00106785
0.00110576
0.00113959
0.00109239
0.0011089
0.00106673
0.00106681
0.00114042
0.00129315
0.0013597
0.00108538
0.0011776
0.00132776
0.00108887
0.00105245
0.00105932
0.00117903
0.00106628
0.0010824
0.00107961
0.00118518
0.0010653
0.00113677
0.00111012
0.0010493
0.0011827
0.00106213
0.00113353
0.00160311
0.00124061
0.00125588
0.00115009
0.00106865
0.00107806
0.00112583
0.00118108
0.00108785
0.00104761
0.00108146
0.00106509
0.00117465
0.00107412
0.00107882
0.00111351
0.00107703
0.00116786
0.00121765
0.00130332
0.00108
0.00110664
0.00122922
0.00107406
0.00110362
0.00125383
0.00116575
0.00104518
0.00108806
0.00111343
0.00122297
0.00106023
0.00106534
0.00108292
0.00111373
0.00116288
0.00109293
0.00145572
0.00115608
0.00145949
0.00123382
0.00120858
0.00106117
0.00108394
0.00116958
0.00120192
0.00116972
0.0010338
0.00115961
0.00109084
0.00110038
0.0011517
0.00103684
0.00105454
0.00114815
0.00108099
0.00127358
0.00119921
0.00122167
0.00110822
0.00123107
0.00150187
0.00107252
0.00110076
0.00116994
0.00116049
0.00117242
0.00110064
0.00107609
0.00116639
0.00106395
0.0011033
0.00113594
0.00117598
0.00119167
0.00109748
0.00114529
0.00131291
0.00107263
0.00121797
0.00123012
0.00106973
0.00110785
0.00117413
0.00126838
0.00125615
0.00107275
0.00110282
0.00107088
0.00104546
0.00111738
0.00105361
0.00107212
0.00108322
0.00111716
0.00119276
0.00125735
0.0013219
0.00162843
0.00111199
0.00110123
0.00103392
0.00107303
0.00112667
0.00112981
0.00112196
0.00103594
0.00107667
0.00109402
0.00109801
0.00109908
0.00110886
0.00109958
0.00112618
0.00129695
0.00125087
0.00123836
0.00119596
0.00116133
0.00108466
0.00106381
0.00136023
0.00119621
0.00109887
0.00110699
0.00107184
0.00112106
0.0012361
0.00120869
0.00104588
0.00108459
0.00105707
0.00119157
0.00119848
0.00122289
0.00107774
0.00123045
0.00117665
0.00106544
0.00116855
0.00106542
0.00118285
0.00106487
0.00106731
0.00108974
0.00107504
0.00106604
0.00110208
0.00107695
0.00104772
0.00116277
0.0011074
0.00143392
0.00121517
0.00123638
0.00115087
0.00122758
0.0011561
0.00117687
0.00117268
0.0011222
0.00107361
0.00109415
0.00109769
0.00110001
0.00107333
0.00106557
0.00105759
0.00109097
0.0010953
0.00114959
0.00122322
0.00121175
0.00142588
0.00111891
0.00130316
0.0011341
0.00109389
0.00113377
0.00108509
0.00111758
0.00107856
0.00137678
0.00114559
0.00106401
0.00109647
0.00108879
0.00111217
0.00130653
0.00106104
0.00124539
0.00107581
0.00154465
0.00129785
0.00143082
0.00114486
0.0011048
0.00116812
0.00114417
0.00108702
0.00117431
0.00105059
0.00106597
0.00108389
0.00116649
0.00106928
0.0010991
0.00126953
0.00108782
0.00130176
0.00115918
0.00122636
0.00127138
0.00117212
0.00113073
0.00107185
0.00123816
0.00108853
0.00117705
0.00108777
0.00108561
0.00106387
0.00104712
0.001073
0.00104458
0.0010568
0.00109312
0.00106956
0.00110113
0.00120562
0.0011683
0.0011174
0.00115886
0.00121213
0.00106123
0.00129881
0.00113835
0.00112352
0.00111136
0.00106216
0.00103975
0.00123886
0.00113706
0.00109602
0.00107567
0.00109972
0.00121261
0.00106171
0.00109327
0.0011243
0.0012187
0.00114328
0.00117073
0.0011148
0.0010819
0.00146777
0.00134792
0.00112453
0.00114059
0.00107837
0.00104301
0.00106247
0.00116381
0.00107813
0.00112168
0.00117883
0.00110198
0.00121741
0.00111813
0.00119227
0.00121795
0.00112333
0.00106938
0.00116847
0.00109625
0.00136323
0.00111511
0.00112585
0.00105886
0.00111794
0.00106839
0.00106095
0.00106908
0.00108109
0.00123254
0.00110121
0.00118508
0.00118658
0.0010783
0.00117031
0.00116944
0.0011983
0.00109622
0.00113683
0.00103394
0.00109919
0.00109327
0.00109273
0.00110014
0.00118166
0.00109809
0.00109253
0.00112624
0.00118279
0.00105531
0.00112731
0.00105813
0.00109809
0.00110936
0.001228
0.00108878
0.00107607
0.0011846
0.00115116
0.00118962
0.00111114
0.00106168
0.00106864
0.00109501
0.00104827
0.00113069
0.00114226
0.00109199
0.00126279
0.00112447
0.00129061
0.00117739
0.00122847
0.00113024
0.0012337
0.00113651
0.00109195
0.00106847
0.00110058
0.00110535
0.00110178
0.00109242
0.00114583
0.00106021
0.00111242
0.00127929
0.00117504
0.00128133
0.0011378
0.00109095
0.00105079
0.00114532
0.00115494
0.001212
0.00113552
0.00114867
0.00105439
0.0012895
0.001077
0.00107699
0.00109227
0.00106738
0.00106582
0.00108077
0.0011544
0.0012007
0.00135957
0.00111126
0.00103915
0.0011328
0.00137233
0.00107635
0.00118567
0.0011273
0.00113847
0.00113317
0.00115694
0.00110726
0.00109481
0.00108049
0.00107302
0.00105736
0.00110859
0.00110032
0.00109046
0.0012844
0.00109209
0.00113578
0.0010698
0.00111231
0.00107215
0.00113831
0.00117699
0.00113324
0.00112366
0.00115465
0.00109987
0.00117333
0.00107978
0.00108327
0.00106708
0.00107041
0.00106571
0.00102135
0.00112926
0.0011016
0.00124183
0.00128099
0.00106114
0.00104995
0.00119516
0.00116914
0.00128548
0.00114025
0.00110397
0.00107921
0.00110978
0.00110591
0.00107237
0.00111968
0.00114343
0.00106689
0.00114567
0.00116036
0.00121548
0.00114118
0.00111994
0.00108324
0.00120595
0.00132883
0.00111842
0.00146402
0.00119607
0.00108313
0.00107221
0.00114921
0.00107943
0.00109094
0.00115235
0.00115586
0.00106251
0.0012396
0.0012295
0.00117238
0.00119906
0.00112568
0.00175443
0.0017612
0.00179622
0.00209563
0.00107631
0.00107503
0.00121332
0.00123406
0.0010658
0.00107393
0.00107635
0.00116999
0.00111258
0.00110447
0.00107289
0.00103716
0.00111107
0.0010561
0.00115912
0.00127577
0.00112905
0.001301
0.00112834
0.00113607
0.00114654
0.0011445
0.00128649
0.00111404
0.00110497
0.00105993
0.00108662
0.00138304
0.00112167
0.0011107
0.00116478
0.00114825
0.00104918
0.00181703
0.00112719
0.00112418
0.00134445
0.00108347
0.00111224
0.00115251
0.00108805
0.00109291
0.00103743
0.00109764
0.00111419
0.00117249
0.00127136
0.00108003
0.00106569
0.00109289
0.00121514
0.00104678
0.00110363
0.00112829
0.00119833
0.00123074
0.00123893
0.00106029
0.00105382
0.00114204
0.00116801
0.00109682
0.00106471
0.00117618
0.00114492
0.00122455
0.00106351
0.00118095
0.00104841
0.00119047
0.00106691
0.00108884
0.00117134
0.00140199
0.00107475
0.00141992
0.00118939
0.0011052
0.00102818
0.00108941
0.0011014
0.00114842
0.00109303
0.00107736
0.0012775
0.00107546
0.00126389
0.00115538
0.00113923
0.00111355
0.00113374
0.00110537
0.00123644
0.00121499
0.00121315
0.00116563
0.001057
0.00111452
0.00112826
0.00143405
0.00107945
0.00113533
0.0010983
0.00120493
0.00108274
0.0012081
0.00110003
0.0011014
0.00107163
0.00106527
0.00109267
0.00131674
0.00113679
0.00131544
0.0011762
0.00109281
0.00119812
0.00107944
0.00109809
0.00111361
0.00117226
0.00107354
0.00129484
0.00111234
0.00117174
0.00110694
0.00105231
0.00107205
0.00109516
0.00121768
0.00141104
0.00112678
0.00116451
0.00117057
0.00108657
0.00122517
0.00118888
0.00110337
0.00108337
0.00112207
0.00119191
0.00120846
0.00110383
0.00110525
0.0010635
0.0010677
0.00114202
0.00111639
0.00123041
0.00124864
0.00108922
0.00130517
0.00115903
0.0011034
0.00109193
0.0011342
0.00108274
0.00120483
0.0012761
0.00117665
0.001163
0.00109548
0.00107492
0.00108518
0.00117423
0.00107753
0.00111523
0.00122472
0.00111959
0.00141622
0.00123889
0.00142424
0.00107603
0.00105617
0.0011581
0.0011231
0.00106834
0.00109559
0.00122996
0.00137623
0.00109016
0.00107681
0.00120058
0.00111354
0.00122138
0.00106944
0.00111819
0.00110501
0.00108185
0.00133467
0.00120802
0.00114531
0.00122645
0.00115559
0.0011335
0.00119815
0.0013707
0.00140243
0.00107384
0.00110417
0.00111572
0.00114855
0.00115199
0.00106338
0.00104822
0.00118561
0.00129654
0.00120389
0.00139982
0.00113684
0.0011376
0.00132097
0.00107281
0.00110177
0.00113033
0.00114442
0.00106759
0.00112443
0.00108102
0.00117638
0.0010944
0.00109695
0.00109402
0.00102985
0.00119793
0.0015723
0.00119292
0.00123457
0.00108435
0.00108003
0.00143687
0.00127673
0.00109491
0.00108385
0.00122315
0.00106487
0.00120302
0.00117835
0.00108725
0.00108279
0.00116377
0.00127389
0.00121116
0.00125858
0.00115289
0.00104724
0.00112632
0.0013044
0.00113757
0.00105416
0.00107406
0.00110432
0.00108198
0.00129512
0.00108186
0.00148026
0.00112243
0.00105513
0.00119526
0.00117509
0.00107955
0.00117117
0.00125024
0.00118848
0.00109813
0.00110239
0.00107091
0.00112136
0.00114634
0.00110312
0.0011847
0.00108851
0.00112229
0.00105491
0.00113686
0.00109444
0.00123665
0.00116605
0.00110549
0.00116792
0.00121723
0.00131732
0.00119101
0.00109889
0.00107915
0.00113034
0.00115213
0.00112422
0.00105147
0.00131442
0.00111895
0.00140959
0.00124273
0.00130604
0.001121
0.0010923
0.00115442
0.00111597
0.00108487
0.00121258
0.00121781
0.00123975
0.0010587
0.0010849
0.00110463
0.0010657
0.00111751
0.00112064
0.00121959
0.00120024
0.00110179
0.00113077
0.00142252
0.00112215
0.00115898
0.00151428
0.00114354
0.00107191
0.00114268
0.00115372
0.00115473
0.00110767
0.00105255
0.00104254
0.00106366
0.00111258
0.00125819
0.00168259
0.00119744
0.001207
0.00119632
0.00117043
0.00108898
0.00108969
0.0011163
0.00115255
0.00108036
0.00122843
0.00133014
0.00150009
0.00107556
0.00109562
0.00118687
0.00109349
0.00116969
0.001235
0.00151626
0.00116408
0.00138381
0.00114103
0.00111309
0.00122207
0.00124804
0.00104235
0.00104831
0.00109607
0.00109903
0.00115347
0.00112327
0.00109726
0.00110164
0.001046
0.00108883
0.00105747
0.00108493
0.00118977
0.00122549
0.00114082
0.00107758
0.00116626
0.0013004
0.00118339
0.0011533
0.00117744
0.00112734
0.00112049
0.00128198
0.00107875
0.00109734
0.00104512
0.00107704
0.00130819
0.0011262
0.00120057
0.00112791
0.00115018
0.00210192
0.00107471
0.00106203
0.0011938
0.00110176
0.00123516
0.00108026
0.00117602
0.00117446
0.00114442
0.00106924
0.00109966
0.00109619
0.00116033
0.00115561
0.00114489
0.00117702
0.00115309
0.00122706
0.00122895
0.00124932
0.00104903
0.00117623
0.00114841
0.00131262
0.00116471
0.00107975
0.00118152
0.00114793
0.00107044
0.00111142
0.0010819
0.0012092
0.00121932
0.00110689
0.00114171
0.00115324
0.00133829
0.00117905
0.00107832
0.00111402
0.00115755
0.00107587
0.00122122
0.00108461
0.00106981
0.00108006
0.00105384
0.00121464
0.00108513
0.00107418
0.00110051
0.00115919
0.00108948
0.00125853
0.00108238
0.00115196
0.00123754
0.00107712
0.00109327
0.00116823
0.00119004
0.00116643
0.00113366
0.00108917
0.00111619
0.00110282
0.001192
0.00110325
0.0011317
0.00101026
0.00119454
0.00121295
0.0011915
0.00111134
0.00114127
0.00126149
0.00107125
0.00110691
0.00115485
0.00117581
0.00107893
0.00110839
0.00106841
0.00116482
0.00109391
0.00125875
0.0010377
0.00106763
0.00107253
0.00104306
0.00111175
0.00111354
