31.76
29.2209
29.6589
29.5922
28.5248
28.6709
30.577
29.947
29.8918
28.6942
28.2219
28.9754
30.1963
29.4257
29.6636
28.6218
30.4087
29.5973
30.9887
28.9065
29.8502
33.0613
30.0899
34.5059
31.2749
27.8371
29.321
30.183
33.9995
34.6184
32.4925
28.6797
29.3267
27.7583
30.7965
29.8519
28.9389
29.1787
31.9639
34.8831
32.4433
27.6919
31.0715
35.2984
35.2969
35.198
32.4839
32.8263
29.7846
32.9026
29.191
34.207
30.3618
30.2638
31.4244
46.9148
31.9771
29.5729
29.878
29.2827
29.4862
30.4779
30.5996
29.3194
30.0386
28.946
31.2757
28.9134
29.3819
29.6182
29.2218
30.4866
30.1344
29.255
30.6643
29.8482
28.9272
29.9017
29.3593
29.3345
28.8039
35.2284
30.1987
29.9735
30.3673
29.2768
31.0825
34.6952
30.3003
29.5173
31.3473
32.3274
31.214
34.284
29.9431
29.0134
35.6308
32.2831
33.7373
30.8617
