16.874
16.2708
15.8115
15.729
15.6036
15.8195
15.0313
15.6357
15.239
15.3117
16.0845
15.408
16.796
16.457
15.2828
16.6829
15.778
15.9651
15.3898
15.5556
15.3818
15.902
15.3659
16.0285
15.4698
15.3869
15.4109
15.1596
17.5357
21.7379
21.6154
15.5945
15.318
15.7362
17.4789
15.2742
21.3816
16.8579
17.2872
15.5982
15.5546
18.1841
22.0868
16.317
16.2069
18.5806
22.4016
22.499
16.1237
17.6918
16.217
15.682
15.8236
17.4624
16.052
16.9519
15.6526
16.8806
17.0498
25.6283
16.3339
17.9709
23.8823
17.6142
16.0087
15.3753
16.2929
16.2547
15.9975
16.2995
19.8352
15.793
16.124
15.6766
15.5767
15.8784
15.7679
18.2244
15.9199
21.7504
15.683
15.3817
15.298
15.5402
16.3161
15.1404
17.7284
15.7374
15.3994
17.2091
28.8664
15.7701
16.5113
15.8601
15.74
15.6659
16.6933
15.8479
16.264
16.0513
