15.0954
9.76673
9.84004
10.07
9.94276
9.85692
9.60039
9.40859
9.57
11.0481
10.1926
9.91691
9.85204
11.0166
10.2605
11.0092
10.2781
9.47533
10.2108
10.6756
9.8223
10.1058
10.1128
10.0442
9.88963
9.51263
10.4308
10.7779
10.3169
10.2779
10.1657
10.0717
11.0435
10.3429
10.2983
9.72662
10.4357
10.1031
10.5882
9.71026
9.99227
9.59354
9.7744
10.1852
10.493
9.67138
9.84576
9.78405
10.1335
9.79331
9.76031
10.7691
9.86321
9.8285
10.1943
10.207
16.2382
16.4645
17.0733
16.2492
10.5877
10.3057
10.7167
10.1241
9.92248
10.1542
9.74639
10.2329
10.1524
10.9169
10.791
10.1342
9.83954
10.329
10.2106
9.63943
9.81372
10.1977
9.63176
9.59128
9.8576
9.64845
10.1083
10.1037
10.258
10.6641
9.77105
9.59986
10.0543
10.3361
10.4838
11.1894
10.3219
10.2605
10.0102
9.66401
10.0132
10.3197
10.1997
10.4404
