7.76485
8.24995
8.09945
8.65767
10.9194
8.43354
7.85889
7.99579
7.95407
7.8894
8.50347
8.51362
8.46211
8.12136
7.86866
7.79155
8.42472
8.58351
7.86804
8.32742
8.19357
9.28306
9.29526
8.65703
8.25875
8.1881
8.5664
8.62558
7.94657
8.05955
7.81002
8.35931
8.29425
7.85485
7.80772
10.8427
8.50494
12.0831
7.77221
12.5483
12.0086
12.6087
7.8033
8.17864
7.87535
12.3463
7.74185
7.87286
8.4132
7.8949
7.79049
7.95502
8.11724
7.8837
7.87082
7.86685
8.49174
8.39352
7.80759
8.00509
8.65075
9.39831
7.97753
8.15115
7.9877
7.75653
7.79897
8.33517
8.34779
7.75366
11.9589
7.86323
7.83324
8.99706
8.05592
7.8839
8.1343
7.81597
7.95643
8.16873
7.92929
8.49507
8.33678
9.44247
10.2068
8.73602
8.41353
8.06406
7.8175
7.92554
8.02253
8.07076
8.17102
8.17002
8.22663
8.32984
8.57559
7.78308
7.94694
8.26936
