0.00144574
0.00123902
0.00126776
0.00125541
0.00138233
0.00140389
0.00131874
0.00124317
0.00121774
0.00132596
0.00124028
0.00153371
0.00125039
0.00130546
0.00124188
0.00148232
0.00134434
0.00124203
0.00124313
0.00140515
0.0012471
0.00158851
0.00135678
0.00141794
0.00138179
0.00132001
0.0015625
0.0013137
0.00145541
0.00128333
0.00128242
0.00135651
0.00125792
0.00137987
0.00129301
0.00128057
0.00127764
0.00135492
0.00138703
0.00124692
0.00127438
0.00142625
0.00134871
0.00122253
0.00124994
0.00139588
0.00128836
0.00126494
0.00141326
0.00123986
0.00151095
0.00134029
0.0012277
0.00131805
0.00121672
0.00130666
0.00128726
0.00128076
0.00125845
0.00183107
0.00146923
0.00122196
0.00150857
0.00129074
0.00127867
0.00133445
0.00123295
0.00138047
0.00132613
0.00139556
0.00124572
0.00122568
0.00150991
0.00126027
0.00133897
0.00154856
0.00178675
0.00138416
0.00186899
0.00198658
0.00151192
0.00144303
0.00189502
0.0016486
0.00178824
0.00194738
0.00159169
0.00170957
0.00186794
0.0017575
0.00181125
0.00127162
0.00130375
0.0012293
0.00143416
0.001365
0.00146456
0.00121453
0.00140708
0.00162285
0.00141981
0.00121936
0.00139738
0.00140386
0.00178449
0.00148324
0.00128038
0.00134247
0.00121524
0.00126669
0.00119725
0.00126816
0.00136419
0.00125256
0.00124291
0.00152871
0.00146643
0.00120999
0.00120523
0.00130433
0.00126578
0.00130866
0.00136335
0.00142689
0.00126473
0.0012045
0.00144763
0.00126801
0.00133474
0.00168889
0.00134234
0.00124209
0.00141293
0.00134605
0.00143717
0.00125495
0.00127459
0.00132394
0.00152314
0.0015471
0.00124251
0.00129379
0.00121047
0.00135524
0.00135005
0.00154945
0.00136522
0.0014689
0.00128013
0.00152229
0.00143863
0.00125448
0.00164046
0.00150144
0.00146448
0.00128463
0.00128136
0.0012134
0.00123539
0.00156685
0.00129595
0.00124251
0.00122055
0.0015362
0.00145611
0.00122823
0.00132624
0.0014017
0.00121833
0.00139183
0.00169152
0.00137188
0.00131725
0.00126384
0.00126611
0.00131627
0.00121198
0.00122996
0.00126074
0.00149004
0.00141776
0.00143657
0.00127828
0.00129429
0.00128151
0.00124714
0.00127238
0.00144359
0.00138535
0.0012514
0.00132786
0.00131657
0.00137527
0.00122155
0.00128748
0.00124956
0.00126041
0.00134275
0.00137316
0.0013096
0.00160407
0.00121536
0.00123354
0.00131742
0.00125697
0.00130949
0.00136176
0.00132886
0.00125225
0.00122948
0.00132903
0.0012434
0.0012275
0.00121818
0.0012233
0.00151955
0.00142096
0.00148551
0.00192255
0.00126706
0.0013904
0.00159907
0.00172422
0.0127166
0.00188609
0.00198023
0.0014277
0.00415879
0.00171897
0.00183615
0.0017854
0.00135268
0.00191687
0.00143492
0.00130563
0.0113786
0.0013408
0.00181353
0.00156943
0.00613395
0.00209187
0.00270106
0.00128865
0.00139295
0.00854207
0.00151656
0.00161955
0.00142916
0.00195398
0.00180438
0.00147326
0.00150554
0.00131761
0.00176265
0.00155795
0.00130089
0.00165856
0.00120748
0.00140303
0.00125411
0.00136135
0.0013481
0.00140413
0.00183897
0.00133763
0.00162531
0.00137019
0.00134159
0.00135842
0.00131195
0.00132658
0.00137771
0.00131465
0.00127467
0.00127091
0.0012767
0.00124584
0.00132803
0.0013816
0.00128504
0.00148848
0.00139517
0.00143387
0.00127032
0.00142134
0.00129375
0.00138644
0.00125646
0.00125942
0.0012645
0.00121628
0.00121256
0.00126917
0.00125046
0.00124816
0.00142393
0.00170046
0.00185915
0.00177658
0.00160192
0.0014656
0.00127135
0.00134279
0.00154225
0.00133748
0.00138099
0.00125256
0.00127978
0.00146424
0.00132156
0.00126402
0.00151292
0.00127563
0.00198812
0.00128452
0.00161476
0.00127395
0.0012408
0.00142345
0.0012933
0.00131471
0.00133465
0.00120381
0.00121564
0.00131269
0.00118812
0.00150503
0.00128722
0.00127405
0.00127598
0.00153149
0.0015076
0.00150961
0.0012973
0.00120868
0.00150925
0.00189847
0.00166353
0.0012272
0.00126102
0.00123919
0.00124054
0.0012428
0.00125245
0.00127611
0.00131354
0.0013745
0.00145193
0.0016131
0.00126496
0.00126935
0.0014836
0.00171993
0.00155682
0.00133044
0.00124988
0.00128346
0.00145471
0.00122629
0.00128645
0.00133466
0.00131834
0.00129411
0.0013483
0.00135788
0.00136547
0.00124642
0.00133096
0.00140362
0.00126024
0.00127681
0.00121094
0.0012648
0.00131419
0.00133574
0.0012722
0.00145673
0.00168024
0.00131271
0.00139649
0.00144032
0.00133348
0.0014162
0.00126223
0.00127919
0.00134164
0.00132638
0.00123028
0.00128837
0.00123775
0.00137873
0.00120624
0.001306
0.00124243
0.00141297
0.00122894
0.00122039
0.00131845
0.00135747
0.00128788
0.00133473
0.00126554
0.00134607
0.00130793
0.00162614
0.0012408
0.00125828
0.00124093
0.00121014
0.00122851
0.0012418
0.00123544
0.0014603
0.00138187
0.00132743
0.00134456
0.00138115
0.00141435
0.00150916
0.00127696
0.00128313
0.00166086
0.00128785
0.00136783
0.00126919
0.00133999
0.0012199
0.00130132
0.00123332
0.00149822
0.0014315
0.00138712
0.00133622
0.00136489
0.00154698
0.001266
0.00123734
0.0013923
0.00165627
0.00131158
0.00140192
0.00122906
0.00123824
0.00122751
0.00126238
0.00135528
0.00133685
0.00125556
0.00123097
0.00126957
0.0014322
0.00133435
0.00137146
0.00120811
0.00132017
0.0014134
0.00138821
0.00127151
0.00136563
0.00121532
0.0013614
0.00122598
0.00129498
0.00120155
0.00123384
0.00129596
0.00135948
0.00133179
0.00160967
0.00219274
0.00147423
0.00167482
0.0017803
0.0014099
0.00126482
0.00122008
0.00121808
0.00130975
0.00128836
0.00129708
0.0012307
0.00125869
0.00146134
0.00151452
0.00141583
0.0014309
0.00136953
0.00143696
0.0015211
0.00132611
0.00152721
0.00124688
0.00154201
0.00130088
0.00136849
0.00126904
0.00146139
0.00125055
0.0012442
0.00145516
0.0012809
0.00132022
0.00127578
0.00126787
0.00175175
0.00124803
0.00136423
0.00122443
0.00122772
0.00143387
0.00119303
0.00128687
0.00136943
0.00137552
0.00123412
0.00143761
0.00133658
0.00138612
0.00144164
0.00162909
0.00129711
0.00125838
0.00129504
0.00125747
0.00119586
0.00131242
0.00132871
0.00121332
0.00125103
0.00145592
0.0012934
0.0014385
0.00123466
0.0013525
0.0014932
0.00140883
0.00136559
0.00133218
0.00170082
0.00127807
0.00132229
0.00139881
0.00120865
0.00123161
0.00122795
0.00134652
0.00135758
0.00133481
0.00129364
0.00130328
0.0012799
0.00129822
0.0015588
0.00132937
0.00124919
0.00140191
0.00144755
0.00141392
0.00135429
0.00121802
0.00119645
0.00121037
0.00124221
0.00162485
0.00128426
0.00135934
0.00119602
0.00123559
0.00136032
0.00129896
0.00148391
0.00126995
0.00122236
0.00135476
0.00131297
0.00135042
0.00125827
0.00122824
0.00125794
0.00125448
0.00135373
0.00133016
0.00120305
0.00136644
0.00123178
0.00208568
0.00154871
0.00170159
0.0015763
0.00136459
0.00131169
0.00135811
0.00156066
0.00154143
0.00152153
0.00160146
0.00137165
0.00131508
0.00132371
0.00157622
0.00128533
0.00178024
0.00136829
0.00174118
0.00200534
0.00126513
0.00137117
0.00158074
0.00132671
0.00131938
0.00147703
0.00141857
0.00122458
0.00125494
0.00128784
0.00121461
0.00177475
0.00206536
0.00148496
0.00160843
0.00144047
0.00152094
0.00168466
0.00161525
0.00163409
0.00165228
0.00144798
0.00126379
0.00123249
0.00135404
0.00197613
0.00301419
0.00253931
0.0023838
0.00120534
0.00137806
0.00131148
0.00149054
0.00147231
0.00122741
0.00143762
0.00132794
0.00133467
0.00140343
0.00137944
0.00123162
0.00148518
0.00141846
0.00131484
0.0013004
0.00173274
0.00152099
0.00125827
0.00125407
0.00131368
0.00125997
0.00130366
0.00138827
0.00125111
0.00149162
0.0012302
0.00199278
0.00216585
0.00168075
0.00130896
0.00130989
0.00144668
0.00126493
0.00124978
0.0013698
0.0013699
0.0014477
0.00123206
0.00128997
0.00145334
0.00126467
0.00154724
0.00169647
0.00157324
0.00228118
0.00149162
0.00138532
0.00131949
0.00127652
0.00130287
0.00132555
0.00128838
0.00127368
0.00120753
0.00141737
0.00131062
0.00136425
0.00129538
0.00139935
0.00154085
0.00156097
0.0014992
0.00131221
0.00129734
0.00132295
0.001315
0.0012577
0.00125598
0.00119525
0.00131007
0.00127539
0.00130205
0.00138943
0.00125083
0.00127173
0.00135615
0.00131717
0.00171817
0.00125477
0.00125996
0.00137292
0.0013107
0.00124565
0.00120606
0.00127322
0.00129083
0.00123671
0.00120915
0.00127814
0.00140663
0.00123546
0.00126669
0.00129389
0.00155585
0.00133067
0.00144072
0.00132394
0.00125731
0.00123123
0.00140082
0.00150263
0.00123823
0.0013481
0.00120034
0.00124876
0.00126364
0.00139651
0.00123766
0.00128199
0.00126405
0.00160751
0.00178747
0.00130221
0.00132406
0.00125625
0.00151533
0.00122232
0.00122476
0.00143133
0.00131812
0.00125211
0.00127684
0.00130794
0.00129401
0.00129713
0.00125982
0.00121921
0.00148164
0.0016057
0.00132924
0.00134152
0.00153243
0.00133659
0.00125452
0.00131645
0.00126916
0.00131973
0.00121767
0.00122376
0.00124204
0.00145211
0.00123831
0.00133972
0.00129506
0.00140171
0.00161125
0.0013431
0.00123315
0.00143147
0.00118925
0.00130471
0.00134633
0.00122694
0.00143501
0.0014734
0.00129162
0.00123664
0.00141779
0.00125554
0.00122333
0.00119983
0.00140731
0.00159309
0.00138004
0.00131753
0.00144192
0.00127395
0.00126297
0.00127174
0.00138382
0.00131115
0.00126225
0.00136349
0.00132886
0.00128537
0.00128442
0.00153167
0.00150825
0.00125293
0.00136082
0.00138073
0.0012462
0.00130139
0.00124385
0.00123406
0.00131352
0.00123918
0.00176372
0.00143328
0.00126605
0.00133047
0.00126163
0.00144488
0.00123608
0.00131591
0.00136032
0.00137417
0.00131646
0.00134043
0.00123784
0.00128575
0.00134059
0.00125585
0.00121747
0.0013878
0.00130227
0.00131468
0.00127708
0.00139945
0.00132856
0.00130941
0.00120887
0.00122498
0.00129317
0.00152076
0.00142523
0.00125841
0.00133096
0.00122535
0.00125225
0.00137586
0.00119969
0.00131461
0.00129399
0.00131665
0.001304
0.00132291
0.00125257
0.00131974
0.00127973
0.00142867
0.00139088
0.00139915
0.00126244
0.00120902
0.00124704
0.00123402
0.00121697
0.0012774
0.00129014
0.00123941
0.00127992
0.00136599
0.00140239
0.00127939
0.00124391
0.00124414
0.00122827
0.00125896
0.00132395
0.00155787
0.00121191
0.00136234
0.00119922
0.00125523
0.00121824
0.00123183
0.00122892
0.00127529
0.00130386
0.00130293
0.00124584
0.00122174
0.00131383
0.00138032
0.00129128
0.00132675
0.00137225
0.0012949
0.00135467
0.00129223
0.00130733
0.00127283
0.00141222
0.00122548
0.00127631
0.00126107
0.00155182
0.00123229
0.00123361
0.0013257
0.00131555
0.0012529
0.00122964
0.00136784
0.00123631
0.00158028
0.00133761
0.00128527
0.00120384
0.00130731
0.00121003
0.00130875
0.00121556
0.00153819
0.00137173
0.00132857
0.00132802
0.00142057
0.00127143
0.00128493
0.00132385
0.00134471
0.00133927
0.00127529
0.00120358
0.0012715
0.00126695
0.00130838
0.00147776
0.00141973
0.00168768
0.00147525
0.00141496
0.00130468
0.00132002
0.00138231
0.00137747
0.00166397
0.00134934
0.00158024
0.00129647
0.00127721
0.00125011
0.00132582
0.00132328
0.00137024
0.00138066
0.00132117
0.001228
0.00132522
0.00127551
0.00127192
0.00123769
0.00128019
0.00125047
0.00129158
0.00141421
0.00129911
0.00120581
0.00122543
0.00124171
0.00140393
0.00122801
0.00133118
0.00127387
0.00123606
0.00120451
0.00132056
0.00133057
0.00129417
0.00142698
0.00136113
0.00126712
0.00146317
0.00134336
0.00151898
0.00127796
0.00154778
0.00137779
0.00160563
0.00132446
0.00160143
0.00128817
0.00130404
0.00128086
0.00122451
0.00128433
0.00131111
0.00132003
0.00131022
0.00134613
0.00143225
0.00131676
0.00127633
0.00127955
0.00128816
0.00125261
0.00172823
0.00150166
0.00122216
0.00144608
0.00124308
0.00122921
0.00133013
0.00141046
0.00124426
0.00124262
0.00126313
0.00150066
0.00125162
0.00123609
0.00124311
0.00138514
0.00128887
0.00133715
0.00136051
0.00126891
0.00122318
0.00134507
0.00128181
0.00128562
0.00130195
0.00142242
0.00127708
0.001219
0.00122229
0.00148819
0.00124636
0.00145654
0.00124971
0.00139038
0.00128697
0.00148965
0.00135241
0.00129006
0.00151916
0.00140766
0.00143366
0.00142133
0.00153485
0.00151912
0.00133901
0.00125651
0.00131841
0.00139513
0.0012241
0.00129447
0.00139595
0.00169648
0.00132418
0.0012678
0.00140182
0.00137131
0.00124999
0.0013545
0.00153656
0.0013355
0.00120465
0.0014728
0.00144122
0.00157886
0.00139238
0.00141716
0.00133028
0.00138309
0.00148123
0.00132979
0.00129649
0.00147353
0.00120933
0.00140159
0.00136149
0.001201
0.00133238
0.00128605
0.00127405
0.00147478
0.00130306
0.00160796
0.00145879
0.00131638
0.00138517
0.00128144
0.0015449
0.00132909
0.00124966
0.00161648
0.00155756
0.00129028
0.00135986
0.00143241
0.00129712
0.00146477
0.00132249
0.00124256
0.00129396
0.00128924
0.00177161
0.00121445
0.00145111
0.00137497
0.0014127
0.00123683
0.00138505
0.00134061
0.00127759
0.00125104
0.00131811
0.0012366
0.0014788
0.00136894
0.0015676
0.00157337
0.00136355
0.00127169
0.00121263
0.00136655
0.00130743
0.0012918
0.00135203
0.00149672
0.0012423
0.00125029
0.00126721
0.00137537
0.00146302
0.00132314
0.0012097
0.00149692
0.00131471
0.00137421
0.00126703
0.0013505
0.00128671
0.00128079
0.00133486
0.00139296
0.00132677
0.00123386
0.00130635
0.00127098
0.00134994
0.00136081
0.00132087
0.00128792
0.00131047
0.00152236
0.00133286
0.00122984
0.00122513
0.00141175
0.0013368
0.0014979
0.00137984
0.00129543
0.00127761
0.00126793
0.00129611
0.00119213
0.001351
0.00137891
0.00140681
0.00134132
0.00173194
0.0014152
0.00131782
0.00134137
0.00141721
0.00121624
0.00135458
0.00124967
0.00142533
0.00161214
0.00151595
0.00137984
0.00139472
0.00156384
0.00141201
0.00143816
0.00136496
0.00137067
0.00129739
0.00125032
0.00129991
0.00137503
0.00127161
0.00141487
0.00164529
0.00123771
0.00119399
0.00126875
0.00124378
0.0012701
0.0013475
0.00153927
0.00143991
0.00169617
0.00136904
0.00145432
0.00131163
0.0014735
0.00123574
0.00150025
0.00155397
0.00123664
0.00128936
0.00124539
0.00126807
0.0012872
0.00128079
0.00119582
0.00138866
0.00128406
0.00139108
0.00131211
0.00125244
0.00155681
0.00169473
0.00124446
0.00161016
0.00173832
0.00129913
0.00166219
0.00131565
0.00131495
0.00132029
0.00137039
0.00160545
0.00127292
0.00139379
0.00130298
0.0012313
0.00133447
0.00134591
0.00139381
0.00124678
0.00163053
0.00130613
0.00124107
0.00124655
0.00123907
0.00121105
0.00122684
0.00133027
0.00140478
0.00139395
0.00136611
0.0016434
0.00122639
0.00127702
0.00131471
0.0012967
0.00125154
0.00127281
0.00123211
0.00128757
0.00123257
0.00120377
0.00137854
0.00124228
0.00124243
0.00137138
0.00133808
0.00127231
0.00127104
0.00135018
0.00119797
0.00125078
0.00127593
0.00132778
0.00136206
0.00130306
0.00123613
0.00120813
0.00121735
0.00120949
0.00124538
0.00122786
0.00132866
0.00135069
0.00134106
0.00141799
0.00154942
0.00124071
0.00125724
0.00130338
0.00129345
0.00138409
0.00130583
0.00121853
0.00143157
0.00120978
0.00123531
0.0012454
0.00128563
0.00122184
0.00120946
0.00125467
0.00163336
0.00131909
0.00146262
0.00124195
0.00131037
0.00143733
0.00145709
0.00131282
0.00128596
0.00121441
0.00127201
0.00123089
0.00131452
0.00132034
0.00122566
0.00120954
0.00148008
0.00135508
0.00146404
0.00146064
0.00123104
0.0012384
0.0012784
0.0012931
0.00131799
0.00145591
0.00122935
0.00131663
0.00123957
0.00129612
0.00126775
0.00148166
0.00123638
0.00130255
0.00124605
0.00132201
0.00136663
0.00142862
0.00132999
0.00122631
0.00128596
0.00129199
0.00130376
0.00136694
0.00131072
0.00152783
0.00140241
0.00122499
0.00125798
0.00126465
0.0013159
0.00131411
0.00129623
0.00143524
0.00143689
0.00135515
0.00129728
0.00123989
0.00140613
0.00146529
0.00132954
0.00132391
0.0012654
0.00122658
0.00122171
0.0012108
0.00121685
0.00133624
0.00122917
0.00121024
0.00139463
0.00130064
0.00158677
0.00128787
0.0013011
0.00131345
0.0013281
0.00145262
0.001239
0.00124463
0.0012368
0.00124485
0.00120246
0.00126129
0.0013458
0.00147501
0.00130571
0.00126593
0.00141643
0.00130684
0.00136187
0.00129088
0.00131859
0.00154237
0.00160228
0.00127717
0.00129025
0.00129855
0.00129096
0.00122407
0.00121728
0.00123171
0.00131691
0.00130514
0.00122755
0.00146101
0.00130056
0.00127837
0.00132771
0.00133009
0.00124211
0.00136577
0.0013338
0.00140769
0.00135147
0.00124858
0.00125305
0.00125183
0.00127839
0.00136383
0.0014397
0.00127195
0.00125462
0.00137437
0.00151322
0.00132492
0.00134694
0.00142572
0.0013386
0.00147689
0.00129417
0.00127743
0.00121902
0.0012528
0.00131712
0.00141917
0.00131715
0.00128207
0.0012899
0.00147143
0.00137565
0.0013096
0.00139934
0.00129809
0.00127299
0.00134507
0.00126458
0.00128165
0.00135814
0.00126732
0.0012348
0.00132175
0.00123776
0.0011979
0.00128903
0.00145872
0.00125393
0.00128762
0.00142977
0.00127667
0.00154177
0.0013173
0.00123858
0.00126569
0.00126518
0.00127115
0.00127875
0.00123965
0.00120775
0.00126901
0.0012672
0.00132028
0.00127658
0.001251
0.00121881
0.0012969
0.00130897
0.00130938
0.00124384
0.00127594
0.00159092
0.00135011
0.00139232
0.00127744
0.00122689
0.00119278
0.00135578
0.00121875
0.0012228
0.00127627
0.00125159
0.00136912
0.00153015
0.0017694
0.00134489
0.00152216
0.0013439
0.00131416
0.00139574
0.0013378
0.00121864
0.00124569
0.00128601
0.00121613
0.00136487
0.00125343
0.00121699
0.00129684
0.00132406
0.00141051
0.00151196
0.00142943
0.00138692
0.00125867
0.00142108
0.00125104
0.00145927
0.00127849
0.00127421
0.00131314
0.00123789
0.00122671
0.00150125
0.00125061
0.0012849
0.00120755
0.00129098
0.00143469
0.00133724
0.00128745
0.00138511
0.00123893
0.00143076
0.00142781
0.00121327
0.00122758
0.00127289
0.00127812
0.00125956
0.00142856
0.00128874
0.00121919
0.00152539
0.00132985
0.00137079
0.00131617
0.00152308
0.00197831
0.00132043
0.00165974
0.00140236
0.00138347
0.00125212
0.00139831
0.00151728
0.00155669
0.00158071
0.00133447
0.00129924
0.00148242
0.0015189
0.00155899
0.00134992
0.00135412
0.0014389
0.00141582
0.00127007
0.00130912
0.00126029
0.00130656
0.0014479
0.00127385
0.0012176
0.00128712
0.00132668
0.00145884
0.00148855
0.00144037
0.00189891
0.00132399
0.00129533
0.00153091
0.00130544
0.00124408
0.00136523
0.00129287
0.00120528
0.00145104
0.00128209
0.00131051
0.00139417
0.00134893
0.00141505
0.00142286
0.00209644
0.00133205
0.00181537
0.00145104
0.00154205
0.00148222
0.00126973
0.00133917
0.00123176
0.00127311
0.00136555
0.00130813
0.00130255
0.00169996
0.00170367
0.00138988
0.00167283
0.00140857
0.00122598
0.00156555
0.00134039
0.00128894
0.001272
0.00181054
0.0012364
0.00130448
0.00121731
0.00123734
0.00122418
0.00122651
0.00143342
0.00138417
0.00170377
0.00156875
0.00123346
0.00132473
0.00127499
0.00125248
0.00134248
0.00121843
0.00136535
0.00122987
0.0013016
0.00122133
0.00136842
0.00124844
0.0012273
0.00140814
0.00163382
0.00139009
0.00137008
0.00123946
0.00134565
0.0013966
0.00128874
0.00120157
0.00130317
0.00132443
0.00120955
0.001227
0.00119687
0.00134406
0.00122448
0.00126896
0.00127818
0.00125901
0.00152624
0.00123638
0.00130738
0.00124699
0.00126913
0.00141214
0.00137199
0.00125213
0.00139065
0.00133192
0.00130845
0.00127981
0.00129579
0.00138475
0.00124671
0.00125702
0.00147666
0.00136996
0.00134951
0.00151275
0.00130817
0.00120439
0.00154802
0.00190147
0.00138074
0.0012426
0.00124365
0.0012376
0.00128439
0.00125879
0.00127591
0.00126277
0.00123524
0.00239503
0.00131214
0.00125834
0.00157588
0.00131336
0.00121165
0.00128581
0.00147077
0.00157708
0.00127605
0.00126588
0.00142532
0.00132606
0.00126379
0.00122375
0.00135966
0.00141088
0.00164001
0.00131798
0.00121583
0.00206266
0.00126359
0.00141623
0.00134064
0.00152713
0.00145567
0.00157395
0.00141741
0.00135076
0.00152685
0.00143442
0.00123665
0.00135682
0.00166108
0.00151482
0.00123306
0.00127037
0.00128625
0.00122445
0.00122295
0.00137283
0.001246
0.00123126
0.001309
0.00125835
0.00125265
0.00155459
0.00124225
0.00120428
0.00127643
0.00136418
0.00129276
0.001368
0.00123821
0.00125875
0.00122476
0.00132172
0.00120805
0.00138922
0.00139897
0.00143985
0.00145434
0.00128752
0.00128615
0.00131104
0.00129628
0.00123713
0.00138322
0.00145226
0.00132761
0.00145315
0.00123324
0.00128045
0.00123712
0.00131138
0.00132054
0.00137523
0.00142633
0.00129433
0.00143596
0.0013906
0.00145074
0.00122879
0.00142234
0.00131366
0.00147583
0.00123519
0.00126989
0.00127108
0.00120002
0.0012082
0.00125665
0.0012849
0.00129584
0.00136169
0.00145029
0.00164408
0.00125555
0.00131181
0.00140067
0.00132025
0.00138869
0.00138492
0.00138485
0.00134968
0.00127345
0.00132627
0.00130188
0.00128405
0.00138961
0.0015305
0.00146355
0.0012977
0.00130474
0.00124525
0.0013146
0.00123284
0.00160812
0.00159401
0.00224449
0.00154575
0.00126575
0.00142253
0.00145591
0.0014215
0.001481
0.00190277
0.00134215
0.00128009
0.00145235
0.00136002
0.00125457
0.00125773
0.0014786
0.00123032
0.00125625
0.00126586
0.001278
0.00128155
0.00122993
0.00122917
0.00125574
0.00129872
0.0012857
0.00132325
0.00138643
0.0012891
0.00120071
0.00124257
0.00126066
0.00134894
0.00132183
0.00130583
0.00126044
0.00124113
0.00123611
0.0012303
0.00124681
0.00133629
0.00127324
0.00125755
0.00136807
0.00124442
0.0012322
0.00137683
0.00135383
0.00134409
0.00126366
0.00128268
0.00134731
0.00134639
0.00133197
0.00121727
0.00120199
0.00130153
0.0013058
0.00122509
0.00127378
0.00153822
0.00132144
0.00127566
0.00132688
0.00153586
0.00124521
0.00122102
0.00122917
0.00138729
0.00132406
0.00128161
0.00122389
0.00126845
0.00121489
0.00132566
0.00129463
0.00126088
0.00128633
0.00148883
0.00139475
0.00130257
0.00142375
0.00128063
0.00135358
0.00131122
0.0012566
0.00132002
0.00136249
0.00138419
0.00134311
0.00125889
0.00126471
0.0012181
0.00132733
0.00126813
0.00152394
0.00125529
0.00125652
0.00150229
0.00129029
0.00127319
0.00127934
0.0014414
0.00131669
0.00150602
0.00156628
0.00127328
0.00123573
0.00120839
0.00123091
0.00145384
0.00126155
0.00136392
0.0013242
0.00128386
0.00129263
0.00125953
0.00123285
0.00123338
0.00129675
0.00142508
0.0012955
0.00139336
0.00122485
0.00119323
0.00128636
0.00138194
0.00122521
0.00135371
0.00124515
0.00160132
0.00129563
0.00117879
0.00127312
0.00128319
0.00122624
0.00125624
0.00137725
0.00122099
0.00140659
0.00132743
0.0014066
0.00120375
0.00126647
0.00123526
0.00133863
0.00140493
0.00137342
0.00134406
0.00129503
0.00128002
0.00137301
0.00126192
0.00127017
0.00123259
0.00130299
0.00125767
0.00135311
0.00135853
0.00121207
0.0012232
0.00121587
0.0016056
0.00142217
0.00142068
0.00119464
0.0012611
0.00140366
0.00127765
0.0012152
0.00130331
0.00125976
0.00138063
0.00137723
0.00136862
0.0013209
0.00139646
0.00129867
0.0012619
0.00121743
0.00130116
0.001381
0.00132096
0.00125054
0.00124492
0.00126672
0.001644
0.00124355
0.00128653
0.00143636
0.00124654
0.00119832
0.00146622
0.00132059
0.00124084
0.00132948
0.00121012
0.00128059
0.00131119
0.00144736
0.00132802
0.00125724
0.00129595
0.00148708
0.00124105
0.00133973
0.00139905
0.00136195
0.00122986
0.00126665
0.00131458
0.00122047
0.00123245
0.00121033
0.00126511
0.00125884
0.00127977
0.00135945
0.00124387
0.0012262
0.00128282
0.00122101
0.00131498
0.0013136
0.00137884
0.00122092
0.00120487
0.00122703
0.00133234
0.00124217
0.00124973
0.00126535
0.00124982
0.00136007
0.00138167
0.00121281
0.0013083
0.00131939
0.00123552
0.00132089
0.00126086
0.00127764
0.00137428
0.00122035
0.00122663
0.00137105
0.00131795
0.00132967
0.00127154
0.00122922
0.00133785
0.00155569
0.00134442
0.00126485
0.00136534
0.00121961
0.00125284
0.00130861
0.00126677
0.00146184
0.00127151
0.00128267
0.001255
0.00130735
0.00144191
0.00125413
0.00136011
0.00122345
0.00138348
0.00132389
0.00121186
0.00122207
0.00132437
0.00139101
0.00142141
0.00167601
0.00170174
0.00136478
0.00136487
0.00127151
0.00154265
0.00126788
0.0015682
0.0013095
0.00157336
0.00142904
0.00130751
0.00129833
0.00128234
0.00118217
0.00126532
0.00129534
0.00134895
0.00120406
0.00125847
0.00124034
0.00143064
0.00130387
0.00128471
0.00125861
0.0013177
0.00135294
0.00132929
0.0012985
0.00119087
0.00128383
0.00140199
0.00133154
0.00127093
0.00136356
0.00123092
0.00139644
0.00117677
0.00124465
0.00122014
0.00163862
0.00128567
0.00158862
0.00133553
0.00131955
0.00130448
0.00124838
0.00131794
0.00124036
0.00128473
0.00126061
0.00124204
0.00124847
0.00133302
0.00137902
0.00128394
0.00122747
0.0014166
0.00128218
0.00126957
0.00165077
0.00155353
0.00137891
0.00150624
0.00146009
0.00125486
0.00141234
0.00138266
0.00124847
0.0015423
0.001219
0.00128415
0.00132461
0.00150576
0.00129724
0.00133874
0.00188564
0.00128315
0.00123234
0.00130013
0.00151137
0.0012162
0.00134545
0.00123682
0.00137555
0.00124593
0.00126178
0.00126253
0.00125738
0.00125877
0.0013059
0.00130236
0.00128868
0.00136445
0.00144416
0.00143075
0.00165357
0.00140097
0.00123799
0.00137419
0.00168523
0.00185524
0.00121408
0.00131491
0.00130766
0.00127413
0.00171206
0.00179907
0.00158305
0.0014941
0.00136191
0.00139803
0.00126708
0.00136309
0.0013623
0.00165974
0.00158009
0.00235024
0.00155295
0.0012453
0.00126915
0.00130276
0.00148767
0.00177317
0.00190761
0.00169609
0.00147461
0.00153943
0.00134518
0.00151545
0.00149523
0.00125875
0.00139919
0.00127988
0.0013108
0.00142478
0.00128041
0.00146144
0.00140899
0.00145989
0.00160917
0.00128453
0.00150904
0.00130449
0.00136188
0.00125769
0.00148737
0.00130038
0.00127838
0.00123934
0.00123967
0.00125113
0.00119217
0.00122735
0.00129932
0.00159547
0.00154651
0.0013212
0.00125296
0.00129384
0.00133086
0.00127977
0.00134487
0.00129452
0.00125033
0.00130069
0.00128434
0.00139081
0.00120284
0.00127988
0.00121376
0.00158632
0.00146974
0.00136684
0.00159126
0.0012722
0.00128779
0.00159449
0.0013738
0.00131162
0.00124785
0.00130005
0.0013961
0.00125745
0.00125058
0.00121695
0.0013582
0.00125962
0.00171961
0.00137875
0.00129692
0.0015596
0.00129087
0.00124172
0.00128084
0.00131121
0.00133846
0.00123439
0.00127903
0.00137833
0.00125291
0.00131719
0.00119896
0.00128387
0.00122896
0.00138312
0.00138553
0.00129326
0.00159884
0.00130626
0.00123945
0.00136563
0.00133731
0.00137913
0.00121775
0.00138233
0.00131866
0.00170769
0.00170414
0.00177835
0.00145535
0.00173792
0.00158465
0.00177693
0.00131459
0.00120122
0.0012841
0.00150959
0.00128809
0.00141414
0.00129885
0.00125874
0.00128104
0.00130021
0.00131359
0.00124449
0.00129413
0.0013015
0.00150634
0.00187127
0.00187608
0.00126363
0.00125907
0.00154181
0.00185551
0.00136897
0.00128216
0.00144774
0.00150572
0.00153584
0.0014939
0.00121976
0.00132723
0.00129632
0.00172009
0.00136998
0.00121312
0.00136473
0.00139011
0.00157743
0.00138434
0.0015068
0.00129527
0.00138515
0.00126271
0.00126447
0.00124431
0.00139307
0.00125091
0.00174102
0.00148304
0.00141329
0.00121772
0.0013332
0.00128207
0.00138046
0.0012307
0.00124107
0.0013466
0.00127205
0.0013301
0.00133328
0.00133692
0.00143748
0.00136098
0.00133769
0.00159384
0.00179581
0.0014654
0.00172333
0.0019314
0.00174661
0.00127983
0.00137619
0.00129016
0.0012689
0.00129207
0.00125648
0.00134119
0.00158434
0.00150363
0.00157293
0.00140535
0.00127064
0.00121097
0.00122943
0.00149029
0.00141144
0.00126789
0.0017824
0.00196913
0.00172245
0.00144731
0.00127962
0.00146294
0.00155849
0.00137299
0.00172459
0.00142293
0.00135799
0.00157193
0.00139895
0.00150355
0.00126647
0.00131113
0.00122633
0.00136496
0.00132935
0.00137365
0.00167455
0.00155282
0.00175263
0.00178646
0.00130884
0.00122701
0.00150029
0.00177872
0.00188224
0.00132356
0.00125802
0.0011966
0.00128196
0.00153463
0.00127992
0.0013015
0.00128033
0.0015542
0.00156883
0.00151771
0.00130171
0.0012717
0.00140681
0.00150447
0.00126673
0.00133618
0.00131867
0.00150713
0.00120625
0.00127085
0.00139778
0.00141982
0.00149942
0.00155601
0.00134256
0.00169372
0.00137146
0.00128159
0.00150632
0.00131799
0.00140075
0.0012503
0.00122669
0.00122059
0.00129143
0.00123525
0.00125003
0.00142557
0.00132916
0.00137448
0.00146645
0.00133925
0.00126971
0.00125609
0.00134353
0.00171791
0.00159121
0.00123538
0.00126637
0.00136354
0.0013879
0.0014504
0.00149748
0.00159669
0.0015819
0.00143541
0.00155507
0.00147863
0.00130203
0.00127989
0.00152103
0.00132429
0.00139591
0.00155106
0.00140762
0.00130112
0.00131459
0.00125771
0.00143671
0.00143843
0.00134854
0.00128535
0.00129376
0.0017312
0.00146414
0.00121727
0.00150277
0.0014078
0.00127259
0.00136777
0.00121304
0.0012444
0.00124857
0.00129722
0.00126663
0.00129285
0.00124308
0.00129989
0.00129814
0.00139496
0.00149182
0.0017338
0.00123517
0.0014143
0.0014908
0.00137283
0.00133043
0.00136452
0.00126761
0.00125856
0.00136102
0.00131489
0.00123518
0.00125919
0.00132557
0.00137431
0.00133266
0.00135363
0.00134515
0.00126561
0.0014643
0.00153895
0.00182348
0.00130048
0.00131946
0.00123879
0.00132377
0.00124555
0.00133035
0.00131763
0.00125198
0.00121481
0.00138575
0.00145227
0.00137955
0.00131297
0.00127109
0.00133277
0.00134063
0.00124721
0.00123965
0.00125734
0.00119562
0.00121077
0.00122864
0.00120609
0.00138819
0.00123901
0.00127468
0.00121614
0.00123307
0.00158931
0.00135291
0.00131233
0.00133285
0.00126707
0.00125863
0.00132541
0.00127609
0.00126347
0.00121744
0.00122046
0.00125135
0.0013396
0.00124554
0.00124241
0.00123885
0.00131305
0.00138284
0.00124901
0.00133373
0.00124276
0.00142303
0.00145629
0.00132802
0.00140908
0.00126311
0.00122713
0.00126282
0.00133106
0.00122017
0.00139319
0.0012645
0.00122935
0.00119795
0.00126704
0.00128313
0.00156819
0.00139085
0.00144623
0.00124863
0.00137886
0.00134462
0.00131215
0.00120473
0.00124581
0.0012548
0.00122118
0.00155391
0.00125017
0.00128554
0.00126097
0.00139536
0.00160923
0.00146662
0.0015445
0.00147826
0.00141207
0.00138164
0.00153235
0.00138422
0.00139984
0.00125409
0.00126201
0.00156467
0.00133476
0.0012345
0.00125026
0.00133344
0.00123696
0.00133253
0.00152921
0.00159309
0.00123292
0.00135886
0.00146373
0.0017071
0.00135055
0.0013153
0.00126968
0.00135473
0.00128537
0.00128228
0.00129833
0.00123555
0.00128655
0.00135288
0.00151005
0.00136598
0.00142503
0.00127144
0.00131448
0.00161772
0.00126291
0.00122776
0.00128632
0.00123124
0.00137489
0.00125175
0.00121541
0.00125938
0.00121983
0.00134964
0.0015227
0.0013808
0.00161962
0.00182028
0.0015065
0.00131826
0.00139292
0.0012794
0.00132232
0.00123924
0.00124258
0.00148458
0.00131584
0.00129178
0.00126465
0.00134649
0.00124025
0.00138581
0.00131092
0.00138444
0.00137538
0.00155605
0.00129772
0.00134704
0.001462
0.00121066
0.00128172
0.00121762
0.00132758
0.00129653
0.00134282
0.00121716
0.00129564
0.00124086
0.00131683
0.00136689
0.00141928
0.00150345
0.0012876
0.0012523
0.00131383
0.00128172
0.00132419
0.0012555
0.00121716
0.00128979
0.0015035
0.00122216
0.0012123
0.00123631
0.00124588
0.00132619
0.00134272
0.00143112
0.00139395
0.00187729
0.00135255
0.00127587
0.00123098
0.00127069
0.00123316
0.00136394
0.00121298
0.00132672
0.00121808
0.00131512
0.00130741
0.00120771
0.00128863
0.001353
0.00141656
0.00146356
0.0015279
0.00131323
0.00133374
0.00122341
0.00146939
0.00123826
0.00123566
0.00128293
0.00132869
0.00136086
0.00123049
0.00121072
0.00120689
0.00121943
0.00133232
0.00138101
0.00138378
0.00134003
0.00142234
0.00125959
0.00126803
0.00127833
0.00124438
0.00123325
0.0012356
0.00120266
0.00137143
0.00125383
0.00122641
0.00126527
0.00124432
0.00128532
0.00133026
0.00147353
0.00137829
0.00149985
0.00132175
0.00127129
0.00131711
0.00136951
0.00122643
0.00123171
0.00121318
0.00123298
0.00124922
0.00143245
0.00128821
0.0012227
0.00126958
0.00127516
0.00137667
0.00176979
0.00150673
0.00180763
0.00164308
0.00126739
0.0013632
0.00135445
0.00144379
0.00124798
0.00134165
0.00125459
0.00129716
0.00120015
0.0013607
0.00123638
0.00126008
0.00152459
0.00144107
0.00188659
0.00127642
0.00136387
0.001251
0.00129269
0.00124325
0.00152231
0.00132755
0.00130357
0.00143725
0.00127847
0.00159265
0.00128594
0.00121212
0.00152712
0.00147212
0.00129964
0.0013489
0.00122073
0.0012517
0.00127981
0.00142501
0.00152597
0.00148636
0.00120463
0.00144528
0.00131265
0.00126565
0.00144287
0.00129635
0.00125957
0.0013735
0.00168245
0.00136277
0.00136792
0.00132667
0.00125942
0.00121288
0.00124239
0.00119142
0.00125789
0.00131573
0.00135608
0.00131633
0.00133176
0.00128957
0.00126165
0.00121906
0.00136919
0.00129015
0.0013476
0.00135428
0.00128549
0.00120529
0.0012354
0.00122979
0.00126307
0.0013887
0.00135532
0.00137989
0.00150601
0.00133197
0.00134399
0.00124396
0.00127294
0.00126213
0.0013024
0.00155759
0.00133786
0.00124336
0.00129284
0.00126716
0.00123201
0.00129646
0.00125963
0.00130641
0.00150877
0.00129829
0.00125636
0.00130456
0.00132784
0.00122257
0.00122577
0.00134204
0.00133647
0.00155653
0.00136626
0.00145823
0.00132527
0.00120796
0.0013697
0.00128572
0.00132848
0.00129539
0.0012578
0.00125575
0.00123395
0.00136802
0.00147249
0.0012009
0.00128665
0.00135304
0.00147114
0.00126563
0.00136338
0.0012628
0.00135205
0.0012482
0.00123656
0.0012716
0.00146695
0.00126796
0.00127045
0.00120625
0.00141838
0.00146085
0.00127196
0.00147716
0.00125322
0.00138835
0.0014745
0.00138554
0.00121372
0.00124451
0.00120944
0.00130171
0.00121557
0.00126128
0.00132068
0.00128965
0.00121927
0.00142743
0.00130002
0.00129414
0.00126516
0.00167414
0.00129438
0.00140928
0.0012385
0.00123328
0.00125954
0.00128466
0.00126563
0.00132586
0.00160377
0.00147035
0.00129776
0.0012125
0.00128627
0.0012373
0.00135318
0.00121601
0.00136549
0.00120388
0.001303
0.00138538
0.00121884
0.00122695
0.00123304
0.0012228
0.00138451
0.00127621
0.00129626
0.00144573
0.00127675
0.00131204
0.00145915
0.00131239
0.0012941
0.00125449
0.00137581
0.00174129
0.00130468
0.00121177
0.00129434
0.00123821
0.0013323
0.00119313
0.00139309
0.00128525
0.00130147
0.00120904
0.00121396
0.00128741
0.00129729
0.0012194
0.00119962
0.00174919
0.00130326
0.00169542
0.00132682
0.00134314
0.00128816
0.00125929
0.00131239
0.00147529
0.00151111
0.00152216
0.00133166
0.00130353
0.00126103
0.00135598
0.00137368
0.00134846
0.00148331
0.0013421
0.00136683
0.00129904
0.00154248
0.0014346
0.00123994
0.00125273
0.00138448
0.00142484
0.00142867
0.0012239
0.00153028
0.00136494
0.00135746
0.00145011
0.00123824
0.00130537
0.00129885
0.00127216
0.00145581
0.00122952
0.00128864
0.00121922
0.00139251
0.00133506
0.00128802
0.0012858
0.00128487
0.00138108
0.00125824
0.00120098
0.00135541
0.00130733
0.00136139
0.00134355
0.00142766
0.00163349
0.00135839
0.00123464
0.00121577
0.00130984
0.00126461
0.00154481
0.00130883
0.00123763
0.00135843
0.00156779
0.00124315
0.00131597
0.00128427
0.00148132
0.00120539
0.00124523
0.00138764
0.00129326
0.00120273
0.00122082
0.00138687
0.00138927
0.00128043
0.00156329
0.00168989
0.00176099
0.00125728
0.00179302
0.00145305
0.00150052
0.00135712
0.00136747
0.0013757
0.00138443
0.00128764
0.00121978
0.0014288
0.00141788
0.00159983
0.00138033
0.0013705
0.00128216
0.0012437
0.00131557
0.00122391
0.00142848
0.00131071
0.0012948
0.00151223
0.00136476
0.00138298
0.0012692
0.00141098
0.00137567
0.00166313
0.00125648
0.00143259
0.00149028
0.00133837
0.00125046
0.00177991
0.00137325
0.00138152
0.00135367
0.00139649
0.00134985
0.00129599
0.00140571
0.0013662
0.00136337
0.00139515
0.00127833
0.00129565
0.00126455
0.00127535
0.00124538
0.00132202
0.00141095
0.00128824
0.00125249
0.00124664
0.00142781
0.00139976
0.0012271
0.00127051
0.00146861
0.00145596
0.00134602
0.00124812
0.00124392
0.00130339
0.00127025
0.00127153
0.00140519
0.00131321
0.00134712
0.00150724
0.00128889
0.00121008
0.00119198
0.00127754
0.00130897
0.0013179
0.00128321
0.00143469
0.00120523
0.00122153
0.001302
0.00149247
0.00126403
0.00135092
0.00136117
0.00131405
0.0012808
0.00123488
0.00126732
0.0012066
0.00129228
0.00129749
0.00130682
0.00131972
0.00153022
0.00128194
0.00129579
0.00134427
0.00149408
0.0012043
0.00129354
0.00124802
0.00131316
0.00126553
0.00128378
0.00129686
0.00121639
0.00126223
0.00133128
0.00122097
0.00132226
0.00144095
0.00135941
0.00130793
0.00130537
0.00131313
0.00122643
0.00136939
0.00136121
0.00133416
0.00142063
0.00147828
0.00123035
0.00129757
0.00127646
0.00151218
0.00127272
0.0014009
0.00165972
0.00129651
0.00121731
0.00132145
0.00137516
0.0013539
0.00128989
0.00135406
0.00127894
0.00126741
0.00133079
0.00125731
0.00133363
0.00126804
0.00132704
0.0015739
0.00136483
0.00134398
0.00166214
0.00135737
0.00153629
0.0014811
0.0012291
0.00161739
0.00154842
0.00127384
0.00124314
0.0012241
0.00130065
0.00127477
0.0013489
0.00137287
0.00136461
0.00144357
0.00159066
0.00149246
0.00143916
0.00135095
0.00129581
0.0016856
0.00152157
0.00154431
0.00159369
0.00165359
0.00142658
0.00172124
0.00161093
0.001666
0.00154932
0.00130715
0.00152818
0.00135177
0.00124411
0.00121179
0.00143363
0.00132348
0.00125607
0.0013256
0.00123137
0.00126144
0.00122768
0.00140575
0.00146889
0.00121335
0.00159727
0.00150675
0.00125856
0.00145774
0.00136144
0.0013275
0.00134245
0.00147124
0.00133516
0.00132999
0.00123557
0.00126461
0.00142408
0.0012745
0.00130522
0.00161643
0.00143005
0.00141906
0.00123749
0.0012893
0.00148937
0.00129138
0.00120933
0.00125963
0.00126458
0.00132115
0.00138541
0.00123214
0.00145975
0.00124854
0.00122199
0.00125952
0.00151771
0.00162968
0.00131328
0.00145599
0.00124442
0.00137339
0.00125656
0.00131603
0.00130228
0.00131355
0.00122644
0.00153625
0.00119375
0.00124639
0.00119825
0.00119499
0.00125774
0.0014594
0.00127651
0.00143392
0.00139802
0.00137772
0.0017084
0.00132509
0.00125067
0.00124315
0.00142161
0.00127125
0.00134728
0.00129058
0.00126359
0.00130404
0.00124126
0.0014433
0.00155744
0.00124996
0.00152288
0.00133303
0.00126607
0.00129487
0.00125984
0.00123714
0.00120921
0.00133289
0.00140473
0.00124969
0.00137152
0.00130332
0.00124749
0.00126023
0.00130842
0.0013271
0.00144889
0.00130454
0.00140443
0.00126877
0.00128823
0.00134692
0.00121561
0.00135363
0.0013104
0.001251
0.00126096
0.00120431
0.00132794
0.00121431
0.00132312
0.00121763
0.00147926
0.0013563
0.00129454
0.0016361
0.00138089
0.00121145
0.00140964
0.00146903
0.00138592
0.00145212
0.00123293
0.0012741
0.00117957
0.00122004
0.00126165
0.00150766
0.00129633
0.00131077
0.00136139
0.00159607
0.00133415
0.00134769
0.00130092
0.00125502
0.001242
0.00136252
0.00128279
0.00133029
0.00124188
0.00134638
0.0012907
0.00124429
0.00151637
0.00191819
0.00186019
0.00206118
0.0018673
0.00127335
0.00129637
0.00173875
0.00120482
0.00123433
0.00135384
0.0014441
0.00126285
0.00136463
0.00121314
0.00135626
0.00134106
0.00156506
0.00149958
0.00134368
0.00124283
0.00122245
0.0012657
0.00130138
0.00131878
0.00135608
0.00132533
0.00126595
0.00134816
0.0012209
0.00125457
0.00132846
0.00123256
0.00123158
0.00156183
0.00134919
0.00131809
0.00136142
0.0012273
0.00120382
0.00139504
0.00136724
0.00139466
0.00141895
0.00124351
0.00127046
0.00130082
0.00122205
0.00126233
0.00128829
0.00159399
0.00132845
0.00139016
0.00139383
0.00137496
0.00124302
0.00125427
0.00137157
0.00139087
0.00135331
0.00138569
0.00152295
0.00128021
0.00126712
0.00124346
0.0013772
0.00138804
0.001523
0.00131418
0.00124804
0.00152209
0.0013628
0.00125552
0.00130523
0.00125858
0.00136977
0.00143132
0.00122755
0.00123538
0.00128124
0.00130143
0.00119034
0.00144957
0.00128206
0.00125639
0.00125236
0.0014106
0.00136994
0.001464
0.00120743
0.00130327
0.00128692
0.00142597
0.00133433
0.00141642
0.00147949
0.00125684
0.00126934
0.00120468
0.00127694
0.00122056
0.00128827
0.00133352
0.00157801
0.00133385
0.00149809
0.00121171
0.00151622
0.00126999
0.00132124
0.00127524
0.00137382
0.00123413
0.00124425
0.00121877
0.00119763
0.00139223
0.00126164
0.00123393
0.00133336
0.00134759
0.00143086
0.00149885
0.00127213
0.00127588
0.00135357
0.00139526
0.00126169
0.00136294
0.00127612
0.00118793
0.00122528
0.00131793
0.00120956
0.0013381
0.00135983
0.00125463
0.00135278
0.00179567
0.00155769
0.00144514
0.00146024
0.00126416
0.00156231
0.00127131
0.00141199
0.00131242
0.00138874
0.00125292
0.00129874
0.00126495
0.00122552
0.00133622
0.00130758
0.00126013
0.00162174
0.0013566
0.00142088
0.0013247
0.00128033
0.00131257
0.00147294
0.00130447
0.00119563
0.001347
0.00129654
0.00129958
0.00125893
0.00134693
0.00135612
0.00128542
0.00127489
0.00135494
0.00132358
0.00149801
0.00120507
0.00123879
0.00137459
0.00166645
0.00136039
0.00119688
0.00123524
0.0012247
0.00126656
0.00124442
0.00127978
0.00135075
0.00127473
0.00145745
0.001383
0.00123021
0.00155971
0.00124636
0.00126815
0.00134806
0.0013595
0.00142592
0.00125899
0.00130193
0.00134029
0.00121246
0.00124981
0.00123594
0.00126385
0.00125344
0.00122461
0.00129464
0.00138644
0.0013131
0.00128454
0.0012721
0.00145529
0.00144827
0.00123367
0.00121938
0.00143863
0.00126522
0.00126163
0.00135349
0.00119421
0.00129022
0.00146237
0.00125179
0.00140543
0.00131038
0.00125971
0.00145593
0.0013455
0.00129764
0.00131125
0.00142421
0.00126981
0.00127197
0.00149501
0.00168194
0.00191763
0.0013718
0.00170604
0.00208846
0.00217152
0.00207818
0.00133084
0.00151733
0.00165427
0.00196312
0.00185923
0.00160098
0.00133281
0.00127682
0.0013428
0.0012428
0.00119427
0.00138679
0.00135865
0.00139716
0.00160882
0.0012608
0.00130194
0.0013399
0.00145223
0.00121182
0.00131925
0.00123207
0.00127654
0.00126693
0.00130087
0.00126995
0.00121452
0.00120678
0.00138681
0.00145552
0.00167761
0.00139137
0.00135488
0.00121897
0.00133002
0.00150837
0.00126563
0.00124667
0.0012291
0.00128927
0.00127159
0.00127703
0.00123677
0.00121465
0.00128144
0.00141771
0.00173339
0.00208816
0.00175705
0.00202753
0.00143554
0.00137746
0.00157699
0.00121962
0.00120871
0.00122879
0.00124666
0.0014121
0.00125544
0.00123113
0.00135016
0.00124489
0.00122172
0.00125925
0.001206
0.00123658
0.00121689
0.00132637
0.00136766
0.00135234
0.00131196
0.00119938
0.0012738
0.00132044
0.00148933
0.00163948
0.00130565
0.00127933
0.00140908
0.00146738
0.00128799
0.00125661
0.00134123
0.00128175
0.00126891
0.0012575
0.00155192
0.00140926
0.00122405
0.00122141
0.00121417
0.00119906
0.00138379
0.00134543
0.00136216
0.0012046
0.00125404
0.00137752
0.00125684
0.00125869
0.0012809
0.00149592
0.00136891
0.00139914
0.0014247
0.00134297
0.00123684
0.00122402
0.00122666
0.00145228
0.00152076
0.00131574
0.00129721
0.00133186
0.00130466
0.00144702
0.00127127
0.00120547
0.0012605
0.00147734
0.00130124
0.00132545
0.00127014
0.0012421
0.00128564
0.00121462
0.00125793
0.00136823
0.00155345
0.00139397
0.00125265
0.00155522
0.00128132
0.00123342
0.00121305
0.00126863
0.00124297
0.0012489
0.00140593
0.00139014
0.00120274
0.0012736
0.00124182
0.00128808
0.00131523
0.00140212
0.00128798
0.00128198
0.0015497
0.00162759
0.0012569
0.00126894
0.00134297
0.00135863
0.00133118
0.00125229
0.00149594
0.0012511
0.00125004
0.00123818
0.00121985
0.00143289
0.00140908
0.00141237
0.0012031
0.00128493
0.00132603
0.00139585
0.00129247
0.00139104
0.00124932
0.00123604
0.0014858
0.0013347
0.00128291
0.00121983
0.00127492
0.00126048
0.00136492
0.00141458
0.00137383
0.0012976
0.00145411
0.0013197
0.00126998
0.00124438
0.0013067
0.00122703
0.00123352
0.00130334
0.00143612
0.00126216
0.0012184
0.00122918
0.00125912
0.00151732
0.00156164
0.00129332
0.00125617
0.00136373
0.00129827
0.00133154
0.00126411
0.00137772
0.00122757
0.00135685
0.00135877
0.00151442
0.00120838
0.00121057
0.00121359
0.00123573
0.00135761
0.00153016
0.00133147
0.00121215
0.00134007
0.00142665
0.00133728
0.00120539
0.00124474
0.00128746
0.00129344
0.00120009
0.00123281
0.00137445
0.001238
0.00128276
0.00121822
0.00163091
0.00150388
0.00140209
0.0012056
0.00118834
0.00139801
0.0014742
0.00122729
0.00127646
0.00130705
0.00131142
0.00151112
0.00130865
0.00130912
0.0012803
0.00129336
0.00124035
0.00124901
0.00133827
0.00129489
0.00132521
0.00121273
0.00137299
0.00126197
0.00120935
0.00119897
0.00125421
0.00133256
0.00140246
0.00132379
0.00121284
0.00138761
0.00127572
0.0012622
0.00122453
0.00140293
0.00130161
0.00140533
0.00134711
0.00122524
0.00133744
0.00121782
0.00119995
0.00122798
0.00123853
0.00135053
0.00141395
0.00122511
0.00131666
0.00138753
0.00139238
0.00122772
0.00132249
0.0013181
0.00123151
0.00131927
0.00157475
0.00130022
0.00149144
0.00122135
0.00129319
0.00132937
0.0013624
0.00129541
0.0012541
0.00121734
0.00133679
0.0013982
0.00137683
0.00136243
0.0013297
0.00134239
0.00135957
0.00129007
0.00141825
0.00122186
0.0012236
0.00118934
0.00127748
0.00134667
0.00127198
0.00124031
0.001287
0.00132609
0.00140998
0.0012411
0.00126025
0.00125514
0.00140247
0.00156567
0.0013036
0.00123394
0.00124086
0.0012702
0.00124038
0.00125086
0.00125092
0.00121862
0.00132757
0.00125534
0.00128304
0.00123851
0.00136194
0.00125081
0.00133001
0.001489
0.00147315
0.00130737
0.00121062
0.00122551
0.00123484
0.00145567
0.00125542
0.00142828
0.00128751
0.0014564
0.00120801
0.00120869
0.00126728
0.00126689
0.00135805
0.00143976
0.00151623
0.0014333
0.00128323
0.00125898
0.00131932
0.00131841
0.00144296
0.00121957
0.00127448
0.00121932
0.00130196
0.00128113
0.00132052
0.00128802
0.00128469
0.00133622
0.00128126
0.0013395
0.00135343
0.00163318
0.00147768
0.00126431
0.00136071
0.00126668
0.00122608
0.00132724
0.00140619
0.00126811
0.00126332
0.00129025
0.00122192
0.00128164
0.00134983
0.00135492
0.00131335
0.00125122
0.00147982
0.00133274
0.00133018
0.00138974
0.00129422
0.00125805
0.00122483
0.00131341
0.00137924
0.00139815
0.00125704
0.00119784
0.00122422
0.0014017
0.00138062
0.00122725
0.00133612
0.00126328
0.00128028
0.00127662
0.00127245
0.00139804
0.00128495
0.00129862
0.00129171
0.00134477
0.00134285
0.00121325
0.00136822
0.00123735
0.0015308
0.00145203
0.00130444
0.00135809
0.00142999
0.00123102
0.00130564
0.00125785
0.00130473
0.0013714
0.00126585
0.00148558
0.00139323
0.00127379
0.00127182
0.00123593
0.00124779
0.00134159
0.00139355
0.00134863
0.00136287
0.00141016
0.00127439
0.00131257
0.00138238
0.00124707
0.00132086
0.00125679
0.00159801
0.00153455
0.00147171
0.00124603
0.00159946
0.00146026
0.00127461
0.00134698
0.00137444
0.00150597
0.00139011
0.00132952
0.00132257
0.00142961
0.00126447
0.00128201
0.00131304
0.00128707
0.00142545
0.00131916
0.00128162
0.00126389
0.00119112
0.00137237
0.001488
0.00163299
0.00141108
0.00132241
0.00123545
0.00121787
0.00146028
0.00131711
0.00145886
0.001344
0.00125512
0.00131194
0.0014951
0.00124489
0.00129572
0.00123999
0.00133902
0.00170747
0.00150914
0.00145949
0.0012982
0.00127957
0.00142176
0.00133394
0.00128532
0.0013476
0.00131823
0.001349
0.00119117
0.00132128
0.00122009
0.00127184
0.00131525
0.00143348
0.00161794
0.00136822
0.00146421
0.00127856
0.00123896
0.00127921
0.00133615
0.00130588
0.0013536
0.00124936
0.00146651
0.00121318
0.00123399
0.00119497
0.0013672
0.00123181
0.00134196
0.00182915
0.00165117
0.00149893
0.00129339
0.00122843
0.00142322
0.00132756
0.00126814
0.00130886
0.00123171
0.00139035
0.00122661
0.00120789
0.0012459
0.00131652
0.00144383
0.00144861
0.00156107
0.00136619
0.00168202
0.00134054
0.00159106
0.0013444
0.00159534
0.00124208
0.00157952
0.0014583
0.00124765
0.00137944
0.0013051
0.00118553
0.00126545
0.00124208
0.00131036
0.00143272
0.00142222
0.00168823
0.00129538
0.00149539
0.00136308
0.00126221
0.00125568
0.00125271
0.0015418
0.00130306
0.00129471
0.00136139
0.00125006
0.00130642
0.00134376
0.00136535
0.00129921
0.00133011
0.00155561
0.0012241
0.00137025
0.00128749
0.00130868
0.00126615
0.00133321
0.0013637
0.00123054
0.00125774
0.00118914
0.00123834
0.00121463
0.00131523
0.00135901
0.00141313
0.00140289
0.00141321
0.00125873
0.00141967
0.00130108
0.00138871
0.00126516
0.00146277
0.00137016
0.00127932
0.00140957
0.00125073
0.00122692
0.00122956
0.00129648
0.00134699
0.00140686
0.00136228
0.00139301
0.00128155
0.00122677
0.0014543
0.00125133
0.0013377
0.00125457
0.00147846
0.00125193
0.00120684
0.00125805
0.00124966
0.00131507
0.00124892
0.00124262
0.00131003
0.00142405
0.00127728
0.00161137
0.00130054
0.00128165
0.00132402
0.00127622
0.00127709
0.00129106
0.00133452
0.00127412
0.00119776
0.00124122
0.00125472
0.00130263
0.00130454
0.00138049
0.00136997
0.00140159
0.00131136
0.00135407
0.0012917
0.00126531
0.00126702
0.00123004
0.00151995
0.00180744
0.00541302
0.00131408
0.00249809
0.00179701
0.00452728
0.00359326
0.00121995
0.00176593
0.00177694
0.00148941
0.00210183
0.00271829
0.00345034
0.0303909
0.00173865
0.00420836
0.00154175
0.00406131
0.00974131
0.00360616
0.00183799
0.00204806
0.00212791
0.00174007
0.0019964
0.00206744
0.00142334
0.00146504
0.00150793
0.0015976
0.00202056
0.00168298
0.00135958
0.00160314
0.00137425
0.00126049
0.00143082
0.00132669
0.00137445
0.00123512
0.00121971
0.00125404
0.00137353
0.00122599
0.00128365
0.001359
0.00223742
0.0013158
0.00128545
0.00128804
0.0017078
0.00153043
0.00134297
0.00136438
0.00139635
0.00124208
0.00120825
0.00124192
0.0012037
0.00128419
0.00124412
0.00131207
0.00138614
0.00169106
0.00137301
0.00122209
0.00128499
0.00126943
0.00135067
0.00123968
0.00140071
0.00143641
0.00132931
0.00133841
0.00128302
0.00122794
0.00130003
0.0013961
0.00137537
0.00143353
0.00146795
0.0013378
0.00125256
0.0013532
0.00122991
0.00130384
0.00128423
0.00129713
0.00138342
0.00143283
0.00122143
0.00124527
0.00127045
0.00127236
0.00127136
0.00145189
0.00130224
0.00191938
0.00135714
0.00124415
0.00130845
0.00122388
0.0012495
0.00132628
0.00130397
0.00129168
0.00122351
0.00122174
0.00120199
0.00121912
0.00132326
0.00130253
0.00139343
0.00139088
0.00162326
0.00137474
0.00125598
0.00136775
0.00136627
0.00132852
0.00126885
0.00137472
0.00136604
0.00123828
0.00137955
0.00122028
0.00130702
0.00121096
0.00122491
0.00132129
0.00149245
0.00129296
0.00162253
0.00137375
0.00123902
0.0013089
0.00125338
0.0012804
0.00126101
0.00124349
0.0012794
0.00129911
0.00122041
0.00129344
0.00125172
0.00122925
0.00124376
0.0013144
0.00137385
0.00140304
0.00135313
0.00129459
0.00126053
0.00140874
0.00134899
0.00124132
0.00131126
0.00144723
0.00126061
0.00126944
0.00130121
0.0012186
0.00121014
0.00123018
0.00127783
0.00172314
0.00134417
0.00145951
0.00125238
0.00133008
0.00128373
0.00128563
0.00132664
0.00121585
0.00147874
0.00122553
0.00124119
0.00133869
0.00121169
0.00128367
0.00130845
0.0012601
0.00131168
0.00126327
0.00120595
0.00128639
0.00122533
0.0014052
0.00121511
0.00120362
0.00124754
0.00125082
0.00128743
0.00133835
0.00133752
0.00123151
0.00124496
0.00121653
0.00125473
0.00137903
0.00124933
0.00130963
0.00165405
0.00189379
0.0015507
0.00154322
0.00127169
0.00166682
0.00198827
0.00127086
0.00129076
0.00139895
0.00143817
0.00129272
0.0015573
0.00200456
0.00148922
0.00139918
0.00140546
0.00127881
0.00150068
0.00142213
0.00156492
0.00133967
0.00122001
0.00127046
0.00124454
0.00152265
0.00133674
0.00137088
0.00136339
0.00135689
0.00130774
0.00128069
0.00131469
0.00148543
0.00134625
0.00125873
0.00124139
0.00137497
0.00125364
0.00140013
0.00124864
0.00139298
0.00126437
0.00120509
0.00132901
0.00131653
0.00154289
0.00128567
0.00130159
0.00153006
0.00127124
0.0012453
0.00122927
0.00131416
0.00128991
0.00138258
0.00127242
0.00125988
0.00125728
0.00135926
0.00124194
0.00121594
0.00128778
0.00137312
0.00151867
0.00121755
0.00128377
0.0014467
0.00140165
0.00132554
0.00135942
0.00130145
0.00139674
0.00122333
0.00137052
0.00125295
0.00127967
0.00136174
0.00121454
0.00124723
0.00153769
0.00146662
0.00131957
0.00148639
0.00132593
0.00132339
0.00124672
0.00132125
0.00130045
0.0013498
0.00124133
0.00134422
0.00137684
0.00130926
0.00121017
0.00140054
0.00130905
0.00132586
0.00129919
0.00122982
0.00120318
0.00146746
0.00126244
0.00127897
0.00125964
0.00131375
0.00124519
0.00131757
0.00141611
0.00125287
0.00174237
0.00127238
0.00266396
0.00723688
0.00203635
0.00195161
0.0017091
0.00131129
0.00892226
0.00122575
0.00258464
0.00143425
0.00129627
0.0104758
0.0020745
0.00128177
0.0013887
0.00129955
0.0165464
0.00161824
0.00139974
0.00168421
0.00209315
0.00315844
0.00381665
0.00370361
0.00207153
0.00445496
0.00172004
0.00167277
0.00178839
0.00143408
0.00130448
0.00138854
0.00162631
0.00142486
0.00154892
0.00157648
0.00186267
0.00162986
0.00150228
0.00137807
0.0014725
0.00140278
0.00129255
0.00132226
0.00131422
0.00134073
0.00178629
0.00186424
0.00152395
0.00135899
0.00167353
0.00138137
0.00158055
0.00137628
0.00121736
0.00154882
0.00126833
0.00125973
0.00143782
0.00122033
0.0013508
0.00139791
0.00151901
0.00128258
0.00134714
0.00132876
0.0014282
0.00154539
0.00133103
0.0015039
0.00137278
0.00142543
0.0013885
0.00141804
0.00122023
0.00142414
0.00193378
0.00144002
0.00127947
0.00123697
0.0013412
0.00137259
0.00124977
0.00129358
0.00148608
0.0014346
0.00132238
0.00177093
0.001547
0.00150702
0.00147561
0.00148979
0.00138796
0.00149352
0.00166786
0.00158369
0.0014685
0.00139271
0.00123621
0.00130101
0.00146246
0.00133182
0.00123669
0.00140965
0.00132102
0.00122354
0.00122293
0.00144197
0.00132966
0.0013215
0.00131931
0.00129655
0.00152987
0.00124505
0.00126667
0.00137971
0.0013859
0.00125179
0.00134184
0.00133402
0.00152215
0.00137344
0.0012118
0.00124835
0.0013053
0.0014748
0.00138696
0.00131333
0.00124909
0.00127241
0.00128344
0.0012562
0.00122394
0.0012733
0.00148336
0.00134079
0.00122861
0.0012361
0.00130411
0.00127311
0.00149611
0.00123966
0.00135199
0.00127448
0.00124165
0.00128351
0.00134404
0.00125534
0.00128115
0.00128316
0.00155762
0.00137084
0.00127459
0.00141477
0.00144131
0.00135721
0.00152604
0.00120302
0.00129022
0.00141984
0.00132415
0.00127518
0.00124945
0.00124995
0.00124941
0.00124908
0.00157519
0.00136262
0.00136934
0.00135849
0.00138407
0.00127156
0.0015976
0.00142413
0.00138654
0.00160123
0.00162067
0.00141687
0.00135471
0.00135359
0.00133234
0.00128189
0.00133009
0.0012461
0.00122987
0.00122285
0.00125166
0.00124572
0.00126577
0.00136575
0.0012288
0.00122905
0.00146734
0.00196757
0.00149224
0.00169493
0.00165425
0.00137092
0.00166768
0.00154482
0.00134283
0.00128903
0.00122204
0.00130389
0.00138399
0.00133391
0.00150368
0.00138973
0.00135457
0.00123629
0.00124548
0.00128335
0.00124157
0.00123696
0.00128133
0.00132788
0.00127322
0.00124742
0.00132251
0.00125931
0.00122869
0.00123302
0.00141991
0.00125545
0.00146998
0.00150928
0.00130167
0.00139396
0.0014217
0.00130452
0.00121109
0.00124445
0.00124919
0.00125935
0.00155555
0.00142447
0.00124896
0.0013115
0.00124112
0.00152084
0.00133681
0.00133824
0.00136159
0.00122125
0.00121311
0.00131479
0.00127235
0.00121409
0.00123177
0.00130794
0.0012676
0.00147482
0.00121417
0.00123837
0.00125828
0.00149566
0.0013315
0.00152667
0.00135236
0.00137855
0.00133671
0.00129656
0.00135315
0.00131153
0.00128066
0.00132882
0.00138935
0.00142709
0.00127199
0.00145613
0.00134951
0.00143995
0.0013005
0.00146611
0.00150406
0.00129205
0.00144928
0.00130208
0.00126398
0.00145093
0.00128032
0.00132203
0.0014969
0.00126348
0.00140214
0.00133344
0.00129642
0.00123314
0.00136883
0.00126626
0.00134127
0.00135967
0.00126386
0.00141866
0.00122291
0.00125039
0.00135601
0.00133881
0.00139039
0.00134912
0.00121727
0.00122352
0.00122117
0.00123344
0.00121775
0.00123628
0.00123878
0.00126792
0.00128866
0.00126462
0.00154542
0.00134557
0.00125474
0.00128508
0.0012591
0.00119282
0.00125886
0.00133614
0.00140883
0.00127749
0.00134356
0.0012012
0.00125628
0.00130939
0.00124928
0.00126403
0.00131035
0.00134685
0.00132157
0.00131059
0.00123003
0.00129068
0.00123933
0.00125932
0.00127721
0.00127064
0.00126032
0.00125642
0.00132386
0.00124134
0.00120949
0.00128941
0.0012247
0.00124749
0.00148373
0.00149236
0.00123758
0.0012531
0.0014078
0.0013118
0.00124793
0.00119425
0.00126896
0.00138274
0.00135107
0.0012294
0.00126201
0.00121566
0.00129407
0.00134975
0.001224
0.00123404
0.0014941
0.00134167
0.00134473
0.0011984
0.00135843
0.00129849
0.00130162
0.00126277
0.00135084
0.00131191
0.00124993
0.00124474
0.00135736
0.00128033
0.00128375
0.00139718
0.00143237
