1.18182
1.18856
1.20621
1.19445
1.17777
1.18552
1.17709
1.85284
1.5905
1.25912
1.18742
1.54226
1.21253
1.20243
1.22311
1.36327
1.4082
1.16648
1.19802
1.21107
1.31208
1.4121
1.37889
1.18304
1.21046
1.19724
1.2651
1.34959
1.38095
1.24997
1.17751
1.66724
1.32882
1.2918
1.14575
1.23332
1.19288
1.19131
1.1572
1.19171
1.1962
1.21246
1.26238
1.47002
1.16301
1.29261
1.16778
1.22195
1.33701
1.15734
1.37773
1.22174
1.36311
1.18658
1.17291
1.22145
1.24844
1.28385
2.17208
1.47034
1.22467
1.18884
1.25917
1.30495
1.18622
1.17936
1.1904
1.22061
1.30434
1.26804
1.34495
1.1987
1.19602
1.18299
1.2123
1.16852
1.18202
1.20715
1.16485
1.43381
1.45637
1.85737
1.17877
1.17475
1.1732
1.22334
1.42156
1.22482
1.29273
1.3504
1.18739
1.42719
1.20827
1.31075
1.20008
1.21154
1.2354
1.17575
1.3173
1.26461
