6.05915
6.35673
5.60937
5.68336
6.08396
5.70972
5.53606
8.03922
6.83056
5.77951
5.84775
5.70698
5.93312
5.60369
5.86447
6.6648
5.72443
5.76953
5.72221
5.93143
5.94589
7.52819
6.32399
5.87354
6.27887
8.61945
6.02887
6.11335
6.25714
6.23695
6.26882
5.63962
6.35513
5.75303
5.68125
5.74168
7.35198
5.72454
8.80792
5.73554
5.61746
5.78139
5.73792
5.61369
7.93843
5.59221
9.33203
5.63608
6.09941
9.03388
5.63405
6.09274
5.78992
8.44489
5.60703
5.58282
5.59675
6.04463
5.78233
6.0722
6.03398
5.88948
5.60598
5.59819
5.99021
5.69126
5.56347
5.55897
5.62978
5.83697
5.52331
5.56359
5.57486
5.78357
5.69604
5.72809
5.98017
5.6205
5.90801
5.7508
5.75108
5.99369
6.00329
6.2619
6.17482
5.64901
6.64772
5.60442
6.61921
5.91051
6.17705
5.89782
6.39947
5.62541
6.01144
5.66386
5.80545
5.64049
5.864
5.76277
