6.23548
6.26093
6.18793
6.14356
6.16861
6.08084
6.49051
6.48937
6.26393
6.47637
6.31507
6.29976
6.39668
6.54723
6.4313
6.11899
6.76839
6.97682
7.16437
6.28397
6.21587
6.27512
6.92209
6.49919
6.15036
6.17534
6.66815
6.55738
6.14124
6.61664
6.36423
6.26569
6.644
6.35734
6.18474
6.40222
6.59166
6.26911
6.19226
6.69514
6.26903
6.44251
6.35839
6.19549
6.88181
6.52915
6.17973
6.20206
6.45937
6.78959
6.25474
6.29453
6.31887
6.16679
6.29359
6.15491
10.9088
11.2247
11.431
8.94228
6.40907
6.28081
6.61739
6.26795
6.29112
6.17113
6.68867
6.41084
6.1351
6.43663
6.20405
6.4333
6.64029
6.44198
6.51229
6.29289
6.72162
6.46824
6.36839
6.25892
6.43734
6.13542
6.40125
6.47403
6.72059
7.53998
6.10126
6.23481
6.58873
6.20988
6.23262
6.97305
6.39797
9.63015
6.70122
6.29938
6.63899
6.266
6.69411
6.27106
