0.000624535
0.000636372
0.000574274
0.000615765
0.000752516
0.000734808
0.000650496
0.000583412
0.000667184
0.000582226
0.000576975
0.000606131
0.000578732
0.000639322
0.000647203
0.000586048
0.000579287
0.000579246
0.000584831
0.00065096
0.000587667
0.000578825
0.000575365
0.000578943
0.000634467
0.000639442
0.000672138
0.000643056
0.000759388
0.000643728
0.000604761
0.000706032
0.000718867
0.000631143
0.000613063
0.00065572
0.000599806
0.000606082
0.000678115
0.000636187
0.000582424
0.000624838
0.000577802
0.000614639
0.00059473
0.000680055
0.000585932
0.000629362
0.000577205
0.000589519
0.000679528
0.000671155
0.000638705
0.000671615
0.000714403
0.000596883
0.000600582
0.000601239
0.000606463
0.000593079
0.000580208
0.000591015
0.000597209
0.000598533
0.000617059
0.000604728
0.000641992
0.000645475
0.000657021
0.000677567
0.000598324
0.000636947
0.00063005
0.000575428
0.000609774
0.000663914
0.000573326
0.000584313
0.000634506
0.000633628
0.00060625
0.00060622
0.000573919
0.00062055
0.000586894
0.000647411
0.000696862
0.000591687
0.000585218
0.000731963
0.000627318
0.000627648
0.000644323
0.000591056
0.000589755
0.000621124
0.000685113
0.000605839
0.000593781
0.000592748
0.000635232
0.000583935
0.000579922
0.000597339
0.000581593
0.00062807
0.000674697
0.000641381
0.000609595
0.000593454
0.000610942
0.000589406
0.000658041
0.000584169
0.000594196
0.000631222
0.000584508
0.000581153
0.000578748
0.000590651
0.00059249
0.000594079
0.000659805
0.000583724
0.000643378
0.000599873
0.00057918
0.000604686
0.000583848
0.00064049
0.000613832
0.000592338
0.000884655
0.00086035
0.000588751
0.000597819
0.000634135
0.000667004
0.000681557
0.000643002
0.000585093
0.000641725
0.000632834
0.000583678
0.000584859
0.000584806
0.000621237
0.000574374
0.000583953
0.000648372
0.000577184
0.000627571
0.000581356
0.000593917
0.000638514
0.000679472
0.000597305
0.000608516
0.000576984
0.000639027
0.000581023
0.000594638
0.000603064
0.000666369
0.000832306
0.000693153
0.000772181
0.000647752
0.000589313
0.000600211
0.000612448
0.000611685
0.000910789
0.00066782
0.00122949
0.000637518
0.000606927
0.00059862
0.000681182
0.000633959
0.000691511
0.000737253
0.00081183
0.000602151
0.000643366
0.000636264
0.000618217
0.000623102
0.000628217
0.000616714
0.000676748
0.000615541
0.000589248
0.000843277
0.000613832
0.000718561
0.000648559
0.000579557
0.000708726
0.000846044
0.000587382
0.000849215
0.000683615
0.000939944
0.000605513
0.000649374
0.000816124
0.000755675
0.000944855
0.000590455
0.000771039
0.00082755
0.0007796
0.000750376
0.000669022
0.00090197
0.000701226
0.000811872
0.000812403
0.000756347
0.000882761
0.000983417
0.000888104
0.0007022
0.000620075
0.000823216
0.000799897
0.000665012
0.0006226
0.000636201
0.000729141
0.00101582
0.000711856
0.000627173
0.000578709
0.000667713
0.000633716
0.000649473
0.00066845
0.000598785
0.000680677
0.000626355
0.000739334
0.000650326
0.000602231
0.000675008
0.000593104
0.000641909
0.000714061
0.000656978
0.000617741
0.000599029
0.000751057
0.00100579
0.00082536
0.000580182
0.000589055
0.000583107
0.000612309
0.000708666
0.000664663
0.000675723
0.000642448
0.000591143
0.00061654
0.000646371
0.000640391
0.000600559
0.000672573
0.000679434
0.0006108
0.000589113
0.000630334
0.000581316
0.000627804
0.000618603
0.000611689
0.000648573
0.000584217
0.000575323
0.000578902
0.000594965
0.000583983
0.000626004
0.000735084
0.000602256
0.000604283
0.000585097
0.000766865
0.000722607
0.000580229
0.000684555
0.000600328
0.000592133
0.000879175
0.00106541
0.000836965
0.000665516
0.000607377
0.000615264
0.00061354
0.000618736
0.000604865
0.000661737
0.000630222
0.000606167
0.000577507
0.00066552
0.000839757
0.000711908
0.000644067
0.000632618
0.000659761
0.000853926
0.000695464
0.000669069
0.000816843
0.000790015
0.000624185
0.00061909
0.000759422
0.000576815
0.000580552
0.000735943
0.000737091
0.00066508
0.000697028
0.000587288
0.000583221
0.000582369
0.000579486
0.00059093
0.000622497
0.000621235
0.000736505
0.000710631
0.000579229
0.000837961
0.00107406
0.00128788
0.0012058
0.000721877
0.000612544
0.00061959
0.0009903
0.000622453
0.000851349
0.000605337
0.000788486
0.000641686
0.000786058
0.0005763
0.000644597
0.00062898
0.000573063
0.00068956
0.000642645
0.000590612
0.000632603
0.000581715
0.000580166
0.000584905
0.000726946
0.000674911
0.000592894
0.00059532
0.000574515
0.000576558
0.000638823
0.000601495
0.000719057
0.000626606
0.000662249
0.000679338
0.000581658
0.000631677
0.000600675
0.000624631
0.000658615
0.000840944
0.00057675
0.000616904
0.000578424
0.000589493
0.000575326
0.000817998
0.000755954
0.000876283
0.000666928
0.000718997
0.000583564
0.000600411
0.000599696
0.00058046
0.000595894
0.000613565
0.000590237
0.000645614
0.000576673
0.000627886
0.000633136
0.00062685
0.000655482
0.000691213
0.000606186
0.000711577
0.000679287
0.000596701
0.000619
0.00060475
0.000757804
0.000644111
0.000588324
0.000634083
0.000602687
0.000589026
0.000581076
0.00059349
0.000679366
0.000673176
0.000619471
0.000627139
0.0005795
0.000674768
0.000578084
0.000583451
0.00072755
0.000601126
0.000647007
0.000574351
0.000585628
0.000575789
0.000583676
0.000595944
0.00063076
0.000683025
0.000659362
0.000706772
0.000788085
0.000594521
0.000577292
0.000616728
0.000585953
0.000664796
0.000597833
0.000622397
0.000664323
0.000617815
0.000605536
0.000635833
0.000586795
0.000605047
0.000646738
0.000618507
0.000579982
0.000596476
0.000582281
0.000639739
0.00059772
0.000572916
0.000579774
0.000697025
0.000590996
0.00059142
0.000616061
0.000577759
0.000616305
0.000636197
0.000620357
0.000915176
0.00068796
0.000630751
0.000628685
0.000599031
0.000574754
0.000644058
0.000583531
0.000644334
0.000589202
0.000658928
0.000649134
0.000630707
0.000614813
0.000753774
0.000590575
0.000597407
0.000745394
0.000598799
0.000660313
0.000608024
0.000586366
0.000583307
0.00058566
0.00063552
0.000655043
0.000636117
0.000591453
0.000670773
0.000600428
0.000589243
0.000617407
0.000682816
0.000582907
0.000601107
0.00057527
0.000609212
0.000625401
0.000663028
0.000664338
0.000607034
0.00068935
0.000790162
0.000661171
0.000579475
0.000705219
0.000694704
0.000579987
0.000580914
0.000635833
0.000789407
0.000602786
0.000578448
0.000610267
0.000577894
0.000636802
0.000571759
0.000772616
0.000720149
0.000578015
0.000678075
0.000595445
0.000635858
0.000675031
0.000609429
0.000767745
0.00068748
0.000617195
0.000673009
0.000655144
0.000638649
0.000735948
0.000667672
0.000592032
0.000761649
0.000638147
0.000623644
0.000595066
0.00061911
0.000651174
0.000585885
0.000651443
0.000696454
0.000573466
0.000592541
0.000592213
0.000585376
0.000643116
0.000620451
0.000582531
0.000586737
0.000582423
0.00072651
0.000630244
0.000646595
0.000592
0.000692699
0.000594538
0.000612206
0.000598015
0.000628047
0.00058556
0.000630668
0.000729901
0.000790062
0.000600524
0.000595482
0.000602004
0.000572131
0.000574131
0.000675213
0.000660567
0.000682669
0.000660863
0.000644538
0.000600713
0.000582777
0.000582487
0.000584944
0.000610647
0.000586803
0.000600605
0.000614183
0.000701861
0.000680843
0.000715236
0.000581094
0.000612964
0.000658707
0.000610526
0.000711189
0.000862897
0.000633919
0.000598276
0.000642813
0.000583464
0.000685102
0.000588834
0.000583222
0.000605379
0.000618783
0.000672858
0.000581606
0.000585111
0.000613604
0.000625123
0.000617658
0.000595575
0.000612609
0.000583364
0.000590879
0.000581851
0.000683738
0.00067863
0.00067068
0.000579777
0.000580662
0.000603035
0.000600687
0.000614292
0.000867411
0.000723646
0.000677419
0.000594869
0.000588558
0.000971417
0.000727368
0.000618087
0.000712811
0.000732287
0.000605959
0.000655598
0.000740086
0.000593406
0.000632956
0.00058363
0.000684636
0.000608963
0.000656639
0.00069855
0.000585202
0.000590042
0.000594338
0.000588152
0.00057926
0.000622331
0.000616667
0.000641294
0.000589748
0.000630508
0.000632932
0.000655885
0.000743672
0.000667896
0.000642531
0.000704425
0.000595783
0.000579226
0.000620099
0.000576488
0.000636367
0.00060624
0.000875855
0.000655897
0.000682536
0.000585259
0.000625427
0.000730042
0.000574782
0.000606345
0.000689595
0.000743895
0.000875968
0.000576934
0.000583943
0.000628495
0.000783738
0.000639697
0.000601981
0.000607717
0.000653009
0.000639751
0.00057207
0.000623004
0.000594404
0.000739814
0.000625678
0.000665568
0.000680848
0.000586648
0.000592781
0.000649385
0.00080974
0.000660306
0.0006239
0.000629685
0.00061434
0.000694798
0.000590216
0.000585372
0.000668995
0.000613919
0.000628234
0.000600631
0.000637167
0.000697988
0.000731403
0.000599303
0.000579493
0.000583088
0.000595458
0.000704569
0.000612196
0.000614946
0.000609582
0.000607399
0.000583374
0.000623289
0.000744057
0.000633261
0.000689138
0.000697546
0.000790345
0.000660127
0.000580199
0.000639479
0.000589502
0.000624457
0.000739978
0.000688023
0.000760207
0.000596621
0.000681254
0.000584232
0.000589256
0.000627111
0.000683108
0.000656917
0.000593738
0.000626155
0.000741394
0.000578266
0.000580839
0.000574965
0.000676998
0.000733
0.000604482
0.000602356
0.000588799
0.000593785
0.000626815
0.00107319
0.000899792
0.000577106
0.000605475
0.000613452
0.000580304
0.000639534
0.000630888
0.000603618
0.000670792
0.000616701
0.000677891
0.00058601
0.00057497
0.000623554
0.000580589
0.000576675
0.000588607
0.000630489
0.000582972
0.000756221
0.000653677
0.000630882
0.000592346
0.00086277
0.000725472
0.000593355
0.000732829
0.000952832
0.000787448
0.000773474
0.000951973
0.000833798
0.00064115
0.000652238
0.000848055
0.00107534
0.00081924
0.00113098
0.000932061
0.000768148
0.00068237
0.000614634
0.000679836
0.0006581
0.000642768
0.000591567
0.00078501
0.000639398
0.000688251
0.000587564
0.000598779
0.000894619
0.000576349
0.000588037
0.000888008
0.000662769
0.000591009
0.000802966
0.000942638
0.000845598
0.000605757
0.000597277
0.000586245
0.000799505
0.000651998
0.000709347
0.000627877
0.000762463
0.000624112
0.000696104
0.000612591
0.000641235
0.000581797
0.00068826
0.000679162
0.000682745
0.000662998
0.000619176
0.000667203
0.000587009
0.000627762
0.000682754
0.000658804
0.000601221
0.000598203
0.000640196
0.000610616
0.000717431
0.00071796
0.000686942
0.000792863
0.000738109
0.000597158
0.000714114
0.000736562
0.000789493
0.000780441
0.000583751
0.000615124
0.000653927
0.000624208
0.000578806
0.00060046
0.000576617
0.000579931
0.000578838
0.000597922
0.000580969
0.000639174
0.000635387
0.00071451
0.000607009
0.000636543
0.000582657
0.000591114
0.000628916
0.000625622
0.000647233
0.000706823
0.000664353
0.000601769
0.000671276
0.000585695
0.000662093
0.000584458
0.000588873
0.000802373
0.000598552
0.000588199
0.000577682
0.000589128
0.000631661
0.000707854
0.000604442
0.000691317
0.00084304
0.000584469
0.000588813
0.000584686
0.000598233
0.000635275
0.000600655
0.000587304
0.000916284
0.000657906
0.00057191
0.000588581
0.000585378
0.000619146
0.000603108
0.000600926
0.000630424
0.000632816
0.000768595
0.000612661
0.000604581
0.000676826
0.000591772
0.000601484
0.000648215
0.000593096
0.000825474
0.000605067
0.000610638
0.000579602
0.000584096
0.000588509
0.000574614
0.000629263
0.00057244
0.000599592
0.000583928
0.00058251
0.000578829
0.000656054
0.000602348
0.000905315
0.000624176
0.000670684
0.000623776
0.000608417
0.0006034
0.000646958
0.000800864
0.00057719
0.000679115
0.000801586
0.000663483
0.00062266
0.00057839
0.000596975
0.000763209
0.00063281
0.000850657
0.000691058
0.000638889
0.00123261
0.000582198
0.00058445
0.000666622
0.000580302
0.000573203
0.000583032
0.000656404
0.000622972
0.000622415
0.000599462
0.000680236
0.000863652
0.00057978
0.000685514
0.000625713
0.00071343
0.000788933
0.000627617
0.000700169
0.00143418
0.000611682
0.000578378
0.000752241
0.00103276
0.000966249
0.000921038
0.000652668
0.00102
0.00069107
0.000704875
0.000685484
0.000663662
0.000591151
0.000713024
0.0005782
0.000659576
0.000595444
0.00067535
0.000687131
0.000849549
0.000713958
0.000596254
0.000581158
0.000793382
0.000742261
0.00071114
0.000706176
0.00111816
0.00060269
0.000603988
0.000592725
0.000707154
0.000643734
0.000883915
0.000632075
0.000854574
0.000619031
0.000577178
0.000577911
0.000780909
0.000751272
0.000902031
0.000937892
0.000578273
0.000666386
0.000930162
0.000874465
0.000619859
0.00097716
0.000584167
0.000756831
0.000960129
0.000800671
0.000878971
0.000673328
0.00058674
0.000632369
0.000736946
0.000772498
0.000653781
0.000862835
0.000661424
0.000739007
0.000580999
0.000749752
0.000710128
0.000580789
0.00066889
0.000681937
0.000637985
0.00071689
0.000790514
0.000627584
0.000582457
0.000814006
0.000875361
0.00064584
0.000593865
0.000935163
0.000625809
0.000627459
0.000656978
0.000641603
0.000704946
0.000721683
0.000596033
0.000583141
0.000596366
0.000885515
0.000702795
0.000661641
0.000788934
0.000731694
0.000646047
0.000610007
0.000719701
0.000581536
0.000584802
0.000593071
0.000582123
0.000582765
0.000587127
0.00063823
0.000604207
0.000702068
0.000858832
0.000798264
0.000834704
0.000632559
0.000621731
0.000625275
0.000746743
0.000711162
0.000704063
0.000843756
0.000681541
0.000618094
0.00059446
0.000865885
0.000831669
0.000709837
0.000616793
0.000728063
0.000590802
0.000767277
0.000742262
0.000619913
0.000577805
0.000743511
0.000606078
0.000663001
0.000627389
0.000653098
0.00062692
0.000683898
0.000636618
0.000678747
0.000740596
0.000679441
0.000587698
0.000605992
0.000692347
0.000932712
0.000804239
0.000581832
0.00092802
0.000640947
0.000589336
0.000614866
0.000642425
0.00110167
0.000634797
0.000578237
0.000615157
0.000605813
0.00058002
0.000577652
0.000577785
0.00065447
0.00064297
0.000635242
0.000647775
0.00059494
0.000754301
0.00060522
0.000611633
0.000803019
0.000849073
0.000585051
0.000579949
0.000613933
0.000619098
0.000615688
0.000791492
0.000620371
0.000682949
0.000602725
0.0005805
0.000593782
0.000667046
0.000839069
0.000787598
0.000683797
0.000611828
0.00059025
0.00100675
0.00100528
0.000615885
0.000648849
0.000595766
0.000594268
0.000728763
0.000580883
0.000583725
0.000576059
0.000576307
0.000589554
0.000698962
0.000666529
0.000598477
0.000781295
0.000663328
0.000796649
0.00083712
0.00119776
0.000998904
0.000655351
0.000629779
0.000707612
0.000728004
0.000720993
0.000604241
0.000837802
0.000804345
0.000678654
0.000598066
0.000595543
0.000585274
0.000604855
0.000611103
0.000660435
0.000782296
0.000620353
0.000665567
0.000583475
0.000669048
0.0006779
0.000601777
0.000625885
0.000699629
0.000686268
0.000688297
0.000749851
0.000687332
0.000684564
0.00064096
0.000631489
0.000613083
0.00082997
0.000647976
0.000846358
0.00060058
0.000627218
0.000602281
0.000581384
0.000617332
0.000594584
0.000626561
0.000589115
0.000604352
0.000638987
0.000635987
0.000587957
0.000586003
0.000589971
0.000582467
0.000701998
0.000646673
0.000742483
0.00074256
0.000656037
0.000590389
0.000665084
0.00152711
0.000632097
0.000607394
0.000694934
0.00058866
0.000581341
0.000829455
0.000577843
0.00062915
0.000583263
0.000596272
0.000653843
0.000802437
0.000598536
0.000650831
0.000633148
0.00058625
0.000614628
0.000583334
0.000682235
0.000585757
0.000584652
0.000634908
0.000632672
0.000583074
0.000687179
0.000886038
0.000860813
0.000672045
0.000676944
0.00067302
0.000614635
0.000610481
0.000632293
0.000698251
0.000582713
0.000588506
0.000577468
0.000690197
0.000710353
0.000998421
0.000707789
0.000653444
0.000637619
0.00061985
0.000583782
0.000582271
0.00061155
0.000717245
0.000609747
0.000621243
0.000586527
0.000649286
0.000587878
0.000620991
0.000621044
0.000698674
0.000621358
0.000688158
0.000691698
0.000634963
0.000697927
0.000694752
0.000961374
0.000679289
0.000762227
0.000622183
0.000590556
0.000603087
0.000629915
0.000683579
0.000713533
0.000721164
0.000589106
0.000665577
0.000582682
0.000653571
0.000664583
0.00059097
0.000584536
0.000676854
0.000584535
0.000617528
0.000584309
0.000576833
0.000641818
0.000579757
0.000670962
0.000772658
0.000698908
0.000614883
0.000890938
0.000585838
0.000620546
0.000597877
0.000631728
0.000622871
0.000727312
0.000769219
0.000606115
0.000602816
0.000956578
0.000586029
0.000672908
0.00072246
0.000584921
0.000645269
0.000578959
0.000588855
0.000584233
0.000690365
0.000594349
0.000605839
0.000581504
0.000579452
0.000582151
0.00057801
0.000576019
0.000572674
0.000631403
0.000698172
0.000601695
0.000665234
0.000701342
0.000685246
0.000599736
0.0005761
0.000605221
0.000661434
0.000690611
0.000603172
0.000615244
0.000606731
0.00062306
0.000699982
0.00058124
0.000629635
0.000585195
0.000605186
0.000688359
0.00058528
0.000615923
0.000603221
0.000594989
0.000575719
0.000587278
0.000598008
0.000589437
0.00059712
0.000585958
0.000598442
0.000605
0.000609914
0.000862309
0.000708292
0.000658804
0.000827932
0.000907698
0.000704916
0.000632883
0.00071587
0.000690972
0.000812899
0.000661492
0.000578399
0.000583103
0.000588231
0.000594391
0.000792321
0.000662976
0.000720192
0.000756343
0.000581335
0.000580008
0.000692744
0.000596346
0.000579567
0.000577249
0.000594574
0.000632597
0.000578965
0.000613122
0.000573236
0.000629478
0.000580266
0.000869239
0.000605443
0.000616909
0.000585654
0.000778241
0.000838543
0.00063966
0.000604295
0.000706753
0.000587624
0.000642127
0.000581327
0.000584215
0.00059408
0.000892727
0.000719291
0.000644841
0.000690739
0.000695305
0.000635313
0.000632867
0.00072693
0.000617158
0.000623772
0.000660807
0.000672703
0.000581201
0.000581264
0.000615627
0.000581907
0.000588919
0.000722212
0.000775065
0.000582001
0.000577652
0.000588475
0.000827041
0.00078622
0.000632625
0.000951382
0.000853351
0.000745469
0.00060842
0.000593399
0.000598627
0.000675265
0.00083295
0.000673377
0.000604912
0.000888095
0.000611071
0.000642141
0.000704807
0.000698284
0.000583158
0.000685422
0.000645857
0.000594739
0.000919743
0.000658953
0.000605449
0.000771926
0.000649331
0.000581392
0.000573271
0.000706326
0.000605429
0.000714216
0.000791388
0.000711565
0.000717465
0.000690397
0.000580971
0.000608166
0.000610794
0.000585206
0.00106323
0.000864142
0.000609259
0.000854573
0.000600512
0.000600846
0.000645922
0.000651013
0.000606706
0.000614827
0.000719805
0.000609523
0.000628909
0.00063051
0.000629799
0.00064457
0.000604079
0.000678051
0.00066515
0.000671995
0.000587602
0.00094438
0.000639646
0.000736609
0.000639799
0.000592682
0.000845
0.000715124
0.000676265
0.000764532
0.000586845
0.000676277
0.000639319
0.000673068
0.000949613
0.000606348
0.00061033
0.000695734
0.000634566
0.000580111
0.000610521
0.000622687
0.000627441
0.000586947
0.000573776
0.000576095
0.000576232
0.000581898
0.000732716
0.000759657
0.000618604
0.000581844
0.000583515
0.000624287
0.000689151
0.00065914
0.00060781
0.000644402
0.000745218
0.000707496
0.00057116
0.000655021
0.000625349
0.000580655
0.000915043
0.000679697
0.000704021
0.00064626
0.000697061
0.000577978
0.000588276
0.000576133
0.000617542
0.000578889
0.000627575
0.000574899
0.000580922
0.000619264
0.000606384
0.000706454
0.000578279
0.000575828
0.000585156
0.000583041
0.000587315
0.000652068
0.000678187
0.000665096
0.000707337
0.000622628
0.000578386
0.000698092
0.00110107
0.000624817
0.00063329
0.000604975
0.000784263
0.000664599
0.000671584
0.000664383
0.000785092
0.000583491
0.000577522
0.000703378
0.000713303
0.000579758
0.000643007
0.000592641
0.000584263
0.000608565
0.000617023
0.000616312
0.000682264
0.000633854
0.000580692
0.000586862
0.000633903
0.000641879
0.000599398
0.000582297
0.000643785
0.000657377
0.000607257
0.000716368
0.000778493
0.000656868
0.000629498
0.000605366
0.000650814
0.000735421
0.00061133
0.000905934
0.000576548
0.000645729
0.000771086
0.000611975
0.000572725
0.000580819
0.000579789
0.000577917
0.000633296
0.000621456
0.000593545
0.000587051
0.000806777
0.000849068
0.000580493
0.000587587
0.000605613
0.000585954
0.000590232
0.000588116
0.000675255
0.00059754
0.000818704
0.000722376
0.000631284
0.000582662
0.000610159
0.000603847
0.000620486
0.00076985
0.000781684
0.000732852
0.00086479
0.000654269
0.000614887
0.000668737
0.000599401
0.000674059
0.000652423
0.000579754
0.000822598
0.000571982
0.000588239
0.00058123
0.000726898
0.000648272
0.000583958
0.000594819
0.00061979
0.000586248
0.000615003
0.000655837
0.000657803
0.000642037
0.000593972
0.000760056
0.000643978
0.000619147
0.000607837
0.000622165
0.00075186
0.000647701
0.000693328
0.000671646
0.000601727
0.000584318
0.000673157
0.00058711
0.000587463
0.00068293
0.000588036
0.000740243
0.00058695
0.000682996
0.000812242
0.000584322
0.000753214
0.000599172
0.000591794
0.000642209
0.000579247
0.000656961
0.000610875
0.000597194
0.000828811
0.000585934
0.00063109
0.00100043
0.000707367
0.000656373
0.000789517
0.000723968
0.000759019
0.000966942
0.000839584
0.000715016
0.00104308
0.00067795
0.000587886
0.000612972
0.00068479
0.000603353
0.000606265
0.000582173
0.000622498
0.000707871
0.000800252
0.00057808
0.000576142
0.000592849
0.000650845
0.000573902
0.00079994
0.000654991
0.000709626
0.000697098
0.000625502
0.000857357
0.000619046
0.000575937
0.000589441
0.000582634
0.0006556
0.000594363
0.000671088
0.000589699
0.000597299
0.000639388
0.000593962
0.000580834
0.000578885
0.00057813
0.000572263
0.000644574
0.00057568
0.000615429
0.000571416
0.000587743
0.000585616
0.000583275
0.000626606
0.000574772
0.000591387
0.000589158
0.000588138
0.000630008
0.000592144
0.000639471
0.000594009
0.000612915
0.000883287
0.000637532
0.000585491
0.000612244
0.000680079
0.000799223
0.000584007
0.000653215
0.000599057
0.000605943
0.000626247
0.000624888
0.000584431
0.000624969
0.000722528
0.000694713
0.000574647
0.00060066
0.000578274
0.000622691
0.000583728
0.000600489
0.000584033
0.000572927
0.000583015
0.000653863
0.000594787
0.000695941
0.000581449
0.000587815
0.000690061
0.000648613
0.000670199
0.00091885
0.00077895
0.000625674
0.000581051
0.000578674
0.000635633
0.000645177
0.000687676
0.00077158
0.000612412
0.000579373
0.000604811
0.000623191
0.000673044
0.000596874
0.000593149
0.000689184
0.000582556
0.000633345
0.000583799
0.000645215
0.000582174
0.000681335
0.000657939
0.000590988
0.000587555
0.000582249
0.000597975
0.0005887
0.000654134
0.000582537
0.000900228
0.000580915
0.00058534
0.000692735
0.000645549
0.000608889
0.000597637
0.000755606
0.000628792
0.000659164
0.000607455
0.000655095
0.00064559
0.000602428
0.000601422
0.000586904
0.000584957
0.000630684
0.000578978
0.00058781
0.000587762
0.000591112
0.000614514
0.000670361
0.000672563
0.000685406
0.000608083
0.000578142
0.000574782
0.000583871
0.000642821
0.000622589
0.000599127
0.000705108
0.000785916
0.000610437
0.0005977
0.000686746
0.000727429
0.000581546
0.000643596
0.000616442
0.000581249
0.00084508
0.000642884
0.000630875
0.000782599
0.000586183
0.000585707
0.000632541
0.000633066
0.000582394
0.000581872
0.000677706
0.000666957
0.00057028
0.000706601
0.00070831
0.000590864
0.000578244
0.000587374
0.000601881
0.000649725
0.000601643
0.000645065
0.000615033
0.000607115
0.000887408
0.000642324
0.000575433
0.00075916
0.000655375
0.000632946
0.000639109
0.000686186
0.00061229
0.000604888
0.000635263
0.000702458
0.000634151
0.000583956
0.000635002
0.000577619
0.000577687
0.000632193
0.00064157
0.000575109
0.000575041
0.000605131
0.000736835
0.000772626
0.000620442
0.000639092
0.000584947
0.000599383
0.000752673
0.000779548
0.000577021
0.000604409
0.000782206
0.000763722
0.000612237
0.000604966
0.000654867
0.000638299
0.000610783
0.000614309
0.00059862
0.000586975
0.000735642
0.000649642
0.000700857
0.000611944
0.000628075
0.000587718
0.000594652
0.000585455
0.000581843
0.000621706
0.000610344
0.000645544
0.000710362
0.000597797
0.000725758
0.000638924
0.000582063
0.000586357
0.000756793
0.000588573
0.000683726
0.000796182
0.000609599
0.000645769
0.00098164
0.00062554
0.000582381
0.000683489
0.000754814
0.000639779
0.0005935
0.00060024
0.000711634
0.000682793
0.000664358
0.000585955
0.00059998
0.000584315
0.000612343
0.000574991
0.00066581
0.000606802
0.000577937
0.000593138
0.000580006
0.000626541
0.000576845
0.000640183
0.000589085
0.000611155
0.000644055
0.000585928
0.000578871
0.000575741
0.000625995
0.000618472
0.000582279
0.000648975
0.000740434
0.000628478
0.000621569
0.000668999
0.000612021
0.000746303
0.000602621
0.000729196
0.000587553
0.000583991
0.000573966
0.000683886
0.000648217
0.000608782
0.000603785
0.000612402
0.000598546
0.000606225
0.00059057
0.000601116
0.000598418
0.000602235
0.000657216
0.000651964
0.000597719
0.000688606
0.000612433
0.000581034
0.000577573
0.000575422
0.000655599
0.000575337
0.00059493
0.000649052
0.00074014
0.000594444
0.000592129
0.000646533
0.000653765
0.000597941
0.000605274
0.0006367
0.000811403
0.000592473
0.000657722
0.000622355
0.00062261
0.0006748
0.000710292
0.000613725
0.00060678
0.000597092
0.000601974
0.00058795
0.000608189
0.000674876
0.000813883
0.000578222
0.000583293
0.000572213
0.000596837
0.000600547
0.000613256
0.000577356
0.000604161
0.000571637
0.000585476
0.000587653
0.000654743
0.000608749
0.000620172
0.000704972
0.000755268
0.000609523
0.000605403
0.000605239
0.000579531
0.000608159
0.000777687
0.000582396
0.000577454
0.000661616
0.000667891
0.000660248
0.000632323
0.000602551
0.000609447
0.000710159
0.000658646
0.000591533
0.000601089
0.000579853
0.000645932
0.00060191
0.000594148
0.000584981
0.000649097
0.000661865
0.000665259
0.000604774
0.000663152
0.00104677
0.000698751
0.000731383
0.000906372
0.000609572
0.000759412
0.000634629
0.000580089
0.000807457
0.000576164
0.000580961
0.000635948
0.000641604
0.000625685
0.000667005
0.000579001
0.000571004
0.000579345
0.000581165
0.000771612
0.000707755
0.000587915
0.000593992
0.000584644
0.000582418
0.000600882
0.000602385
0.000593178
0.000585273
0.000783415
0.000577799
0.000594045
0.000671868
0.000698154
0.000589486
0.000614122
0.000797458
0.000588696
0.000629593
0.000874568
0.000617342
0.000595255
0.000686046
0.000583777
0.000585227
0.000632069
0.000667928
0.000609764
0.000636937
0.000593111
0.000696734
0.000723618
0.000640057
0.000580082
0.000633974
0.000580348
0.000584025
0.000629306
0.000581104
0.000611364
0.000579329
0.000616802
0.00069929
0.000589828
0.000576434
0.000702255
0.000595449
0.00060288
0.000602605
0.000691543
0.000639569
0.000794524
0.000722646
0.000580019
0.000645916
0.000598446
0.000585316
0.000624226
0.000590338
0.000750821
0.000599512
0.00060472
0.000610899
0.00062468
0.000603643
0.000576118
0.000608499
0.000580527
0.000580052
0.000580161
0.000583206
0.000637084
0.000769298
0.000619272
0.000607539
0.00067805
0.000654761
0.000588493
0.000738833
0.00065324
0.000608385
0.000647653
0.000600186
0.000595138
0.000817506
0.000648483
0.000706442
0.000624124
0.000591014
0.000711571
0.000604584
0.000655981
0.00057151
0.000619953
0.00058818
0.000611487
0.000588297
0.0006489
0.000578954
0.000574298
0.000583523
0.000580284
0.000598973
0.000596925
0.000584997
0.000593278
0.000577058
0.000637109
0.000634699
0.000703736
0.0005783
0.000623216
0.000604744
0.000822714
0.000619547
0.000684591
0.000800564
0.00077176
0.00122502
0.00113505
0.000614112
0.000587653
0.000616223
0.000595286
0.000581742
0.000695158
0.000694414
0.000606678
0.000652463
0.00057008
0.000626175
0.000580987
0.000575693
0.000626343
0.000613521
0.00066098
0.00061545
0.000760261
0.000578958
0.000594331
0.000596842
0.000730699
0.000613534
0.000590512
0.000603232
0.000654501
0.000825153
0.000711097
0.000850616
0.000607091
0.000643519
0.000628304
0.000592172
0.000589824
0.00057983
0.000594699
0.000599566
0.000892401
0.000573505
0.000678626
0.000641474
0.000601974
0.000690445
0.00063887
0.000616496
0.00070023
0.00058135
0.000624348
0.000625141
0.000579902
0.000635303
0.000599894
0.000583377
0.000658434
0.000600204
0.000577023
0.000603425
0.000589676
0.000738951
0.00082249
0.000619276
0.000641525
0.000674284
0.000726357
0.000576138
0.000700312
0.000611022
0.000623854
0.000651089
0.000670838
0.00058445
0.000675799
0.000592501
0.00057985
0.00062963
0.000609062
0.000684263
0.000849479
0.000597524
0.000668557
0.000651486
0.000597963
0.00058518
0.000587782
0.000606116
0.000600509
0.000571888
0.000659031
0.000594753
0.000603804
0.000572729
0.000628069
0.000703113
0.000581608
0.000685537
0.000756045
0.00109824
0.000638062
0.000632932
0.000725157
0.00105456
0.000732422
0.000626166
0.000617863
0.000695249
0.000652307
0.000706626
0.000886595
0.000584085
0.000598259
0.000603313
0.000621217
0.000583076
0.000685696
0.000576698
0.00063542
0.000623558
0.000670786
0.000582072
0.00067023
0.00067216
0.000588388
0.000607171
0.000622827
0.000791437
0.000961868
0.000654525
0.00057998
0.000704156
0.000620916
0.000579256
0.000730022
0.000846338
0.000622195
0.000596609
0.000626549
0.000579528
0.000586678
0.000666858
0.000671157
0.000655806
0.000585035
0.000581632
0.000592515
0.000579827
0.000579574
0.000630082
0.00073946
0.000642066
0.000601278
0.000689381
0.000620558
0.00057814
0.000575027
0.000589731
0.000586104
0.000705744
0.000659874
0.000790497
0.000587463
0.000760157
0.000581057
0.000637483
0.000642817
0.000648866
0.000608754
0.000574018
0.000603507
0.000581908
0.000673514
0.000623585
0.000956817
0.000698406
0.00058364
0.000575933
0.000581951
0.000582797
0.000573359
0.000574808
0.000572998
0.000582957
0.000623685
0.000612282
0.000583173
0.000580089
0.000579309
0.000585827
0.000583059
0.000711111
0.00058769
0.000624344
0.000587355
0.000804092
0.000762445
0.000582565
0.000598939
0.000679348
0.000633967
0.000613352
0.00058108
0.000609474
0.000606071
0.000630165
0.000657233
0.000610785
0.000601803
0.000573296
0.00057613
0.000653815
0.000636829
0.000602268
0.000612128
0.000582946
0.000619766
0.000639721
0.000626733
0.000575033
0.000574499
0.00061425
0.000584994
0.000593175
0.000646473
0.00058739
0.00064448
0.000720982
0.000920452
0.000759426
0.000580553
0.0006629
0.000640509
0.0005832
0.000601466
0.00061512
0.000587427
0.000663087
0.000666265
0.000682173
0.000632592
0.000577552
0.000575
0.000759948
0.000584665
0.000608645
0.000582701
0.000700513
0.000669034
0.0006387
0.000657243
0.000764284
0.000583382
0.000632456
0.000608235
0.000602415
0.000663518
0.000763857
0.000592506
0.000678458
0.000640512
0.000648093
0.000583238
0.000580506
0.000575414
0.000607586
0.000678273
0.000584042
0.000577529
0.000635644
0.000580148
0.000594618
0.000600149
0.00058625
0.000676707
0.000580933
0.000571754
0.000581119
0.000617352
0.000621637
0.000583782
0.000663314
0.000640672
0.000671888
0.000607374
0.000607391
0.000638785
0.000645352
0.000594562
0.000596987
0.00069526
0.000610251
0.000587487
0.000604362
0.000640784
0.000629098
0.000580587
0.000598648
0.000603009
0.00061213
0.00062447
0.000609218
0.000582661
0.000592944
0.000586783
0.000576877
0.000582421
0.00069062
0.000610971
0.00062591
0.000639456
0.000608098
0.000861853
0.000597903
0.000849719
0.000614029
0.000575373
0.000643974
0.000579718
0.000581072
0.00069463
0.000649238
0.000802817
0.000636415
0.000664397
0.000608697
0.000598259
0.000646269
0.000776194
0.000615287
0.00060314
0.000731832
0.000795513
0.000585426
0.000576225
0.000640849
0.000652991
0.000603928
0.000761691
0.000638428
0.000576697
0.000614866
0.000622204
0.000601792
0.000660816
0.00065468
0.000911087
0.000734724
0.000831357
0.000632039
0.000622253
0.000961317
0.000657775
0.000664567
0.000777311
0.000671765
0.000882609
0.000689746
0.000646437
0.00065409
0.000612669
0.000726858
0.000679862
0.00067798
0.0008426
0.00066148
0.000617061
0.000713692
0.000619758
0.000808705
0.000753521
0.000648216
0.000931148
0.0007845
0.000850435
0.00062106
0.000682023
0.000843076
0.000581733
0.00058591
0.000589274
0.000692918
0.000768941
0.000941912
0.000714293
0.000803501
0.000632851
0.000628683
0.000943453
0.000650013
0.000624906
0.000630654
0.000584784
0.000606475
0.000674664
0.000643087
0.000584076
0.00073152
0.00068562
0.000580111
0.000581709
0.000609184
0.000696626
0.000663467
0.000825013
0.000623104
0.00060705
0.000762666
0.000627386
0.000613796
0.000651764
0.000675945
0.000987159
0.000781309
0.000740502
0.000601331
0.000594078
0.000617567
0.000712453
0.000586609
0.000655524
0.000600711
0.000644533
0.000613496
0.000589964
0.000750663
0.000579513
0.00063407
0.000611322
0.000675278
0.000665457
0.0007333
0.000842598
0.000639383
0.000611254
0.000741613
0.000632982
0.00060593
0.000683728
0.00064071
0.00108344
0.000663272
0.000847222
0.000944302
0.000741838
0.000975519
0.000743051
0.000824516
0.000702217
0.000697853
0.000590507
0.000652042
0.000598583
0.000574301
0.000592052
0.000588684
0.00064804
0.0006048
0.000917893
0.000712071
0.000608821
0.000586663
0.000599684
0.000741535
0.000965266
0.000727839
0.000898832
0.000631515
0.000635835
0.000656921
0.000681108
0.000628609
0.000697788
0.000746383
0.000615603
0.000714802
0.000682119
0.000591907
0.00093901
0.000876314
0.00090181
0.000675585
0.000657472
0.000592863
0.000767109
0.000597256
0.000587341
0.00105516
0.000642541
0.000633349
0.000744863
0.000639596
0.000739529
0.00131341
0.000718267
0.000739403
0.000618864
0.000585833
0.00065782
0.000586722
0.000707645
0.000685514
0.000661877
0.000689395
0.000702054
0.000587104
0.000618179
0.000721387
0.00059268
0.0005965
0.000591417
0.000616417
0.000634545
0.000618808
0.000625656
0.000630884
0.000576521
0.000668246
0.000595447
0.000785176
0.00064513
0.000573244
0.000576646
0.000663958
0.000824777
0.000724315
0.000782717
0.000600678
0.000591264
0.000658185
0.000581535
0.000673844
0.000715781
0.000589223
0.000690473
0.000584653
0.00057857
0.000640482
0.000587778
0.000609795
0.000840073
0.000715662
0.000762188
0.000581088
0.000618793
0.00057487
0.000582477
0.000707803
0.00108611
0.000648336
0.000640533
0.000597678
0.000722814
0.0010148
0.000876565
0.000696546
0.000621911
0.000604052
0.000670594
0.000647987
0.000587373
0.00099343
0.000599463
0.000640646
0.000584786
0.00061903
0.000708468
0.000595569
0.000631229
0.000632285
0.000775537
0.00069077
0.000590414
0.000649075
0.000658415
0.000646172
0.000577373
0.000580688
0.00073653
0.00077356
0.000588358
0.000758958
0.00066182
0.000624697
0.000926941
0.000630748
0.000590885
0.000614535
0.000626301
0.000579397
0.00067975
0.000598275
0.000672875
0.000666782
0.000632009
0.000608025
0.000677918
0.000670697
0.000617874
0.00069171
0.000596184
0.000720949
0.000728399
0.00072479
0.000587681
0.00059475
0.00058996
0.00057989
0.000585209
0.000680713
0.000574282
0.000583342
0.000649003
0.000577646
0.000586097
0.000579736
0.00057593
0.000652947
0.000637733
0.000683842
0.000583272
0.000601024
0.000701294
0.000983811
0.00073784
0.000649029
0.000602858
0.000581778
0.000694191
0.000583371
0.000638078
0.000589914
0.000594006
0.000596899
0.000573397
0.00070515
0.000574781
0.000673923
0.00058497
0.000904588
0.000704134
0.000575663
0.000674359
0.000638779
0.000582443
0.000611795
0.000775037
0.000624078
0.000583468
0.000679294
0.000601442
0.00060543
0.000615942
0.000613688
0.000617868
0.00066009
0.000576616
0.000619833
0.00063241
0.000576613
0.0006407
0.000630058
0.000686873
0.000633826
0.000604742
0.000627514
0.000656245
0.000585126
0.000584167
0.00066284
0.000652017
0.000741882
0.000583096
0.0005784
0.000588283
0.000582235
0.000645485
0.0006132
0.000574788
0.000613684
0.000760479
0.000694356
0.000817194
0.000743623
0.000626972
0.000776831
0.000623449
0.000608907
0.000689146
0.000719679
0.000775402
0.000674806
0.000599028
0.000824069
0.000581046
0.000628247
0.000579501
0.000601626
0.000583668
0.000579221
0.000595921
0.000660581
0.000646001
0.000580755
0.000835397
0.000600818
0.000583804
0.00068186
0.000753627
0.00061188
0.000579784
0.000661096
0.000578038
0.000608388
0.000677331
0.000869712
0.000669512
0.000647947
0.000587527
0.000627129
0.00059361
0.000608395
0.000634137
0.000604645
0.000604458
0.000630689
0.000725221
0.000578093
0.000578811
0.000577754
0.000601138
0.000591495
0.000576295
0.000585351
0.00057458
0.000582533
0.000635934
0.000581277
0.000598531
0.000580624
0.000805142
0.000678548
0.000598418
0.00057443
0.000592884
0.000686529
0.000587019
0.000741785
0.000829886
0.000588235
0.000585132
0.000584254
0.000583908
0.000647141
0.000578609
0.000624761
0.000714348
0.00058235
0.00058866
0.000641741
0.000650551
0.000628419
0.00059687
0.000587621
0.000591772
0.000581879
0.000585501
0.000583568
0.000708317
0.000762288
0.00058565
0.000592822
0.000594589
0.000706553
0.000626732
0.000602745
0.000591261
0.000586551
0.000777399
0.000725601
0.000608142
0.000617388
0.000603715
0.000643387
0.000590494
0.000614829
0.000588537
0.000662453
0.000636032
0.000621762
0.000639492
0.000672033
0.000607305
0.000573761
0.000586491
0.000707805
0.00057889
0.000677341
0.000608008
0.000616196
0.000802716
0.000584353
0.000664404
0.000616273
0.000678985
0.00063662
0.000601103
0.00058453
0.000585274
0.000618252
0.000662982
0.000572037
0.000653641
0.000599721
0.000586537
0.000792639
0.000662872
0.000579808
0.000718131
0.000728899
0.000638722
0.000660902
0.000650816
0.000581735
0.000842422
0.000587622
0.000577099
0.000688555
0.000637499
0.000652114
0.000709666
0.000581581
0.000586675
0.000625585
0.000658212
0.000642274
0.000638472
0.000596111
0.000584279
0.000588617
0.000581522
0.000599675
0.000570263
0.000634276
0.00060103
0.00063575
0.000645974
0.00065142
0.000586765
0.000617896
0.000803833
0.000643365
0.000578011
0.000611425
0.000605071
0.000591428
0.000592137
0.000605941
0.000660119
0.00064274
0.000586217
0.000578187
0.000611255
0.000587559
0.000588105
0.000601836
0.000577747
0.000673239
0.000613323
0.000612668
0.000683794
0.000645479
0.000580656
0.000578452
0.000589537
0.000652481
0.00062996
0.000604684
0.000626316
0.000664142
0.00060832
0.000603101
0.000586971
0.000591407
0.000575669
0.000659271
0.0007075
0.000694347
0.000583669
0.000596967
0.000618391
0.000630143
0.000576633
0.000572213
0.000609026
0.00058392
0.000633783
0.000658194
0.000585934
0.000588395
0.000605362
0.000617413
0.000612747
0.000690218
0.000576697
0.000698924
0.000636914
0.000577308
0.000597627
0.000584312
0.000602083
0.000637472
0.000960688
0.000652073
0.000578085
0.000579393
0.000617739
0.000587847
0.00081246
0.000589964
0.000642378
0.000795534
0.000616812
0.000589326
0.00075366
0.000696188
0.000957505
0.000949488
0.000852116
0.000655717
0.000609608
0.000591362
0.000681133
0.00106163
0.000666708
0.000864677
0.000615277
0.000577938
0.000592082
0.000595081
0.000596759
0.000679543
0.000613855
0.000699849
0.000629491
0.000711498
0.000615575
0.000747598
0.000741228
0.000668547
0.00059888
0.000659227
0.000640177
0.000779459
0.00082627
0.000772734
0.000648688
0.000593454
0.000605959
0.000614419
0.000578452
0.000572635
0.000579551
0.000623945
0.00057492
0.000679705
0.000676213
0.000617431
0.000583767
0.000593071
0.000754479
0.000700639
0.000693913
0.00088907
0.0007432
0.000579472
0.000579582
0.000618419
0.000669782
0.000587528
0.000766794
0.000627223
0.000580907
0.000596845
0.000684843
0.000621433
0.00058274
0.000670637
0.000576563
0.000591334
0.000584535
0.000624519
0.000590834
0.000577019
0.000587433
0.000584886
0.000631738
0.000675364
0.00075718
0.000627677
0.000708458
0.000619964
0.000589548
0.000583313
0.000579934
0.000690031
0.000736102
0.000644933
0.000585947
0.000587027
0.000582751
0.000866477
0.000608662
0.000668722
0.000601454
0.000658072
0.0006769
0.000666854
0.000579368
0.000634714
0.000723204
0.000610332
0.000588406
0.000588398
0.000602293
0.000630355
0.000583014
0.000619385
0.000590313
0.00100358
0.000595895
0.000869855
0.000597518
0.000636843
0.000609975
0.000707339
0.00104035
0.000653129
0.000641668
0.000691818
0.000625584
0.000648814
0.000591192
0.000635133
0.000700426
0.00075338
0.000584238
0.000583838
0.0007397
0.000737495
0.000630614
0.000624855
0.000640203
0.000703921
0.000642248
0.000694391
0.000715401
0.000683596
0.000601077
0.000584624
0.000640612
0.000607018
0.000645055
0.000706155
0.000584905
0.000757572
0.000943103
0.00149527
0.000721211
0.000675479
0.000624005
0.000625255
0.000896936
0.000630389
0.000880072
0.000785872
0.000587804
0.000660934
0.000645767
0.000585125
0.000684306
0.00058559
0.000627532
0.000594202
0.000575261
0.000683068
0.000721779
0.000645178
0.00063654
0.000663898
0.000751654
0.000580604
0.000651733
0.000683905
0.000693226
0.000580902
0.000602657
0.000644706
0.000597867
0.000765702
0.000637916
0.000586477
0.00063339
0.000598921
0.000724361
0.000583996
0.000630883
0.000628617
0.000578003
0.000615489
0.000623531
0.000609696
0.000587883
0.000583258
0.000578321
0.000699635
0.000574073
0.000575442
0.0006844
0.000575866
0.00057292
0.000571257
0.000571845
0.000722299
0.00072208
0.000651055
0.000619587
0.000618128
0.000842891
0.000621131
0.000701979
0.000587848
0.000657736
0.000750736
0.000606295
0.000634348
0.000745905
0.000616766
0.00058395
0.000607886
0.00058185
0.000582203
0.000725227
0.000632524
0.000605325
0.00064931
0.000578941
0.000597093
0.000585051
0.000590164
0.000582083
0.000586897
0.000588791
0.000572672
0.000590603
0.000577369
0.000723737
0.00102426
0.000738886
0.000580858
0.000605327
0.000601378
0.000910139
0.000614899
0.000631586
0.000610539
0.000589369
0.000603176
0.000703011
0.000596083
0.00074335
0.000585463
0.000634483
0.000613586
0.000700694
0.000623032
0.00060114
0.000797366
0.000593164
0.000588852
0.00068349
0.000622808
0.000732764
0.000583912
0.000603022
0.000580405
0.000620968
0.000718383
0.000703363
0.000667747
0.000755994
0.000863153
0.000636146
0.000632876
0.000703006
0.000739412
0.000723791
0.000583686
0.000577851
0.000635854
0.000626009
0.000591423
0.000643543
0.000623665
0.000585387
0.000628467
0.000596063
0.000579388
0.000581469
0.000594449
0.00057959
0.000578189
0.000574956
0.000592155
0.000594023
0.000581532
0.000723342
0.000608163
0.000576677
0.000590137
0.000590885
0.000593263
0.000585581
0.000637119
0.000696192
0.000637621
0.000589117
0.000639274
0.000647236
0.000602938
0.000622525
0.000722451
0.000636892
0.000624194
0.00059274
0.000609546
0.000849418
0.00061296
0.000751225
0.00078346
0.000744789
0.00060825
0.000578229
0.000625561
0.000590597
0.000577028
0.000672465
0.000578485
0.000608504
0.000577637
0.000587872
0.000576117
0.000586797
0.000692636
0.000637007
0.000632193
0.000630758
0.000714659
0.000603904
0.00099473
0.000790795
0.000601597
0.000632129
0.000617477
0.000592325
0.000702
0.000608548
0.000743049
0.00063026
0.000592973
0.000745287
0.000670002
0.00057633
0.000582681
0.000701192
0.000591865
0.000583902
0.000579989
0.000591349
0.00059147
0.000680718
0.000574815
0.000589893
0.000599744
0.000601874
0.000640683
0.000610366
0.000659661
0.000894275
0.000979026
0.000627583
0.000584278
0.000891719
0.00060425
0.000603757
0.000576758
0.000611966
0.000734477
0.000734588
0.000583591
0.000880635
0.000778021
0.000635347
0.000646374
0.000622631
0.000581729
0.000581044
0.000602929
0.000583841
0.000579244
0.00058119
0.00057868
0.00057764
0.000616218
0.000616624
0.000589248
0.000588185
0.000600312
0.0006563
0.000586849
0.000653284
0.000761977
0.000584949
0.000650724
0.000591401
0.000713124
0.000676766
0.000582213
0.000632893
0.000580386
0.000628103
0.000585861
0.00061893
0.000639006
0.000618451
0.000869517
0.000803906
0.000599428
0.000590276
0.000757235
0.000579448
0.000584359
0.000669512
0.000681653
0.000660936
0.000642752
0.000578231
0.000580081
0.000707737
0.000595785
0.000677207
0.000651086
0.000640032
0.00071866
0.000946638
0.0006738
0.000838544
0.000620356
0.000640949
0.000787241
0.000575272
0.000577257
0.000904255
0.000659048
0.00085099
0.000646047
0.000619137
0.000700611
0.000580493
0.000610225
0.000638733
0.000581316
0.000580386
0.000573032
0.000633499
0.000750944
0.000610821
0.000615385
0.000585444
0.000594751
0.000622699
0.000699617
0.00083396
0.000681918
0.000807077
0.000691526
0.000645032
0.00067785
0.000653747
0.000968221
0.00058982
0.000604438
0.000627456
0.000606241
0.000591089
0.000676509
0.000643224
0.000624578
0.000759381
0.00059387
0.000588808
0.000704078
0.000629814
0.00058078
0.000628376
0.000625166
0.000600529
0.000603686
0.000579717
0.000572803
0.000617775
0.000722159
0.000703428
0.000642769
0.000636386
0.000636805
0.000635266
0.000669708
0.000662177
0.000598027
0.000636214
0.000655694
0.000635549
0.000574938
0.000598666
0.00058372
0.000573724
0.000599829
0.000663842
0.000627155
0.000581874
0.000695422
0.000600945
0.000607588
0.000577839
0.000575452
0.000645782
0.00059529
0.00063087
0.000580878
0.000574569
0.00070927
0.000598247
0.000605662
0.00068897
0.000656567
0.000628983
0.000575487
0.00072051
0.000616683
0.000598005
0.000769736
0.000659171
0.000776685
0.000837753
0.00058827
0.00058835
0.000593155
0.000616566
0.000724459
0.000636994
0.000711057
0.000674717
0.00063196
0.000771514
0.000586717
0.000621376
0.000612498
0.000644209
0.000686758
0.000610566
0.000579278
0.000568123
0.000571079
0.000590153
0.000576861
0.000577556
0.000707519
0.000599413
0.000585585
0.000612694
0.000598189
0.000600584
0.000597529
0.000686751
0.000610831
0.000971023
0.000774253
0.000666626
0.000577504
0.000598723
0.000605123
0.00066716
0.000654518
0.000680177
0.000695709
0.000732614
0.000784936
0.000692604
0.000621214
0.00060147
0.000590711
0.000608969
0.000600007
0.000586631
0.000771166
0.000605956
0.000596593
0.000606891
0.000615751
0.000586791
0.0006345
0.000633474
0.000716238
0.000583956
0.000668056
0.000589502
0.000600586
0.000755788
0.000875637
0.000818546
0.000588155
0.000620888
0.000602665
0.000682799
0.000662237
0.000708401
0.000637258
0.000760644
0.000596563
0.000604651
0.000608986
0.000629559
0.000636048
0.000607745
0.000590078
0.000584705
0.000593024
0.000581497
0.000579007
0.000583672
0.000582841
0.000578575
0.0006668
0.000576858
0.000575285
0.000581353
0.000640521
0.000691731
0.000712796
0.000857034
0.000748951
0.000639599
0.000606303
0.000675306
0.000605572
0.000581877
0.000700382
0.000662499
0.000612184
0.000597673
0.000648253
0.000961686
0.000591891
0.000678177
0.000684747
0.000582878
0.000588185
0.000723892
0.000586372
0.000587199
0.000609699
0.000637835
0.000613186
0.000581722
0.000659941
0.000754988
0.000610079
0.000628778
0.000705462
0.000630481
0.000595748
0.000677293
0.000595582
0.000594758
0.000607112
0.000675091
0.000698704
0.000599608
0.000651027
0.00073785
0.000798417
0.000578335
0.00068411
0.000722435
0.000572832
0.000639373
0.00063691
0.000583023
0.000580579
0.000594299
0.000582517
0.000577426
0.000576083
0.000575443
0.0005783
0.000592078
0.000577343
0.000697862
0.000703113
0.000586936
0.000593049
0.000650113
0.000640642
0.00059978
0.000585708
0.000603197
0.000602344
0.000623234
0.000622842
0.000758666
0.000637449
0.000581239
0.000607386
0.000634168
0.000807134
0.000609929
0.000757486
0.000579065
0.000574248
0.000662698
0.000718499
0.000579024
0.000583619
0.000598489
0.000603614
0.000641034
0.000640746
0.000571501
0.000583001
0.00058099
0.000632144
0.00061399
0.00058544
0.000593496
0.000676136
0.000585037
0.000626252
0.000603054
0.000602192
0.000590671
0.000693341
0.000624185
0.000671616
0.000762421
0.000623337
0.000618527
0.000689582
0.000639631
0.000627877
0.000724353
0.000589715
0.000622272
0.000686307
0.000578077
0.00063844
0.000583956
0.000602892
0.000629902
0.000628939
0.000586401
0.000582981
0.000577863
0.000603974
0.00059093
0.000630179
0.0006411
0.00058006
0.000583812
0.00059073
0.000621803
0.000580529
0.000577947
0.000607473
0.000649342
0.000686496
0.000595024
0.000628406
0.000911511
0.000604488
0.000602578
0.000653025
0.000651774
0.00077276
0.000681146
0.000650394
0.000727813
0.000603068
0.000694772
0.000591018
0.000597432
0.000640105
0.000667522
0.000945049
0.000582152
0.000584176
0.000585871
0.000584896
0.000572692
0.000577772
0.000622182
0.000590874
0.000584186
0.000581017
0.000603022
0.000574127
0.000588447
0.000724796
0.000585493
0.00063423
0.000646672
0.000667603
0.000662213
0.000614399
0.000657975
0.000584006
0.000862728
0.000839485
0.000587809
0.000582733
0.000581446
0.000592941
0.000580656
0.000594484
0.000597509
0.000580477
0.000580817
0.000575969
0.000579538
0.000588226
0.000582309
0.000651649
0.000583273
0.000622459
0.000723274
0.00059154
0.00060577
0.000640606
0.000593685
0.000599888
0.000667813
0.000644124
0.000673622
0.000620575
0.000611456
0.00064225
0.000709062
0.000595654
0.000633165
0.000737009
0.000592952
0.000599715
0.000663072
0.000653478
0.000630988
0.000627974
0.000643764
0.000593757
0.00059902
0.00060388
0.000627257
0.000583493
0.000579432
0.000745471
0.000661036
0.000597173
0.00063564
0.00064163
0.000580612
0.00057424
0.000678257
0.000587128
0.000576126
0.000717306
0.00068181
0.000621794
0.000656958
0.000649744
0.000626607
0.000636556
0.000579489
0.000699054
0.000667412
0.000609062
0.000587656
0.000687774
0.00059119
0.000590549
0.000591661
0.000626122
0.000609456
0.000597055
0.000614941
0.000600842
0.000586086
0.000604883
0.000588812
0.00068702
0.000634642
0.000606985
0.000727136
0.000585139
0.000632268
0.000640303
0.000598254
0.000607438
0.000617217
0.00066534
0.000650093
0.000627795
0.000633153
0.000612499
0.000844469
0.000709523
0.000700725
0.000809928
0.000605821
0.000577991
0.000626741
0.000575529
0.000655415
0.000580273
0.000620494
0.000578735
0.000639645
0.000588026
0.000590327
0.000576508
0.000583725
0.000624074
0.000594515
0.000578995
0.000637778
0.000780472
0.000586192
0.000595072
0.000581512
0.000581177
0.000629249
0.000670708
0.000604597
0.000670266
0.000708068
0.00059889
0.000931199
0.00087284
0.000605975
0.000624456
0.000631237
0.000610897
0.000645737
0.000631639
0.000810417
0.00112552
0.000663639
0.000622012
0.000631612
0.000582381
0.000641109
0.000578277
0.000648088
0.000977624
0.000579511
0.000632936
0.000589465
0.000601456
0.00058095
0.000601439
0.000574325
0.000589898
0.000625884
0.000751112
0.00103682
0.000777311
0.000671873
0.000866868
0.000588519
0.00109244
0.000649406
0.000691281
0.000719778
0.000586535
0.000597673
0.00059705
0.000716252
0.000603306
0.000706794
0.000581396
0.000665614
0.000671828
0.000637967
0.00062383
0.000722328
0.000622748
0.000575389
0.000579704
0.000591975
0.000593265
0.000649148
0.000622788
0.000576359
0.000592578
0.000590054
0.000623767
0.000930825
0.000624396
0.000601391
0.000762371
0.00060779
0.00125816
0.000647959
0.000616428
0.000584589
0.000740381
0.000626388
0.0006787
0.000701324
0.000663444
0.000588637
0.00058995
0.000579471
0.00058077
0.000620099
0.000604124
0.000619918
0.000591419
0.000579526
0.000630011
0.000680093
0.000682259
0.000577379
0.000642406
0.000602809
0.000650841
0.000814206
0.000712392
0.000794173
0.00090451
0.000694253
0.000591954
0.00112236
0.000656299
0.000581924
0.000580109
0.000622706
0.000755254
0.000653933
0.000837783
0.000619178
0.00082319
0.000610321
0.000758021
0.00058411
0.000741244
0.000645206
0.000589857
0.000619432
0.000584187
0.000679733
0.000578273
0.000658969
0.00063733
0.00069957
0.000609993
0.00059389
0.000789859
0.000696134
0.00065232
0.000658241
0.000936726
0.000699309
0.000984039
0.000618487
0.00058846
0.000821265
0.000595401
0.00061154
0.000594046
0.000697817
0.000666956
0.000681001
0.000632524
0.000574356
0.000707684
0.000605739
0.000615261
0.000680489
0.000578988
0.000580186
0.000595711
0.000582398
0.000656464
0.000668229
0.00066806
0.000668081
0.000653993
0.00059844
0.000667736
0.000785831
0.000695216
0.00084065
0.00062788
0.00120751
0.000617129
0.000574065
0.000592359
0.000600709
0.000653727
0.000687622
0.00063263
0.000716537
0.000916046
0.000591776
0.000679606
0.000584491
0.000604847
0.000747705
0.000627242
0.000586103
0.000637555
0.000601211
0.000653312
0.000652249
0.000728376
0.000669621
0.000620275
0.000579814
0.000602448
0.000700107
0.000782723
0.000635606
0.000775278
0.000623627
0.000644749
0.000582131
0.000600024
0.000642639
0.000698528
0.000651293
0.000801169
0.000581745
0.000581352
0.000614551
0.000662437
0.000594953
0.000644086
0.000754027
0.000677514
0.000611808
0.000654675
0.000622997
0.00060457
0.000742998
0.000663321
0.000581811
0.000586882
0.000623406
0.000601064
0.000620254
0.000711702
0.000716643
0.000666389
0.000826833
0.00064271
0.000606065
0.000667297
0.000589275
0.000700585
0.00068319
0.000699107
0.000731837
0.00060684
0.000593243
0.000607499
0.000702868
0.00058445
0.000593791
0.000644762
0.000777343
0.000619274
0.000589795
0.000650121
0.000767291
0.000580817
0.000659631
0.000580268
0.000620986
0.000599103
0.000700125
0.000614502
0.00061322
0.000640215
0.00090675
0.000757978
0.00100389
0.000668974
0.000673175
0.00071384
0.000613707
0.000576928
0.000644716
0.000698556
0.000616807
0.000730686
0.000694907
0.000592907
0.000590341
0.000638612
0.000593201
0.000691154
0.000588842
0.000576052
0.000620962
0.000582543
0.000579017
0.000573068
0.000583635
0.00063731
0.000590697
0.000589131
0.000588183
0.000587167
0.000570873
0.000631257
0.000575311
0.000645236
0.000688603
0.000592674
0.000744737
0.000765815
0.000711304
0.000675564
0.000938126
0.000931209
0.000573772
0.000689622
0.000605339
0.0005989
0.000596911
0.000578957
0.000602296
0.00057683
0.000599057
0.000584248
0.000713603
0.000582549
0.000577306
0.000574285
0.000581051
0.000575516
0.000584913
0.000583915
0.00059732
0.000585018
0.000613349
0.000595556
0.000590398
0.000592046
0.00059696
0.000683484
0.000630146
0.0006103
0.000600807
0.000653045
0.000604425
0.000641087
0.000720042
0.000631087
0.000586431
0.00057748
0.000587835
0.00058242
0.000589587
0.000614506
0.000603401
0.000591634
0.000877699
0.000606629
0.000601911
0.000575007
0.000621501
0.000616772
0.000575531
0.000574219
0.000584807
0.000630271
0.000583201
0.000570951
0.000575738
0.000672093
0.000583907
0.000590293
0.00074625
0.000607258
0.000596536
0.000718236
0.000770569
0.000821488
0.000585217
0.000654812
0.000869336
0.000641759
0.000580494
0.000598364
0.000596682
0.000585743
0.000715819
0.000623958
0.000641325
0.000601596
0.000591911
0.000588372
0.000604016
0.000601454
0.000580215
0.000686381
0.000580306
0.000570747
0.000610085
0.000592131
0.000605722
0.000640365
0.000579791
0.000606388
0.000571006
0.000618153
0.000663744
0.000587277
0.000606967
0.000755093
0.000630686
0.000579823
0.000625756
0.000657284
0.000649477
0.000698604
0.000602166
0.000615629
0.000611226
0.000577834
0.000862041
0.000727148
0.000763767
0.000684079
0.000589979
0.000637037
0.000581962
0.000577231
0.000709683
0.000578782
0.000585934
0.000645213
0.000604993
0.000574688
0.000595855
0.000637037
0.000637707
0.000649618
0.000628984
0.00064824
0.000593088
0.000930018
0.000682329
0.000613946
0.000583011
0.000602307
0.00064234
0.000789748
0.000623408
0.000637646
0.000588545
0.00065402
0.000582918
0.000641738
0.000601647
0.000686015
0.000732837
0.000575031
0.000574956
0.000634787
0.000579011
0.000623146
0.000645156
0.000581697
0.000587592
0.000627687
0.000582685
0.00064069
0.000596041
0.000592008
0.000597371
0.000576125
0.000672637
0.000589667
0.000643535
0.000606635
0.000954033
0.000598805
0.000583428
0.000587329
0.000718954
0.000629443
0.000576249
0.000603514
0.000579659
0.000692655
0.000599978
0.000584731
0.000586817
0.000632156
0.000653497
0.000696472
0.000595003
0.00061104
0.000645521
0.000581837
0.000580308
0.00067573
0.00074775
0.000594744
0.000623825
0.00058987
0.000612507
0.000586968
0.000637708
0.000660238
0.000589372
0.000597348
0.000607575
0.000601116
0.000594734
0.00075332
0.000588942
0.000615178
0.00059433
0.000577037
0.000576184
0.000673617
0.000575662
0.000574642
0.000572647
0.000585558
0.000581415
0.000587445
0.000603425
0.000673698
0.000872055
0.000586552
0.000685333
0.000675137
0.00062732
0.00062922
0.000576665
0.00059471
0.000668393
0.000585174
0.000633071
0.000577813
0.000608433
0.000602777
0.000588226
0.000698418
0.00058446
0.000736945
0.00058346
0.000608861
0.00058475
0.000729351
0.000577358
0.000577735
0.000580222
0.000606127
0.000621867
0.000633439
0.000611716
0.000639479
0.000675999
0.000610231
0.000571438
0.000662997
0.00058761
0.000612331
0.000656165
0.000643636
0.000613089
0.000608489
0.000690664
0.000601928
0.000672536
0.000591854
0.000621794
0.00057635
0.000577633
0.000583594
0.000625672
0.000759776
0.000588301
0.000589028
0.000671775
0.000647175
0.00061515
0.000713512
0.00060754
0.00057324
0.000589269
0.00058743
0.000582315
0.000581376
0.000590792
0.000775962
0.000696862
0.000577998
0.000610323
0.000601065
0.000583026
0.000668232
0.000721699
0.000619522
0.000602953
0.000587529
0.000594791
0.00061016
0.000702191
0.00060335
0.000670385
0.000603077
0.000614299
0.000616546
0.000619759
0.000584498
0.000625918
0.000663805
0.000676909
0.000582764
0.000609689
0.000651242
0.000584665
0.000587706
0.000572934
0.000578592
0.000577551
0.000647507
0.00062467
0.000627744
0.000573791
0.000579856
0.00064811
0.000742222
0.000609852
0.000637621
0.000653162
0.000585812
0.000691225
0.000786649
0.000686708
0.000583587
0.000652773
0.000882153
0.000826073
0.000611145
0.00072585
0.000602328
0.000936815
0.000785059
0.000700066
0.000616016
0.000596546
0.000604138
0.000630732
0.000595404
0.000573779
0.000577519
0.000602734
0.000671588
0.00120244
0.000582013
0.0006225
0.000705882
0.000722974
0.000671794
0.000606079
0.000630021
0.000666228
0.000575081
0.000611615
0.000593821
0.000632958
0.000584009
0.000573208
0.000644511
0.000596286
0.00064871
0.000760809
0.000641395
0.000578399
0.000647139
0.000758171
0.000652561
0.00058648
0.000578045
0.000587528
0.000611392
0.000583094
0.000593311
0.000654144
0.000574365
0.000654067
0.000604339
0.000575777
0.000588438
0.000604282
0.000705955
0.000702144
0.000636178
0.00065695
0.000734522
0.000576961
0.000576655
0.000595669
0.000587863
0.000626986
0.000646574
0.000596231
0.0006062
0.000592903
0.000622592
0.000581861
0.000584964
0.000580644
0.000673439
0.000659354
0.000642135
0.000661662
0.000644371
0.000576518
0.000660072
0.000651852
0.000672181
0.000585324
0.000590471
0.00061368
0.000582687
0.000656578
0.000673236
0.00063812
0.000585221
0.000712407
0.000607614
0.000849538
0.000601147
0.000612951
0.00063951
0.000763495
0.000584629
0.000612896
0.000622251
0.000623431
0.000669098
0.000814045
0.00064711
0.000629156
0.000581546
0.000590132
0.00063003
0.000575999
0.000614462
0.000575641
0.00059044
0.00064406
0.000592553
0.000726767
0.000596601
0.000612846
0.000587178
0.000614694
0.000621645
0.000578815
0.000746842
0.000759587
0.000670994
0.000636375
0.00058915
0.000594208
0.000612968
0.000591519
0.000640131
0.000576549
0.000637956
0.000582411
0.000630208
0.000597748
0.00103861
0.000750331
0.000661972
0.000702449
0.000637633
0.000663471
0.000674895
0.000594278
0.00077806
0.000583435
0.000617404
0.000595425
0.000588357
0.000578197
0.000579992
0.000577526
0.000661462
0.000585595
0.000628441
0.000724129
0.000655082
0.000679744
0.000593452
0.000575177
0.00057694
0.000663746
0.00058147
0.000709409
0.000592513
0.000662135
0.000629968
0.000584335
0.000745593
0.000591238
0.000594392
0.0006132
0.000583381
0.000584727
0.00064127
0.000668268
0.000603642
0.000618192
0.000574927
0.000579965
0.000600703
0.000699884
0.000730458
0.000628405
0.000597632
0.000647023
0.000606965
0.000597219
0.000718444
0.000640731
0.000615842
0.000611222
0.000582909
0.000589171
0.000582121
0.000585249
0.000670117
0.000620215
0.00062935
0.000597657
0.000587745
0.000594236
0.000597867
0.000582802
0.000620158
0.000666152
0.000671842
0.000645143
0.000672927
0.000578673
0.000731996
0.00058845
0.000592421
0.000629912
0.000621849
0.000603354
0.00066979
0.000651621
0.000581278
0.000654948
0.000659959
0.000637487
0.000650027
0.000580992
0.000627833
0.000605564
0.000584626
0.000581706
0.000911055
0.000572744
0.000630415
0.000584216
0.000663889
0.000579264
0.000721696
0.000776431
0.00057698
0.000576351
0.000658096
0.000611478
0.00058388
0.000919161
0.000685759
0.000623087
0.000582906
0.000768659
0.000581196
0.000577987
0.000785734
0.000629009
0.000669792
0.000578551
0.000621435
0.000603114
0.000630764
0.000852783
0.000657493
0.000643967
0.000582164
0.000604137
0.000577402
0.00062889
0.000664896
0.00066053
0.000601356
0.000590969
0.000592967
0.000640836
0.000623537
0.000645608
0.000588634
0.000597432
0.000665983
0.000629743
0.000618221
0.000658075
0.000589404
0.000598417
0.000692048
0.000576836
0.000620724
0.000635041
