2.61095
2.52241
2.52442
2.41455
2.57185
2.74418
3.20692
2.56917
3.52643
2.56955
2.48721
2.59547
2.57528
2.49892
2.44314
2.61724
2.73477
2.45164
2.64485
2.53214
2.50826
2.56631
2.4915
2.70562
2.49571
2.54217
2.7547
2.64006
2.504
2.46239
2.71465
3.83162
2.55873
2.5704
2.57455
2.95136
2.54724
2.52568
2.61997
2.55275
2.71814
2.58101
2.45042
2.69801
2.48214
2.47815
2.41324
2.93557
3.09024
2.45434
2.86117
2.62535
2.42746
2.45181
2.55409
2.54514
2.61775
2.48972
2.85066
2.47045
2.49654
2.37598
2.5718
2.7686
2.4983
2.52935
2.46862
2.47333
2.77468
2.63205
2.48154
2.54141
2.82619
2.58389
2.52713
2.57619
2.52443
2.48202
2.53135
2.45166
2.39405
2.43826
3.04216
2.48988
2.38276
2.54481
2.5928
2.50602
2.4803
2.53451
2.78172
2.58333
2.74858
2.58354
2.45022
2.68499
2.50419
2.49812
2.44018
2.42471
7.5486
7.50649
7.39514
7.52127
7.161
7.83418
7.32544
7.70934
7.49782
7.11725
7.46647
7.77732
7.99352
8.10002
7.85982
7.5648
7.49113
7.23702
7.78169
7.30446
7.40817
8.19063
7.44587
7.57929
7.27586
7.14282
7.2595
7.59819
7.78762
8.21704
7.23541
7.58303
8.06699
7.9557
7.63743
7.89006
8.38942
7.23165
7.70472
7.9916
7.97682
7.64439
7.46189
7.38534
7.7565
7.82979
7.88774
7.52038
7.48497
7.71512
7.53152
7.37471
7.59061
7.44629
8.08015
7.31218
7.60527
7.48998
7.50045
8.15415
8.0658
7.71786
8.01877
8.31911
7.31116
7.40981
7.58009
7.63596
7.57127
7.71837
7.71247
7.97567
8.51726
7.48486
7.60178
8.15224
7.27242
8.20448
7.61898
7.26407
7.62406
7.20576
7.29408
7.29207
7.38081
7.09253
7.73883
7.66691
7.69673
8.02829
9.37944
7.41094
7.81808
8.35731
7.60002
7.89222
7.79822
7.3598
7.41481
7.44449
