2.61095
2.52241
2.52442
2.41455
2.57185
2.74418
3.20692
2.56917
3.52643
2.56955
2.48721
2.59547
2.57528
2.49892
2.44314
2.61724
2.73477
2.45164
2.64485
2.53214
2.50826
2.56631
2.4915
2.70562
2.49571
2.54217
2.7547
2.64006
2.504
2.46239
2.71465
3.83162
2.55873
2.5704
2.57455
2.95136
2.54724
2.52568
2.61997
2.55275
2.71814
2.58101
2.45042
2.69801
2.48214
2.47815
2.41324
2.93557
3.09024
2.45434
2.86117
2.62535
2.42746
2.45181
2.55409
2.54514
2.61775
2.48972
2.85066
2.47045
2.49654
2.37598
2.5718
2.7686
2.4983
2.52935
2.46862
2.47333
2.77468
2.63205
2.48154
2.54141
2.82619
2.58389
2.52713
2.57619
2.52443
2.48202
2.53135
2.45166
2.39405
2.43826
3.04216
2.48988
2.38276
2.54481
2.5928
2.50602
2.4803
2.53451
2.78172
2.58333
2.74858
2.58354
2.45022
2.68499
2.50419
2.49812
2.44018
2.42471
