20.5361
20.4777
19.133
22.5852
19.5239
20.1737
19.1638
19.9412
20.9703
19.6687
19.842
19.3828
20.6333
19.6583
19.4416
19.5643
20.1414
24.2267
21.1699
20.5898
24.6723
19.3453
19.6779
18.8802
19.7152
19.9872
19.1344
19.4036
25.0522
22.0484
20.0234
19.0322
20.4624
25.8353
23.2875
20.3743
19.7691
22.1165
20.0196
19.0715
19.983
19.4597
19.5098
19.4115
19.8532
19.207
23.6323
19.2033
19.5498
19.1461
19.3502
22.4455
21.2596
20.315
21.1723
19.4884
19.5254
19.5785
21.534
19.3786
19.5448
20.3743
18.9378
19.9518
19.5076
18.8279
19.6466
19.9645
20.5934
19.6901
19.2013
20.4027
19.2675
20.2362
19.2472
19.3362
24.2076
24.7989
19.4383
19.0987
24.8232
19.3012
19.6058
20.3027
19.6977
24.3344
24.8212
19.2344
23.4311
19.1451
23.3425
23.9595
19.8679
22.5231
20.4289
20.7975
18.6625
19.7606
20.5217
19.6829
