3.01492
2.50139
2.55291
2.55798
2.62856
2.93667
2.87107
2.80613
2.69681
2.56131
2.52991
2.57993
2.95827
2.52077
2.54099
2.52654
2.57489
2.49186
2.60257
2.81673
2.88151
2.45804
2.53141
2.60295
2.69977
2.69041
3.26032
2.72578
2.81462
2.50227
2.53544
3.88968
3.41517
2.71449
2.54871
2.57417
2.61162
2.48382
2.50331
2.86117
2.68929
2.907
2.64167
2.55886
2.50424
2.53499
2.49398
2.518
2.87733
2.58815
2.61719
2.46031
2.56093
2.53223
2.59252
2.507
3.53736
2.53964
2.86295
2.59757
2.61742
2.70687
2.60368
3.54014
2.51773
2.51064
2.787
2.51405
2.67308
2.54648
2.91502
2.64668
2.74279
2.64576
3.26163
2.59105
2.862
2.80564
2.7779
2.51934
2.55834
2.55751
2.58808
2.86197
2.54462
2.62272
2.52929
2.63223
2.66691
2.71172
2.54692
3.89492
2.49855
2.46338
2.5266
2.67131
2.62705
2.65264
2.85258
2.55593
8.23766
8.0556
8.42551
8.1293
8.42517
8.06454
7.67074
8.57634
7.96836
8.03933
8.30573
8.52856
8.05946
7.4672
8.49004
8.51736
8.17326
7.89913
7.72508
7.78009
7.6607
7.54743
7.94577
7.42376
7.52682
7.64842
7.55985
7.80735
8.68666
8.05922
7.95029
7.40104
7.46979
7.95732
8.83592
7.55391
7.83749
7.59548
7.85431
8.08463
7.84426
7.80152
7.95517
7.48886
7.36453
8.16689
7.54291
7.45773
8.58022
8.11658
8.0422
8.23488
7.66094
7.80531
8.35184
8.75751
9.25655
8.45433
7.78425
7.8602
7.61852
7.99827
7.9027
7.9801
7.723
8.09135
7.75998
7.69625
8.24291
7.89142
8.14238
8.05042
8.16564
7.81897
7.71328
8.14441
8.76177
8.40616
7.84097
7.8232
7.79287
7.71883
8.01975
7.68581
7.57263
7.6257
8.1847
7.68194
7.8958
8.18466
8.89894
8.35025
7.8296
7.98913
7.95994
7.48033
8.02152
7.75603
7.55583
7.557
13.3234
13.9673
13.9424
13.3025
14.8827
13.5742
14.6395
15.8519
14.4328
12.9346
13.5215
13.5872
13.4835
13.6434
13.9948
13.7558
14.6548
13.5816
14.3446
14.3446
13.91
14.0931
12.7562
13.7942
13.6424
13.6117
13.4201
13.5673
13.0019
13.2576
13.384
19.9082
14.0617
14.3054
13.5275
14.0486
14.0983
14.6452
13.6132
13.0049
13.2152
13.7697
14.01
14.2642
14.4886
13.5171
13.7302
14.4258
13.302
13.7949
14.0053
14.1182
13.4743
14.4114
13.0528
13.4074
13.1567
12.9595
14.2339
13.8878
13.4358
15.049
14.5807
13.5303
14.6256
13.2976
14.9638
16.3449
15.2853
13.3956
13.6568
21.1257
14.5779
20.8903
18.0574
14.0575
13.1241
14.4501
13.6423
15.2546
14.8918
14.171
14.0161
13.9164
14.179
13.7792
21.1289
20.9248
14.65
14.9832
14.8497
15.8038
14.9272
18.5933
15.9601
13.875
14.921
13.7234
13.7049
14.2674
20.3768
20.5812
21.989
21.3374
20.2096
24.7544
19.8667
19.9832
20.5851
19.8002
20.538
21.0546
18.7511
21.1776
18.6606
19.683
18.4834
19.9106
22.5046
19.7367
21.1988
21.3249
19.8259
19.6029
20.6369
20.6312
20.6226
19.1261
19.3403
21.8218
19.6426
19.7436
18.9627
20.9143
20.8357
19.9102
20.0945
19.8903
21.0745
19.9874
22.59
20.5578
20.8704
19.1987
19.8073
22.0027
20.4909
21.3261
20.6096
20.8282
20.1435
19.3712
19.8427
20.6507
20.8688
18.9603
20.0684
18.2483
18.8855
20.2085
21.668
20.7889
19.1612
20.0552
19.8862
18.6698
22.2592
18.3244
19.4991
23.2187
20.1013
18.842
20.0154
22.0911
21.271
20.3961
20.6618
20.2434
19.8605
20.7906
20.3811
22.0318
20.3296
20.4587
21.6456
20.6203
21.1639
26.6722
19.8863
19.4237
20.4784
24.3352
20.1851
20.9461
19.1998
19.0975
22.2164
19.2371
21.6289
24.3262
26.8923
29.6965
25.7813
27.9597
32.3375
33.409
32.0948
28.6781
27.9245
25.8533
28.9558
26.6557
27.0911
28.6524
28.9074
25.8429
27.9267
27.1919
26.2135
28.7136
25.9764
26.0861
27.2078
29.4283
26.895
27.1798
28.485
26.7195
26.8542
27.2513
26.4433
27.8448
25.9976
26.9919
27.0234
27.3201
27.6928
26.085
26.5231
27.0396
26.5827
26.9947
25.9687
30.3548
27.2596
27.4971
26.3825
38.6168
24.9271
26.1849
32.8969
27.2136
25.9038
25.4083
29.6904
24.8735
28.1831
31.5468
31.4198
31.6171
29.608
28.6714
31.3978
27.6197
27.2353
28.7078
31.44
24.4422
28.3417
26.7096
29.1993
26.3101
24.5195
27.812
26.0418
26.5608
24.8425
25.8456
27.9586
27.0711
27.0816
25.3316
32.7032
31.6343
26.6544
26.3057
26.6807
25.3057
25.0081
30.4225
29.0652
34.8299
30.7712
24.709
25.8342
25.2979
25.2251
25.1213
26.8501
26.5317
34.2123
46.0285
33.6677
35.2969
36.2833
35.3145
35.0849
34.0716
34.6659
34.472
37.0459
40.9808
41.6072
36.5235
35.9931
36.265
40.4584
39.5612
40.089
34.1134
34.4939
47.2011
39.2096
37.0647
34.1994
33.1753
36.6127
34.9783
34.8506
35.3774
34.4406
36.0163
33.1226
35.1201
37.4949
34.1447
36.3124
34.2668
33.0571
35.8691
34.3417
35.0203
34.782
33.6107
35.1422
34.4707
33.3479
33.9596
33.1736
33.5284
32.946
40.0561
35.8223
36.335
33.8909
40.2044
34.7865
40.4431
40.1501
34.6384
37.0307
33.3486
36.3262
35.2636
35.7617
34.3964
36.5418
34.2661
40.8176
41.3728
33.2621
35.9218
34.1004
33.6022
34.8878
33.4999
34.437
34.7349
33.5506
33.5987
33.6635
33.8676
33.9648
33.6729
33.9148
33.5325
34.562
33.5967
33.4575
34.3062
33.5208
39.5004
33.5763
34.4398
36.585
35.3816
38.1143
36.6447
36.1029
40.6083
41.8723
52.6683
47.1171
45.1082
47.9659
41.0267
38.3638
43.3233
39.7022
39.5527
40.4056
39.1109
39.9107
39.0975
39.9377
40.0384
41.5519
39.8148
39.8719
39.6383
38.895
40.426
39.8138
41.0853
39.9793
40.5129
42.4697
47.0534
45.7528
43.0055
41.2574
42.5585
43.881
45.8716
45.3144
40.1191
38.3594
39.2019
47.8809
45.0874
40.2812
39.6258
39.176
38.8213
40.1334
38.7825
40.1989
39.7134
38.7268
37.5501
40.9947
39.1496
41.1556
39.9772
40.4907
39.9222
39.9293
37.8955
45.9705
44.5411
41.7211
38.8315
40.6388
45.6302
43.976
41.1135
44.2873
42.4513
44.195
43.5966
38.6866
40.2177
42.2169
38.2932
38.9415
40.3384
39.847
39.4312
39.5411
39.4916
39.0752
37.6501
38.5364
38.4562
41.9722
39.911
38.3651
39.0879
39.2665
40.1436
39.4191
44.9929
38.7527
44.4014
43.9569
44.8243
46.5438
45.0344
45.1597
39.5776
