3.01492
2.50139
2.55291
2.55798
2.62856
2.93667
2.87107
2.80613
2.69681
2.56131
2.52991
2.57993
2.95827
2.52077
2.54099
2.52654
2.57489
2.49186
2.60257
2.81673
2.88151
2.45804
2.53141
2.60295
2.69977
2.69041
3.26032
2.72578
2.81462
2.50227
2.53544
3.88968
3.41517
2.71449
2.54871
2.57417
2.61162
2.48382
2.50331
2.86117
2.68929
2.907
2.64167
2.55886
2.50424
2.53499
2.49398
2.518
2.87733
2.58815
2.61719
2.46031
2.56093
2.53223
2.59252
2.507
3.53736
2.53964
2.86295
2.59757
2.61742
2.70687
2.60368
3.54014
2.51773
2.51064
2.787
2.51405
2.67308
2.54648
2.91502
2.64668
2.74279
2.64576
3.26163
2.59105
2.862
2.80564
2.7779
2.51934
2.55834
2.55751
2.58808
2.86197
2.54462
2.62272
2.52929
2.63223
2.66691
2.71172
2.54692
3.89492
2.49855
2.46338
2.5266
2.67131
2.62705
2.65264
2.85258
2.55593
8.23766
8.0556
8.42551
8.1293
8.42517
8.06454
7.67074
8.57634
7.96836
8.03933
8.30573
8.52856
8.05946
7.4672
8.49004
8.51736
8.17326
7.89913
7.72508
7.78009
7.6607
7.54743
7.94577
7.42376
7.52682
7.64842
7.55985
7.80735
8.68666
8.05922
7.95029
7.40104
7.46979
7.95732
8.83592
7.55391
7.83749
7.59548
7.85431
8.08463
7.84426
7.80152
7.95517
7.48886
7.36453
8.16689
7.54291
7.45773
8.58022
8.11658
8.0422
8.23488
7.66094
7.80531
8.35184
8.75751
9.25655
8.45433
7.78425
7.8602
7.61852
7.99827
7.9027
7.9801
7.723
8.09135
7.75998
7.69625
8.24291
7.89142
8.14238
8.05042
8.16564
7.81897
7.71328
8.14441
8.76177
8.40616
7.84097
7.8232
7.79287
7.71883
8.01975
7.68581
7.57263
7.6257
8.1847
7.68194
7.8958
8.18466
8.89894
8.35025
7.8296
7.98913
7.95994
7.48033
8.02152
7.75603
7.55583
7.557
13.3234
13.9673
13.9424
13.3025
14.8827
13.5742
14.6395
15.8519
14.4328
12.9346
13.5215
13.5872
13.4835
13.6434
13.9948
13.7558
14.6548
13.5816
14.3446
14.3446
13.91
14.0931
12.7562
13.7942
13.6424
13.6117
13.4201
13.5673
13.0019
13.2576
13.384
19.9082
14.0617
14.3054
13.5275
14.0486
14.0983
14.6452
13.6132
13.0049
13.2152
13.7697
14.01
14.2642
14.4886
13.5171
13.7302
14.4258
13.302
13.7949
14.0053
14.1182
13.4743
14.4114
13.0528
13.4074
13.1567
12.9595
14.2339
13.8878
13.4358
15.049
14.5807
13.5303
14.6256
13.2976
14.9638
16.3449
15.2853
13.3956
13.6568
21.1257
14.5779
20.8903
18.0574
14.0575
13.1241
14.4501
13.6423
15.2546
14.8918
14.171
14.0161
13.9164
14.179
13.7792
21.1289
20.9248
14.65
14.9832
14.8497
15.8038
14.9272
18.5933
15.9601
13.875
14.921
13.7234
13.7049
14.2674
20.3768
20.5812
21.989
21.3374
20.2096
24.7544
19.8667
19.9832
20.5851
19.8002
20.538
21.0546
18.7511
21.1776
18.6606
19.683
18.4834
19.9106
22.5046
19.7367
21.1988
21.3249
19.8259
19.6029
20.6369
20.6312
20.6226
19.1261
19.3403
21.8218
19.6426
19.7436
18.9627
20.9143
20.8357
19.9102
20.0945
19.8903
21.0745
19.9874
22.59
20.5578
20.8704
19.1987
19.8073
22.0027
20.4909
21.3261
20.6096
20.8282
20.1435
19.3712
19.8427
20.6507
20.8688
18.9603
20.0684
18.2483
18.8855
20.2085
21.668
20.7889
19.1612
20.0552
19.8862
18.6698
22.2592
18.3244
19.4991
23.2187
20.1013
18.842
20.0154
22.0911
21.271
20.3961
20.6618
20.2434
19.8605
20.7906
20.3811
22.0318
20.3296
20.4587
21.6456
20.6203
21.1639
26.6722
19.8863
19.4237
20.4784
24.3352
20.1851
20.9461
19.1998
19.0975
22.2164
19.2371
21.6289
24.3262
