13.6137
13.5817
13.7193
14.8967
14.3438
13.6821
13.4083
14.0272
13.8061
15.0599
13.6825
16.3328
15.5444
15.8225
15.6305
20.555
18.4721
13.9262
13.3584
16.6375
20.2125
19.863
17.8777
13.9732
19.6998
13.1179
13.3504
13.5949
19.7793
19.7711
20.2943
13.5837
15.3413
19.7465
14.4922
14.6959
16.3719
13.5146
14.6189
13.5659
13.8411
18.9513
13.8822
13.6215
14.0839
13.5772
13.978
15.0516
13.5419
13.2927
13.7889
16.7175
14.7418
13.9988
14.4599
19.6885
13.4568
14.2392
13.6914
13.9026
14.2781
15.072
14.7005
14.0305
13.8533
14.2923
13.9208
13.8619
13.8008
13.9836
13.6137
13.3607
13.8809
13.3307
14.6925
13.6945
14.337
13.5184
13.4846
14.4346
14.2973
14.03
13.9011
14.5062
14.4844
14.5649
15.6635
15.4326
14.8921
14.2789
14.1793
14.2025
13.6338
14.0297
13.3568
14.6538
14.6579
13.5603
14.2114
14.8749
