1.79461
1.79163
1.88664
1.86958
1.91037
1.78162
1.75338
2.02433
2.04626
1.87829
1.772
1.75799
1.72611
1.80142
1.79868
1.82946
1.79268
1.8306
1.72143
2.22677
1.78744
1.89515
1.77785
1.82592
1.79842
1.9023
1.85567
1.68422
1.92797
1.76052
1.94374
2.66258
2.09274
1.83798
1.83295
1.87904
1.89166
1.84218
1.76144
1.92001
1.70605
1.78922
1.75191
1.98046
1.99119
1.8629
1.75157
1.87436
1.8512
2.01719
1.97697
1.7892
1.74536
2.03875
1.77109
1.76544
1.86761
1.86219
2.73878
1.9109
1.77111
1.71253
1.71421
1.79991
1.73773
1.7435
1.71997
1.76237
1.80242
1.8697
1.78851
1.84037
1.76169
1.89644
1.85456
1.97
1.72276
1.79292
1.78285
2.0582
1.68155
1.78717
1.73378
1.77287
1.72001
1.78031
1.89993
1.73939
1.86191
1.77395
1.87524
1.7877
1.78804
1.90559
1.69754
1.77306
1.84902
1.75982
1.85624
1.89071
5.32732
5.23391
5.28399
5.44185
5.40328
5.26215
6.66593
5.28646
5.54433
5.49625
5.3676
5.35816
5.34608
5.20058
5.36233
5.69215
5.11105
5.4109
5.25614
5.62168
5.9312
5.40877
5.75698
5.74329
5.73945
5.08237
5.11828
5.20334
5.54174
5.23749
5.8563
5.77675
5.47
5.49969
5.31881
5.59342
5.13943
5.0583
5.51027
5.18191
5.40017
6.15379
5.41187
5.45588
5.22243
5.41897
5.42044
5.66781
5.57921
5.12208
5.50062
5.24555
5.56265
5.15191
5.4554
5.10882
5.15305
5.25775
5.67821
5.30295
5.16168
5.21345
5.57752
8.01576
5.79803
5.44364
5.2181
5.30611
5.17047
5.40158
5.27499
5.66089
5.91055
5.27515
5.61802
5.6998
5.49923
5.34427
5.74556
5.7556
5.0573
5.81632
5.17583
5.14255
5.2268
5.28438
5.55019
5.84702
5.15055
5.22482
5.21843
5.19236
5.74974
6.21627
5.60515
5.4388
5.39374
5.29255
5.43273
5.79567
