12.7862
12.3849
12.1306
14.755
11.8369
12.012
11.9818
11.541
12.2422
11.989
11.6995
12.6501
15.2556
14.9919
11.7975
14.8222
16.0708
12.7023
11.8745
11.8535
11.9526
12.3783
16.8065
12.7055
11.6946
17.0624
17.0144
17.7831
13.1197
13.9106
15.535
12.4033
12.4977
11.8529
14.0613
13.0385
12.1637
17.6809
12.0347
13.0745
12.5588
11.7223
12.908
11.7318
12.0988
11.5851
12.3617
15.52
12.0587
12.2574
12.304
12.1959
11.9393
12.3074
12.2795
12.1333
12.1804
11.8132
11.5936
12.399
12.0411
12.5026
12.3293
12.8591
13.1873
11.7402
12.0234
13.3087
12.1729
11.9577
12.3738
12.3412
11.9194
11.6159
12.2927
12.4115
12.6643
11.9707
12.724
16.1212
12.2085
12.0492
11.6889
11.8427
17.8149
12.5392
12.721
15.6761
12.3252
17.6987
11.8548
11.4471
14.7833
11.6534
16.1629
14.2083
11.8646
16.1458
14.0227
12.3397
