0.000764017
0.000764633
0.000818342
0.0010714
0.000769687
0.000812201
0.000799413
0.00082007
0.00077348
0.0009613
0.000919431
0.000919857
0.000923937
0.000974414
0.000773708
0.000810559
0.000918311
0.000785055
0.000808092
0.000767953
0.000839558
0.000800701
0.000793896
0.000792448
0.000795596
0.000791849
0.000784969
0.000801889
0.000842107
0.000832642
0.000782169
0.000799977
0.000774262
0.000802168
0.000961792
0.000870767
0.000761152
0.000803489
0.000904018
0.000867134
0.000800374
0.000792819
0.000829829
0.000910302
0.000765213
0.00085881
0.000853889
0.000829288
0.000792524
0.000796211
0.000781787
0.00075505
0.000773551
0.000803111
0.000775587
0.000891813
0.000774183
0.000770965
0.000810944
0.000916382
0.000764925
0.000806872
0.000788964
0.000790586
0.000902397
0.000957072
0.000816439
0.000745525
0.000763694
0.00104722
0.000758547
0.000800804
0.000886483
0.000861059
0.00076839
0.00090674
0.000761988
0.000772354
0.000814923
0.000776149
0.000979823
0.000877926
0.000830717
0.000764696
0.000752234
0.000767201
0.000774102
0.000928097
0.000795595
0.000849156
0.000868286
0.00091908
0.000853454
0.000811957
0.000803744
0.000935846
0.00102732
0.000933224
0.000850901
0.000871894
0.00080311
0.000751021
0.000780357
0.000891748
0.000788649
0.000794831
0.000898566
0.000833057
0.00078678
0.000771094
0.000876531
0.00088754
0.0011149
0.000866206
0.00093573
0.000967059
0.00112904
0.000812934
0.000958685
0.000916869
0.000891239
0.00085384
0.000919532
0.000834553
0.000909633
0.000747395
0.000779189
0.000864442
0.000762237
0.000831982
0.00086425
0.000854905
0.000799438
0.000870473
0.000824169
0.000802301
0.000918664
0.00117694
0.000818977
0.00103143
0.00093845
0.000910043
0.000869475
0.00120869
0.000974857
0.000781165
0.000864942
0.000824472
0.000767651
0.000862325
0.00107977
0.000758002
0.000859367
0.000757978
0.000881481
0.00093534
0.000989858
0.000966922
0.00118257
0.00128964
0.000854635
0.00110344
0.00123114
0.000789078
0.000860557
0.00083996
0.00114046
0.0011079
0.000957279
0.000816259
0.000883963
0.00085013
0.000793959
0.000815993
0.000925953
0.000801711
0.000851237
0.000891559
0.00082171
0.000848609
0.000775859
0.000830212
0.000890278
0.0007944
0.00100636
0.000870361
0.000813649
0.000846077
0.00100356
0.000811577
0.000883016
0.000867337
0.000833239
0.000786374
0.000750193
0.000765898
0.000810296
0.000749816
0.000786496
0.000791213
0.000761107
0.000819555
0.000756678
0.000975038
0.000897712
0.000795643
0.000863719
0.000879217
0.000756557
0.000773272
0.000941337
0.000895811
0.000789349
0.000776132
0.000778362
0.000912477
0.000773774
0.000902651
0.000800102
0.000874501
0.000780488
0.000821715
0.000776868
0.000769763
0.0007811
0.000777779
0.000847833
0.000813534
0.000805734
0.000930749
0.000791695
0.00080966
0.000801405
0.000858158
0.000812589
0.000865533
0.00159251
0.000795636
0.000793659
0.000796944
0.000923873
0.000846756
0.000833121
0.000854141
0.000774222
0.000774628
0.000770538
0.000797253
0.00077313
0.000751237
0.000786243
0.000758308
0.000805648
0.000785602
0.000787
0.000902589
0.000885552
0.000933906
0.00109506
0.000758589
0.000757444
0.000774548
0.00100143
0.000776322
0.000763156
0.000812508
0.00081479
0.000784688
0.000794965
0.000934797
0.000805068
0.000770451
0.000780786
0.00077563
0.000772076
0.000797303
0.000762408
0.000763761
0.000759723
0.000769048
0.000789102
0.000872595
0.000922234
0.000997199
0.000962743
0.000963208
0.000797207
0.0008486
0.000953978
0.000877799
0.00078682
0.000786107
0.000785355
0.000862559
0.000798131
0.000939426
0.000826512
0.000833159
0.000782168
0.000788265
0.000776795
0.000754999
0.000839969
0.000776913
0.000814833
0.000759372
0.000786978
0.000803837
0.00101696
0.000785148
0.00117833
0.00101148
0.000776631
0.000861399
0.000948138
0.00075498
0.000802524
0.000886721
0.000932015
0.000855172
0.000841833
0.000767032
0.000757853
0.000774225
0.000756426
0.000931492
0.000828823
0.000790448
0.000755566
0.000782038
0.000766689
0.000780304
0.00102385
0.000893406
0.000988957
0.00109115
0.000847088
0.000982483
0.000820324
0.000855589
0.000832663
0.000820745
0.000819013
0.00106092
0.000797691
0.000809011
0.000755575
0.000860619
0.000807532
0.000834193
0.000905118
0.000804962
0.000814478
0.000899026
0.00079563
0.000820456
0.000905884
0.000988782
0.00117666
0.000972621
0.000983226
0.000955516
0.00105909
0.000793931
0.00083848
0.000821947
0.000912073
0.000780434
0.000845665
0.000822352
0.000766602
0.000783602
0.000776027
0.000803726
0.000775675
0.000796517
0.000837272
0.000786974
0.000784296
0.000775653
0.00117795
0.000779708
0.000931694
0.000968217
0.00112728
0.000832257
0.000952696
0.000848053
0.000827225
0.000809411
0.000795671
0.00086376
0.000803306
0.00102668
0.000787647
0.000884596
0.000814133
0.000792771
0.000762062
0.0008157
0.000773007
0.000764597
0.000803445
0.00079496
0.000739407
0.000910338
0.00087024
0.000914074
0.000791011
0.000967751
0.000852222
0.00138189
0.000849359
0.000771948
0.000876591
0.000862907
0.000830343
0.00121682
0.00090055
0.000855765
0.000790586
0.000753281
0.000746537
0.000757647
0.000744369
0.000751109
0.000772508
0.000822495
0.000827631
0.00083942
0.000801145
0.00076487
0.000893099
0.000793686
0.000983751
0.000871179
0.000795582
0.000842596
0.000827631
0.000766954
0.000772737
0.000762971
0.000812006
0.000855848
0.00082352
0.00077656
0.000765588
0.000766037
0.000775153
0.000798587
0.000777687
0.000821103
0.000802354
0.000866906
0.000781076
0.000750115
0.000770191
0.000784349
0.000909509
0.000879273
0.000920133
0.000877957
0.00089545
0.000872643
0.000927807
0.00076395
0.000787758
0.000878245
0.000806953
0.000781074
0.000963487
0.000768152
0.00075365
0.000747449
0.000804986
0.000781233
0.000828284
0.000805012
0.000764647
0.000792261
0.000780277
0.000766093
0.000865668
0.000822828
0.000916921
0.000805122
0.000893769
0.000941953
0.00080063
0.000994453
0.0008508
0.000828322
0.000770506
0.000799132
0.000790417
0.0009487
0.000771685
0.000771825
0.000760278
0.000793368
0.000777882
0.000786734
0.000734142
0.000811606
0.000774564
0.00076649
0.00077593
0.000766913
0.00079836
0.000826981
0.00114289
0.000869682
0.000967617
0.00139725
0.000824419
0.00085806
0.00096804
0.000841249
0.000764183
0.000773162
0.000850346
0.000905615
0.000769531
0.00077534
0.00078188
0.000769531
0.000933941
0.000784128
0.000776734
0.000909792
0.000775044
0.000791225
0.000765529
0.000870432
0.000926041
0.000860913
0.000888166
0.000793917
0.00078517
0.000864041
0.000778974
0.000779081
0.000864208
0.000970298
0.000827263
0.000863135
0.000887491
0.000733599
0.000802695
0.000797039
0.000745898
0.000761157
0.000761523
0.000754781
0.000755829
0.000789276
0.000786308
0.000779984
0.000762971
0.00080693
0.00116626
0.00100995
0.000859912
0.000781441
0.00078727
0.000887549
0.000809828
0.000776939
0.00101889
0.000821273
0.000786596
0.000782443
0.000880755
0.000896306
0.000857263
0.00081876
0.000826964
0.000794916
0.000777696
0.000800828
0.000866881
0.000788439
0.000766772
0.000782401
0.000847595
0.000827284
0.000981106
0.000857865
0.000803494
0.000759568
0.000886189
0.000909773
0.00100856
0.000861798
0.000792954
0.0010699
0.000800631
0.000818937
0.000869349
0.000842212
0.000881181
0.000777776
0.000760935
0.000833848
0.000771393
0.000790094
0.000785371
0.000776144
0.000786809
0.000857721
0.00122916
0.0009146
0.00113691
0.00119251
0.000909931
0.0008096
0.000921503
0.00106477
0.000903468
0.00129524
0.00130518
0.000865975
0.00126001
0.000791104
0.00104796
0.00080035
0.00094009
0.000840672
0.000808893
0.00080734
0.000811649
0.000819439
0.000990631
0.000780191
0.00116413
0.000859482
0.000997804
0.000904127
0.000841747
0.00116893
0.000862076
0.000821787
0.0010363
0.000927767
0.00080038
0.000815901
0.000948067
0.000922972
0.000814686
0.000897122
0.000764666
0.000847788
0.000798732
0.00091484
0.00081043
0.000826895
0.000852432
0.000845829
0.000905756
0.000788137
0.000858697
0.000976596
0.000824075
0.00099364
0.000925287
0.00078304
0.00107293
0.001079
0.000857159
0.000853086
0.00082666
0.00084517
0.000822891
0.000835249
0.000789801
0.000830788
0.000748409
0.000777519
0.000775224
0.000798841
0.000806699
0.000787764
0.000795273
0.000896252
0.000821147
0.0008314
0.000782461
0.000794929
0.000769633
0.0007611
0.00101496
0.000826081
0.000801436
0.000920767
0.000917323
0.00079151
0.000778454
0.000773338
0.000779685
0.000897915
0.0009586
0.000772491
0.000774695
0.000770917
0.000802028
0.000760734
0.00081366
0.000857183
0.000831322
0.000839599
0.000774867
0.000875995
0.00078632
0.000793661
0.000760472
0.000779884
0.000789198
0.000946937
0.000910387
0.000864213
0.000898307
0.000864607
0.000793608
0.000828233
0.000805468
0.000788062
0.000771813
0.000788071
0.000784813
0.000759206
0.000762462
0.000758669
0.000754287
0.000765008
0.000839928
0.000807062
0.000879367
0.000772861
0.000800955
0.00077083
0.000774847
0.000793588
0.00092134
0.000779665
0.000904518
0.000783973
0.000848614
0.00111336
0.000808858
0.000891805
0.00135208
0.000937629
0.00100713
0.00115929
0.000774137
0.000869016
0.000822466
0.000790565
0.000894274
0.000952158
0.000769082
0.000865558
0.000800305
0.000852201
0.00077613
0.000827782
0.000932306
0.00103466
0.000983307
0.000918567
0.000860077
0.00087049
0.00087182
0.000775522
0.000802596
0.000793647
0.000922683
0.000805841
0.000788463
0.000749017
0.000766969
0.000810455
0.000860031
0.000828777
0.000898793
0.000793874
0.0008609
0.000819631
0.000784149
0.000795358
0.000787866
0.000894968
0.000801325
0.000862831
0.000818886
0.000983389
0.000953492
0.00126951
0.000763906
0.000793397
0.000800456
0.00077883
0.000938953
0.000764628
0.000766485
0.00083
0.000904077
0.000849711
0.000989956
0.000903962
0.000779878
0.000892472
0.000819145
0.000785382
0.000775811
0.000803078
0.000751077
0.000786391
0.000949026
0.000914056
0.000869873
0.000828233
0.000824345
0.0008849
0.000805138
0.000774472
0.000780811
0.000863396
0.000864714
0.000909518
0.000782315
0.000769237
0.000872915
0.000761258
0.000955417
0.000805933
0.000742471
0.000811158
0.000765585
0.000759075
0.000755423
0.000746781
0.000757719
0.000810012
0.000780208
0.000956548
0.000883643
0.000867441
0.000965889
0.000856654
0.000750079
0.000782699
0.000868854
0.000775802
0.000802065
0.000852165
0.000797766
0.000854316
0.000851219
0.00081407
0.00083426
0.000786208
0.000879048
0.000815095
0.000772529
0.000790597
0.00087358
0.000762872
0.000760098
0.000775029
0.000778008
0.0011113
0.000846956
0.000757969
0.000915512
0.000796548
0.000774953
0.000767706
0.000805763
0.000973766
0.000798051
0.000772117
0.000814208
0.000769397
0.00081239
0.000781892
0.000899538
0.000774234
0.000826544
0.000791087
0.00079083
0.000831442
0.000778529
0.000775388
0.000762871
0.000805562
0.000925164
0.000932385
0.00111054
0.000846044
0.000847902
0.00101073
0.000761864
0.000782764
0.000781954
0.000761929
0.000850165
0.000783018
0.00076593
0.000836298
0.000824613
0.00116547
0.000936896
0.00078876
0.000760476
0.000798053
0.00112458
0.000789228
0.000875596
0.000762644
0.000756884
0.000886514
0.000886908
0.00103422
0.000830853
0.000827834
0.000801513
0.000858639
0.000812111
0.000769189
0.000829198
0.000808345
0.000825103
0.000818452
0.00084259
0.00105159
0.000880632
0.000948399
0.000963117
0.00122871
0.00076007
0.000795955
0.000750271
0.000820295
0.00083427
0.00109647
0.000948304
0.00105945
0.000776525
0.000855795
0.000839348
0.000772301
0.000798515
0.000836871
0.000770863
0.000766169
0.000881782
0.000969081
0.00126724
0.000797766
0.000894015
0.000828194
0.00103507
0.0009003
0.000763921
0.000773762
0.00081571
0.000872574
0.000851021
0.000755126
0.000905663
0.00109563
0.000851892
0.000892835
0.000799425
0.000805925
0.00079092
0.000844336
0.000930975
0.000816373
0.000779998
0.000833241
0.000814499
0.000778438
0.000822499
0.000956414
0.000873607
0.00096821
0.000909268
0.00114216
0.000891363
0.000809359
0.000937621
0.000806569
0.000844025
0.000979309
0.000855952
0.000870053
0.000833509
0.000859811
0.000766978
0.000774091
0.000816386
0.000792576
0.000852478
0.000834579
0.000874141
0.000909931
0.000851683
0.000793561
0.000938357
0.000815025
0.000960665
0.000867679
0.000775764
0.000880302
0.000963934
0.000812878
0.000769848
0.000900279
0.000969785
0.000884484
0.000901077
0.000895434
0.000855161
0.00085534
0.000833804
0.000821928
0.00076936
0.000779759
0.000903223
0.000813213
0.000793054
0.000778402
0.000908277
0.000778586
0.00105777
0.000887737
0.000810398
0.000799877
0.000787666
0.000874215
0.000867176
0.000755999
0.000908436
0.000822531
0.000904235
0.000841176
0.000847777
0.000816266
0.00083192
0.000830798
0.000847439
0.000799081
0.000815293
0.000780719
0.00087936
0.000773885
0.000974718
0.000790123
0.000885612
0.0011587
0.000830681
0.000834137
0.000806725
0.000895898
0.000872817
0.000771742
0.000818272
0.000915878
0.000777163
0.000974467
0.000789315
0.000764533
0.000807481
0.000789908
0.000841343
0.000815807
0.00080444
0.000782171
0.0007706
0.00085051
0.000783685
0.000873213
0.000910038
0.000868936
0.00146093
0.00108658
0.000761918
0.00128478
0.00127951
0.000845111
0.000940811
0.000824292
0.00110137
0.000888785
0.000870218
0.000890601
0.000806994
0.00075519
0.000770634
0.000795618
0.000798222
0.000893283
0.000780132
0.000797693
0.00110635
0.000774413
0.000877332
0.00124619
0.000876856
0.000795845
0.000791235
0.000907004
0.000977672
0.000782785
0.000764077
0.000981919
0.000796789
0.000778125
0.000932259
0.000799238
0.000762068
0.000773249
0.000815105
0.000874073
0.000763831
0.000769692
0.000816751
0.00115628
0.00117037
0.0015338
0.00116676
0.000990586
0.000965503
0.000943928
0.00105088
0.000992488
0.00102737
0.00108185
0.000933442
0.00151412
0.00123334
0.000771855
0.000838865
0.000768926
0.000819721
0.000819019
0.00124996
0.00101506
0.000766599
0.000898107
0.000763538
0.000916433
0.00110589
0.000934677
0.000843006
0.000781927
0.000873496
0.000784173
0.000904474
0.000897498
0.000817164
0.000851555
0.00086953
0.000810273
0.000826384
0.00101969
0.000816464
0.000802462
0.000782058
0.00128535
0.000866276
0.000813879
0.00109036
0.000780451
0.00118012
0.00103982
0.000774216
0.000822406
0.000775884
0.000841623
0.000824148
0.000769996
0.0010799
0.000827872
0.000953036
0.00104857
0.000980552
0.000829176
0.00085935
0.000866881
0.000852043
0.000906986
0.00116521
0.000831266
0.000860081
0.000833565
0.000866972
0.00117943
0.00106099
0.000962197
0.000791726
0.00105092
0.000898866
0.000929389
0.000810944
0.000800848
0.000852428
0.000796101
0.000770505
0.000893637
0.000822398
0.0007775
0.000787717
0.000775723
0.000779292
0.000786548
0.000848488
0.000882102
0.000899661
0.000797167
0.000899302
0.00100018
0.00108754
0.000902121
0.000849396
0.00086601
0.000795635
0.000874295
0.000797897
0.000881174
0.000784695
0.00080408
0.000781375
0.000836914
0.000933658
0.00110679
0.000781238
0.000778657
0.000780584
0.000787696
0.000816939
0.000808322
0.000929508
0.000790157
0.000846103
0.000854157
0.000801863
0.000811644
0.000776144
0.000895753
0.000797063
0.000784272
0.000761493
0.000969546
0.000772324
0.00075471
0.000743563
0.000778611
0.000974037
0.000905767
0.000821856
0.000827366
0.00076857
0.000761801
0.000762065
0.0009729
0.00080715
0.000841206
0.000870544
0.000868923
0.000928874
0.00113339
0.000884114
0.00078026
0.000781508
0.000938888
0.000958665
0.000810409
0.000775117
0.000798094
0.000777227
0.000784179
0.000745435
0.000764653
0.000880216
0.000908947
0.000791328
0.000746402
0.000754151
0.000755443
0.000779836
0.000784414
0.000762365
0.000879973
0.000823388
0.000937952
0.000849545
0.000752399
0.000857256
0.00102936
0.000774226
0.000872303
0.000808293
0.000791078
0.000910129
0.000775846
0.000912465
0.00082359
0.000770045
0.000837492
0.000760886
0.000812993
0.000770122
0.000817079
0.000781077
0.000877186
0.000812247
0.000822493
0.000936318
0.000743422
0.00084768
0.000755998
0.000791895
0.000911231
0.000785195
0.00105936
0.000837724
0.00077589
0.000784143
0.000883306
0.000820186
0.000801658
0.000771519
0.000789753
0.000830323
0.000843968
0.000778085
0.000943884
0.000842307
0.000822669
0.00076142
0.000763039
0.000887398
0.00084799
0.000877824
0.000880096
0.000764851
0.000944119
0.000849309
0.000758072
0.00078436
0.000753236
0.00090825
0.000772166
0.000779266
0.000864127
0.000850781
0.00075691
0.000908656
0.000786892
0.000776575
0.000874155
0.000830328
0.000793037
0.00086389
0.000890687
0.000877009
0.000982888
0.000798973
0.000772827
0.000902851
0.000767625
0.000776415
0.00108654
0.00100526
0.000793992
0.000862034
0.00079421
0.00112683
0.00094677
0.000872415
0.000803525
0.000765954
0.000770232
0.000783852
0.00078155
0.000847859
0.000786662
0.000805505
0.000849297
0.000856802
0.000842219
0.000788799
0.000790105
0.00086559
0.000792934
0.000778104
0.000775402
0.0010185
0.000816628
0.000818102
0.000780928
0.000808915
0.000864213
0.000798293
0.000896011
0.000838748
0.000785769
0.000777014
0.000754077
0.000754902
0.000788458
0.000784244
0.000915953
0.00080211
0.000883731
0.000812433
0.000817025
0.000750293
0.000795
0.000955822
0.000859855
0.000783892
0.000839632
0.0010086
0.000820101
0.000759848
0.000763025
0.000793117
0.000792098
0.000840088
0.000928397
0.00090764
0.000774587
0.000768673
0.000764724
0.000966844
0.000763213
0.00076945
0.000917463
0.000785322
0.000853386
0.000764675
0.000771578
0.000828706
0.000827833
0.000897313
0.000746865
0.000766617
0.00084492
0.000823339
0.000777164
0.000844241
0.000770309
0.000861916
0.000832708
0.000999318
0.000921811
0.000925671
0.000831738
0.00079385
0.000753215
0.000824222
0.000777874
0.000768514
0.000794462
0.000798126
0.000869412
0.00076995
0.000785605
0.000854246
0.000860001
0.000835761
0.000818325
0.000838024
0.000876167
0.000928123
0.000772386
0.000804465
0.000798451
0.000887763
0.000743929
0.000876165
0.000863063
0.000769913
0.00076844
0.000744014
0.00077218
0.000743268
0.000870611
0.000769777
0.000793703
0.000848547
0.000775109
0.000824022
0.000815625
0.000963012
0.000791386
0.000791074
0.000801202
0.000842945
0.000843564
0.000804759
0.000782904
0.000778119
0.000861558
0.00114444
0.000858259
0.000865664
0.000924222
0.000775289
0.00079019
0.000914575
0.000771324
0.000808231
0.00131322
0.00100013
0.000779615
0.00134856
0.00085229
0.00127729
0.00080704
0.000809407
0.000748502
0.000963309
0.00123222
0.000895318
0.000784886
0.000780855
0.000911348
0.000775338
0.00086628
0.000857705
0.000795856
0.000800392
0.000847233
0.000771971
0.000764971
0.0007883
0.000816155
0.000802557
0.000805918
0.000865218
0.00100816
0.00087132
0.000814637
0.000845577
0.000768956
0.000763386
0.000825151
0.000836157
0.000859237
0.000790237
0.000785776
0.000843834
0.000775109
0.000847938
0.000878858
0.000944757
0.000773276
0.000762626
0.000764372
0.000802059
0.000842972
0.000775582
0.000785561
0.000766961
0.000794002
0.000774512
0.000952394
0.000802706
0.000836294
0.000768632
0.000845633
0.000774531
0.000851093
0.0008259
0.000784054
0.000890362
0.00097183
0.000772961
0.000864504
0.000755111
0.00080015
0.00084408
0.00123095
0.000820374
0.000806433
0.000789299
0.000932189
0.000792723
0.000856512
0.000758697
0.000789436
0.000841879
0.000978998
0.000820582
0.000857158
0.000783018
0.000819906
0.000846218
0.00116167
0.000785217
0.000766389
0.000786937
0.000874507
0.000806795
0.000963855
0.000783122
0.000787673
0.000799851
0.000780482
0.000777486
0.000771923
0.00078339
0.000792903
0.00078748
0.00080332
0.000860416
0.00107546
0.000834541
0.000932012
0.000861197
0.00104697
0.000877875
0.00081176
0.00112427
0.000773969
0.000766447
0.000987209
0.000766971
0.000782298
0.000786435
0.000855372
0.0008442
0.00076569
0.00088274
0.000778246
0.000803865
0.000758954
0.000831299
0.000823689
0.000789095
0.000783044
0.000856014
0.000741573
0.00113996
0.000999447
0.000798254
0.000992362
0.000935734
0.000956269
0.000815306
0.00100249
0.000835892
0.000815423
0.000806406
0.000864211
0.000785678
0.000794486
0.000797486
0.000814415
0.000786779
0.000784594
0.000791484
0.000868921
0.000815375
0.000772197
0.00102305
0.000912226
0.000968799
0.00137404
0.0016546
0.00165218
0.00114831
0.0014982
0.000932383
0.00119668
0.00138851
0.00105514
0.00124778
0.00101863
0.000876447
0.00110745
0.00081566
0.000928767
0.00115412
0.00107892
0.00137219
0.00116552
0.0014329
0.000990624
0.00124409
0.0011091
0.00109801
0.00084211
0.00090861
0.00114306
0.000866552
0.00077185
0.000933912
0.00098051
0.000772663
0.000840546
0.000797267
0.000861347
0.00101623
0.000849464
0.000851499
0.00104536
0.000924308
0.00133482
0.000906984
0.000917189
0.000874047
0.00110477
0.0010003
0.00079567
0.00100241
0.000967278
0.000877586
0.000841301
0.000783252
0.000776858
0.000875478
0.000865248
0.000763451
0.000748659
0.000805044
0.000787807
0.000758504
0.000865523
0.000846025
0.000947039
0.000874858
0.00101823
0.000769428
0.00083901
0.000913485
0.00106212
0.000772935
0.00078932
0.000771267
0.00105412
0.00085579
0.000827019
0.000801233
0.000815508
0.000759304
0.00079296
0.000833011
0.000756531
0.000738579
0.000749223
0.000811181
0.000835678
0.000779735
0.000831989
0.000832386
0.000934202
0.000899941
0.000824797
0.000900445
0.000783032
0.000905885
0.000984343
0.000813164
0.000793344
0.000781008
0.000848672
0.00107007
0.000799556
0.000761653
0.000784901
0.000784501
0.000781744
0.000780235
0.000801929
0.000779747
0.000768528
0.000780246
0.000830276
0.000755914
0.000800642
0.000970668
0.00093114
0.000813323
0.000866094
0.000893381
0.000903191
0.000944472
0.000753316
0.000792112
0.000788945
0.000778843
0.000807195
0.000817455
0.000784205
0.000783215
0.000837784
0.00077515
0.000818805
0.000849293
0.000809258
0.00076664
0.000784459
0.000769851
0.000791599
0.00081768
0.000810373
0.00104542
0.000880718
0.000877247
0.000978276
0.000846607
0.00093794
0.000898256
0.000820744
0.0007889
0.00102217
0.000787679
0.000893616
0.000801419
0.000785287
0.000791192
0.000793869
0.000770124
0.000761087
0.000774086
0.000773879
0.000791075
0.000765782
0.000783012
0.000807388
0.000798687
0.000961942
0.000780131
0.00111441
0.000807292
0.000807715
0.000808543
0.000763528
0.000784123
0.000776036
0.000866802
0.000900352
0.000790106
0.00078137
0.000783879
0.00080968
0.00107202
0.000987156
0.000796382
0.000981821
0.000782904
0.000984985
0.000751466
0.000787315
0.000853509
0.000853724
0.000985448
0.00112454
0.00123149
0.00111717
0.000989286
0.000985412
0.000989659
0.000962755
0.000932716
0.000927068
0.00104824
0.000926887
0.000812338
0.000785943
0.00112117
0.000915137
0.000802092
0.000783157
0.000804488
0.000814209
0.00119805
0.000885259
0.000906495
0.000762389
0.00122569
0.000939245
0.000851662
0.00140921
0.000986077
0.000817368
0.000954213
0.000900329
0.000918396
0.000852159
0.000898197
0.000837953
0.000770036
0.000795323
0.000815032
0.000875607
0.000805294
0.000823025
0.000858528
0.000920315
0.000852203
0.000815739
0.000777073
0.000932759
0.000794083
0.000834309
0.000905511
0.00075363
0.000785038
0.000775273
0.000826067
0.000872956
0.000901642
0.000767321
0.000802657
0.000916253
0.000834125
0.000871893
0.000890701
0.000884936
0.000792902
0.000753644
0.000755015
0.000874882
0.000833399
0.000937372
0.000986701
0.000778073
0.00111208
0.000911231
0.000774007
0.00112789
0.000959594
0.000769914
0.000834045
0.000759137
0.00106661
0.000856962
0.000844565
0.000886547
0.000766504
0.000852422
0.000800983
0.000806957
0.000946821
0.000802155
0.000887729
0.00116155
0.000860854
0.000818956
0.000787455
0.000804502
0.0011021
0.000835927
0.00080323
0.00129649
0.000853305
0.000819599
0.000810778
0.00103144
0.000943418
0.000930798
0.000798434
0.000813525
0.000794071
0.000923574
0.000771271
0.000760594
0.000799975
0.000770435
0.000878257
0.000817676
0.000828464
0.000806571
0.000920342
0.00076584
0.00079319
0.000937391
0.000930755
0.000783002
0.000829876
0.000850228
0.000799265
0.000829582
0.000775551
0.0010173
0.00078415
0.00076743
0.000767477
0.000793744
0.00078424
0.00074969
0.000804228
0.000810668
0.000798815
0.000796113
0.00076022
0.00074993
0.00088088
0.000831969
0.000991905
0.00082362
0.00075145
0.000779131
0.000840501
0.00086437
0.00078965
0.000912622
0.000866222
0.000816001
0.000814348
0.000796502
0.000789904
0.000787043
0.000786929
0.000821201
0.000766535
0.00100012
0.000767298
0.000766006
0.000800002
0.000814301
0.000780227
0.000774532
0.00109386
0.000843172
0.000871704
0.000914479
0.000850463
0.000909927
0.000960777
0.000886762
0.000857483
0.000817914
0.000854608
0.000765056
0.000752428
0.000891832
0.000786566
0.000850266
0.000818636
0.000817454
0.000745229
0.000770894
0.000762331
0.00081608
0.00075973
0.000808691
0.000839957
0.000844864
0.000953437
0.000956988
0.000783043
0.000753696
0.000904655
0.000778654
0.000924281
0.000814865
0.000819164
0.000841919
0.000821462
0.000782956
0.000767476
0.000827421
0.000797651
0.000863935
0.000779581
0.000779024
0.000852021
0.000795278
0.00079843
0.000747041
0.000784545
0.000785169
0.000751282
0.000777442
0.000836913
0.000892701
0.000846711
0.000829465
0.000758945
0.000818496
0.000880962
0.000970026
0.000840163
0.000827506
0.000846703
0.000846038
0.000784573
0.000813817
0.000807156
0.000766331
0.00094464
0.000814275
0.000778144
0.000757124
0.00076969
0.00081264
0.00089024
0.000779548
0.000755498
0.00079871
0.000827845
0.000798847
0.000939656
0.000806318
0.000884768
0.000777513
0.000776146
0.000829921
0.00109662
0.000786228
0.000875338
0.000839898
0.000762162
0.000807824
0.000864363
0.000808995
0.000824294
0.000795693
0.000766029
0.000783703
0.000815147
0.000787741
0.000798336
0.000791017
0.000761585
0.000853148
0.000851151
0.000822459
0.000767823
0.000756449
0.000886992
0.000800251
0.00078837
0.000776088
0.000865831
0.000781999
0.00077599
0.00087549
0.000967032
0.000865068
0.000786111
0.000776096
0.000833504
0.000826619
0.000831382
0.000777814
0.000788821
0.000784096
0.000747377
0.000823716
0.000787233
0.000817688
0.000782034
0.00103818
0.000846803
0.00082003
0.000754291
0.000857073
0.000827972
0.000817093
0.000833923
0.000941395
0.000775767
0.000916344
0.000949393
0.000804038
0.000755161
0.000780432
0.000916435
0.0007771
0.000825303
0.000758675
0.000783622
0.00077414
0.000793937
0.000768468
0.000794737
0.000823268
0.000867087
0.000945821
0.000754891
0.000750655
0.000783274
0.000770924
0.000758589
0.000752804
0.000795671
0.000762515
0.00083978
0.000814085
0.00113976
0.00143309
0.000926969
0.000814203
0.000826852
0.000921658
0.000995553
0.000817126
0.000794663
0.000773996
0.000799342
0.000874223
0.000852879
0.000827991
0.000911073
0.000791433
0.000757548
0.000919833
0.000809115
0.000828566
0.000816002
0.000818894
0.000784723
0.000949522
0.000866794
0.0012496
0.000886697
0.000779528
0.000814228
0.000921411
0.00087991
0.000940499
0.000835475
0.00086157
0.000875004
0.000871064
0.000956697
0.000876642
0.00101039
0.000944458
0.000796566
0.000793971
0.000814721
0.000747908
0.000777419
0.000742725
0.000774604
0.000784983
0.0010571
0.000892362
0.00104356
0.000917373
0.000784569
0.000795149
0.000775441
0.00101596
0.000812932
0.000788404
0.000816502
0.00085406
0.000764404
0.000901868
0.00076944
0.000792188
0.00101596
0.000772268
0.000786666
0.000884066
0.000776757
0.000812561
0.000783974
0.000768208
0.000792261
0.000841112
0.000833419
0.000804597
0.000811155
0.000943546
0.00083962
0.000792687
0.000780821
0.000899494
0.000799346
0.000794478
0.00087792
0.000782561
0.00081896
0.000867534
0.000874497
0.000853394
0.000916689
0.000876055
0.000854279
0.000842116
0.000808648
0.000792794
0.000776689
0.000881349
0.000785269
0.000821229
0.00108043
0.000972344
0.000793886
0.000846936
0.000782987
0.000785776
0.00077659
0.00094108
0.000815344
0.000781872
0.000831651
0.000783056
0.000893549
0.000869126
0.000829409
0.000780212
0.000778201
0.000833158
0.000804202
0.000768381
0.000770685
0.000766787
0.000766338
0.000803629
0.000853501
0.000781118
0.00101481
0.000765747
0.00082244
0.000953638
0.000978353
0.000847396
0.000800871
0.00080981
0.000759881
0.000787631
0.000795678
0.000757161
0.00090251
0.000853377
0.000771924
0.000743016
0.000778316
0.000811166
0.000770254
0.000768661
0.000765791
0.000803035
0.000802778
0.000788136
0.000767592
0.000877641
0.000855843
0.000984624
0.000808913
0.000965373
0.000892325
0.000817379
0.000821513
0.000994043
0.000818343
0.000839033
0.000938375
0.000828507
0.000857862
0.000806519
0.000842292
0.000847098
0.000851741
0.000770074
0.000826531
0.000768139
0.000785459
0.000782804
0.00075954
0.000799026
0.000771487
0.00102405
0.000810909
0.000820336
0.000922344
0.000877007
0.00082702
0.000803868
0.000849843
0.000913853
0.000846879
0.00078842
0.000770631
0.000831954
0.000783757
0.000875166
0.000787002
0.00079799
0.00101189
0.000787115
0.000766839
0.000754456
0.000775129
0.000868575
0.000777273
0.000767882
0.000800248
0.000837471
0.000879854
0.000809215
0.000850561
0.000814239
0.000815158
0.000770701
0.000765109
0.000783862
0.000865662
0.000767084
0.000792614
0.000846627
0.000813836
0.000950671
0.000760391
0.000757685
0.000790167
0.000757705
0.000788471
0.000760272
0.000772221
0.000747383
0.000760349
0.000790643
0.00078088
0.000917413
0.000831755
0.000829769
0.000794618
0.00087752
0.000828207
0.000929894
0.000807549
0.000873416
0.000803078
0.000935582
0.000919062
0.000817821
0.000758949
0.000777779
0.0008195
0.000808393
0.000774266
0.000778871
0.000758882
0.000783074
0.000791394
0.000782467
0.000784694
0.000781112
0.00075718
0.000770797
0.000802133
0.000816784
0.000805073
0.000868955
0.000807775
0.000825739
0.000912889
0.000812481
0.000870935
0.000782771
0.000758472
0.000840194
0.000815027
0.000826279
0.000938528
0.00079596
0.00078976
0.000782544
0.000759662
0.000791228
0.000844494
0.000803172
0.000877134
0.000770436
0.000840719
0.000819447
0.000831788
0.000812742
0.000778974
0.000752043
0.000787554
0.000764509
0.000775845
0.000769481
0.000763294
0.000781073
0.000742358
0.00082782
0.000802094
0.000930522
0.000882833
0.000893374
0.000822159
0.000824801
0.000887566
0.000795121
0.000786486
0.000782196
0.000846407
0.000862413
0.000832116
0.00084374
0.000832968
0.000958065
0.000779355
0.000775402
0.000754212
0.000761257
0.000770939
0.000784263
0.000779268
0.000774306
0.000772203
0.000786318
0.000785018
0.000793551
0.000849169
0.000948492
0.000780026
0.000884255
0.000896829
0.000765653
0.000764743
0.000801368
0.000779701
0.000771164
0.000825872
0.000786968
0.000880102
0.00076313
0.000769664
0.000787389
0.000778123
0.0007704
0.000800784
0.000785201
0.000752768
0.000753115
0.000752859
0.000781881
0.000913799
0.000797211
0.000897261
0.00104108
0.000880489
0.00091746
0.000753753
0.000794021
0.000781396
0.000849187
0.000796803
0.000799969
0.000859666
0.000872113
0.000852758
0.000958759
0.000820542
0.000804181
0.000780388
0.000775847
0.000780244
0.000785908
0.000776741
0.000791046
0.000763219
0.000913902
0.000830028
0.00081118
0.000817112
0.000768135
0.000852238
0.000813973
0.000919657
0.000834811
0.000917212
0.000866131
0.000826023
0.000831238
0.000845324
0.000773703
0.000810229
0.000846365
0.000798183
0.000877473
0.000778536
0.000908676
0.000741204
0.000766172
0.000881032
0.000760843
0.000769362
0.000884512
0.000777687
0.000865791
0.000794687
0.000762076
0.000842018
0.000858985
0.000808189
0.000775945
0.000774662
0.000859649
0.000809005
0.000847474
0.000886546
0.000783965
0.000785905
0.000776015
0.000892557
0.000769724
0.000792137
0.000819458
0.000930414
0.00079806
0.000753524
0.000768536
0.00089179
0.000809045
0.000829877
0.000915882
0.000889263
0.000933303
0.000881916
0.000819847
0.000815601
0.000781487
0.000837152
0.000785998
0.000804687
0.000759574
0.000784075
0.00078286
0.000789513
0.000855474
0.000858801
0.000852222
0.000766112
0.00078127
0.000799505
0.000789917
0.000774677
0.000823443
0.000844694
0.000790427
0.000758114
0.000848004
0.000793752
0.000863475
0.000792619
0.000781343
0.000770152
0.000830589
0.000795667
0.00079939
0.000812546
0.00083844
0.000860031
0.000875028
0.000766636
0.000798726
0.00105527
0.000786018
0.000761024
0.000762859
0.000770109
0.000774261
0.000788031
0.000809132
0.000818243
0.000843136
0.000791859
0.00114824
0.000818695
0.000909639
0.00080338
0.000778969
0.000777003
0.000800083
0.000916399
0.000842477
0.000912935
0.000800173
0.000788973
0.000749414
0.000784835
0.000924653
0.000876289
0.00079244
0.000782102
0.000783809
0.000857895
0.000778192
0.000780069
0.000823938
0.000841341
0.00077722
0.00080481
0.00102433
0.000837117
0.00108889
0.000929057
0.000769911
0.00092819
0.000826922
0.000821851
0.000812593
0.000796774
0.000896379
0.00076783
0.000767172
0.000813679
0.000801845
0.000937915
0.000787312
0.00076071
0.000763624
0.000793574
0.000809855
0.00075412
0.000885825
0.000851362
0.000911436
0.000839014
0.000794419
0.000843752
0.000979392
0.000848576
0.00092137
0.0008641
0.000817679
0.000763303
0.000855634
0.000953127
0.000778294
0.000791572
0.000762388
0.000866725
0.000828029
0.000759772
0.000761689
0.000763257
0.000772017
0.000787754
0.000871748
0.000785167
0.000791291
0.000859868
0.000903992
0.000762958
0.000822872
0.00100046
0.000848277
0.000772375
0.000811159
0.000849123
0.00084693
0.000984213
0.00078492
0.000968254
0.000801595
0.000777748
0.000823688
0.000812534
0.000821209
0.000792978
0.000769222
0.000787893
0.000805295
0.000796377
0.000913137
0.000790388
0.000899033
0.000784591
0.000832401
0.000830778
0.000851588
0.000841585
0.000814633
0.000776626
0.000778707
0.000785749
0.000824521
0.000835577
0.000776606
0.000863497
0.000822792
0.00080704
0.000809464
0.000801189
0.00088331
0.00079063
0.00086245
0.000799206
0.000754982
0.000783406
0.000757407
0.000792005
0.000828799
0.000795087
0.000846376
0.000798157
0.00083752
0.00136003
0.000824618
0.00077263
0.00081948
0.000832207
0.000793028
0.000971525
0.000779702
0.000773857
0.000793978
0.000781569
0.000765147
0.000818766
0.000809188
0.000834885
0.000813118
0.000804117
0.000839338
0.000758241
0.00074612
0.000779387
0.000804064
0.000861806
0.000812892
0.000896883
0.000902898
0.000766063
0.000773935
0.000776339
0.000871826
0.000883594
0.000878492
0.000837696
0.000933462
0.000757144
0.000770757
0.000777059
0.000797995
0.000813396
0.000845173
0.00102963
0.000859616
0.000883116
0.000786402
0.000763324
0.000802008
0.000777271
0.000860671
0.000913769
0.00099015
0.00095433
0.000821051
0.000795787
0.000813097
0.000853807
0.000821652
0.000785395
0.000736541
0.000786809
0.000802312
0.000763457
0.000784515
0.000761945
0.000765304
0.000805237
0.00086269
0.000946109
0.000798354
0.000767267
0.000754018
0.000770007
0.000777082
0.000972973
0.000923393
0.000801841
0.000851824
0.000944025
0.000785317
0.000880134
0.000937831
0.00082737
0.000891228
0.000798215
0.000794374
0.000829586
0.00076473
0.000781108
0.000797343
0.000775879
0.000769627
0.000768816
0.000796587
0.000826514
0.000823488
0.000777784
0.000799689
0.000865701
0.000779333
0.000873404
0.000922555
0.000825298
0.000961935
0.00090192
0.000926718
0.000781037
0.000779017
0.000784882
0.000851422
0.00084474
0.000795539
0.000939061
0.000767119
0.000773653
0.000829584
0.000830543
0.000739548
0.000748223
0.000753803
0.000786915
0.000890001
0.000785884
0.000781926
0.000798279
0.000893563
0.00078684
0.00091437
0.000762564
0.000845718
0.00103014
0.000838915
0.000833317
0.000781886
0.000780996
0.000818849
0.000819978
0.000770517
0.000919712
0.000777068
0.000783488
0.000806391
0.000793158
0.000802495
0.000768888
0.000783135
0.000800265
0.000980991
0.00085784
0.00079898
0.00105183
0.000791923
0.000826939
0.000782813
0.000768766
0.000911256
0.000887622
0.000800295
0.000830952
0.000756998
0.000796947
0.000877083
0.000809714
0.00087585
0.000785392
0.000816254
0.000776786
0.000797444
0.000764258
0.000755856
0.000818118
0.000761023
0.000788618
0.00084807
0.000813921
0.000789748
0.000869036
0.000850651
0.000979862
0.000769939
0.000843807
0.000852444
0.00110211
0.000793783
0.000802302
0.000760021
0.000868911
0.000806365
0.000791182
0.00106792
0.000778951
0.000784078
0.000823731
0.000790779
0.000800934
0.000766023
0.000784759
0.000823483
0.000886353
0.000995332
0.000784802
0.000880552
0.000830817
0.000800265
0.00107588
0.000771539
0.00102067
0.000861149
0.000785168
0.000811497
0.000803893
0.00101483
0.000912425
0.000770346
0.00078043
0.00080469
0.000767163
0.000800417
0.000774031
0.00078473
0.000805564
0.000794004
0.000772262
0.000862667
0.000893787
0.000814918
0.000833906
0.000831821
0.000971281
0.000848623
0.00105333
0.00119058
0.000828621
0.000933437
0.0010177
0.00094782
0.000907256
0.000851853
0.000903247
0.000780006
0.000798679
0.00081632
0.000883687
0.000862017
0.000849396
0.000831499
0.000849368
0.000889709
0.00102874
0.000827242
0.000906871
0.00108561
0.00090757
0.00115601
0.000921201
0.000775469
0.000812503
0.000810605
0.000843119
0.00100729
0.000789118
0.000858659
0.000792797
0.000808118
0.00077638
0.000821923
0.000841678
0.000790684
0.000810694
0.000850435
0.0007948
0.000852159
0.000836249
0.000893341
0.000884112
0.000959938
0.00114082
0.000979459
0.000845172
0.000920528
0.000779716
0.000883008
0.000944384
0.000815722
0.000878912
0.000810575
0.00081477
0.000907712
0.00078466
0.000817051
0.000779443
0.000800356
0.000780494
0.000778579
0.000863249
0.00075801
0.00078572
0.000922057
0.000971906
0.000999028
0.000809824
0.000804975
0.000761153
0.000871213
0.00103963
0.000854444
0.000790868
0.000859304
0.000830071
0.000801742
0.000981118
0.000848635
0.000819728
0.000791616
0.000850126
0.000808261
0.00077123
0.000803107
0.000779529
0.000847441
0.00081631
0.000850154
0.000779612
0.00104687
0.000851469
0.000792929
0.00085278
0.000955786
0.000880419
0.000869986
0.000885628
0.000764322
0.000766988
0.000802614
0.000824227
0.00104218
0.000812641
0.000777726
0.000792565
0.000800081
0.000877213
0.000858553
0.000823029
0.000992097
0.000790547
0.000760284
0.000748291
0.000903649
0.00101075
0.000895075
0.00102771
0.000877657
0.000901796
0.000868751
0.00126815
0.00090133
0.000816266
0.000801804
0.000860069
0.000940084
0.000866592
0.000760604
0.000791695
0.000819564
0.000779728
0.000758941
0.000975877
0.000784118
0.000748243
0.000847369
0.000866455
0.000818261
0.000869927
0.000923609
0.000976075
0.00090414
0.001003
0.000984892
0.000857774
0.00100088
0.000846342
0.000789302
0.000797608
0.000816304
0.000872918
0.00101668
0.000805969
0.000775097
0.000774132
0.00078258
0.000802735
0.000779602
0.000750583
0.000762898
0.000809113
0.000795545
0.000826464
0.00088772
0.000788607
0.000936948
0.000955005
0.000890508
0.000973768
0.000866673
0.00105469
0.000870646
0.000792007
0.000752469
0.000860486
0.000923365
0.000797046
0.000782744
0.000761953
0.000857599
0.000853493
0.000786241
0.000989914
0.000824288
0.00102158
0.000824228
0.0007716
0.00105861
0.000843228
0.000865379
0.00109103
0.000901568
0.000839148
0.000847685
0.000828019
0.000781511
0.00090045
0.00079688
0.000847426
0.000871414
0.000791757
0.000799771
0.000780229
0.000940332
0.000822899
0.00076951
0.000796501
0.000787508
0.000801204
0.000960285
0.000796945
0.000792542
0.000851214
0.000820205
0.000853178
0.00101689
0.00101651
0.00110147
0.000930863
0.000911159
0.000774089
0.00075552
0.000841141
0.000845837
0.000814725
0.000824733
0.000791839
0.000804022
0.000792093
0.000770539
0.000749567
0.000768474
0.000787021
0.00077175
0.000760492
0.000758828
0.000786227
0.000823515
0.000866598
0.000804195
0.000932299
0.000846923
0.000971183
0.000953236
0.00109993
0.000832936
0.000808484
0.00102211
0.00100739
0.000812678
0.000858851
0.000769093
0.000783269
0.000797184
0.000741887
0.000758292
0.000771549
0.000818922
0.000790034
0.000769467
0.000860314
0.000752003
0.000754132
0.0008529
0.000774382
0.000959213
0.000821255
0.000930673
0.000903321
0.00077316
0.000853375
0.000901254
0.000787048
0.000759008
0.000763804
0.000855479
0.000842203
0.000802453
0.000782596
0.000756667
0.000805149
0.0007818
0.000773864
0.000789011
0.000783119
0.000769748
0.000757904
0.000781269
0.000985497
0.000835624
0.000772463
0.000919637
0.000776231
0.00086675
0.000807596
0.000775807
0.000906113
0.000915191
0.000765247
0.000782702
0.000777794
0.000943939
0.00090368
0.00085884
0.000786173
0.000789189
0.000940392
0.0007718
0.000760057
0.000758204
0.000893619
0.000778237
0.000934172
0.000812927
0.000916601
0.000842251
0.00105988
0.000815482
0.00096002
0.000882942
0.000932621
0.000812863
0.00090289
0.000999249
0.000789818
0.000814834
0.00161671
0.00126311
0.00123855
0.00123719
0.00117629
0.0011381
0.000765966
0.000755233
0.000751649
0.000877893
0.00077752
0.000867361
0.000790456
0.000778713
0.000778369
0.000913399
0.00103034
0.000831396
0.00106865
0.000957642
0.00075004
0.000767472
0.000876877
0.00079137
0.000879377
0.00079899
0.000779736
0.000768736
0.000762662
0.000777645
0.000768217
0.000785235
0.000782746
0.00077212
0.000790163
0.000838899
0.00078273
0.000900317
0.000789182
0.0008095
0.000782651
0.000898075
0.000784409
0.00083893
0.000873636
0.000797128
0.000797866
0.00077841
0.000858553
0.000763199
0.000857071
0.000782761
0.000772059
0.000786056
0.000755137
0.000766913
0.000776895
0.00075904
0.000774348
0.000771804
0.000838763
0.000794065
0.000826448
0.000903394
0.000806136
0.000854235
0.000812546
0.000791251
0.000916951
0.000905862
0.000849181
0.0008408
0.000777407
0.000793045
0.000772466
0.000841878
0.000830486
0.000776945
0.000763635
0.000804634
0.000848027
0.0007766
0.000797773
0.000782083
0.000769681
0.000781105
0.000777785
0.000860926
0.000823984
0.000856856
0.000869539
0.000891767
0.000952395
0.000855207
0.000804324
0.00107569
0.000798498
0.000939339
0.00102468
0.000821274
0.000816626
0.000899078
0.000861825
0.000856791
0.000882688
0.00092058
0.000811379
0.000757819
0.000776256
0.000830607
0.000754817
0.00075192
0.000797358
0.000785427
0.0008884
0.000923346
0.000904143
0.000752235
0.000850385
0.000807257
0.0010413
0.000806032
0.000900349
0.000809185
0.000779536
0.000837374
0.000806941
0.000823843
0.000799979
0.00079156
0.000795408
0.000771629
0.000829458
0.000780119
0.000753007
0.000769672
0.000869118
0.000751085
0.000790433
0.000839243
0.000773276
0.000805935
0.000848304
0.00086182
0.000783982
0.000827946
0.0008008
0.000854709
0.000812987
0.000926436
0.000919041
0.000889042
0.000815496
0.00083431
0.00076025
0.000896773
0.000769715
0.000759346
0.000804876
0.000776454
0.000762976
0.000774152
0.000784753
0.000765342
0.00118387
0.000776905
0.000808907
0.000998354
0.000784221
0.00075211
0.000822808
0.000804223
0.000841018
0.000842873
0.000927732
0.000919023
0.000797934
0.000854723
0.000754245
0.000818597
0.000847604
0.000765819
0.000836564
0.000771665
0.000758344
0.000761678
0.000746177
0.000785886
0.000770732
0.000789601
0.000858465
0.000830669
0.00089412
0.000820886
0.000765042
0.000905894
0.0008461
0.00122307
0.000946853
0.000913836
0.000922527
0.00138137
0.000895152
0.000844996
0.000834847
0.000921506
0.000896088
0.000819393
0.000952365
0.000969504
0.000810332
0.00113284
0.000838042
0.000810318
0.000817346
0.000860174
0.000772362
0.00081996
0.000901858
0.000764489
0.000831358
0.000854242
0.00107212
0.000820573
0.000841912
0.00124197
0.00094657
0.000779265
0.000805464
0.000777646
0.000782999
0.000887101
0.000773376
0.000787437
0.000755079
0.000776711
0.000771776
0.000820939
0.000769898
0.000796507
0.000949591
0.000790357
0.00078914
0.000940388
0.000765667
0.000792939
0.0007832
0.000815365
0.0009149
0.00087603
0.00107654
0.000859863
0.000778972
0.000803834
0.000784342
0.000837118
0.000798296
0.000776556
0.000768594
0.000933937
0.000775632
0.000756174
0.000822382
0.00087836
0.000880485
0.000868299
0.000777473
0.00077361
0.000754699
0.000770157
0.000754148
0.000804294
0.000785881
0.000843684
0.000855434
0.00085762
0.00083938
0.00114136
0.000780747
0.00077078
0.000806584
0.000814987
0.000783702
0.000919407
0.000746367
0.000885199
0.000842066
0.000767608
0.000857579
0.00084342
0.000891786
0.000991165
0.00102282
0.000771872
0.00082248
0.000770231
0.000775043
0.000759801
0.000777209
0.000911758
0.000832412
0.000896882
0.000866656
0.00083455
0.000761616
0.000812475
0.000766462
0.000867695
0.000933805
0.000760114
0.000776418
0.000797914
0.000774082
0.000831735
0.000784781
0.000763902
0.000876999
0.000769025
0.000833935
0.000877599
0.000769669
0.000788261
0.00077722
0.000777749
0.000867419
0.000954769
0.000873337
0.000887654
0.00101886
0.000971654
0.000763196
0.000781903
0.000768518
0.000836323
0.000866471
0.00081637
0.000779173
0.000767377
0.000812711
0.000934642
0.000790145
0.000963546
0.000893736
0.000825492
0.00086347
0.000780779
0.000791973
0.000860162
0.000817036
0.000764253
0.000769746
0.000891044
0.000792455
0.000794203
0.000886288
0.000839703
0.000850881
0.000816525
0.000779008
0.000798183
0.00080324
0.000928064
0.000830685
0.000810179
0.000803397
0.000792556
0.000801284
0.000845244
0.000838655
0.00083733
0.000812823
0.000810403
0.00077917
0.00111537
0.000761767
0.00088377
0.000913683
0.00132723
0.000850281
0.00103869
0.00101625
0.000804193
0.000793647
0.000951931
0.000883397
0.000990445
0.00082387
0.000897549
0.000836115
0.00087353
0.000813872
0.000911033
0.000768223
0.000887293
0.000798967
0.000785582
0.00110094
0.00100294
0.000767589
0.000790986
0.00092644
0.000771727
0.00102775
0.00111089
0.00130842
0.000820406
0.000785694
0.00101153
0.000849329
0.000776391
0.000920495
0.000842029
0.000964881
0.00079073
0.000889312
0.000860882
0.000855146
0.000818383
0.000842526
0.000904947
0.000819673
0.000802923
0.000837166
0.000776745
0.000911016
0.000903989
0.00092534
0.000842753
0.000891567
0.000894998
0.000803155
0.000792558
0.000764498
0.000913685
0.000957476
0.00093098
0.000813061
0.000838953
0.00076648
0.000894089
0.000768924
0.000834922
0.000805062
0.000748804
0.000876732
0.000840825
0.000798376
0.000914885
0.000834529
0.000917933
0.00124635
0.00100503
0.000913671
0.000830988
0.00076736
0.000845909
0.000873436
0.000874693
0.000863812
0.000797615
0.000844094
0.00112074
0.00110503
0.00151291
0.00149545
0.000819508
0.000889903
0.0010867
0.000888826
0.000811853
0.00120996
0.00100207
0.000996855
0.00106706
0.000909878
0.000809572
0.000834724
0.00126238
0.00113721
0.000931293
0.000917474
0.000991574
0.00134236
0.0013211
0.00120148
0.00124281
0.000990749
0.00128119
0.00126539
0.00137115
0.00129301
0.000983544
0.000813245
0.000761971
0.000853424
0.000918566
0.000924474
0.000820586
0.00100386
0.000950878
0.00089469
0.000979692
0.000975173
0.000823651
0.000974361
0.000840518
0.000813942
0.000779325
0.000867979
0.00079351
0.000837865
0.00079162
0.000993567
0.000861789
0.000771911
0.00094408
0.000862238
0.00076852
0.000862608
0.00082187
0.00081202
0.000761393
0.000769022
0.000760952
0.00107705
0.000898332
0.000759901
0.000980221
0.000780983
0.000797378
0.000866824
0.000819495
0.000770862
0.000813606
0.000861012
0.00101919
0.000762405
0.000790054
0.000862271
0.000825051
0.000819429
0.000966693
0.000809381
0.0007808
0.000774464
0.000756247
0.00075522
0.000807771
0.000831576
0.000824779
0.000956832
0.000772639
0.000915296
0.000832946
0.000764436
0.00082893
0.000942496
0.000821923
0.000757009
0.000776298
0.000784284
0.000822605
0.000904843
0.00095977
0.000833731
0.000787086
0.000837776
0.000868145
0.000761456
0.000755766
0.000779131
0.000791873
0.000753981
0.000784891
0.000790572
0.000758945
0.000997968
0.00084463
0.000975926
0.000771272
0.000911231
0.000828357
0.000998421
0.00087339
0.000791333
0.000809548
0.000827783
0.000775161
0.000996039
0.000806272
0.00082234
0.000784283
0.000850033
0.000847804
0.000793983
0.000884318
0.000760562
0.000770257
0.00079235
0.000798804
0.000768228
0.000829111
0.000833381
0.000778868
0.000833034
0.000747073
0.00087065
0.000889362
0.000853648
0.000784992
0.000751476
0.000762813
0.000803784
0.0010752
0.000756247
0.000818465
0.000829443
0.000769686
0.000777251
0.000910504
0.000785024
0.000808668
0.000789429
0.000760849
0.000778832
0.000778449
0.000769361
0.000896436
0.000958417
0.000781484
0.000807401
0.000810728
0.000908069
0.000876308
0.00084203
0.000772947
0.000799778
0.000779683
0.000795003
0.000873747
0.000813294
0.000895009
0.000919505
0.000836597
0.000826054
0.000938381
0.000828435
0.000787586
0.000844724
0.000842977
0.00080533
0.000771449
0.000880999
0.000765078
0.000806746
0.000822864
0.000957411
0.000855487
0.000837274
0.000796112
0.000756916
0.000804516
0.000776066
0.000817684
0.00080909
0.000943969
0.000911252
0.000767001
0.000856623
0.000790703
0.000906146
0.000810881
0.000768058
0.000812114
0.000792553
0.000781649
0.000762744
0.0008031
0.000918579
0.000800621
0.00109082
0.000796056
0.000847586
0.000860034
0.000863338
0.000783907
0.000800127
0.000816613
0.0008275
0.000846918
0.000926534
0.000860939
0.000760335
0.000865455
0.000764094
0.000774082
0.000984956
0.000776043
0.0007975
0.000823378
0.000774139
0.000790488
0.000781352
0.000876346
0.000804094
0.000888462
0.000821964
0.000822592
0.000913634
0.000914119
0.000800588
0.000784464
0.000799205
0.00106913
0.000836903
0.000768254
0.00111027
0.000812899
0.000832393
0.000805805
0.000779708
0.000827245
0.00107851
0.000796977
0.000791433
0.000786129
0.00076352
0.000853955
0.000888863
0.000825717
0.000924323
0.000867309
0.000879354
0.000980201
0.00104108
0.000787598
0.000804129
0.000821896
0.000880525
0.000847212
0.00091666
0.0010461
0.000809613
0.000790906
0.000832054
0.000815224
0.000826896
0.00104312
0.000862184
0.000801445
0.000777963
0.000775102
0.00110458
0.000763199
0.000808421
0.00083621
0.000766416
0.000887327
0.00107209
0.000923004
0.000816646
0.000773472
0.000982967
0.000957589
0.000881314
0.000951471
0.000796739
0.000786802
0.0007856
0.000879324
0.000806673
0.000864087
0.00115328
0.000914045
0.000770833
0.000804575
0.000788071
0.000791345
0.000830181
0.000823838
0.000809475
0.000847958
0.000838534
0.000877329
0.000887956
0.000783586
0.00078037
0.000783202
0.000830026
0.000806081
0.00091739
0.000823005
0.000776106
0.00075695
0.000761287
0.000778429
0.000769366
0.000778798
0.000796129
0.000836431
0.000788369
0.000769942
0.000791561
0.000765003
0.000819219
0.000786014
0.000872378
0.000862854
0.000826281
0.000795638
0.000793315
0.000869351
0.000765672
0.000788937
0.00084542
0.000897779
0.000793298
0.000780253
0.000745491
0.000777353
0.00088546
0.000780171
0.000755567
0.000777685
0.000774196
0.000852553
0.000822172
0.00077471
0.000789999
0.000859432
0.000785398
0.00109962
0.000768648
0.00094083
0.000804228
0.000767846
0.000798169
0.000997123
0.000842205
0.000889026
0.000777322
0.000878734
0.000873647
0.00101503
0.00078392
0.000749722
0.000779906
0.000773651
0.00074404
0.000814761
0.000820007
0.000781212
0.000825263
0.000786011
0.000892151
0.000848242
0.000850516
0.000865015
0.000890698
0.000968643
0.000893515
0.000791794
0.000776211
0.000896865
0.00077969
0.000805229
0.000772299
0.000869294
0.000819537
0.000778678
0.000765573
0.000738451
0.000864451
0.000818835
0.000800035
0.000805904
0.000784061
0.00090533
0.000779518
0.000764509
0.00083415
0.00079324
0.000839833
0.000876388
0.00112234
0.000767629
0.000998818
0.000929423
0.000788129
0.000786117
0.000759595
0.000842979
0.000911434
0.000862582
0.000784896
0.000833885
0.000795761
0.00075231
0.000781245
0.000796515
0.000799175
0.00076545
0.000838384
0.000855643
0.000832076
0.000814998
0.000796176
0.000925067
0.000955622
0.000787912
0.000847593
0.000886944
0.000796566
0.000754928
0.000774838
0.000776965
0.00078488
0.000832541
0.000863284
0.000813831
0.000763951
0.000764723
0.000769972
0.000822068
0.000770068
0.000774684
0.00076998
0.000760928
0.000775013
0.000843178
0.00093077
0.000846553
0.000769985
0.000841149
0.000815606
0.000808797
0.000879135
0.000866105
0.000838898
0.000866043
0.000796412
0.000833051
0.000788617
0.000848484
0.00079227
0.000861922
0.000789795
0.000771474
0.000771171
0.00078561
0.000764289
0.000795319
0.000777774
0.000812409
0.000783542
0.000793083
0.000841866
0.000902555
0.000783639
0.000832057
0.000801322
0.00086837
0.000865647
0.000927575
0.000927262
0.000902132
0.000783324
0.000901138
0.000845081
0.000908423
0.000882049
0.000775155
0.000801899
0.000814506
0.000783455
0.000780492
0.000780305
0.000749878
0.000743603
0.000767593
0.000845076
0.000786455
0.000878284
0.00106387
0.000800341
0.00100671
0.000787809
0.000859406
0.000844237
0.00102909
0.000809638
0.000839353
0.000764497
0.000775449
0.000804592
0.000884183
0.000780063
0.000759476
0.000810974
0.000874479
0.000828977
0.000740929
0.000812553
0.00076263
0.000841305
0.000771893
0.000860658
0.000985995
0.00104435
0.000877444
0.000960003
0.0011619
0.000833565
0.000965565
0.000946543
0.000801576
0.000772993
0.000937236
0.000807351
0.000874913
0.00080568
0.00101971
0.000753627
0.000776942
0.000775465
0.000795032
0.000815581
0.000766371
0.000824837
0.000845855
0.000817875
0.00106769
0.00104886
0.000993033
0.000931416
0.000886053
0.000989557
0.000961301
0.000776545
0.000797483
0.000782523
0.000835265
0.000824978
0.000868769
0.0010667
0.000932668
0.000827813
0.00079316
0.000843927
0.000989394
0.000784092
0.000772243
0.000893276
0.000757263
0.000767775
0.000780772
0.00104038
0.000940477
0.00102082
0.000981648
0.000878822
0.00104928
0.000782461
0.000808745
0.000777159
0.000954082
0.000916963
0.000918168
0.000863921
0.000870747
0.000763559
0.000768761
0.000814857
0.000822281
0.000782032
0.000831315
0.000856238
0.000861953
0.00081922
0.000942563
0.00101419
0.000829293
0.000975515
0.000837312
0.000970049
0.00101596
0.000896141
0.00103454
0.000855894
0.000766497
0.000794495
0.00105601
0.000899588
0.000829217
0.000801279
0.000791617
0.000764636
0.000807842
0.000796733
0.000786657
0.000772227
0.000792235
0.000817217
0.000769072
0.000815526
0.00100566
0.000938415
0.000906048
0.00106388
0.000864117
0.000824305
0.00100072
0.000886809
0.00080558
0.000829695
0.000789923
0.000838654
0.000910864
0.000853323
0.000793395
0.000811554
0.000790437
0.000886332
0.000782104
0.00078478
0.000903415
0.000764802
0.000795497
0.000837895
0.00104941
0.000865041
0.00084125
0.000771839
0.000815664
0.000830903
0.000872762
0.000989175
0.000838387
0.00080778
0.000787846
0.000853078
0.00088873
0.000823895
0.000800216
0.00080165
0.000939146
0.000799684
0.000762459
0.000812416
0.000782929
0.000784724
0.000814967
0.00100227
0.000889793
0.000795007
0.000952137
0.00100765
0.000791243
0.00100196
0.000798262
0.00138474
0.000796685
0.0007619
0.000775168
0.000908782
0.00102452
0.000836179
0.000770671
0.000786553
0.000824525
0.000771819
0.000828813
0.000785417
0.00081536
0.000784247
0.000837819
0.000807953
0.000874532
0.00104353
0.000786395
0.000913247
0.000869583
0.00078162
0.000810979
0.000873375
0.00106879
0.000874667
0.000769943
0.000781572
0.000820608
0.000854508
0.000943261
0.000801329
0.000833144
0.00079911
0.000829348
0.00081999
0.000792742
0.000763122
0.000834912
0.000777937
0.000808224
0.000825206
0.000888929
0.000908699
0.000865335
0.000856083
0.000869101
0.00091927
0.000799352
0.000978106
0.000808384
0.00079848
0.000816164
0.000842998
0.000985544
0.0008344
0.000810528
0.000784443
0.000786664
0.000846179
0.000780579
0.000829912
0.000786479
0.000774328
0.000769401
0.000763206
0.000826363
0.000927627
0.000755377
0.000987384
0.000858924
0.000791861
0.000953624
0.000808701
0.000959497
0.00087054
0.000762869
0.000787001
0.000872588
0.0008866
0.000978662
0.000943261
0.000786305
0.00079128
0.000775559
0.000786036
0.000940674
0.0007952
0.0007891
0.000848068
0.000774469
0.000805978
0.000782626
0.000854692
0.00082983
0.00106453
0.000997106
0.000804261
0.00104393
0.000774848
0.00078443
0.000883034
0.000842674
0.000872542
0.00085701
0.000869253
0.00083242
0.000774402
0.000843925
0.000790539
0.00078499
0.000787601
0.000823948
0.000764861
0.00079537
0.00078476
0.000784506
0.000779554
0.00097753
0.000812891
0.00089631
0.000866582
0.000843927
0.000812407
0.000854944
0.00084435
0.000982813
0.000779314
0.000807168
0.000782466
0.000872111
0.000844986
0.000778942
0.000758761
0.000751096
0.000809988
0.000752365
0.000774058
0.000773049
0.000782814
0.000772082
0.000799207
0.000818071
0.000762302
0.000982862
0.000913493
0.000845533
0.000897529
0.000876702
0.000807778
0.000803966
0.000933845
0.00079963
0.000766997
0.000771835
0.000789489
0.000789604
0.000917688
0.000853409
0.00074663
0.000740002
0.000889577
0.000782934
0.000789334
0.000828579
0.000776059
0.000758225
0.000748884
0.000828725
0.000773065
0.000834281
0.000789685
0.000926701
0.000803936
0.000969965
0.000838979
0.000799441
0.000836448
0.0010452
0.000854904
0.000777457
0.000799435
0.00098817
0.000822824
0.000805945
0.000763334
0.000806769
0.000774606
0.00080127
0.000776197
0.000826328
0.000778517
0.000760509
0.000746656
0.000751908
0.000910369
0.000943178
0.000833555
0.000848968
0.000770062
0.000839741
0.000955566
0.000777565
0.000856804
0.000833774
0.000788413
0.00078191
0.00076673
0.00114049
0.000806145
0.000795317
0.000781271
0.000818369
0.000796533
0.000786489
0.000777885
0.000771949
0.000783145
0.000781059
0.000791776
0.000787473
0.000877374
0.000852476
0.000895278
0.000953071
0.000807188
0.00103175
0.000810564
0.00108278
0.000907537
0.000879765
0.000774488
0.000760226
0.0007654
0.000760917
0.000826078
0.000744534
0.000810791
0.000774827
0.000761301
0.000784868
0.000757197
0.000774589
0.000789143
0.000890684
0.000819101
0.000872261
0.00095627
0.00079523
0.000887279
0.000834564
0.000863099
0.000770722
0.000827985
0.000788818
0.000804806
0.000835551
0.000822161
0.000771192
0.000762764
0.000830381
0.000978237
0.000808168
0.000764284
0.000839912
0.000819333
0.000900232
0.000767925
0.000764259
0.000772915
0.000789388
0.000760579
0.000749661
0.000878266
0.000869967
0.000898805
0.000837418
0.000755562
0.000794338
0.000846791
0.00087352
0.000812722
0.000976173
0.000960381
0.000797987
0.000795375
0.000833998
0.000924674
0.000839942
0.000785997
0.000811077
0.000969238
0.000795069
0.000769687
0.000763625
0.00077832
0.00076295
0.000768286
0.000767987
0.000811275
0.000814192
0.000837911
0.000896914
0.000818463
0.000751213
0.000774477
0.000937943
0.000787344
0.000760094
0.00083205
0.000986189
0.000816923
0.000828169
0.000845991
0.000773057
0.000807332
0.000800065
0.00077158
0.00075912
0.00075511
0.000817107
0.000813875
0.000784288
0.000749937
0.000777572
0.000813823
0.000797324
0.000887899
0.000848354
0.00084287
0.000766037
0.000797506
0.000835167
0.000799596
0.000894653
0.000827927
0.000811664
0.000832243
0.000814788
0.000889353
0.000794185
0.000847398
0.000767189
0.000761612
0.000791988
0.000823555
0.000746577
0.000749071
0.000826907
0.000780317
0.000803924
0.00080051
0.000877554
0.000901214
0.000777984
0.00075196
0.000763448
0.000762688
0.000811699
0.000831744
0.000866907
0.000781378
0.000829126
0.000824558
0.000847417
0.0011121
0.000897309
0.000901986
0.000808143
0.000776305
0.000799755
0.000767882
0.000775981
0.000750446
0.000790688
0.000780052
0.000816204
0.000917571
0.000812507
0.000777707
0.000799388
0.000824659
0.000775565
0.000777943
0.000831857
0.000890637
0.000792718
0.000836704
0.000903415
0.000834828
0.000801667
0.000769922
0.000860228
0.000820162
0.00088928
0.000782299
0.000766274
0.000753442
0.000767589
0.00077609
0.000787481
0.000848929
0.000917702
0.000781566
0.000796663
0.00087598
0.000790987
0.000778502
0.000894482
0.000783646
0.000837845
0.000848337
0.000848845
0.000793412
0.000807384
0.000813249
0.000811067
0.000807094
0.000952358
0.000811777
0.000862808
0.000798666
0.000761974
0.000868901
0.000798561
0.000794641
0.000785531
0.00076449
0.00080277
0.000779174
0.000816727
0.000838721
0.000777353
0.000859808
0.000782258
0.000795967
0.000909965
0.00089335
0.000845421
0.000795429
0.000894771
0.000797402
0.00076146
0.000807762
0.000800415
0.000891342
0.000820999
0.000769134
0.000769334
0.000812159
0.000803508
0.000767157
0.000780891
0.000771959
0.000808776
0.000772547
0.000777485
0.000771832
0.000809558
0.000785548
0.00083458
0.000767277
0.000776969
0.000781016
0.00085327
0.000974507
0.000794903
0.000846477
0.000877692
0.000798983
0.000769619
0.000808839
0.000814358
0.000803296
0.00082879
