2.19367
1.24863
2.0915
1.38688
1.33246
1.27697
1.26539
1.28699
2.14075
1.25222
1.28344
1.2613
1.30602
2.03583
1.2533
1.44064
1.29171
1.32715
1.52852
2.02528
1.43257
1.2526
1.27928
1.50591
1.28725
1.62169
1.95269
1.26536
1.30477
1.34693
1.29242
1.46168
1.33054
1.24705
1.26798
1.2746
1.2827
1.29986
1.24157
1.34083
1.24793
1.2463
1.30134
1.31282
1.31661
1.282
1.28416
1.32952
1.29663
1.26657
1.27325
1.29352
1.33037
1.28259
1.30944
1.26074
1.28269
1.28523
1.26776
1.26802
1.36883
1.30002
1.29068
1.31865
1.25918
1.247
1.257
1.30504
1.61255
1.67426
1.45113
1.25293
1.28556
1.24911
1.41576
1.27378
2.14966
1.25268
1.35994
1.30027
1.2907
2.13131
1.36391
1.24683
1.26464
1.25884
2.12302
1.26055
2.06582
1.2544
1.30691
1.49924
1.32875
2.95066
1.27879
2.15401
1.26077
1.259
1.33816
1.28437
