2.72275
2.8438
3.6183
3.40207
2.79219
3.26288
2.73975
2.77016
3.08834
2.68407
3.93535
2.70697
2.86838
2.99447
2.80347
2.83381
2.92947
3.16612
2.8463
2.83524
3.15962
2.76887
2.94187
4.1197
4.09967
2.94296
3.44855
2.74065
2.74977
2.83064
2.73469
2.93267
2.97546
2.92787
3.13427
2.76084
2.74575
2.69054
2.71969
3.24958
2.84756
2.88704
2.69861
2.64975
2.74827
2.92131
2.85349
3.37233
2.81617
2.88041
3.09129
2.74479
2.89105
3.94543
2.74662
2.86003
2.80799
2.73105
2.82758
2.83695
3.11061
2.95123
2.78969
2.79624
2.72869
2.761
2.90564
2.89234
2.77597
3.66383
2.90987
2.86517
2.81989
2.79459
2.85554
2.75097
2.73336
2.69884
2.93296
2.9081
2.91043
2.7632
2.931
2.87695
2.69622
2.80185
3.9457
4.05792
2.64835
2.72723
2.87547
3.02529
2.79067
6.34643
3.97967
2.90418
3.26765
2.87056
3.01603
2.88186
