0.00131756
0.00128187
0.00181998
0.00134167
0.00129296
0.00151435
0.00123873
0.00140092
0.0014338
0.00129698
0.00186865
0.00176497
0.00181072
0.00151227
0.00195987
0.00137886
0.00132259
0.00147536
0.00128182
0.00118671
0.00123556
0.00120778
0.00126644
0.00122249
0.00142249
0.001475
0.00145901
0.00152058
0.00145648
0.00122948
0.00129636
0.00149226
0.00126687
0.00141969
0.00131295
0.00141029
0.00142936
0.00136231
0.00132228
0.00143645
0.00140859
0.00131851
0.00175579
0.00130779
0.00132744
0.00130549
0.00170179
0.00119405
0.00131824
0.0013174
0.00128623
0.00126121
0.00128044
0.00135726
0.00128298
0.00124855
0.00143893
0.00139909
0.00151274
0.00149547
0.00148725
0.00133081
0.00125406
0.00137373
0.0012612
0.00131627
0.00130142
0.0012534
0.00130603
0.00134218
0.00128513
0.00125075
0.00184926
0.00198074
0.00155574
0.00164452
0.00180629
0.00148324
0.0013274
0.00139195
0.00146807
0.00121744
0.00129928
0.00123463
0.00126688
0.00142412
0.00122317
0.00143079
0.00179806
0.00155224
0.00130259
0.00143959
0.00145606
0.00140686
0.00141854
0.00130741
0.00170481
0.00124659
0.00137123
0.00127486
0.00135783
0.0013994
0.00135307
0.0013315
0.00175443
0.00164966
0.00209317
0.00210296
0.00130189
0.00121906
0.00139616
0.00141882
0.00140708
0.00121217
0.00138802
0.00146313
0.00135781
0.00138682
0.00136985
0.00136509
0.00143169
0.00161345
0.00121955
0.00145008
0.0012357
0.0013159
0.00157071
0.00145219
0.00139601
0.00135395
0.00125708
0.00134158
0.00128426
0.00121867
0.00120239
0.00133532
0.00168875
0.00125805
0.00128064
0.00123916
0.00141951
0.00120835
0.00123607
0.00136417
0.00140517
0.00129481
0.00140135
0.00126291
0.00138919
0.00130528
0.00119606
0.00126537
0.00126796
0.00159395
0.00156954
0.00132953
0.00142437
0.00151048
0.00125823
0.00133608
0.00163746
0.00189339
0.00157486
0.00154581
0.0012476
0.00128372
0.00128577
0.00164478
0.00144305
0.00145026
0.00144652
0.00124314
0.0014755
0.00137812
0.00133785
0.00143021
0.00137037
0.00140698
0.00131812
0.00125496
0.00124345
0.00120549
0.00139157
0.00140801
0.00124025
0.00142545
0.00137329
0.00144898
0.00131419
0.00157362
0.00135922
0.00124968
0.0012775
0.00139956
0.00118626
0.00123211
0.00119471
0.00119802
0.00120539
0.00121023
0.0013955
0.00128625
0.00176315
0.00148437
0.00174109
0.00152189
0.00127374
0.0013058
0.00136898
0.0013129
0.00143092
0.00130056
0.001469
0.0012369
0.00124026
0.0012436
0.00127127
0.00124591
0.00136917
0.00143627
0.00134443
0.00129201
0.00141252
0.00142735
0.00120467
0.00138628
0.0013208
0.00137229
0.00133366
0.00125555
0.00123388
0.0012768
0.00119815
0.00124131
0.00137545
0.00123107
0.00128456
0.0014763
0.00150689
0.00133262
0.00144483
0.00139834
0.00136355
0.00126545
0.00127832
0.00119676
0.00133072
0.00132136
0.00120565
0.00121889
0.00129637
0.00127578
0.00119375
0.00137488
0.00137235
0.00133988
0.00127038
0.0012883
0.00123256
0.00126302
0.00130615
0.0013158
0.00133338
0.001226
0.00119497
0.00130638
0.00133056
0.00122792
0.00126637
0.00150708
0.00151566
0.00149921
0.00132609
0.00138044
0.0012878
0.00160127
0.00127146
0.00133115
0.0013096
0.00149255
0.00133061
0.00129074
0.00120339
0.0013211
0.00128358
0.0012009
0.00122883
0.001476
0.00121991
0.00120914
0.00136234
0.00129088
0.00129185
0.00122887
0.0012164
0.00127494
0.0018981
0.00172795
0.00147655
0.00132832
0.0013763
0.00134359
0.00130419
0.00129546
0.00125159
0.0013912
0.00138525
0.00169332
0.00122842
0.00120741
0.00129649
0.00125948
0.00118074
0.00144499
0.00126137
0.00131158
0.00122179
0.00133085
0.00119986
0.00134919
0.00155353
0.0014263
0.00141735
0.00151345
0.00138192
0.00120518
0.0013104
0.00126445
0.00122661
0.00141777
0.00122297
0.00118599
0.00122103
0.00119867
0.00120198
0.00127258
0.00127928
0.00123958
0.00157174
0.001503
0.00131204
0.00133225
0.00137619
0.00130023
0.00154503
0.00161893
0.00138672
0.00128959
0.00133816
0.00130659
0.00129379
0.0013144
0.00128627
0.00143498
0.00160924
0.00153447
0.00122689
0.00147277
0.00130632
0.00130091
0.00127508
0.00124848
0.00121934
0.00137735
0.00121323
0.00130998
0.00118091
0.00120924
0.00120634
0.00121511
0.00145019
0.00174638
0.00207475
0.00151417
0.00139032
0.00145415
0.0017826
0.00132107
0.00152548
0.00138207
0.00131151
0.00121034
0.00166469
0.00128338
0.00125106
0.00139285
0.00183376
0.00161487
0.00141757
0.00134923
0.00192979
0.00162228
0.00146711
0.00147568
0.00140403
0.00141806
0.00124349
0.00124413
0.00122874
0.00124733
0.00133819
0.00133981
0.00190366
0.00164002
0.00127015
0.00133899
0.00121572
0.00148429
0.00131915
0.00121366
0.00141083
0.00132112
0.00153098
0.00134825
0.00127027
0.00125925
0.00128505
0.00133935
0.00128005
0.00181321
0.00170758
0.00148191
0.00204049
0.00140247
0.00152818
0.00118064
0.00149198
0.00128562
0.00121659
0.00126276
0.00130577
0.00129331
0.00132877
0.00134646
0.00166664
0.00146403
0.00130676
0.00159325
0.00129407
0.00128112
0.00134608
0.00137499
0.00122066
0.00125222
0.00123678
0.00130304
0.00128911
0.00133109
0.00123739
0.00132222
0.00173786
0.00149588
0.00140138
0.00136594
0.00123114
0.00122416
0.00137758
0.00121558
0.0013224
0.0012905
0.00127852
0.00120595
0.00127097
0.00123902
0.00126295
0.00122311
0.00126666
0.00149281
0.00148212
0.00134512
0.00122083
0.00125462
0.00120306
0.00136769
0.00151211
0.00128728
0.00144157
0.00120096
0.00119366
0.00119587
0.00122396
0.0013882
0.00119837
0.0013277
0.00125627
0.00188757
0.00157223
0.0013292
0.00147792
0.00120834
0.00157786
0.0013484
0.00150502
0.0012852
0.00134505
0.00121948
0.00126668
0.00131857
0.00134129
0.00126819
0.00143837
0.00194386
0.00144324
0.00144091
0.00130067
0.00131465
0.0015227
0.00235506
0.00144639
0.00124853
0.00133558
0.00121055
0.00126259
0.00135879
0.00123254
0.00134248
0.00124597
0.00187359
0.00138084
0.00123652
0.00128751
0.00122311
0.00124275
0.00149551
0.00145365
0.00141565
0.00131456
0.00125997
0.00145799
0.00138455
0.00119668
0.00129635
0.00140501
0.00190152
0.00147152
0.00119878
0.00134614
0.00128963
0.00158338
0.00143957
0.00140036
0.00124865
0.001208
0.00125234
0.00123524
0.00126386
0.0012122
0.00119292
0.00136897
0.00130081
0.0016689
0.00158293
0.00142603
0.00132261
0.00131153
0.00127193
0.00123894
0.00130386
0.00139085
0.00121327
0.00127653
0.00125219
0.00127763
0.00126723
0.00122708
0.00119669
0.00128299
0.00136929
0.0014564
0.00161444
0.00129922
0.00169873
0.00120826
0.00125225
0.00132541
0.0013201
0.00123434
0.00126436
0.00142328
0.00118744
0.0012867
0.00125816
0.00127336
0.00127052
0.00168022
0.00141782
0.0013585
0.00123903
0.00135154
0.00131273
0.00122399
0.00121444
0.00128604
0.00172431
0.00142056
0.00137053
0.00119283
0.00133475
0.00120241
0.00148319
0.00127032
0.00176758
0.00199727
0.00146321
0.00155814
0.00119747
0.0013015
0.00124578
0.00135054
0.00138503
0.00120485
0.00126935
0.00121097
0.00127003
0.00129053
0.00134163
0.00124144
0.00159382
0.00157549
0.00140838
0.00131265
0.00127264
0.00134608
0.00133441
0.00122165
0.00128612
0.00144801
0.00138659
0.0012074
0.00124555
0.00119367
0.00124192
0.00119513
0.00124202
0.00139796
0.00167706
0.00134649
0.00119459
0.00124543
0.0013749
0.00121288
0.00122141
0.00129025
0.00128173
0.00135986
0.00132072
0.00121067
0.00132146
0.00126104
0.0012587
0.00124235
0.00140578
0.00144222
0.00142116
0.00121916
0.00124332
0.00132591
0.00144669
0.00136634
0.00120553
0.00137334
0.001286
0.00144074
0.00122247
0.00125054
0.00131062
0.00136892
0.00133949
0.00131873
0.00187719
0.00135324
0.00119282
0.0012725
0.00137846
0.00136343
0.00163516
0.00122651
0.00147134
0.00148845
0.00189337
0.00138446
0.00126211
0.00127835
0.00194803
0.00168339
0.00160039
0.00134403
0.00137449
0.00127022
0.00173866
0.00143789
0.00131407
0.00214872
0.00162156
0.00138225
0.00144521
0.00132557
0.00141552
0.00157297
0.00180388
0.00152978
0.00164193
0.00138603
0.00125202
0.00122066
0.00125503
0.00125827
0.00144029
0.00143738
0.00134406
0.00118207
0.00142679
0.00130256
0.00127118
0.00123298
0.00163912
0.00142686
0.00131696
0.00130895
0.00145169
0.00121493
0.00121061
0.00130521
0.00138333
0.00139437
0.00129241
0.0013929
0.0013119
0.00129729
0.00125888
0.00127672
0.00124586
0.00148738
0.00142927
0.00148064
0.0012036
0.00128354
0.00133597
0.0013745
0.00124195
0.00131958
0.00139369
0.00120931
0.0012188
0.00148557
0.00132606
0.00121849
0.00119541
0.00121666
0.00136301
0.00140911
0.0012947
0.00130001
0.00135488
0.00131168
0.00128183
0.00130769
0.00128105
0.00127077
0.00130429
0.00121787
0.00125705
0.00132869
0.00124935
0.00126774
0.00127408
0.00131991
0.00133416
0.00155104
0.00142628
0.00120363
0.0013358
0.0013189
0.00147867
0.00142828
0.00119658
0.00128633
0.00132878
0.00122052
0.00133695
0.00128027
0.00119216
0.00118348
0.00123737
0.00135432
0.00203546
0.00150882
0.00118956
0.00134287
0.00138882
0.00145223
0.00122642
0.00121757
0.00125289
0.00122479
0.00138999
0.00143474
0.00137485
0.00127061
0.0013177
0.00122763
0.00129805
0.00165707
0.00131081
0.00135395
0.00128086
0.00141173
0.00123844
0.00120455
0.00129747
0.00135804
0.00117412
0.00127013
0.00136113
0.00147893
0.00132768
0.0012474
0.00123263
0.00134097
0.00170835
0.00135235
0.00127742
0.00134466
0.00141747
0.0012657
0.00130343
0.00123098
0.00140458
0.00127364
0.00131501
0.00121557
0.00138278
0.00126807
0.00120629
0.0012505
0.00159282
0.00131799
0.00128555
0.00127035
0.00126448
0.00132052
0.00134471
0.00132394
0.00135226
0.00144028
0.00132001
0.00127459
0.00122742
0.00151134
0.00132959
0.00163946
0.00136224
0.00165403
0.00131834
0.00154664
0.00138127
0.00130156
0.00131665
0.00137941
0.00139029
0.00119131
0.00140753
0.00129071
0.00137221
0.00132767
0.00146573
0.00120652
0.0013331
0.00147861
0.001655
0.00159216
0.00144393
0.00143162
0.00123907
0.00127295
0.00147155
0.00124795
0.00139365
0.00123988
0.00143058
0.00137614
0.00143395
0.00133279
0.00133119
0.00143101
0.00175292
0.001417
0.00126023
0.00133912
0.00135373
0.00147374
0.00129939
0.00159925
0.00155841
0.00121484
0.0012057
0.00132518
0.00129599
0.00134129
0.00134648
0.0014475
0.00190785
0.00160119
0.00142049
0.00134652
0.0012557
0.00123087
0.00123024
0.00132884
0.00119979
0.00125828
0.00130265
0.00132835
0.00125489
0.0014692
0.00135855
0.00129151
0.00157039
0.00139627
0.00138499
0.00138599
0.00126182
0.00140651
0.00134728
0.00127235
0.00130608
0.00146271
0.00127146
0.0014182
0.00132462
0.00154493
0.00137148
0.00131509
0.00213199
0.00159982
0.00136464
0.00137568
0.00130522
0.00123415
0.00122547
0.00132489
0.00134953
0.00123149
0.00137054
0.00138429
0.00125406
0.00124405
0.00146092
0.00133748
0.0013617
0.00170438
0.00192852
0.00134521
0.00142018
0.00134972
0.00131955
0.0013815
0.00124813
0.0012316
0.001203
0.00119403
0.00128231
0.00121132
0.00152568
0.00135604
0.00152454
0.00130387
0.00123429
0.00143811
0.00127503
0.00122846
0.00124475
0.00130419
0.0012247
0.00122889
0.00141254
0.00124267
0.00124794
0.00124793
0.00125221
0.0012243
0.00128786
0.00138483
0.00148748
0.00137699
0.00130147
0.00122114
0.00119897
0.00132697
0.00122852
0.00126551
0.00129403
0.0011997
0.00128363
0.0013515
0.00120067
0.00127074
0.00123356
0.00134868
0.00121149
0.00131496
0.00162028
0.00146506
0.00120448
0.00130502
0.00119121
0.0013392
0.0012682
0.00125777
0.00165884
0.00143624
0.00124858
0.00120746
0.00119509
0.00126527
0.00119851
0.00128791
0.0012099
0.00163645
0.0013445
0.00119235
0.00122052
0.00135171
0.00130071
0.00132171
0.00139889
0.00119129
0.00155783
0.00129337
0.00121583
0.00123044
0.00136879
0.00126879
0.00148254
0.00152709
0.00173342
0.001582
0.0012038
0.00140259
0.00132193
0.00133752
0.00137002
0.00131132
0.00122132
0.00119838
0.00125466
0.00123292
0.00122381
0.00134025
0.00122108
0.00143449
0.00139479
0.00160899
0.00163732
0.00130086
0.00135487
0.00150153
0.00148181
0.00134663
0.00123283
0.00137959
0.00128674
0.00124576
0.00157799
0.00132793
0.00118537
0.00155575
0.00128875
0.0013886
0.0015225
0.00139274
0.00121674
0.00132841
0.00128011
0.00131264
0.0011987
0.00124267
0.00133783
0.00138299
0.00122528
0.00127829
0.00121383
0.00131636
0.00133959
0.00192875
0.00152218
0.00146729
0.00119854
0.00134422
0.00134376
0.00127146
0.00130014
0.00136773
0.00149605
0.00155571
0.00120611
0.00123717
0.00129673
0.00134346
0.00128587
0.00130495
0.00151696
0.00143982
0.00151816
0.00142806
0.00128242
0.00118976
0.00132702
0.00130097
0.00136182
0.00127781
0.00132588
0.00129515
0.00134764
0.00124862
0.00126786
0.00120401
0.00129686
0.00151259
0.00138486
0.00121674
0.00126308
0.00133041
0.00119902
0.00131832
0.00130823
0.00135399
0.00143438
0.00124004
0.00133757
0.00120096
0.00117919
0.0011996
0.00134055
0.00129877
0.00151602
0.00143349
0.00126342
0.00130754
0.00166166
0.00129237
0.00122247
0.00142601
0.00123955
0.00136049
0.00132055
0.00127786
0.00125584
0.00121242
0.00128188
0.00121122
0.00128496
0.00143359
0.00135601
0.00148407
0.00124749
0.00142515
0.00145503
0.00120792
0.00121126
0.00130737
0.00125102
0.00122442
0.00131625
0.00127007
0.00119173
0.00120443
0.00131823
0.00120807
0.00121976
0.00134328
0.00140176
0.00137599
0.00143663
0.00131172
0.00120719
0.00121726
0.00135396
0.00129121
0.00120277
0.00136856
0.0012316
0.00119681
0.00128663
0.00127525
0.00131836
0.00120836
0.00140701
0.00134004
0.00142587
0.00149234
0.00134361
0.00125124
0.00137508
0.00144856
0.00124771
0.00122621
0.00120473
0.00128445
0.00122601
0.00120485
0.00127852
0.00133124
0.00123391
0.0020578
0.00176308
0.00180189
0.00130112
0.00144735
0.00133489
0.00125815
0.0012873
0.00129563
0.00121986
0.00125988
0.00128876
0.00131218
0.00120444
0.00143023
0.00120874
0.00130817
0.00139428
0.00141667
0.00134711
0.00150668
0.00146685
0.00152819
0.00123308
0.00136971
0.00144812
0.00135605
0.00130378
0.00128362
0.0012998
0.00126147
0.00139956
0.00136719
0.00125671
0.00136327
0.00134223
0.00131431
0.00147926
0.00125482
0.00121595
0.00128364
0.00139604
0.00130011
0.0013296
0.00121189
0.0012629
0.00131953
0.001395
0.00133319
0.00128553
0.00139201
0.00138206
0.00150649
0.00176098
0.00135953
0.00137792
0.00133999
0.00120436
0.00147497
0.00143383
0.00119093
0.00119504
0.00123566
0.00132444
0.0013201
0.00128227
0.00124875
0.0013152
0.00152208
0.00141758
0.00142628
0.0012898
0.00150506
0.00151426
0.00120565
0.00163357
0.00176318
0.00137799
0.00141225
0.00125589
0.00127186
0.0013734
0.00129414
0.00149058
0.00133117
0.00158161
0.00128185
0.00151294
0.00148845
0.00150986
0.00133639
0.0013247
0.00156604
0.00144544
0.00136038
0.00140479
0.00120284
0.00139375
0.00129594
0.00126885
0.00153608
0.00168403
0.00138203
0.00151583
0.00158425
0.00164922
0.00130725
0.00125346
0.00152982
0.00131138
0.0012433
0.00138417
0.00141376
0.0013658
0.00137868
0.00163554
0.00177917
0.00163765
0.00148032
0.00156256
0.00134238
0.00162617
0.00123808
0.00129072
0.00195244
0.00160962
0.00126979
0.0012864
0.00146003
0.0014104
0.00140653
0.00124818
0.00165973
0.00130286
0.00134148
0.00164267
0.00165962
0.00133861
0.00131408
0.00142765
0.00133337
0.00124183
0.00133481
0.00119772
0.00138217
0.0013148
0.00160322
0.00151109
0.00143603
0.00140597
0.00122264
0.00160399
0.00147844
0.00147805
0.0012425
0.00128582
0.00122349
0.00135749
0.00132761
0.00128841
0.00126484
0.0013391
0.00119669
0.00138522
0.0012343
0.00124859
0.0011975
0.00139444
0.00123785
0.00133929
0.00146877
0.00146407
0.00149173
0.00190484
0.00158909
0.00119059
0.00144598
0.0014227
0.00122342
0.00149256
0.0013755
0.00146918
0.00129649
0.00123123
0.00122869
0.00145314
0.00123802
0.00161436
0.00137954
0.00134421
0.00127836
0.00132704
0.00131465
0.00137212
0.00126684
0.00126528
0.00145573
0.00143948
0.0015418
0.00135589
0.00124318
0.00127426
0.00136343
0.00127541
0.00159035
0.0012108
0.00124574
0.00127158
0.00129686
0.00134971
0.00120368
0.0011992
0.00121123
0.00123902
0.00126658
0.00132536
0.00126118
0.00132847
0.00126494
0.00136726
0.0014597
0.00159112
0.00149983
0.00126933
0.00141442
0.00157766
0.00131225
0.00128476
0.0012246
0.0011982
0.00132366
0.00144691
0.00142518
0.00119656
0.00125069
0.00131875
0.00122835
0.00142138
0.00140002
0.00125497
0.00123156
0.00132237
0.00131286
0.00127287
0.00122969
0.00130055
0.0012376
0.00134892
0.00135517
0.00128428
0.00128275
0.0014196
0.00147839
0.00159663
0.00131302
0.00127553
0.0012515
0.00121476
0.00126889
0.00120996
0.00119292
0.00122575
0.00127435
0.00123269
0.00126721
0.00144312
0.00132123
0.00125059
0.00134514
0.00130211
0.00124325
0.00130369
0.00134292
0.00136248
0.00130002
0.00135239
0.00135821
0.00119364
0.00121364
0.0012451
0.00133604
0.00145011
0.00161088
0.00130233
0.00123031
0.00132016
0.0012832
0.0013085
0.00121933
0.00133878
0.00137033
0.00133745
0.00119117
0.00132514
0.00121366
0.00128173
0.00123638
0.00127849
0.00126128
0.00142446
0.00157396
0.0015229
0.00133851
0.00124759
0.00121996
0.00125125
0.00138637
0.00123819
0.00141053
0.00131668
0.0013095
0.00119589
0.001236
0.00124388
0.00131597
0.00136407
0.00138585
0.00151713
0.00136914
0.00126132
0.00139271
0.00129304
0.00123685
0.00127633
0.00130124
0.00140536
0.00145863
0.00126803
0.0012614
0.00130506
0.0013377
0.00128689
0.00130952
0.0013085
0.00139384
0.00124031
0.00122759
0.00129912
0.00124598
0.00127451
0.0012417
0.00126281
0.00150327
0.00136995
0.00121157
0.00120294
0.00127445
0.00126385
0.00125511
0.00139514
0.00128488
0.00129675
0.00128629
0.00147985
0.00150433
0.00125058
0.00119101
0.00130189
0.00133877
0.00140516
0.00119235
0.00119644
0.00120779
0.00127058
0.00129477
0.00120983
0.00122869
0.00125523
0.00124845
0.00151321
0.00159094
0.00132339
0.00129116
0.00125036
0.00120056
0.00134887
0.00120379
0.00133582
0.00125204
0.00127557
0.00127458
0.00128577
0.00120559
0.00128248
0.0013698
0.00129237
0.00157844
0.00141056
0.00132431
0.00135215
0.00130481
0.00126141
0.00131122
0.00122636
0.00124932
0.00138994
0.00129734
0.00132647
0.00122509
0.00125357
0.00120092
0.00135734
0.00128017
0.00139355
0.00170594
0.00163711
0.00130073
0.00136323
0.00158354
0.0013318
0.00128441
0.00134293
0.00137219
0.00125495
0.00130361
0.00122659
0.00133043
0.00123492
0.00137942
0.00150876
0.00203313
0.00144579
0.00122392
0.00147358
0.00132732
0.00141199
0.00138241
0.001236
0.00152061
0.00180716
0.00153544
0.00125153
0.00130039
0.00128601
0.00143061
0.00130839
0.00139583
0.00125084
0.00148752
0.00128181
0.00154148
0.00131736
0.00123442
0.00123488
0.00124632
0.00137348
0.00134052
0.00156835
0.00121023
0.00126046
0.00129365
0.00129678
0.0012936
0.00171739
0.00129498
0.00146207
0.00145191
0.00123308
0.00128234
0.00124337
0.00131544
0.00158083
0.00131194
0.00124009
0.00131424
0.0013938
0.00118701
0.00135647
0.00125356
0.00148348
0.00150352
0.00167866
0.00121413
0.0012282
0.00135457
0.00150757
0.00127543
0.00129397
0.00149455
0.00156344
0.00126556
0.00126514
0.00130392
0.00135613
0.00123205
0.00126456
0.00158222
0.00136272
0.00137284
0.00120662
0.00122155
0.00128807
0.00147007
0.00131191
0.00127854
0.00149311
0.001416
0.00126303
0.00125663
0.00122959
0.00132123
0.00132577
0.00150835
0.00162624
0.001913
0.00132283
0.00151947
0.00119519
0.00126087
0.00129287
0.00129465
0.0012472
0.00167098
0.00125024
0.0012762
0.00133419
0.0013887
0.00131513
0.00125683
0.00144904
0.00138947
0.00135003
0.00118138
0.0013508
0.00128835
0.00138054
0.00123993
0.00145631
0.00132354
0.00148991
0.00133162
0.0012874
0.00123646
0.00133446
0.00132834
0.00197275
0.00135978
0.00128487
0.00139572
0.00143398
0.00132664
0.00133987
0.00127411
0.00121575
0.00134671
0.00126178
0.00138948
0.00125949
0.0012666
0.001706
0.00135342
0.00143673
0.00181374
0.00145929
0.0015332
0.00135417
0.0014406
0.00128699
0.00139594
0.00132766
0.00136145
0.0012843
0.00131586
0.00137289
0.00131635
0.00122503
0.00142992
0.00145075
0.00148499
0.00133654
0.0012589
0.00147774
0.00128865
0.00161362
0.00125245
0.00146399
0.00131767
0.0017922
0.00140256
0.00135282
0.00142827
0.00129607
0.00137531
0.00148961
0.00148265
0.00134322
0.0012666
0.00147123
0.00150469
0.00131992
0.00126531
0.00119961
0.00124559
0.00143065
0.00119031
0.0012102
0.00136084
0.00131264
0.00120325
0.00135663
0.0013642
0.00161696
0.00136459
0.00125129
0.00142259
0.00126927
0.00136944
0.00121177
0.00134619
0.00119843
0.00135796
0.00127582
0.00124425
0.00140168
0.00128579
0.00137281
0.00124968
0.00131186
0.00155032
0.00151747
0.00132321
0.00184438
0.00122785
0.00128857
0.00125195
0.00128765
0.00142382
0.00143949
0.00140352
0.00128187
0.00163917
0.0012847
0.00126174
0.00172408
0.00194427
0.00140624
0.00127473
0.00147112
0.0012691
0.00126582
0.0012668
0.0011906
0.00123967
0.00126351
0.00124717
0.00139621
0.00129157
0.00136148
0.00127204
0.00136156
0.00140801
0.00148039
0.00122744
0.00129631
0.00139658
0.00122807
0.00129242
0.0014903
0.0013342
0.00122381
0.00128
0.00121948
0.00137701
0.00140004
0.00120086
0.00123193
0.00130607
0.00121549
0.00149764
0.00132711
0.00146464
0.00130982
0.001344
0.00142057
0.0012917
0.00134904
0.00133084
0.00125167
0.00134543
0.00126504
0.00119663
0.00133395
0.00127358
0.00169295
0.00143437
0.00129848
0.0013223
0.00145879
0.00141461
0.00132662
0.00132887
0.00131828
0.00129537
0.00135531
0.00122774
0.00132061
0.00124249
0.00121368
0.00122071
0.00122693
0.00140909
0.00137563
0.00128407
0.00133789
0.00135553
0.00127223
0.00137288
0.00133025
0.00126559
0.00130218
0.00137081
0.00123464
0.00121024
0.00121435
0.00129115
0.0011942
0.00131368
0.00131016
0.00122983
0.00130491
0.00144381
0.00145293
0.00127221
0.00134706
0.00139541
0.00146115
0.00124268
0.00156183
0.00197396
0.001362
0.00128613
0.00121232
0.00138281
0.00123058
0.00139422
0.00139164
0.00143497
0.00123053
0.00146423
0.00143532
0.0015032
0.00172693
0.00125539
0.00160137
0.00124647
0.00121149
0.00120057
0.00123334
0.00142854
0.0012203
0.00128496
0.00146175
0.00124171
0.00125945
0.00137404
0.00124289
0.00139725
0.00124058
0.00182417
0.00132801
0.00133774
0.00129364
0.00131649
0.00121012
0.00123306
0.00122204
0.00120468
0.00119594
0.00135886
0.00150027
0.00140533
0.00119371
0.00126821
0.00133762
0.00142162
0.00128909
0.0014137
0.00136024
0.00149636
0.00141178
0.00170758
0.00128788
0.00139783
0.00182906
0.00207089
0.00122682
0.00144096
0.00123603
0.0011989
0.00121428
0.00142474
0.00220652
0.00213808
0.00123259
0.00126866
0.00148382
0.00124751
0.00124778
0.00130825
0.00133272
0.0015926
0.00155288
0.00140996
0.00119748
0.0011909
0.00119514
0.00141429
0.00148038
0.00131517
0.00132495
0.00138111
0.00135515
0.00135207
0.00129576
0.00122159
0.00118286
0.00116746
0.00138318
0.00143087
0.00125667
0.00120233
0.0012709
0.00132912
0.0014377
0.00128319
0.00145025
0.00130317
0.00121773
0.00123272
0.00127518
0.00121129
0.00125775
0.00129267
0.00125178
0.00128044
0.00122653
0.00136174
0.00136115
0.00122498
0.00121701
0.001341
0.00149814
0.00135038
0.00123998
0.00135046
0.00130477
0.00130242
0.00122791
0.00121316
0.00131951
0.00153172
0.0013868
0.00132103
0.00160307
0.00146537
0.00129217
0.00131861
0.00132975
0.00133292
0.00139982
0.00131188
0.00127277
0.00121558
0.00122083
0.0013583
0.00132737
0.00123425
0.0012796
0.00132556
0.00126445
0.00122719
0.00128696
0.00140691
0.0011923
0.00145567
0.00130299
0.00128645
0.00167383
0.00132714
0.00129763
0.00140967
0.0012511
0.00121141
0.00135743
0.00132796
0.00147991
0.00162788
0.00166235
0.00140759
0.00130827
0.00130803
0.00135291
0.00121932
0.00136186
0.00147799
0.00122582
0.00142166
0.00119537
0.00123347
0.00119939
0.00126846
0.00124358
0.00145744
0.00156644
0.00135366
0.00132067
0.00135484
0.00123622
0.00129923
0.00136276
0.00130285
0.0012841
0.00127005
0.00123485
0.00125495
0.00120831
0.00127731
0.00124003
0.0012502
0.00127287
0.00168778
0.00127799
0.00118716
0.0013317
0.00126101
0.00137349
0.00148911
0.00153937
0.00182029
0.00143218
0.0016629
0.00140235
0.00146443
0.00129004
0.001451
0.00149596
0.00181796
0.0014575
0.00125713
0.00130284
0.00148814
0.00132794
0.00125582
0.00146089
0.00120107
0.00123907
0.00121008
0.00126338
0.00128598
0.00123838
0.00130891
0.00135627
0.00138095
0.00147272
0.00128071
0.00134382
0.00127031
0.00132133
0.00121839
0.00127728
0.00121375
0.00139939
0.00143779
0.00125706
0.00126759
0.00119521
0.00127037
0.00119234
0.00136264
0.00129732
0.00140921
0.00123963
0.00134033
0.00134715
0.00130422
0.0012142
0.00132359
0.00133586
0.00118173
0.00120745
0.00144684
0.00119558
0.00123133
0.00133348
0.00123681
0.00125747
0.00149124
0.00149711
0.00136883
0.00147632
0.00131843
0.00136489
0.00134905
0.00130178
0.00133316
0.00121609
0.00128532
0.00145758
0.00134688
0.00124621
0.0012103
0.00120428
0.00155223
0.00122198
0.00127842
0.0014977
0.00131003
0.0016381
0.00126142
0.00128005
0.00124866
0.00122815
0.00135738
0.00128561
0.00140684
0.0015483
0.00121132
0.00128563
0.00124433
0.00121801
0.00122912
0.00131367
0.00157504
0.0012385
0.00141222
0.00129581
0.00122352
0.00126236
0.00121584
0.0012482
0.00124734
0.00143932
0.00125135
0.00147272
0.00126301
0.00136318
0.00132288
0.00134947
0.00132647
0.00138298
0.00131406
0.00146461
0.00128702
0.0012033
0.00126426
0.0012096
0.00120996
0.00125616
0.00133702
0.00141045
0.00126043
0.00174928
0.00142599
0.00138657
0.00134007
0.0013559
0.00158595
0.00150124
0.00148346
0.00158813
0.00126611
0.00140916
0.00128834
0.00144508
0.00139154
0.00140413
0.00126135
0.00154068
0.00142092
0.00135061
0.00131278
0.001793
0.0020878
0.00139905
0.00130233
0.00143163
0.001489
0.00132022
0.00151487
0.00122086
0.00169681
0.0018186
0.00193314
0.00126147
0.00155454
0.00139456
0.00149172
0.00173638
0.00128618
0.0012478
0.00137343
0.00139143
0.00135984
0.00118386
0.00145649
0.00138672
0.00137055
0.00147062
0.00153918
0.00135108
0.00138835
0.00174515
0.00148516
0.00157287
0.00124678
0.00155325
0.00152583
0.00127837
0.00145648
0.00132155
0.00127097
0.00148246
0.00139609
0.0013884
0.00132394
0.00124914
0.00129951
0.00131957
0.00120619
0.00122166
0.00144865
0.0014017
0.00147476
0.00149609
0.00169915
0.00136928
0.00161533
0.00147618
0.00157422
0.00140873
0.00156992
0.00160656
0.00148954
0.00150677
0.00150457
0.00173888
0.00152995
0.0015423
0.00169875
0.00149689
0.00136355
0.00143239
0.0016188
0.00159812
0.0013304
0.00120001
0.00132534
0.00130412
0.00139207
0.00154479
0.00149805
0.00176375
0.0014298
0.00137842
0.00143013
0.00120684
0.00121853
0.0014799
0.00128062
0.00134844
0.00136267
0.00132173
0.00127452
0.00124461
0.00123456
0.00126237
0.00133955
0.00133472
0.00129169
0.00136399
0.00135739
0.00190193
0.00131728
0.00139918
0.00132765
0.00120707
0.00124755
0.00122045
0.00120239
0.00129049
0.00129435
0.00121859
0.00135245
0.00129238
0.00131584
0.00137532
0.00174788
0.00130438
0.00129877
0.00124527
0.00130708
0.00148491
0.00140876
0.00126603
0.00126347
0.00133268
0.0013939
0.00118798
0.00134476
0.00146595
0.00134416
0.00128541
0.00154354
0.00146795
0.00152717
0.00130412
0.00123872
0.00139219
0.00138176
0.00127934
0.00123632
0.00128009
0.00121605
0.00121449
0.00125362
0.00122128
0.00150494
0.00130966
0.00120419
0.00140875
0.00141959
0.00146869
0.00142677
0.00125392
0.00131861
0.00157969
0.00132898
0.00125256
0.00118726
0.00133815
0.00140793
0.00119963
0.00122487
0.00132529
0.00138559
0.00123575
0.00186329
0.00126985
0.00134932
0.00130107
0.00138108
0.00121721
0.00122112
0.00125708
0.00122203
0.00120215
0.00122189
0.00133763
0.00129338
0.0012882
0.00144179
0.00127196
0.00128729
0.00127077
0.00125951
0.00142438
0.0013721
0.00128352
0.0013296
0.00138559
0.00124841
0.00124062
0.00133226
0.00130398
0.00134935
0.00126339
0.0012063
0.00140119
0.00124736
0.00150223
0.00141877
0.00133595
0.00131212
0.00142918
0.00140676
0.00128248
0.00130268
0.00139108
0.00133967
0.0011913
0.00120248
0.00130758
0.00119971
0.00125191
0.00134418
0.00135112
0.00131957
0.00144039
0.00124323
0.00125659
0.00158983
0.00195438
0.00144306
0.0013644
0.00138362
0.001399
0.00124054
0.00120065
0.00122045
0.00136452
0.00126381
0.00131104
0.00131325
0.00126608
0.00136943
0.00127594
0.00153271
0.00130131
0.00150052
0.00138056
0.00122343
0.00140489
0.00131633
0.00133475
0.00150339
0.00131683
0.00128104
0.00130952
0.00142846
0.00141636
0.00127366
0.00141516
0.00128211
0.00161335
0.00146205
0.00170568
0.00124715
0.00133553
0.0012565
0.00169444
0.00121575
0.00130417
0.0012853
0.00151775
0.00129957
0.00134172
0.00122214
0.00136587
0.00120222
0.00122492
0.00151571
0.00138262
0.00179829
0.00129381
0.00163364
0.00160486
0.00124909
0.00145442
0.00121156
0.00124833
0.00148168
0.00129307
0.00136663
0.00122595
0.00133319
0.00139129
0.00124956
0.00146363
0.00144326
0.00122897
0.00124994
0.00132964
0.00134141
0.00136442
0.00128051
0.00132397
0.00126321
0.00168524
0.00162411
0.00137223
0.00126964
0.00140529
0.00149598
0.00151683
0.00143426
0.0015214
0.00121449
0.00128083
0.00135334
0.00132688
0.00126351
0.00151179
0.00142455
0.00132699
0.00152176
0.00136042
0.00127922
0.00121964
0.00121434
0.00153971
0.00130012
0.00151364
0.00131569
0.00124378
0.00130624
0.00121615
0.00146646
0.00125248
0.00141778
0.00168763
0.00140812
0.00159287
0.00142597
0.00133999
0.00137209
0.00155032
0.00143574
0.00128108
0.00137898
0.00133202
0.00158012
0.0013115
0.00129235
0.00128233
0.0014569
0.00145662
0.00134472
0.00142406
0.00120539
0.00124496
0.00119046
0.00120086
0.00130127
0.00122453
0.00141423
0.00129087
0.00125139
0.0012363
0.0012104
0.00123027
0.00120414
0.00136713
0.00153296
0.00140848
0.00133733
0.00136353
0.00135298
0.00120314
0.00135719
0.00141556
0.00127579
0.00144295
0.00129576
0.00122397
0.001208
0.00128896
0.00133708
0.00126892
0.00135628
0.00165772
0.00127608
0.00132935
0.00143342
0.00129203
0.00127986
0.00136553
0.00141356
0.00129858
0.00139666
0.00121435
0.001255
0.00124677
0.0014216
0.0013042
0.00127674
0.00133734
0.00128792
0.00129682
0.00142845
0.00138315
0.00125915
0.00134056
0.00136363
0.00121223
0.00141746
0.00156557
0.00120558
0.00132641
0.00127064
0.00124131
0.0013155
0.00123026
0.00146337
0.00141061
0.00128947
0.00142002
0.00130687
0.00132078
0.0013957
0.00122906
0.0012818
0.00129842
0.00132736
0.00130108
0.00127425
0.001266
0.00131876
0.00123521
0.00125744
0.0012646
0.00145433
0.00127149
0.00133282
0.00137475
0.00141137
0.00120353
0.0012107
0.00124172
0.00122366
0.00133453
0.00129017
0.0012819
0.00125691
0.0012417
0.00121614
0.00137739
0.00130536
0.00129635
0.00155403
0.00123292
0.00155713
0.00131888
0.00118403
0.00120783
0.0012187
0.00118995
0.00127659
0.00137551
0.00132688
0.00124164
0.00121847
0.0012656
0.00126183
0.00128372
0.00129397
0.00137816
0.00126551
0.00124278
0.0014252
0.00142935
0.00141498
0.00127498
0.00129835
0.00130206
0.0012717
0.0013261
0.00119019
0.00134485
0.00126496
0.00124209
0.00125909
0.00150106
0.00122419
0.00157399
0.00143844
0.0014404
0.00130556
0.0013724
0.00143759
0.00129008
0.0013496
0.00127295
0.00121743
0.00123105
0.00128136
0.00127492
0.00144343
0.00136825
0.00128156
0.00129878
0.00147252
0.00133909
0.00143211
0.00128685
0.00134937
0.00139227
0.00121566
0.00128758
0.00130849
0.00145176
0.00136008
0.00124064
0.0012315
0.00120512
0.00128201
0.00125874
0.00129557
0.00124734
0.00122205
0.00127768
0.00133658
0.00141932
0.00128904
0.00155166
0.00119846
0.00127669
0.0014312
0.001287
0.00131912
0.00131854
0.0012776
0.00134085
0.00120964
0.00152308
0.00176812
0.00123696
0.00140858
0.0014584
0.00143333
0.00136582
0.00157778
0.00129476
0.00148659
0.00155873
0.00121978
0.00125125
0.0012838
0.00129669
0.00122319
0.00124357
0.00121825
0.00150417
0.00190899
0.00134745
0.0017176
0.00141087
0.00148613
0.00125661
0.00130214
0.00155471
0.0013879
0.0012605
0.00126336
0.00141041
0.00139495
0.00127381
0.00123457
0.00125026
0.00127082
0.00126084
0.00142268
0.00123913
0.00122675
0.00128195
0.00131601
0.00119925
0.00153537
0.00128639
0.00121736
0.00132471
0.00125644
0.00123421
0.00119323
0.00130903
0.00118761
0.00155704
0.00126993
0.00133105
0.00127472
0.00151706
0.00134197
0.00167453
0.00133165
0.00128834
0.00126107
0.00123883
0.00122538
0.00124046
0.00120914
0.00119277
0.00121194
0.00126641
0.00143139
0.0014023
0.00129678
0.00128569
0.00125696
0.0012838
0.00133211
0.00141953
0.0012321
0.00132476
0.00130099
0.00123988
0.00120146
0.00144079
0.00138188
0.00126228
0.00127211
0.00137875
0.00130791
0.00165193
0.0011921
0.00130838
0.00144483
0.0012529
0.00137092
0.00130562
0.00128205
0.00128335
0.00135573
0.00156498
0.00128223
0.00130104
0.00130943
0.00121462
0.00122799
0.00127014
0.00148166
0.0012639
0.00123475
0.00127153
0.00160924
0.00181609
0.00161973
0.00125099
0.00133469
0.00149428
0.00133939
0.00130236
0.00124626
0.00123285
0.00130948
0.00143889
0.00155339
0.00124465
0.00147619
0.00132702
0.00178989
0.00159299
0.00150251
0.00132205
0.00131847
0.00142115
0.00135878
0.00130502
0.00128429
0.00140735
0.00142639
0.00125386
0.00130859
0.00127793
0.00143759
0.00127617
0.00138605
0.0012046
0.00156726
0.00141417
0.00124476
0.00146993
0.00131885
0.00125036
0.00131763
0.00119774
0.00135425
0.00123991
0.00126435
0.00145743
0.00125859
0.00121748
0.00127991
0.0012487
0.00161876
0.00129365
0.00149357
0.00125555
0.0012232
0.00144469
0.00120443
0.00124977
0.00138574
0.00125094
0.00143971
0.00139685
0.00134266
0.00146613
0.00117848
0.00128618
0.00127983
0.0014846
0.00123497
0.00121758
0.00130098
0.00136412
0.00126233
0.00127489
0.00123701
0.00139264
0.00135761
0.00130625
0.00133605
0.00128953
0.00124539
0.00134523
0.00138527
0.00120051
0.00126663
0.00132156
0.00140182
0.00128444
0.00125013
0.00124775
0.00128864
0.00133402
0.00121746
0.00123198
0.00129481
0.00128368
0.00121447
0.00127534
0.0014512
0.00122755
0.00126726
0.00132345
0.00158059
0.00127366
0.00119854
0.00119169
0.00133642
0.00118794
0.00124183
0.00121446
0.00142378
0.00144281
0.0014069
0.00129453
0.00159869
0.00139781
0.00143589
0.00166422
0.00140161
0.00131234
0.00128384
0.00143084
0.00125863
0.00128328
0.00128485
0.00125581
0.00119754
0.00126537
0.0012116
0.00122687
0.00150037
0.00125548
0.00129882
0.00125265
0.00151973
0.00179671
0.00131954
0.00128645
0.00138058
0.00122637
0.00121173
0.00160947
0.00138919
0.00133608
0.00122055
0.00120223
0.00138716
0.00128693
0.00149087
0.00126997
0.00123539
0.00134187
0.00129909
0.00155907
0.00121313
0.00130157
0.00141165
0.00124484
0.00130519
0.00121445
0.00137299
0.00129463
0.00120862
0.00127216
0.00138176
0.00130096
0.00122764
0.0012821
0.00147265
0.00139969
0.00143447
0.0012988
0.001236
0.00136285
0.00150988
0.00118515
0.00123707
0.00132357
0.00121918
0.00128366
0.0012986
0.00134712
0.00121233
0.00133076
0.00138287
0.00148041
0.00136987
0.00151218
0.0012436
0.00120871
0.00144785
0.00137357
0.00125603
0.00120918
0.00130521
0.00144739
0.00141746
0.00127083
0.00124302
0.00145873
0.00126974
0.00129137
0.00143609
0.00142521
0.00184759
0.00150266
0.00134815
0.00142558
0.0014196
0.00136712
0.0012399
0.00128598
0.00134483
0.00154879
0.00145572
0.00130256
0.00120382
0.0013429
0.00133021
0.00167328
0.00138756
0.00130652
0.00162265
0.00129624
0.00126082
0.00122954
0.00122608
0.00142557
0.001196
0.00126115
0.00128991
0.00146541
0.00141873
0.00126843
0.00140461
0.00139276
0.00136517
0.00169117
0.00139381
0.00123569
0.00166313
0.001356
0.0014395
0.00121666
0.00139361
0.0012785
0.00132015
0.0013645
0.00169508
0.00156256
0.00120896
0.00119416
0.00135445
0.00143161
0.00151531
0.00121839
0.00120328
0.00156649
0.00144298
0.00138379
0.00119605
0.00119557
0.00124487
0.0013473
0.00137586
0.00136539
0.00125871
0.00122111
0.00126499
0.00166138
0.00159536
0.00129815
0.00126304
0.00150518
0.00147832
0.00126399
0.00164093
0.0015363
0.00147197
0.00140528
0.00143544
0.00131521
0.00139563
0.00148828
0.00153649
0.00132398
0.00124444
0.00135224
0.00122523
0.00120531
0.00128592
0.00120118
0.0012018
0.00132655
0.00133031
0.0014804
0.00145301
0.00125669
0.00133423
0.00127892
0.00134271
0.00150003
0.00155688
0.00156318
0.00124637
0.00131115
0.00122032
0.00131161
0.00124613
0.0014988
0.00125909
0.00150288
0.00159313
0.00144881
0.00121869
0.00122739
0.00138615
0.00138704
0.00126773
0.00122053
0.00166853
0.00142124
0.00160833
0.00122825
0.00148928
0.00144445
0.00124894
0.00154245
0.0014182
0.00126452
0.0013036
0.00136402
0.00118137
0.00122939
0.00136199
0.00119389
0.00126624
0.00120166
0.00130252
0.00120156
0.00130329
0.00125269
0.00129674
0.00139421
0.00133045
0.00128891
0.00127198
0.00130594
0.00123012
0.00127099
0.00132779
0.00120314
0.0012449
0.00123426
0.00142171
0.0012902
0.00122362
0.00120583
0.00124073
0.00122128
0.00122435
0.00124183
0.00156556
0.00134709
0.00126205
0.00143902
0.00127148
0.00121655
0.00126435
0.00129004
0.00119528
0.00119866
0.0015152
0.00127632
0.00132661
0.00130155
0.00137898
0.00118308
0.00125715
0.00123247
0.00145521
0.00129756
0.00128864
0.00130744
0.00127909
0.0014156
0.00124141
0.00122351
0.00133631
0.0019719
0.00132759
0.00128314
0.0012145
0.00131263
0.00127645
0.00126771
0.00126689
0.0013654
0.0014157
0.00125831
0.00150292
0.00139355
0.0013651
0.00131296
0.00137423
0.00125142
0.0014717
0.0013151
0.00119988
0.00122049
0.00129561
0.00120124
0.00132075
0.00124373
0.00130272
0.00125295
0.00149578
0.00121472
0.00142293
0.00126606
0.0017277
0.00139068
0.00129476
0.00136074
0.00129499
0.00124172
0.00122046
0.00138751
0.00123768
0.00129635
0.00141807
0.00135098
0.00142153
0.00143882
0.0013172
0.00136448
0.00133023
0.00125241
0.00133826
0.00136779
0.00146508
0.00128258
0.00124565
0.001302
0.00126076
0.00125755
0.00137594
0.00124868
0.00128767
0.00121951
0.00140467
0.00119492
0.00152765
0.00141362
0.00127561
0.00125639
0.00126553
0.00134322
0.00121782
0.00126738
0.00120425
0.00124945
0.00134034
0.00122652
0.00122016
0.0011877
0.00132121
0.00128524
0.00129332
0.00133696
0.00130789
0.00141495
0.00131651
0.00129669
0.00177375
0.00140039
0.00140564
0.00129965
0.00130131
0.00129359
0.00136689
0.00140472
0.00120792
0.00141891
0.00157317
0.0013483
0.00147323
0.00125369
0.00155053
0.00132723
0.00126426
0.00139791
0.00141523
0.00120424
0.00132064
0.00136089
0.00122665
0.00124139
0.00130489
0.00124133
0.00136662
0.00139889
0.00131619
0.00139694
0.00126534
0.00132732
0.00133468
0.00125716
0.00130627
0.00138284
0.0012015
0.00126454
0.00120637
0.0013285
0.00130652
0.00122558
0.00135131
0.00132865
0.00136097
0.00137449
0.0012668
0.00138073
0.00131838
0.00143255
0.00124238
0.00126175
0.00135615
0.00136619
0.00127349
0.00130478
0.00124576
0.00120117
0.00126976
0.00121157
0.00123802
0.00124982
0.00141639
0.00124054
0.00124467
0.00170456
0.00139335
0.00138164
0.00125608
0.00124055
0.00132636
0.00122126
0.00120363
0.00120025
0.00142025
0.00130136
0.00122028
0.00129787
0.00134126
0.00145033
0.00132661
0.0012095
0.00128152
0.00135006
0.00144423
0.00125009
0.00130531
0.00136042
0.00143074
0.00129018
0.00131982
0.00132865
0.00129123
0.00120221
0.00130922
0.00141825
0.00162444
0.00125609
0.00125449
0.00135869
0.00168033
0.00120229
0.0012522
0.00128985
0.00137749
0.00132836
0.00122247
0.00143121
0.00153032
0.00132217
0.00169793
0.0013082
0.00127843
0.00129405
0.00148788
0.00120417
0.00132663
0.00132824
0.00129467
0.00131606
0.0016042
0.00124833
0.00126179
0.00128255
0.00137569
0.00126494
0.00131805
0.00137336
0.00121483
0.00126445
0.00144124
0.00144504
0.00126414
0.00137426
0.00151889
0.00134125
0.0012029
0.00131796
0.00128557
0.00135061
0.001305
0.00126659
0.00121648
0.00135789
0.00149983
0.00178503
0.00124165
0.00141063
0.00140481
0.00119057
0.001214
0.00130984
0.00128443
0.00134419
0.00141317
0.00120168
0.0014235
0.00119579
0.00121887
0.00124334
0.0012591
0.00145079
0.00139026
0.00120453
0.00164876
0.00123573
0.00175697
0.00124402
0.00190581
0.00184238
0.00140142
0.00140977
0.00124668
0.00148031
0.00178303
0.00180703
0.001723
0.00170563
0.00197316
0.00143928
0.00144494
0.00147525
0.00162964
0.00132498
0.0012513
0.00122618
0.00127424
0.00127641
0.0012772
0.00124257
0.00140712
0.00140351
0.00141642
0.00151082
0.00165982
0.00130018
0.0012512
0.00125303
0.00140366
0.0013871
0.00129828
0.0012167
0.00145713
0.00130505
0.00126046
0.00121047
0.00123736
0.0013688
0.00147713
0.00158872
0.00121832
0.00123065
0.00151545
0.00158218
0.00146698
0.0013832
0.00122636
0.00130135
0.00126008
0.00133231
0.00130862
0.00127936
0.00142957
0.00146061
0.00127066
0.00131686
0.00128937
0.00131423
0.00155339
0.00131726
0.0014223
0.00133065
0.00131261
0.00128059
0.00152561
0.00142604
0.0012726
0.00120725
0.00132934
0.00131679
0.00123682
0.00119632
0.00139399
0.00125663
0.0015368
0.00122852
0.00163166
0.00151698
0.0013354
0.00128523
0.00127985
0.0015472
0.00147239
0.00121524
0.00118925
0.0013941
0.00135391
0.00134636
0.00123517
0.00145561
0.00141806
0.0015108
0.00142286
0.00128536
0.00133119
0.00133447
0.0013396
0.00124478
0.0013809
0.00120105
0.00124729
0.00118336
0.00121511
0.00130962
0.00143024
0.00120615
0.00122717
0.00124352
0.00151811
0.00120497
0.0014459
0.00124736
0.00161137
0.00125609
0.00124762
0.00151866
0.00129909
0.00126104
0.00127317
0.00168129
0.00124497
0.00143082
0.00137633
0.00172576
0.00130027
0.00138398
0.00139956
0.00136289
0.00180422
0.00149973
0.00138159
0.00148466
0.00131285
0.00167499
0.00143446
0.00130932
0.00123566
0.00141844
0.00133696
0.00141475
0.00143145
0.00133136
0.00167408
0.00151074
0.00157918
0.00126911
0.00127805
0.00159458
0.00135198
0.00127114
0.00131022
0.00135714
0.00133931
0.00130632
0.00129911
0.00157817
0.00129739
0.00138024
0.00121857
0.00164096
0.0018433
0.0014008
0.00137624
0.00151643
0.00131663
0.00151951
0.00130259
0.00128597
0.00124635
0.0014913
0.00120673
0.00149004
0.00121023
0.00137404
0.0013189
0.00165059
0.00156004
0.00171133
0.0012857
0.0013527
0.00177335
0.00143254
0.00143402
0.00149852
0.00121878
0.00135509
0.00145802
0.00165001
0.00145597
0.00134806
0.00159466
0.00150913
0.00162077
0.00136297
0.00148685
0.00151456
0.00137918
0.00121194
0.00152162
0.00142794
0.00140218
0.00136338
0.00135524
0.00148627
0.00118853
0.00123591
0.00155376
0.00129798
0.00140922
0.00122829
0.0013804
0.00140623
0.00129751
0.00141471
0.00121855
0.00122504
0.00119754
0.00123269
0.00129447
0.00152319
0.00142024
0.00130266
0.00123085
0.0013219
0.00145195
0.00127124
0.00130409
0.00129525
0.00125703
0.00123021
0.0011885
0.00125318
0.00142662
0.00139556
0.00129739
0.00131531
0.00129814
0.0013293
0.00118461
0.00150022
0.00124784
0.00142637
0.00123318
0.00133082
0.00129574
0.00135033
0.00120868
0.00119085
0.00124687
0.00133136
0.00131071
0.00134655
0.0013814
0.00130825
0.00132564
0.00135897
0.00133989
0.00121312
0.00136779
0.00128975
0.00123963
0.00125655
0.00120339
0.00134978
0.0012906
0.00140383
0.00136458
0.00125427
0.00120541
0.00123914
0.00142075
0.00124763
0.00154267
0.00140142
0.00126994
0.00146998
0.00126412
0.00119721
0.0013479
0.00127178
0.0012242
0.00121283
0.00127331
0.00120348
0.00123464
0.00123628
0.00137549
0.00121636
0.00145131
0.00135722
0.00133415
0.00149053
0.00134544
0.0014077
0.00121821
0.00127673
0.00120684
0.0013885
0.00131163
0.00123566
0.0012007
0.0013477
0.00129974
0.00136382
0.00149029
0.00154049
0.00128944
0.00130118
0.0013256
0.00130043
0.00148725
0.00124254
0.00123058
0.00143088
0.00134222
0.00118273
0.00130972
0.00118602
0.00128109
0.00124643
0.00132196
0.00125948
0.0012922
0.00121945
0.00125371
0.00137469
0.00138684
0.00139116
0.00129374
0.00124688
0.00130586
0.0014135
0.00125148
0.00121413
0.00122726
0.00119524
0.00132832
0.00130238
0.00125569
0.00130554
0.00129427
0.00139534
0.00125385
0.00149958
0.00122128
0.00132436
0.00129511
0.00121297
0.00149813
0.00147005
0.00124653
0.00139601
0.00130519
0.00125585
0.00120446
0.0011932
0.00120066
0.00123815
0.00145239
0.00122031
0.00140553
0.00155612
0.00133676
0.00156273
0.00131305
0.00132735
0.00130203
0.00117609
0.00122752
0.00124341
0.00121376
0.0012354
0.00118388
0.00124139
0.00130776
0.00145043
0.00150276
0.00147188
0.00128352
0.00155697
0.00133293
0.00123345
0.00144167
0.00125795
0.0012067
0.00120166
0.00129169
0.00125602
0.00127485
0.00129019
0.00122764
0.00134799
0.00133147
0.0013083
0.00123169
0.00129726
0.00139835
0.00136808
0.00139339
0.0011972
0.00122847
0.00123556
0.00125874
0.00131958
0.00123453
0.00128585
0.00121466
0.00120848
0.00126037
0.00125963
0.00141196
0.00130579
0.00124192
0.00132204
0.00129436
0.00134018
0.00125858
0.00118019
0.0012248
0.00125711
0.00130118
0.00126922
0.0012179
0.00131613
0.00124964
0.00122409
0.00124272
0.00126876
0.00138287
0.0012103
0.00135278
0.00146547
0.00131695
0.00143207
0.00128732
0.00144963
0.00135217
0.00129227
0.00122648
0.00133796
0.00126902
0.00125082
0.00131507
0.00136669
0.00123985
0.00138316
0.0013193
0.00128863
0.00122592
0.00151752
0.00132487
0.00144903
0.00126663
0.00141554
0.00123691
0.00124715
0.00121673
0.00121269
0.00128153
0.00125218
0.0012289
0.00142143
0.00144901
0.0012545
0.00129797
0.00123675
0.00148849
0.00122267
0.00131342
0.00135088
0.00137652
0.00121942
0.00123741
0.00125665
0.0012689
0.00135253
0.00149508
0.00131183
0.00162875
0.00166167
0.00119933
0.00129219
0.00128083
0.00144936
0.00121246
0.00126147
0.0013587
0.00131156
0.0012216
0.00122294
0.00119315
0.00133403
0.00141232
0.00149811
0.001278
0.00123332
0.00133722
0.00132806
0.00136712
0.0012956
0.00131309
0.00130455
0.00126259
0.00135945
0.00131115
0.00136278
0.00121063
0.00128885
0.00132619
0.0013254
0.0014786
0.00129832
0.00134018
0.00153781
0.00127384
0.00130151
0.0012217
0.00130357
0.00140168
0.00134256
0.00127071
0.00125142
0.00120897
0.00123674
0.00122957
0.00120271
0.00133669
0.00128985
0.00135234
0.00133489
0.00138806
0.00127759
0.00133828
0.00122746
0.00126881
0.00134785
0.00122652
0.00137145
0.00130087
0.00122386
0.00121079
0.00134123
0.00119957
0.00128636
0.00132595
0.00140243
0.00126559
0.00124094
0.00150114
0.00132522
0.00143727
0.00118598
0.00125663
0.00131754
0.00132643
0.00127185
0.00119079
0.00121866
0.00118238
0.00121373
0.00123585
0.00127182
0.0013033
0.00128506
0.00146474
0.00121195
0.00129182
0.0012289
0.00124682
0.00139254
0.00122264
0.00125863
0.00124022
0.0013851
0.00127878
0.00122438
0.00135402
0.00124165
0.00120296
0.00123228
0.00129094
0.00123914
0.00139707
0.00124363
0.00133163
0.00150371
0.00134386
0.00159701
0.00119863
0.00122253
0.00135333
0.0013209
0.00121159
0.00123463
0.00120622
0.00136888
0.00122707
0.0012894
0.00131052
0.00177022
0.00127456
0.00132526
0.0013899
0.00135559
0.00145412
0.00125793
0.00126293
0.00147716
0.00136606
0.00120024
0.00121902
0.00121971
0.00123543
0.00119789
0.00123916
0.00123814
0.0013237
0.00136044
0.00124381
0.00156005
0.00129431
0.00155442
0.00136071
0.0014075
0.00130055
0.00141367
0.00128805
0.00151212
0.00142914
0.00133558
0.00124873
0.00129194
0.00126484
0.00143625
0.00152087
0.00122501
0.00134303
0.00124914
0.00151436
0.00127594
0.00131732
0.00135595
0.00152821
0.00129708
0.00129376
0.00123669
0.00124628
0.00123221
0.00129131
0.00143103
0.00138394
0.00147506
0.00147404
0.00140503
0.00136022
0.00154893
0.0012629
0.00134106
0.00130042
0.00137339
0.00122582
0.00134519
0.00156612
0.0014135
0.00129268
0.00128408
0.00142643
0.00122213
0.00142873
0.00119998
0.00138855
0.00142437
0.00145117
0.00124893
0.00138436
0.00143547
0.00132995
0.00119599
0.00123491
0.00129595
0.00119084
0.00128476
0.00129116
0.00127306
0.00132639
0.00147333
0.00130992
0.00165354
0.00138806
0.00144017
0.00126642
0.00132698
0.00136311
0.00127786
0.00134014
0.0012106
0.00126348
0.00145309
0.00126888
0.00131772
0.00124297
0.00138854
0.00145377
0.00125964
0.00137273
0.00139664
0.0016115
0.00121236
0.00133607
0.00138923
0.00142052
0.00125154
0.00131106
0.00132708
0.00138849
0.0011951
0.00140929
0.00145466
0.0014645
0.00126693
0.00133857
0.00177108
0.00128642
0.00139724
0.00123978
0.00137937
0.00129806
0.00137181
0.00122204
0.00122076
0.00132458
0.00126117
0.00123535
0.00124378
0.00120473
0.00128243
0.00129172
0.00122258
0.00124511
0.00146388
0.00135589
0.00142482
0.00129152
0.00135214
0.00123534
0.00134757
0.00153841
0.00127969
0.00154165
0.00121323
0.00124005
0.00130699
0.00148851
0.00121911
0.00122123
0.00134322
0.00147379
0.00131144
0.00139348
0.00128503
0.00126202
0.00126849
0.00120701
0.0013012
0.00123776
0.00128186
0.00126282
0.00119404
0.00144544
0.00135354
0.00143669
0.00132252
0.00130532
0.00173183
0.00137592
0.0013597
0.00127676
0.00143261
0.00123788
0.00133207
0.00130693
0.00134739
0.00128669
0.00124299
0.00130871
0.00133704
0.00131973
0.0012012
0.00135838
0.00125679
0.00132759
0.00142431
0.00149678
0.00133384
0.0014682
0.00131855
0.00131025
0.00129972
0.00152665
0.00140957
0.00126802
0.00130417
0.00156501
0.00163113
0.00121539
0.00125095
0.0014276
0.00140334
0.00132956
0.00127564
0.00145799
0.00137829
0.00121397
0.00136407
0.00131892
0.00138831
0.00150821
0.00141449
0.00135494
0.0014647
0.00126926
0.00128726
0.00138826
0.00123138
0.0012703
0.00119836
0.00120799
0.0016495
0.00133682
0.00142553
0.00135673
0.00143101
0.00128825
0.00130189
0.00125401
0.00127577
0.00136228
0.00122906
0.00132094
0.00125118
0.00123364
0.00144574
0.00124051
0.00121484
0.0012357
0.00152494
0.00133033
0.0012555
0.00135675
0.00138374
0.0014268
0.00144243
0.00134305
0.00148269
0.00125106
0.00126347
0.00120905
0.00122861
0.00135174
0.0012141
0.00120396
0.00122707
0.00127488
0.00126878
0.00123654
0.00134848
0.00126219
0.00157019
0.00127314
0.00123993
0.00177442
0.00130233
0.00120487
0.00123574
0.00122337
0.0012982
0.00141902
0.00135092
0.00126261
0.00125077
0.00126256
0.0012601
0.00124749
0.00141135
0.00136372
0.00163637
0.00126627
0.00152109
0.00122385
0.00122505
0.00123657
0.00130553
0.00127448
0.00163493
0.00130674
0.00157789
0.00164539
0.00139629
0.00121105
0.00161641
0.00175922
0.00139997
0.00134396
0.00164419
0.00142036
0.00128711
0.00125854
0.00133404
0.00133559
0.00137037
0.00126138
0.00128227
0.00120744
0.00128825
0.00121215
0.00124345
0.00133389
0.00133684
0.00166861
0.0012726
0.0017832
0.0012388
0.00126234
0.00130749
0.00134504
0.00140135
0.00137651
0.00140159
0.00119169
0.00135719
0.00124484
0.00126313
0.00130634
0.00131197
0.00131088
0.00131963
0.00123336
0.001294
0.00133225
0.00122952
0.00126317
0.00124559
0.00125477
0.00133397
0.00136071
0.00141017
0.00124418
0.0012864
0.00151064
0.00130094
0.00149083
0.00127435
0.00134808
0.00137049
0.00128407
0.00130014
0.0012638
0.00125558
0.00128099
0.00123078
0.00133705
0.00154901
0.00134711
0.00125288
0.00121755
0.0011957
0.00125108
0.00140245
0.0014378
0.00135058
0.0012555
0.00132564
0.00119736
0.00140939
0.0012872
0.00122046
0.00118716
0.00119247
0.0014077
0.00138862
0.0012602
0.00122535
0.00120558
0.00122856
0.00125957
0.00131062
0.00153178
0.00144297
0.00128107
0.00124033
0.00131478
0.00135777
0.00122934
0.00125833
0.00122494
0.0014036
0.0014327
0.00131239
0.00126881
0.00124939
0.00122245
0.00125113
0.00133465
0.00147726
0.00126136
0.00122377
0.0014254
0.00129709
0.0012135
0.00136585
0.0012949
0.0012696
0.00120134
0.00142906
0.00137751
0.00121815
0.00120379
0.00128576
0.00129721
0.00138306
0.00153417
0.00137395
0.00131042
0.00187143
0.00130572
0.00127204
0.00157873
0.00136477
0.00132603
0.00137522
0.00126373
0.00131382
0.00128533
0.00126528
0.00122501
0.00141711
0.00136247
0.00143632
0.00140296
0.0013448
0.00147747
0.00134873
0.00120517
0.00135358
0.00121763
0.00119592
0.00123936
0.00131286
0.00183891
0.0014573
0.00129016
0.00154531
0.00130258
0.00151005
0.00137598
0.00125935
0.00149194
0.00143066
0.00140629
0.00128468
0.00130852
0.00117106
0.00140899
0.00130281
0.00151263
0.00134687
0.00126249
0.00120012
0.00122154
0.00123288
0.00134504
0.00137514
0.00147368
0.00179537
0.00127889
0.00135427
0.00121772
0.00124976
0.00119593
0.00131586
0.00133612
0.00129184
0.00130347
0.00121381
0.00123828
0.00128833
0.001262
0.00127424
0.00137761
0.00133758
0.00124942
0.00136658
0.00127897
0.00124847
0.0013488
0.00126991
0.00121634
0.00137686
0.00122172
0.00132406
0.00141022
0.00133793
0.00137704
0.00128459
0.00129337
0.00138998
0.00138599
0.00130581
0.00146256
0.00124126
0.00129748
0.00122969
0.00131715
0.00121018
0.00136427
0.00123102
0.0012768
0.00146232
0.00125376
0.00120527
0.00122811
0.00122636
0.00143641
0.00128846
0.00142913
0.00145242
0.00119293
0.00137692
0.00139379
0.0013834
0.00121621
0.00126818
0.00122859
0.00138129
0.00123495
0.00130375
0.00127675
0.00120593
0.00124007
0.00148047
0.00144721
0.00125045
0.00138087
0.00129703
0.00126914
0.0012578
0.00125016
0.00120544
0.00119482
0.00124588
0.0014401
0.00148146
0.00122443
0.00132918
0.00125489
0.00123489
0.00123818
0.00146035
0.00132874
0.0012384
0.0015718
0.00144128
0.00131271
0.0012659
0.00121165
0.00138923
0.00119556
0.00131288
0.00118892
0.00127596
0.00135085
0.00132726
0.00137553
0.00144712
0.00132837
0.00122927
0.00135342
0.00159634
0.00138292
0.00119563
0.00142614
0.00129166
0.00127282
0.00130187
0.00131398
0.00120922
0.00135103
0.00146857
0.00133869
0.00129732
0.00143555
0.00127443
0.00129835
0.00125438
0.0016614
0.00152672
0.00133478
0.00132328
0.00121069
0.00135148
0.00119927
0.00134341
0.00127256
0.00133193
0.00140282
0.00140935
0.00132631
0.00152971
0.00132919
0.00126578
0.00135985
0.00128256
0.00120589
0.00126891
0.00126895
0.0012547
0.00118416
0.00120536
0.00128483
0.00126431
0.00119316
0.00121735
0.00131073
0.00130024
0.00121192
0.00132518
0.00131457
0.00134111
0.00162898
0.0011876
0.00138899
0.001262
0.00139159
0.00120408
0.00139258
0.00128162
0.00140555
0.00120188
0.00146493
0.00129329
0.00130321
0.00124265
0.00137229
0.00143379
0.00130201
0.00124746
0.00143228
0.00134668
0.00122131
0.00136544
0.00132954
0.00124664
0.0012204
0.00146035
0.00127871
0.00123008
0.00159147
0.00154508
0.00138979
0.00164166
0.00143181
0.00133445
0.00138594
0.001271
0.00130779
0.001205
0.00131799
0.00123466
0.0012718
0.00120295
0.00144623
0.00122001
0.00130396
0.00124456
0.00144267
0.00125936
0.00149249
0.00129188
0.00174628
0.00160042
0.00145311
0.00137203
0.00144176
0.0012096
0.00123042
0.00119268
0.00138196
0.00145441
0.00131609
0.00131459
0.00121235
0.00176835
0.00142025
0.00131332
0.00120363
0.00124233
0.00156674
0.00129077
0.00133594
0.00138902
0.00122676
0.00123691
0.00133435
0.00135142
0.00129053
0.00128703
0.00130203
0.00131498
0.00132321
0.00129221
0.00129029
0.00154423
0.00125845
0.00136702
0.00155656
0.00129317
0.00119064
0.00122007
0.0012395
0.00130431
0.00132879
0.00128206
0.00129579
0.00123127
0.00125047
0.00145738
0.00148061
0.00133374
0.00170158
0.00125449
0.00146686
0.00128962
0.00132364
0.00130743
0.00120706
0.00125444
0.00136156
0.00120874
0.00134043
0.00118779
0.00126794
0.00137577
0.0012337
0.00122242
0.00133687
0.00141001
0.0014901
0.00156077
0.00127359
0.00129636
0.00128388
0.00128717
0.00130843
0.00123049
0.00120747
0.00130044
0.00118536
0.00127564
0.00134628
0.00122748
0.00122307
0.00148951
0.0013435
0.00147132
0.00125284
0.00127444
0.00136849
0.00121961
0.00141208
0.00121897
0.00119441
0.00122072
0.00130077
0.00127274
0.00128844
0.00125899
0.00132536
0.0012193
0.00144944
0.00122829
0.00185344
0.00125853
0.00141078
0.00124161
0.00127239
0.0012312
0.00124996
0.00130828
0.00129658
0.0012066
0.00127073
0.00122546
0.00126868
0.00129134
0.0012487
0.00131177
0.00129812
0.00141075
0.00137617
0.00130743
0.00128378
0.00125545
0.00122471
0.00130351
0.00132716
0.00128216
0.00122375
0.00130374
0.00120225
0.00119578
0.00121054
0.00135193
0.0012109
0.00157525
0.0013183
0.00146485
0.00125097
0.00125731
0.00121657
0.00124556
0.00128231
0.00122389
0.00126795
0.00131587
0.00125481
0.0013646
0.00119278
0.00127043
0.00124907
0.00127326
0.00131794
0.00143172
0.00135118
0.00185721
0.00131429
0.00150996
0.00157324
0.0012045
0.00149522
0.00136326
