14.8099
15.0968
14.0041
14.2855
14.8635
14.5697
14.2369
14.9985
14.7949
15.2546
13.992
17.6766
18.5632
17.3595
14.5331
19.8684
15.7427
14.846
15.3972
14.4825
15.0494
15.9785
16.739
17.1598
14.1285
15.2463
19.5822
18.6298
15.1626
14.2085
14.4663
17.6035
14.3385
14.6076
14.6456
16.7047
15.5999
20.5052
19.9434
16.2642
14.9348
14.3115
14.6182
15.2417
14.5329
17.6681
15.1363
14.4628
15.8855
14.5685
14.7845
15.4835
14.6404
14.6378
15.0916
14.7292
15.1282
14.7223
15.8986
14.1297
14.7556
16.6256
16.0017
14.7773
14.3467
14.0407
14.2668
15.1843
14.5821
14.2499
14.7576
15.6845
15.4322
14.4766
18.2571
14.9501
14.5246
15.2947
15.1353
14.9
14.8241
14.0455
14.9641
14.2985
14.1191
14.3822
16.5594
15.1346
15.0599
15.0518
14.4431
16.4662
14.0254
14.8593
15.3539
14.8602
14.32
14.9396
15.2733
15.0295
