0.00136971
0.00138716
0.00132869
0.00134144
0.00117426
0.00135795
0.00112119
0.00117176
0.00115989
0.00119399
0.00152185
0.00120968
0.00121903
0.00119433
0.00115595
0.00128392
0.0012014
0.00122034
0.0013387
0.00112739
0.00112599
0.00139265
0.00142334
0.00166647
0.00115419
0.00111236
0.00160235
0.00171895
0.00114216
0.00129952
0.00114274
0.00111735
0.00113978
0.00117677
0.00113455
0.00133898
0.0011015
0.00121143
0.001378
0.00141223
0.00118664
0.00129639
0.00115057
0.00118144
0.00133464
0.00119582
0.00111608
0.00168259
0.00114524
0.00130276
0.00115284
0.00125985
0.00109524
0.0011334
0.00114138
0.00130715
0.00145755
0.00174372
0.00127258
0.0014424
0.00122079
0.0012243
0.00131855
0.00128444
0.00120296
0.00120279
0.00130195
0.00118301
0.00114732
0.0012019
0.00141348
0.00125126
0.00122534
0.00124068
0.00155181
0.00124789
0.00121686
0.00120394
0.00114525
0.0016252
0.0016914
0.00127891
0.00114181
0.00113164
0.00125491
0.00120794
0.00113203
0.00131797
0.0012558
0.00111992
0.00124125
0.00112614
0.00128777
0.00131078
0.00149059
0.00111885
0.00135431
0.0015191
0.00113575
0.00152775
0.00123886
0.00125186
0.0011483
0.00118094
0.00124383
0.00164443
0.00137533
0.00131267
0.00139697
0.00169208
0.0015699
0.00142492
0.00124123
0.00137762
0.00122223
0.00121429
0.00118187
0.00110885
0.00115847
0.00126224
0.00119331
0.0014532
0.00119928
0.00124557
0.00116476
0.00191938
0.00182622
0.00123391
0.00146936
0.00120559
0.00160093
0.00127943
0.00124224
0.00118377
0.00115775
0.0013205
0.00122635
0.00132574
0.00111258
0.00114472
0.00122166
0.00123404
0.00138598
0.00114926
0.00127945
0.00125224
0.00149608
0.00125906
0.00115698
0.00120102
0.00135319
0.00116774
0.00117803
0.0012264
0.00116895
0.00117909
0.00112149
0.00130339
0.00133327
0.00122515
0.00115445
0.00128975
0.00135171
0.00133342
0.00116836
0.00129611
0.00125762
0.00129717
0.00119209
0.0013283
0.0011707
0.00113296
0.00119558
0.00122958
0.00110126
0.00112047
0.00122802
0.00117352
0.0013606
0.00128994
0.00126776
0.00173494
0.00119091
0.00122873
0.0012685
0.00116366
0.00117837
0.0011855
0.00114364
0.00117734
0.00125242
0.00118598
0.00121002
0.00148758
0.00113459
0.001164
0.00113549
0.00122502
0.00138984
0.00146153
0.0012472
0.00120197
0.00128647
0.00143063
0.00127291
0.00123497
0.00115284
0.00121206
0.00127483
0.00131331
0.00124129
0.00115693
0.0011942
0.00138824
0.00195831
0.00139766
0.00152443
0.00140703
0.00122799
0.0013893
0.00132637
0.00114834
0.00117744
0.00125943
0.00154304
0.00113176
0.00164234
0.00119334
0.00128668
0.00171123
0.00175227
0.00142353
0.00158797
0.00118425
0.00137068
0.00110535
0.00112378
0.00119187
0.00141814
0.00130145
0.00130783
0.00119933
0.00132333
0.00113235
0.00145185
0.00130391
0.00120223
0.00123413
0.00158385
0.00162738
0.00118128
0.0015181
0.00120994
0.00118562
0.00118618
0.00126537
0.00149601
0.00120643
0.00114569
0.00126464
0.00173699
0.00181188
0.00192638
0.00196116
0.00166941
0.00116869
0.00145738
0.00112996
0.00119065
0.00119262
0.00117472
0.00131492
0.00119947
0.00137573
0.00115785
0.00115544
0.00114801
0.00109521
0.00121692
0.00132097
0.00121941
0.00167876
0.00110799
0.00117515
0.00113597
0.00116016
0.00127283
0.00120999
0.00111296
0.00130119
0.00125192
0.00112077
0.00111143
0.00110831
0.00111583
0.00108406
0.0011107
0.00122295
0.0017811
0.00131847
0.00118303
0.0011768
0.00114562
0.00113747
0.00117866
0.00124673
0.00117067
0.00108358
0.00112486
0.00116829
0.00123843
0.00115216
0.00111278
0.00114274
0.00113542
0.00132179
0.00130355
0.00126326
0.00118462
0.00122746
0.00120825
0.00129205
0.00134523
0.00120174
0.00116749
0.00125241
0.00121465
0.00114867
0.00123735
0.00110436
0.00110024
0.00110857
0.00108854
0.00113148
0.00112711
0.00137472
0.00138424
0.00119556
0.0012783
0.00117355
0.00118896
0.00114684
0.00109617
0.00111988
0.00123472
0.0011825
0.00112501
0.00120233
0.00124482
0.00118593
0.00113624
0.00117451
0.00113548
0.00119333
0.00168443
0.00131998
0.0011816
0.00153338
0.00117514
0.00123687
0.00150301
0.00125059
0.00118
0.00126998
0.00135497
0.00113878
0.00129021
0.00121546
0.0013014
0.00110241
0.00128922
0.00156853
0.00150537
0.00123763
0.0012167
0.00140611
0.00127749
0.00113963
0.00134523
0.00123002
0.00131459
0.00131244
0.00118978
0.00130233
0.00137228
0.00111799
0.00115914
0.0013338
0.00125811
0.00164147
0.00118926
0.00120954
0.00114061
0.00117079
0.00119512
0.00122042
0.00153225
0.00119401
0.0018111
0.00129818
0.00128332
0.00135201
0.00125633
0.00160669
0.00192192
0.00157627
0.00145296
0.00156252
0.0012762
0.00113883
0.00118887
0.00156441
0.00121022
0.00134327
0.00114751
0.00120637
0.00125741
0.00143613
0.00116655
0.00119799
0.00133325
0.00126169
0.0012797
0.00131355
0.00111991
0.00116917
0.0011692
0.00114274
0.00125885
0.00137701
0.00122344
0.00198823
0.00118827
0.00114424
0.00118525
0.00129033
0.001179
0.00116856
0.00119194
0.00132254
0.00112375
0.00132895
0.00121448
0.00111666
0.00114218
0.00113351
0.00139638
0.00137622
0.00135136
0.00143708
0.00115414
0.00140109
0.00119178
0.00113642
0.00119373
0.00128621
0.00119598
0.00127227
0.00125392
0.00113876
0.00111785
0.00119018
0.00113141
0.00111723
0.00114944
0.00114199
0.00141712
0.00133574
0.00112514
0.00117071
0.00133508
0.00133607
0.00115747
0.00112484
0.00113949
0.00123293
0.00138044
0.00137825
0.00110457
0.00113258
0.00118803
0.0011538
0.00122554
0.00115994
0.00125404
0.00133469
0.00128842
0.0012036
0.00118616
0.00128159
0.00112214
0.0011434
0.00119406
0.00138583
0.00121802
0.00132632
0.00112971
0.00109938
0.00111722
0.00116505
0.00113085
0.00121057
0.00120331
0.00139402
0.00129171
0.00116243
0.00111419
0.00109568
0.00114712
0.00116234
0.00126685
0.00138175
0.00148701
0.0016472
0.00113149
0.00121156
0.00118318
0.00117413
0.00121998
0.00115146
0.00121697
0.00157831
0.00133015
0.00119192
0.00149965
0.00132651
0.00116154
0.00132445
0.00177294
0.00121559
0.00142827
0.0013087
0.00120585
0.00116937
0.00125188
0.00171617
0.00151627
0.00163615
0.0011021
0.00114725
0.00174197
0.00131079
0.00126305
0.00121292
0.00139512
0.00119002
0.00138939
0.00138411
0.00145433
0.00115537
0.00126304
0.00111007
0.00134029
0.00122206
0.00143726
0.0011732
0.00120283
0.00133172
0.00133718
0.00124517
0.00127436
0.00110177
0.00132015
0.00112181
0.00116456
0.00134334
0.00136672
0.00114998
0.00112599
0.00125257
0.00159784
0.00157156
0.00126606
0.00112758
0.00117694
0.00116459
0.00134518
0.00119864
0.00139812
0.0012124
0.00111165
0.00174696
0.00137113
0.00128311
0.00157305
0.00117928
0.00130229
0.00126719
0.00174997
0.00122914
0.00120057
0.00144109
0.00138509
0.00120508
0.00121147
0.00170733
0.00136235
0.00145356
0.00141111
0.00158518
0.00133135
0.00134672
0.00187042
0.00156742
0.00133704
0.00117768
0.00153092
0.00116826
0.00131407
0.00117096
0.00118606
0.00137434
0.00114947
0.00122312
0.00120686
0.0012743
0.0011309
0.00120314
0.00111394
0.00156649
0.00159386
0.00148183
0.00115136
0.00112758
0.00126006
0.00127266
0.00114241
0.00133933
0.00162581
0.00186572
0.00139329
0.00156147
0.00126496
0.0011364
0.00150184
0.00174636
0.00199622
0.00127517
0.00182002
0.00148277
0.00140821
0.00139436
0.00162861
0.00112676
0.00133733
0.00135853
0.00144982
0.00136355
0.00136662
0.00166213
0.0012772
0.00147554
0.00117215
0.00111389
0.00129356
0.00127568
0.00133561
0.00121519
0.00118891
0.00126598
0.00135405
0.00117895
0.00133127
0.00132865
0.0013415
0.00113015
0.00116924
0.00134032
0.00134522
0.00133068
0.00121226
0.00115029
0.00136854
0.00120158
0.0013186
0.00115385
0.00140155
0.00117708
0.00123797
0.00119912
0.00122677
0.00169213
0.00114631
0.00131427
0.00121153
0.00125156
0.0013499
0.00114385
0.00138576
0.00117106
0.00131425
0.00117625
0.00158144
0.00139503
0.00115148
0.00138193
0.00113877
0.00115456
0.00129474
0.00143759
0.00113014
0.00137487
0.00131583
0.00194156
0.00194371
0.00143129
0.00145047
0.0015827
0.00117672
0.00129352
0.00137081
0.00112352
0.00131377
0.00131667
0.00129948
0.00122897
0.00126911
0.00120607
0.00133102
0.0012069
0.00114694
0.00149575
0.00129103
0.001147
0.00128559
0.00122548
0.00148454
0.00113986
0.00132061
0.00110647
0.00111089
0.0011398
0.00111033
0.00122818
0.00131064
0.00124907
0.00136064
0.00118384
0.00116831
0.0013767
0.00113483
0.00118687
0.00110631
0.00129151
0.00112929
0.00110559
0.00121942
0.0011988
0.00112966
0.00115185
0.00111905
0.00119219
0.00112946
0.00114932
0.00136058
0.00118808
0.00113527
0.00120792
0.00124349
0.00112204
0.00113493
0.00118277
0.00120248
0.00124579
0.00111089
0.00112724
0.00116745
0.00111044
0.00112633
0.00113254
0.00116547
0.00142249
0.00120262
0.00149499
0.00116253
0.00112278
0.00123028
0.00112233
0.00115569
0.00116383
0.00121944
0.00127732
0.00135948
0.00122881
0.00118574
0.00126317
0.00111026
0.00109671
0.00110623
0.00115135
0.00115435
0.00122862
0.00116862
0.00111419
0.00111951
0.00117211
0.00114152
0.00124542
0.00111176
0.00122372
0.00122415
0.00110383
0.00111276
0.00110975
0.00112684
0.00110407
0.00125582
0.00114165
0.00135799
0.00111533
0.00130507
0.00127937
0.00111832
0.00118355
0.0011369
0.0012809
0.00113323
0.00128957
0.00120578
0.00110782
0.00114532
0.00111378
0.0010996
0.00113643
0.00115362
0.00145145
0.0012271
0.00138485
0.00152911
0.00124697
0.0011145
0.00111084
0.00121807
0.00141967
0.00110878
0.00125666
0.00113551
0.00117811
0.00116572
0.00124891
0.00114021
0.00113587
0.00117301
0.00115124
0.00120871
0.00135379
0.00118738
0.00149754
0.00115579
0.00114415
0.00124888
0.00119059
0.00117223
0.00124987
0.00115775
0.00133281
0.00112144
0.00127586
0.00112115
0.00111552
0.00120283
0.00114496
0.0012731
0.0011983
0.00122885
0.00153612
0.00127381
0.00121747
0.00112154
0.00131263
0.00121006
0.00123741
0.001116
0.0011184
0.00115763
0.00110651
0.00120748
0.00112566
0.00111192
0.00110155
0.00119464
0.00116885
0.0012257
0.00129022
0.00131484
0.00117295
0.00113483
0.00142147
0.00132015
0.00126962
0.00114321
0.0013101
0.00115044
0.00119416
0.0011634
0.00110399
0.00119778
0.00122168
0.00126271
0.00111527
0.00122549
0.00142561
0.0012276
0.00138464
0.00124451
0.001297
0.00118253
0.00122849
0.0012085
0.00121614
0.00124478
0.0013111
0.00116765
0.0011295
0.00112083
0.0011071
0.00117062
0.00114764
0.0012792
0.00117451
0.00130355
0.00120882
0.00122813
0.00113469
0.00110414
0.00122414
0.00126288
0.00125778
0.00120454
0.00114156
0.00118506
0.00111783
0.00114678
0.00111772
0.00121336
0.00115039
0.001243
0.00155734
0.00120402
0.00118737
0.00112694
0.00114054
0.00134127
0.00121187
0.00122569
0.00117557
0.00121798
0.00120522
0.00115181
0.00114047
0.00110266
0.00114754
0.00118315
0.00120866
0.00130697
0.00137126
0.00126178
0.00118801
0.00122583
0.00121175
0.00113605
0.00116661
0.00127965
0.0011756
0.00127528
0.00118955
0.00119883
0.0011122
0.00115241
0.0011684
0.00121874
0.00112973
0.00124959
0.00123924
0.0015206
0.00121884
0.0015303
0.00112863
0.00116694
0.00120508
0.0011471
0.00151537
0.00119978
0.00115873
0.00114556
0.00110961
0.00111065
0.00113275
0.00113522
0.00111373
0.00110868
0.00138621
0.00134016
0.00143867
0.0013277
0.00111157
0.00129957
0.00120599
0.00128363
0.00111302
0.00136319
0.0011204
0.00130116
0.00114242
0.00121474
0.0011549
0.00112532
0.00117689
0.00150381
0.00113579
0.00140419
0.00125917
0.00133052
0.00132543
0.00111841
0.00119356
0.00138228
0.00140268
0.00128812
0.00111624
0.00119084
0.00110949
0.00114171
0.00113355
0.00126792
0.0012382
0.00114755
0.00122836
0.00127908
0.00118719
0.00147808
0.00122021
0.00124125
0.00125751
0.00148873
0.00120018
0.00125796
0.00119241
0.00122632
0.0011424
0.00117046
0.00112863
0.00115231
0.0011583
0.00134956
0.00119146
0.00124238
0.00135165
0.00161363
0.00163936
0.00119196
0.00135568
0.00132732
0.00147054
0.0011327
0.00127495
0.00112382
0.00127601
0.00124351
0.00141587
0.00129289
0.00115112
0.00113773
0.00112834
0.00122839
0.00153439
0.00135896
0.00115992
0.00116945
0.00148187
0.00153512
0.00127963
0.0011609
0.00118716
0.00108643
0.00118918
0.00129298
0.0012815
0.0012947
0.00131122
0.00118926
0.00126602
0.001341
0.00155955
0.00112232
0.00113951
0.00141646
0.00158042
0.0012386
0.00124158
0.00110433
0.00111469
0.00111857
0.00124455
0.00116354
0.00133345
0.00122254
0.00110747
0.00130949
0.00116936
0.00139142
0.00122985
0.00112632
0.0015653
0.00177149
0.00132157
0.00128864
0.0014985
0.00114145
0.00112352
0.00118391
0.00113926
0.00138574
0.00116855
0.00117956
0.0013517
0.00123131
0.00140733
0.00127231
0.00115374
0.00154379
0.0014117
0.00122539
0.00115522
0.00128034
0.00124093
0.00112601
0.00122768
0.00128074
0.00147136
0.00111975
0.00118054
0.00122459
0.00144721
0.0012187
0.00138097
0.0012148
0.00140415
0.00131182
0.00124378
0.0011877
0.00112149
0.00115678
0.0011307
0.00119323
0.00116205
0.00124076
0.00130146
0.00139474
0.00113519
0.00131589
0.00121846
0.00124832
0.00123372
0.00109051
0.00118533
0.00113235
0.00122012
0.00133821
0.00124048
0.00113789
0.00113213
0.00117428
0.00125786
0.00123702
0.00120567
0.00117309
0.00116681
0.00109471
0.00118433
0.00147218
0.00130424
0.00125535
0.00137441
0.00113566
0.00124795
0.00117064
0.0011482
0.00113822
0.00116051
0.00112792
0.00119704
0.00110797
0.00114787
0.00112116
0.00117935
0.00110315
0.00117676
0.00124325
0.00136078
0.00123804
0.00130738
0.00117282
0.00121185
0.0013022
0.00115486
0.00113337
0.00126136
0.00121782
0.00112199
0.00109845
0.00110868
0.00117959
0.0011109
0.00112325
0.00109081
0.00119476
0.00153373
0.00116736
0.00138718
0.00128535
0.00141084
0.00114965
0.00140726
0.00123469
0.00116925
0.00117757
0.00118449
0.00125908
0.00113432
0.00115215
0.00113606
0.00125186
0.00110872
0.00113502
0.00116837
0.0013268
0.00126211
0.00123773
0.00124079
0.00127837
0.00113547
0.00121563
0.00111918
0.00111556
0.00116093
0.00119714
0.00120484
0.00128415
0.00110534
0.0011174
0.00129728
0.00116905
0.00138152
0.00175085
0.00128566
0.00132425
0.001359
0.00117259
0.0013756
0.00127835
0.00127699
0.00132794
0.00117191
0.00129889
0.0012091
0.00113835
0.00111535
0.00113641
0.00113225
0.00117912
0.00120868
0.00129149
0.00112606
0.00182205
0.0013469
0.00117001
0.0012477
0.00124219
0.00118366
0.00116058
0.00110014
0.00122669
0.00125234
0.00118442
0.0011201
0.00111211
0.00117066
0.00138666
0.00114723
0.0011305
0.00129848
0.00146936
0.0014138
0.00110356
0.00127709
0.00123787
0.00136874
0.00119389
0.00121679
0.00123893
0.00119713
0.00121147
0.00115226
0.00109184
0.00118239
0.00112547
0.0011259
0.00112782
0.00131565
0.00130955
0.00128949
0.00123001
0.001345
0.00117356
0.0011589
0.00121737
0.00120143
0.00110179
0.00117549
0.00128708
0.00118741
0.00111833
0.00116194
0.00114212
0.00119395
0.00113455
0.00130991
0.00140816
0.00160724
0.00111102
0.00173952
0.00144397
0.00111488
0.00126316
0.00116963
0.00114041
0.00110481
0.00111896
0.00112399
0.00111111
0.00124143
0.00119993
0.00115011
0.00116966
0.00159509
0.00135587
0.00141828
0.00160646
0.00130399
0.00128033
0.00117843
0.00130087
0.00110522
0.00113425
0.00116002
0.00110367
0.00148379
0.00112537
0.00116951
0.00115938
0.00121828
0.00110456
0.00144176
0.00149209
0.00158993
0.00114806
0.00113003
0.00129166
0.00112825
0.00110909
0.0012347
0.00131054
0.00115607
0.00110724
0.00112949
0.00126876
0.0013296
0.0011867
0.00111947
0.00111499
0.00130831
0.00127343
0.00129201
0.00118271
0.00128457
0.00118797
0.00123921
0.00123604
0.0012855
0.00132125
0.00126765
0.00126355
0.0011105
0.00111068
0.00124283
0.00115161
0.00125947
0.00112393
0.00132943
0.00142968
0.00126877
0.00109501
0.00126114
0.00112143
0.00122339
0.0012825
0.00115793
0.0012055
0.00112956
0.00126877
0.00117974
0.0011189
0.00115948
0.00113869
0.00116554
0.0011816
0.00128275
0.00112419
0.0013244
0.00126667
0.00112957
0.00117939
0.00117211
0.00114161
0.00112226
0.00111529
0.00124772
0.00115431
0.00124076
0.00112597
0.00110975
0.00122585
0.00116969
0.00127487
0.00116939
0.00126171
0.00125273
0.00122974
0.00115543
0.00112645
0.00118202
0.00109315
0.00121208
0.00123357
0.00109077
0.00125185
0.00149146
0.00126804
0.00119905
0.00123383
0.00117145
0.00114919
0.00113376
0.00116331
0.00113755
0.00120633
0.00116738
0.00115448
0.00125044
0.00112453
0.00110535
0.00118083
0.00115338
0.00128304
0.00117481
0.00123393
0.00127689
0.00112269
0.00120156
0.00132171
0.00114208
0.00127406
0.00126005
0.00111069
0.0011837
0.00124329
0.00112061
0.00115633
0.00117945
0.00110848
0.00113155
0.00110273
0.00120144
0.00119361
0.00137276
0.00110683
0.0011393
0.00123848
0.00124811
0.00118526
0.00112088
0.00123681
0.00115582
0.00125605
0.00137856
0.00110026
0.00111175
0.00110814
0.00111785
0.00113386
0.00111816
0.00129366
0.00122039
0.00111952
0.0011103
0.00113293
0.00125078
0.00114663
0.00112371
0.00110728
0.00128111
0.00138414
0.00117934
0.00129392
0.00114151
0.00131026
0.00113786
0.0012479
0.00113667
0.00126729
0.00126308
0.00130757
0.00125797
0.00120628
0.00128405
0.00128459
0.00110732
0.00144581
0.0011794
0.00125469
0.00114747
0.00121335
0.00133238
0.0011431
0.00110673
0.0011775
0.00113461
0.00121344
0.00134966
0.00118073
0.0011446
0.00122631
0.00116151
0.00123933
0.00116411
0.00117956
0.00113391
0.00122774
0.00119947
0.00113935
0.00120511
0.00115861
0.00120696
0.00110139
0.00110372
0.00131274
0.00121096
0.00122399
0.00112039
0.00114754
0.00114921
0.00114104
0.00133052
0.00115468
0.00136711
0.00120888
0.00117057
0.00115201
0.0012269
0.00120093
0.00115925
0.00114975
0.00118341
0.00125369
0.00122528
0.00128783
0.00125765
0.00119153
0.00132696
0.00116776
0.00112546
0.00112876
0.00133712
0.00114281
0.00115909
0.00115146
0.00112035
0.00142479
0.0013317
0.00114424
0.00131138
0.00130598
0.00118263
0.0013574
0.00111611
0.00111179
0.0012305
0.00119026
0.0012002
0.00116008
0.00119672
0.00122451
0.00129097
0.00109385
0.0011718
0.00111277
0.00119043
0.00116969
0.00112934
0.00115167
0.00123758
0.00125269
0.00145224
0.00110687
0.00110295
0.00138219
0.00127577
0.0011505
0.00125632
0.00121922
0.00141944
0.00117735
0.0012105
0.00124618
0.00116946
0.00120422
0.00114489
0.00119627
0.00114492
0.00116598
0.0012867
0.00130444
0.00114448
0.00118222
0.00136254
0.0010944
0.00110591
0.00125781
0.00118117
0.00115522
0.00119305
0.00113994
0.00113033
0.00122343
0.00129263
0.00112698
0.0012039
0.0012386
0.00142041
0.00126463
0.00130967
0.00116529
0.00128158
0.00111312
0.00169795
0.00129375
0.00132491
0.00155414
0.00207145
0.0019458
0.00121169
0.00123181
0.0012519
0.00194747
0.00138774
0.00134773
0.00144241
0.00127748
0.00121729
0.00143945
0.00112859
0.00117868
0.00116058
0.00112769
0.00112759
0.00116762
0.00125021
0.00113217
0.00112016
0.00124034
0.00143582
0.00120335
0.00109662
0.00113728
0.00114321
0.00115337
0.00124659
0.00113304
0.00120915
0.00128302
0.00110493
0.00168713
0.00116862
0.00112198
0.00110205
0.00122644
0.00112176
0.00147433
0.00130485
0.00119538
0.00115402
0.00124166
0.00112939
0.00118287
0.00113818
0.00114288
0.00130841
0.00120677
0.00124417
0.0014173
0.00114783
0.00130064
0.00115779
0.0011689
0.00110945
0.00140648
0.00147057
0.00128853
0.00140932
0.00120609
0.00112597
0.00127099
0.00119196
0.00111474
0.00129854
0.0011391
0.00111691
0.00132179
0.0011207
0.00115572
0.00141458
0.00118046
0.00117569
0.00140889
0.001389
0.00116043
0.00117854
0.00115269
0.00118212
0.00111634
0.00112686
0.00130029
0.00127722
0.00116694
0.00121654
0.00130391
0.00131486
0.00113996
0.00118364
0.00141748
0.00138986
0.00127455
0.00143694
0.00113695
0.00113414
0.00122185
0.00117711
0.00121424
0.00111129
0.00116258
0.00121189
0.00116928
0.00119975
0.00110819
0.0011655
0.00118766
0.00114319
0.00132901
0.00112741
0.00114152
0.00137545
0.00118488
0.00116968
0.00114238
0.00114017
0.00116047
0.00117473
0.00110759
0.00114309
0.00141691
0.00116754
0.00112215
0.00113324
0.00115927
0.001099
0.00125011
0.00118885
0.0011893
0.00126611
0.00140335
0.00117773
0.00140375
0.00131016
0.00115984
0.00126318
0.00109325
0.00111
0.00130978
0.00113711
0.0012587
0.00113768
0.0012125
0.0011128
0.00111079
0.00118651
0.00138042
0.00135995
0.00125979
0.00112863
0.0011939
0.00129831
0.00136825
0.00112291
0.00116519
0.00113585
0.00139306
0.00122433
0.00121819
0.00120768
0.00116321
0.00116257
0.00124377
0.00126846
0.00138631
0.00120595
0.00139437
0.00113473
0.00112025
0.00121379
0.00115099
0.00110373
0.00115302
0.00117043
0.00116715
0.00120972
0.00120029
0.00111071
0.00109913
0.00110717
0.00120189
0.00117583
0.00116256
0.00143215
0.00131664
0.00139393
0.00124641
0.00119264
0.0012072
0.00125587
0.00120911
0.0014677
0.00113262
0.00121361
0.00114777
0.00113141
0.00125217
0.00111419
0.00109287
0.00116478
0.00117238
0.00127821
0.00146229
0.00133902
0.00130087
0.00109344
0.00118941
0.00129428
0.00126041
0.00126308
0.00117462
0.00139282
0.00114149
0.00126712
0.00112142
0.00110194
0.001181
0.00110413
0.00122592
0.00133075
0.00120593
0.00144645
0.00118219
0.00129162
0.00112914
0.00111526
0.00138696
0.00109124
0.0011228
0.00117479
0.00118365
0.00122546
0.00112882
0.00121506
0.00116293
0.00116098
0.00126611
0.00127841
0.0011742
0.00144736
0.00132049
0.00114624
0.00125993
0.00117117
0.00114491
0.00114109
0.00115404
0.00116182
0.00118288
0.00126956
0.00136146
0.00115252
0.00110604
0.00113206
0.00113288
0.00136893
0.00125324
0.00123007
0.00123828
0.00129152
0.0012752
0.0013922
0.00192191
0.00123914
0.00123904
0.0011332
0.00125732
0.00110711
0.00114075
0.0012516
0.00119683
0.00114103
0.00124311
0.00127923
0.00123223
0.00118552
0.00128207
0.0012957
0.00111604
0.0011484
0.00114648
0.00126976
0.00121504
0.00119995
0.00114463
0.0011187
0.00113334
0.00110307
0.00111263
0.00111336
0.00110035
0.00110569
0.00115411
0.00125153
0.00117716
0.00123902
0.00135347
0.0011566
0.00110707
0.00114231
0.00132533
0.00120933
0.00123352
0.0012131
0.00113066
0.00119348
0.00117371
0.00120456
0.00110227
0.00120634
0.00119799
0.00118934
0.00142593
0.00139475
0.00150165
0.00127967
0.00119193
0.00133435
0.00143584
0.0014184
0.00109871
0.00117957
0.0011198
0.00112461
0.00112237
0.00112588
0.00118265
0.0011034
0.00112589
0.00114594
0.00128741
0.00127179
0.00139525
0.00112388
0.00115325
0.00117286
0.00120239
0.00116221
0.0012691
0.00109994
0.0011438
0.00121668
0.001198
0.00114331
0.00114292
0.00119379
0.00128084
0.00113003
0.00112738
0.00125503
0.00119216
0.00122109
0.00110934
0.00113449
0.00132976
0.00150108
0.00116034
0.00124357
0.00124355
0.00112564
0.00112733
0.0011987
0.0010972
0.00114249
0.00132356
0.00123584
0.00128659
0.00119669
0.00113238
0.00119219
0.00119618
0.00113083
0.00113282
0.00119776
0.00118281
0.00122742
0.00110339
0.0012097
0.00111848
0.00124807
0.00113531
0.00120079
0.00109708
0.00123661
0.00131272
0.00112262
0.00120541
0.00128473
0.00142548
0.00123172
0.0012496
0.00123823
0.00131768
0.00121801
0.0011559
0.00122019
0.00112373
0.00112195
0.00122928
0.00119623
0.00115149
0.00118776
0.0012038
0.00109092
0.00124556
0.00128398
0.00128182
0.00117166
0.00110528
0.00118021
0.00143871
0.00123607
0.0012434
0.00114866
0.0011312
0.00112705
0.00111771
0.00113149
0.00125197
0.00115972
0.00111267
0.00110693
0.00115937
0.00142067
0.00125686
0.00141554
0.00128158
0.00112419
0.00112868
0.00128463
0.00136469
0.00118508
0.00113273
0.00114418
0.00111572
0.00119602
0.00123642
0.00119975
0.00115129
0.00113101
0.0011148
0.00116785
0.00121907
0.00150222
0.00153285
0.00116894
0.001216
0.00142844
0.00164602
0.00108868
0.00116335
0.00120553
0.00128025
0.00116048
0.0012021
0.0011469
0.00121348
0.00119863
0.00117822
0.00123288
0.00120242
0.00122746
0.00139973
0.00125265
0.00128556
0.00123907
0.00132424
0.00114882
0.00116875
0.001325
0.00123114
0.00119494
0.0011629
0.00132648
0.00114419
0.00118135
0.00113974
0.00110851
0.00131395
0.00118497
0.00130598
0.0012248
0.00124165
0.00115528
0.00123126
0.00130285
0.00112943
0.00117759
0.0011143
0.00111364
0.00111847
0.00123946
0.00147225
0.0011683
0.00118148
0.00113098
0.00120632
0.00130783
0.00125403
0.00149978
0.00123677
0.0012376
0.00142114
0.00115697
0.00115106
0.00116771
0.00111698
0.00122446
0.0011241
0.00111396
0.00130502
0.00115792
0.00131923
0.00113844
0.00112839
0.00123638
0.00115952
0.00125355
0.00120639
0.00148538
0.00141875
0.00113893
0.0016686
0.00126584
0.00147848
0.00117686
0.0011744
0.00162085
0.00135404
0.00120281
0.00129493
0.00127465
0.00138394
0.00115998
0.00117937
0.00138633
0.00119049
0.0012117
0.00159959
0.00110657
0.00116349
0.00114532
0.00112753
0.00128798
0.00115881
0.00119849
0.0013585
0.00127519
0.00115579
0.00125667
0.00185634
0.00120117
0.00115784
0.00117966
0.00125068
0.00111159
0.00118608
0.00113696
0.00115088
0.00124087
0.00110329
0.00115571
0.00114593
0.00118953
0.00130759
0.00118015
0.00113301
0.00126369
0.00125499
0.00117824
0.0012767
0.00111746
0.00112315
0.00123524
0.00116358
0.00112926
0.00124129
0.00112729
0.00111683
0.00109905
0.00121233
0.00112002
0.00144434
0.001147
0.00129652
0.00135874
0.00130092
0.00133692
0.00110478
0.00128199
0.00126923
0.00134136
0.00112017
0.00113021
0.00115535
0.00118452
0.0012293
0.00110727
0.00118769
0.00117089
0.00127091
0.00109409
0.00116028
0.00121908
0.00122906
0.00119026
0.00112621
0.00116273
0.00132658
0.00146008
0.00120297
0.00113328
0.00114004
0.00112786
0.00130132
0.00112241
0.00109803
0.00115135
0.00127264
0.00115644
0.00115609
0.00109975
0.00111912
0.00111707
0.00122728
0.00120915
0.00122042
0.00116654
0.00119519
0.00124699
0.00110941
0.00113488
0.00115556
0.00118008
0.00112644
0.00111681
0.00126049
0.00145862
0.00124842
0.00119126
0.00112088
0.00117797
0.00125813
0.00141811
0.00125554
0.00135248
0.00115868
0.00111688
0.0012091
0.00111157
0.00111331
0.00109967
0.00108858
0.00132868
0.00129494
0.00119488
0.00165049
0.00125219
0.00113911
0.00124128
0.00136884
0.00145217
0.00123646
0.00114269
0.00131672
0.00110941
0.00124722
0.00110459
0.00111756
0.00111854
0.00114464
0.00112448
0.00113966
0.0012586
0.0017235
0.00119778
0.0011734
0.00122717
0.00119616
0.00121846
0.00191683
0.00113799
0.00124871
0.00111213
0.00127337
0.00117448
0.0011136
0.00115373
0.00114796
0.00115616
0.00139458
0.00136998
0.00129253
0.00113425
0.00112234
0.00117975
0.00116189
0.00123441
0.00124156
0.00117431
0.00114916
0.00116496
0.00122008
0.00119591
0.00125048
0.00121058
0.00114085
0.00114032
0.00122677
0.00140746
0.00118559
0.00112077
0.00115624
0.0014643
0.00118442
0.00111415
0.00112753
0.00149901
0.00126411
0.0013378
0.00135997
0.00111434
0.00112439
0.00111818
0.00113619
0.00111152
0.0011581
0.00115855
0.00137453
0.00123114
0.00109379
0.00133883
0.00122224
0.00112096
0.00109786
0.00140819
0.00126655
0.00181076
0.00115312
0.0011253
0.00118211
0.00116113
0.00118007
0.00125191
0.0012741
0.0013484
0.0013325
0.00115828
0.0011656
0.00121512
0.00128368
0.00111661
0.00121003
0.00122038
0.00143553
0.00147999
0.0011948
0.00115456
0.001193
0.00146525
0.00178107
0.00120433
0.00163886
0.00152582
0.001292
0.0011875
0.00144399
0.00125367
0.00109049
0.00110202
0.00158521
0.00132668
0.00118953
0.00132741
0.00114723
0.0011398
0.00113077
0.00115449
0.00116556
0.00126483
0.00142046
0.00157165
0.00126886
0.00135601
0.00123353
0.00115787
0.00118086
0.00130096
0.00121276
0.00127778
0.00135793
0.00119842
0.00127924
0.00112738
0.00111995
0.00107907
0.00116362
0.00120421
0.00178287
0.00119938
0.00112035
0.00119484
0.00124408
0.00118175
0.00120481
0.00116424
0.00124731
0.00117327
0.00116811
0.00126657
0.0011843
0.00111596
0.00115038
0.00118508
0.00118627
0.00130316
0.00182103
0.0012421
0.00117785
0.00139236
0.0012788
0.00109149
0.00125272
0.00112673
0.00135931
0.00122022
0.00120966
0.00117043
0.00113192
0.00110619
0.00120419
0.00112403
0.00135865
0.00123137
0.00144964
0.00112466
0.00111484
0.00121514
0.0012466
0.00112452
0.00113445
0.00116161
0.00139318
0.00113977
0.00122106
0.0011424
0.0011167
0.00129723
0.00118917
0.00117001
0.00111156
0.00124009
0.00130168
0.00116568
0.00116743
0.00114094
0.00118754
0.00122134
0.00115108
0.00122716
0.00117286
0.00136669
0.00121023
0.00133415
0.00124057
0.00116615
0.00115551
0.00117529
0.00113843
0.00114527
0.00132165
0.0011185
0.00110638
0.00124047
0.00125162
0.00112103
0.00111679
0.00116415
0.00125796
0.00133755
0.0012694
0.00119915
0.00111514
0.00111625
0.00108552
0.00126648
0.00112039
0.00112784
0.00136257
0.00126672
0.00116127
0.00115706
0.0011771
0.00120644
0.0011253
0.00117462
0.00130049
0.00113898
0.00120175
0.00120506
0.00126854
0.0011652
0.00119312
0.00109922
0.00114814
0.00119185
0.00120889
0.00149817
0.00125287
0.00116247
0.00130558
0.00114116
0.00131379
0.00127702
0.0011285
0.00116087
0.00139716
0.00118686
0.00113295
0.00130349
0.00117239
0.00112748
0.00119766
0.00118371
0.00136473
0.0012585
0.001278
0.00126652
0.00121321
0.00126651
0.00114558
0.00123448
0.00113984
0.00127768
0.00118893
0.00118789
0.001223
0.0011706
0.00109786
0.00111365
0.00109821
0.00127165
0.00127552
0.0015382
0.00142957
0.00112118
0.00110807
0.0012213
0.00116758
0.00113472
0.00114901
0.00140578
0.00123229
0.00118998
0.00151815
0.00127574
0.00121038
0.00121985
0.00117208
0.00121358
0.00147999
0.00150367
0.0012994
0.0012059
0.00134485
0.00176325
0.00124266
0.00135776
0.00118282
0.00124749
0.00121203
0.00115361
0.00136012
0.00125456
0.00113867
0.00116798
0.00138455
0.0013655
0.00140632
0.00111283
0.00131573
0.00113013
0.00117786
0.00110943
0.00121294
0.00123039
0.00121236
0.00130997
0.00122237
0.0011083
0.00131987
0.00120121
0.00132024
0.0011407
0.00128754
0.00136933
0.00138873
0.00114734
0.00112698
0.00119427
0.00115544
0.00112182
0.0011946
0.00124514
0.00146221
0.00110316
0.00122548
0.00119791
0.00156725
0.00128999
0.00127344
0.00110212
0.00113444
0.00145377
0.00127919
0.00113278
0.00128855
0.0011934
0.00111424
0.00122349
0.00124195
0.00120264
0.00125103
0.00126525
0.00120397
0.00112258
0.00114715
0.00119936
0.00111441
0.00134195
0.00118006
0.00126764
0.00122123
0.00112063
0.0011843
0.00121888
0.00111962
0.00114218
0.00118305
0.00119669
0.00117732
0.00153129
0.00110347
0.00114071
0.00111544
0.00125811
0.00143442
0.00121584
0.00115234
0.00119227
0.00128775
0.00113074
0.00111754
0.00136854
0.0011799
0.00111831
0.0011979
0.00125107
0.00112624
0.00126024
0.00114986
0.00149914
0.00113799
0.00118389
0.00121476
0.001182
0.0010835
0.00115799
0.00154283
0.00130289
0.00112188
0.00128471
0.00124157
0.0010873
0.00109454
0.00111917
0.00114785
0.00116406
0.00122159
0.00138141
0.00113145
0.00114261
0.00126122
0.00124729
0.00129
0.00128475
0.00114761
0.00123034
0.00138197
0.0015136
0.00115695
0.00112621
0.00120615
0.00134271
0.00123399
0.0013176
0.00115065
0.00112986
0.00112946
0.00114832
0.00122248
0.00123321
0.00119783
0.00140433
0.0012014
0.00111705
0.00111449
0.00119487
0.00121466
0.00121235
0.00112548
0.00116386
0.00117914
0.00119172
0.00114547
0.00129341
0.00116631
0.00116016
0.00111418
0.00112741
0.0011962
0.00125574
0.00153728
0.00123034
0.00113881
0.00110086
0.00122585
0.00116789
0.00119773
0.00114568
0.00111664
0.00118956
0.00116664
0.00131368
0.00113631
0.00112327
0.00110177
0.00120386
0.00134862
0.00135827
0.0012877
0.00145264
0.00120397
0.00116975
0.00118553
0.00123966
0.00120305
0.00112274
0.00138805
0.00123651
0.00111944
0.00116552
0.00120629
0.00116308
0.0011076
0.00113094
0.00111087
0.0014882
0.00125276
0.00130477
0.00112805
0.00124283
0.00119367
0.00113688
0.00121573
0.00125289
0.00115099
0.0011181
0.00122044
0.00111175
0.00111122
0.00116061
0.00115861
0.00121653
0.00112649
0.00148302
0.00119699
0.00137305
0.00118428
0.0011595
0.00132087
0.00117426
0.00110448
0.00112339
0.00111216
0.00129488
0.00125817
0.00125646
0.00126189
0.00111199
0.00117855
0.00112939
0.00121633
0.00126373
0.00121641
0.00133672
0.00153311
0.00127553
0.00122794
0.00146788
0.00128869
0.00112532
0.00114163
0.00122755
0.00138954
0.00115871
0.00117635
0.00111024
0.00132453
0.00123584
0.00111884
0.00112513
0.00116566
0.00129343
0.00166258
0.00119792
0.00112963
0.00115812
0.00121304
0.00116372
0.00124762
0.00113626
0.00135831
0.0011982
0.00116132
0.0011637
0.00111025
0.00115677
0.00112925
0.00133811
0.00123495
0.00161339
0.00131009
0.00124452
0.0011281
0.00114781
0.00127118
0.0011381
0.00117035
0.00113146
0.00116296
0.00112347
0.00117119
0.00114723
0.00114783
0.00115096
0.00110039
0.00115006
0.00127734
0.00132624
0.0012109
0.00193325
0.00122362
0.00113648
0.0018557
0.00140726
0.00143699
0.00162263
0.00125367
0.00120102
0.00116426
0.00115106
0.00128121
0.00112601
0.00118205
0.00143277
0.00143455
0.00111273
0.00125842
0.00114791
0.00113232
0.00131591
0.00113083
0.00116963
0.00115706
0.00140669
0.00119542
0.00121219
0.00115913
0.00117189
0.00157168
0.00116014
0.0012742
0.00175812
0.00129007
0.00150014
0.00136691
0.00119926
0.0011667
0.0011807
0.00115729
0.00130957
0.00141552
0.00130484
0.00112151
0.00115273
0.00120429
0.00114707
0.00119398
0.00131044
0.00125584
0.00158645
0.00119953
0.00127536
0.00117644
0.00127076
0.00132118
0.00143047
0.00191238
0.0013399
0.00123535
0.00130724
0.00125679
0.00118178
0.00119622
0.00114197
0.00111928
0.00115671
0.00136256
0.00126547
0.00171032
0.00117659
0.00115633
0.00123709
0.00156389
0.00128713
0.00149343
0.00113999
0.00114402
0.00124309
0.00114024
0.00109817
0.00118134
0.00113157
0.00113183
0.00122556
0.00129111
0.00135434
0.00117564
0.00112292
0.00115626
0.00122332
0.00120975
0.00121408
0.0012955
0.00109906
0.00116373
0.00117807
0.00116444
0.00112319
0.0011283
0.00114118
0.00111566
0.00112843
0.00151477
0.00128113
0.00122997
0.00140029
0.00128702
0.00117596
0.00120647
0.0012039
0.00132284
0.00116564
0.00108466
0.00116912
0.0011829
0.00116643
0.00112073
0.00117884
0.00110823
0.00119324
0.0012329
0.00131765
0.00115817
0.0011477
0.00112333
0.00112097
0.00121642
0.00123046
0.00117594
0.00142887
0.00112899
0.00120293
0.0011362
0.00116619
0.00137862
0.00132309
0.00129793
0.00142988
0.00129726
0.00110883
0.00123877
0.00120104
0.00118238
0.00111995
0.00119785
0.00128372
0.00121327
0.00123877
0.00128306
0.00115514
0.00114412
0.00114851
0.00113059
0.00123774
0.00126793
0.00117025
0.00134929
0.00122677
0.00111468
0.00125242
0.00111879
0.00112461
0.00131362
0.00142618
0.00111931
0.00122189
0.00112341
0.00123168
0.00116211
0.00115013
0.00115128
0.00124178
0.00114953
0.00115866
0.00120234
0.00120268
0.00112094
0.00116845
0.00126658
0.00114567
0.00127803
0.00120925
0.00117052
0.00139756
0.00111298
0.0011647
0.00117564
0.00112957
0.00119643
0.0011575
0.00112936
0.00120167
0.00151935
0.00115765
0.0014522
0.00152702
0.00136045
0.00114142
0.00120274
0.00133741
0.00127599
0.00133464
0.00114861
0.00130139
0.0011839
0.00114236
0.00123429
0.00115187
0.0011201
0.00116055
0.00119473
0.0011124
0.00126
0.00120404
0.00123861
0.00117607
0.00124247
0.00115851
0.00140272
0.00126343
0.00130037
0.00122674
0.0012557
0.00111751
0.00111398
0.00113914
0.00122715
0.00116875
0.001759
0.00180891
0.00151916
0.00137951
0.00194005
0.00119286
0.00122033
0.00135504
0.00141411
0.00110775
0.00122511
0.001091
0.00110926
0.00112769
0.0012473
0.00117032
0.00120895
0.00112976
0.00112569
0.00125062
0.00122628
0.00131921
0.00116002
0.00114168
0.00119881
0.00113572
0.00120842
0.00117799
0.00112965
0.00111151
0.00132186
0.00134151
0.00122904
0.00155162
0.00143634
0.00111201
0.001137
0.00117881
0.00124368
0.00138285
0.00126817
0.00112931
0.0014053
0.00146742
0.00113856
0.00110658
0.00121107
0.00110902
0.0011423
0.00120215
0.00111894
0.0013463
0.00118614
0.0012016
0.0011522
0.00125698
0.00129729
0.00142615
0.00186743
0.00121783
0.00174945
0.00115541
0.00138213
0.00117316
0.00114231
0.00113333
0.00128694
0.00122236
0.00143898
0.00110408
0.00122199
0.00127717
0.00133828
0.0012772
0.00135998
0.00121627
0.00124671
0.00116417
0.0013623
0.00121803
0.00124607
0.00109973
0.00123978
0.00118918
0.00125436
0.00139673
0.00128901
0.0012589
0.0013258
0.00141655
0.00158887
0.00130965
0.00125082
0.00122076
0.00117823
0.00138306
0.00126631
0.00111632
0.00111212
0.00113478
0.0012449
0.00119683
0.00119447
0.00122871
0.00155209
0.0011808
0.00113044
0.00117376
0.00121959
0.00127307
0.00124095
0.00149299
0.00145347
0.00120847
0.0011863
0.00148198
0.00124461
0.00117526
0.00112322
0.00119845
0.00149387
0.00122297
0.0012977
0.00129712
0.00129894
0.00142538
0.00132351
0.00132708
0.00126948
0.00174308
0.00126977
0.00114139
0.00120936
0.00110639
0.00134462
0.00135995
0.0011284
0.00136666
0.00132087
0.00133519
0.00125048
0.00130349
0.0011627
0.00184184
0.00143934
0.00128537
0.00146904
0.00126161
0.00119816
0.00120102
0.00119533
0.00116296
0.00113583
0.0011259
0.00180073
0.00122653
0.00113023
0.00120565
0.00133099
0.00145836
0.00134746
0.00144172
0.00117708
0.00151463
0.0012712
0.00155385
0.00122573
0.00112634
0.0012184
0.00131834
0.0011179
0.00125323
0.00122348
0.00133074
0.00139686
0.00143184
0.00194426
0.00171281
0.00163581
0.00149142
0.00140071
0.00112887
0.00120591
0.00112243
0.00132201
0.00139871
0.00147379
0.00109821
0.00111991
0.00119186
0.00114874
0.00127705
0.00122359
0.00137748
0.00141995
0.00146252
0.00146807
0.00133467
0.00115819
0.00118217
0.00110504
0.001096
0.00117908
0.00132631
0.00142919
0.00164322
0.00116228
0.00183308
0.00160611
0.00130062
0.00155956
0.00165941
0.00142023
0.00116898
0.00123239
0.00129143
0.00144001
0.00126169
0.00140316
0.00119238
0.00125904
0.00113474
0.00126746
0.0014513
0.0011661
0.00140329
0.00135432
0.00174116
0.00133616
0.00125661
0.00132951
0.00117685
0.00130236
0.0012606
0.00121054
0.00121926
0.0011799
0.00119637
0.00113435
0.00121162
0.00119363
0.00138373
0.00122411
0.00131722
0.00122492
0.0012845
0.00114353
0.00126044
0.00142991
0.00116815
0.00113034
0.00128736
0.0012106
0.00124081
0.00120709
0.00110424
0.00110879
0.00112526
0.00124105
0.00134131
0.00131789
0.00144529
0.0012517
0.00124637
0.00112622
0.00111963
0.00126748
0.00111973
0.0011529
0.0013166
0.001151
0.00121574
0.00121314
0.00111034
0.00125187
0.0011677
0.00136312
0.00120276
0.00132125
0.00129954
0.00115962
0.00111885
0.0013634
0.00120869
0.0011439
0.00111859
0.00118601
0.00114698
0.00125626
0.00114673
0.00110707
0.00112551
0.00110867
0.00118944
0.00139914
0.00114905
0.00137369
0.00143722
0.00129934
0.00110296
0.00114387
0.00124775
0.00135721
0.00113328
0.0011509
0.00122816
0.00111536
0.00117354
0.00115586
0.00111917
0.00115611
0.00115717
0.0011532
0.00123109
0.00152249
0.00140922
0.00117763
0.00121169
0.00135264
0.00115991
0.00111392
0.00126425
0.00132015
0.00135995
0.00121296
0.00114659
0.00121429
0.00116308
0.00120135
0.00118614
0.00144326
0.00143689
0.00130815
0.00131996
0.00113521
0.00120099
0.00113876
0.00109959
0.00114044
0.00123738
0.00119782
0.00148992
0.00119686
0.00116866
0.00122141
0.00120959
0.00116379
0.00112063
0.00114148
0.00140718
0.0013973
0.00136485
0.00111717
0.00116186
0.00123696
0.0011911
0.00113838
0.00131337
0.00152178
0.00163386
0.00116248
0.00116797
0.00146826
0.00128927
0.00118719
0.00119295
0.00122478
0.00117016
0.00146642
0.00128598
0.0012083
0.00118816
0.00115952
0.00127561
0.00112364
0.00112266
0.00129915
0.00126425
0.00115271
0.00110299
0.00115538
0.00124559
0.00109434
0.00110832
0.00110884
0.00140979
0.0013422
0.00142837
0.00121625
0.00111745
0.00122575
0.00109906
0.00112139
0.0011639
0.00160447
0.00117568
0.0011332
0.00116224
0.00122014
0.00115922
0.00113175
0.0011887
0.00125597
0.00113246
0.00115158
0.00123548
0.00113524
0.00114594
0.00119367
0.00114078
0.00110426
0.00117374
0.00133458
0.00131828
0.00112578
0.00122043
0.00121356
0.00111938
0.00116759
0.00111754
0.00128384
0.00115143
0.00114117
0.0011995
0.00121489
0.00128033
0.00110826
0.00110039
0.00112657
0.0011194
0.00114954
0.00117428
0.00151878
0.00116029
0.00111624
0.00124295
0.00132665
0.00114419
0.00109856
0.00113729
0.00120669
0.00116343
0.00132042
0.00121139
0.00124033
0.00110551
0.0011193
0.00110968
0.0011162
0.00122578
0.00140342
0.0011487
0.00113707
0.0014427
0.00126691
0.00116511
0.00115938
0.00129198
0.00130641
0.00119306
0.00122816
0.00136989
0.00121676
0.00116027
0.00115296
0.00125001
0.00111987
0.00116329
0.00143911
0.00118062
0.0011299
0.00112979
0.00119107
0.00133535
0.00112358
0.00109928
0.00112539
0.00114149
0.00133628
0.00122979
0.00127075
0.00139315
0.00132139
0.00119852
0.00113601
0.00117375
0.00132162
0.00128283
0.00114795
0.00117425
0.00129186
0.00127122
0.00114506
0.00109764
0.00113503
0.0011333
0.00122572
0.0012017
0.00112819
0.00132213
0.00126923
0.00113935
0.00128181
0.00130662
0.00131686
0.00125161
0.00121497
0.00149585
0.00120683
0.00129326
0.00115761
0.00109093
0.00137091
0.00123059
0.00111915
0.00109834
0.00115756
0.00126167
0.00119173
0.00112383
0.00113508
0.00128994
0.00147484
0.00120042
0.00137683
0.00129718
0.00119026
0.00114705
0.00121132
0.00119882
0.0012185
0.00113195
0.00128878
0.00125015
0.00115293
0.0011846
0.00157708
0.00122138
0.00119894
0.00127971
0.00157177
0.0012322
0.00116506
0.0013754
0.00130284
0.00132133
0.00160828
0.00208201
0.00192953
0.00119188
0.00130537
0.00135673
0.00186763
0.00184722
0.00224438
0.00247566
0.00182525
0.00190353
0.00187192
0.00167089
0.00165427
0.00162363
0.00171466
0.00211568
0.00138091
0.00171307
0.00148109
0.00113752
0.00119758
0.00134222
0.00119616
0.00157508
0.00118753
0.00128028
0.00173839
0.00123747
0.00136015
0.00125315
0.00158648
0.00126212
0.00132243
0.00207598
0.00136253
0.00122991
0.00134461
0.00169525
0.00121495
0.00123708
0.00121012
0.00139263
0.00140131
0.0012267
0.00119793
0.00117524
0.00113402
0.00121539
0.00133896
0.00145576
0.00200214
0.00113352
0.00135797
0.00129561
0.00122952
0.00117844
0.0012543
0.00130466
0.00118512
0.00127696
0.00110181
0.00110145
0.00130491
0.00125836
0.00126508
0.00128908
0.00144274
0.00129819
0.00120399
0.00130248
0.00116396
0.00114876
0.00112116
0.00115015
0.00119929
0.00119495
0.00112091
0.00130912
0.00115103
0.00111092
0.00113817
0.00118243
0.00132545
0.00130175
0.00189488
0.00138198
0.00119632
0.00113216
0.00118738
0.00124042
0.00111582
0.00129293
0.00110552
0.00118421
0.00119096
0.00127591
0.00130596
0.00110379
0.00119981
0.001145
0.00148853
0.00116914
0.00136109
0.00128813
0.00117976
0.00121813
0.00130921
0.00113801
0.00111728
0.00110729
0.00112371
0.00130372
0.00130804
0.00111506
0.00118408
0.0011231
0.00112765
0.00117176
0.00112039
0.00144001
0.00131742
0.00125497
0.00161411
0.00114864
0.00119814
0.00118443
0.0012568
0.00111428
0.00134015
0.00114754
0.00119094
0.00114193
0.001371
0.00115274
0.00115659
0.00115414
0.00116496
0.001482
0.00162361
0.0014046
0.00157189
0.00117867
0.00125501
0.00141964
0.00118361
0.00145628
0.00133984
0.00128077
0.00115237
0.00126867
0.00123301
0.00121988
0.0011944
0.00128561
0.00158311
0.00123858
0.00164922
0.00116699
0.00132552
0.00130445
0.00125918
0.00125577
0.00137908
0.00132848
0.00116462
0.00122214
0.00120237
0.00132892
0.00119472
0.00124615
0.00128834
0.00140137
0.0011976
0.00227993
0.00113917
0.00119809
0.00126287
0.00114948
0.00135707
0.00112929
0.00117873
0.00112477
0.00165813
0.0013028
0.00120474
0.00117945
0.00137994
0.00116626
0.00124427
0.00190647
0.00158074
0.0017471
0.00128128
0.00124009
0.00124048
0.0011816
0.00119351
0.0014012
0.00152342
0.00173681
0.00123361
0.00111886
0.00112444
0.00132039
0.00174499
0.00227798
0.00145227
0.00199132
0.00155776
0.00126572
0.00137683
0.00152517
0.00119218
0.0013408
0.00117703
0.00118483
0.00121391
0.00115258
0.00117206
0.00122333
0.00124216
0.00117129
0.00137534
0.00133267
0.00112813
0.001105
0.00127692
0.00121045
0.00137846
0.0012828
0.00135518
0.0013424
0.00114713
0.00123263
0.00123437
0.00111824
0.00114347
0.00120227
0.00130212
0.00139074
0.00124601
0.00129286
0.00123738
0.00124602
0.00122491
0.00118473
0.00116685
0.00116504
0.00124719
0.00115945
0.00118369
0.0011355
0.00115379
0.00117086
0.00127181
0.00115694
0.00122074
0.00161135
0.00135926
0.00119059
0.00116487
0.00112814
0.00136964
0.00124913
0.0012458
0.00118972
0.00136721
0.00112146
0.00131491
0.00116743
0.00127897
0.00112082
0.00112607
0.00112452
0.00139422
0.00140196
0.00120549
0.00123419
0.00114412
0.00110948
0.00122192
0.00124949
0.00127525
0.00114761
0.00128696
0.00110641
0.00128618
0.00109482
0.00113499
0.00113832
0.00118939
0.00113992
0.00111989
0.00128446
0.00122507
0.00118853
0.00116205
0.0011719
0.00121799
0.00114971
0.00130088
0.00155713
0.00121602
0.00116986
0.00127269
0.00113421
0.0011021
0.00116232
0.00114674
0.00115959
0.00123242
0.00124722
0.0014173
0.00126847
0.00147243
0.00122176
0.00118368
0.00185348
0.00127848
0.00134371
0.00142494
0.00117762
0.0011489
0.00116221
0.00113571
0.00112812
0.00122611
0.00116153
0.00111997
0.00137507
0.00142217
0.00126648
0.00141902
0.00125162
0.00145893
0.00140916
0.00120262
0.00120175
0.00118299
0.0011503
0.00123126
0.00111879
0.00111137
0.0011073
0.00114067
0.00116288
0.00122666
0.00113471
0.0012151
0.00113798
0.00123978
0.00110464
0.00114371
0.0012054
0.00122229
0.00113841
0.00138346
0.00130265
0.00112738
0.00134949
0.00112216
0.00111577
0.00116378
0.00125326
0.00136735
0.00120357
0.0012577
0.00527137
0.00120116
0.00118321
0.00141722
0.00123233
0.00134731
0.00128259
0.00115263
0.00116068
0.00121121
0.0012685
0.00113874
0.00110459
0.00142239
0.00120579
0.00128637
0.00119551
0.00130151
0.00125169
0.00121728
0.00133034
0.00121494
0.00131208
0.00121443
0.00112515
0.00113904
0.00110336
0.00110301
0.00110508
0.00120722
0.00128615
0.00136425
0.00121958
0.00112867
0.00135925
0.00122453
0.00128389
0.00113603
0.00114768
0.00137392
0.00125985
0.00120158
0.00122316
0.00113778
0.00110663
0.0011167
0.00128001
0.00111257
0.0012518
0.00113643
0.0011882
0.00118664
0.00119771
0.00133283
0.00125788
0.00133312
0.0011262
0.0014091
0.00133195
0.00134759
0.00120987
0.00120372
0.0011024
0.00110772
0.00112105
0.00110248
0.00114114
0.00111217
0.00116699
0.00152265
0.00120259
0.00121882
0.00127423
0.00135933
0.0012149
0.00125018
0.00123103
0.00129077
0.00136109
0.00114385
0.0013109
0.00122386
0.00117021
0.00113231
0.00114918
0.00112371
0.00116177
0.00118874
0.00123358
0.00119793
0.00122365
0.0012483
0.00129732
0.00117629
0.00119903
0.00127567
0.00115657
0.0012406
0.00113804
0.00112147
0.00111238
0.00116566
0.00116986
0.00117663
0.00111903
0.00110213
0.00122491
0.00113059
0.00109599
0.00145571
0.00115007
0.00126827
0.00109831
0.0012739
0.00138715
0.00127701
0.00132647
0.00117777
0.00121479
0.00117422
0.00124855
0.00135104
0.00109381
0.00120009
0.00117714
0.00119084
0.00113465
0.00114829
0.00143832
0.00124512
0.00133041
0.00115362
0.00121299
0.00138376
0.00116448
0.00111326
0.00116459
0.00111505
0.0011539
0.00113352
0.00125423
0.00112899
0.0012341
0.00110341
0.00113617
0.00120792
0.00122902
0.00131705
0.00124084
0.00119816
0.00113345
0.00116264
0.00132276
0.00110194
0.00115104
0.00109957
0.0011007
0.00119325
0.00123088
0.00119053
0.00130218
0.0014381
0.00123656
0.00171227
0.0013714
0.00126198
0.00127732
0.00135987
0.00118461
0.0012105
0.00114285
0.00115033
0.0011203
0.00111459
0.00138663
0.00113165
0.00109803
0.00118289
0.00126508
0.00125227
0.00112327
0.00115039
0.00112852
0.00154152
0.00118425
0.00126783
0.0011939
0.00124848
0.00134346
0.00118339
0.00122217
0.00116592
0.0011428
0.00113442
0.00113063
0.0011103
0.00132701
0.00140399
0.00125877
0.00113269
0.00119557
0.00125066
0.00121816
0.00123265
0.00115613
0.00115308
0.00114622
0.00112903
0.00116801
0.0011902
0.00109669
0.00112941
0.00117349
0.00115368
0.00116822
0.00125914
0.0011662
0.00110074
0.00122228
0.00119111
0.00123623
0.00125987
0.00137982
0.00131781
0.00123523
0.00115408
0.00123205
0.0011194
0.00114403
0.00110497
0.00119093
0.00114178
0.00111496
0.00135511
0.00114858
0.00109805
0.00117328
0.00112972
0.00121171
0.00128152
0.00121226
0.00136789
0.00117457
0.00124344
0.00127809
0.00138508
0.00111634
0.00114822
0.00113427
0.00123906
0.00122099
0.00115704
0.00123151
0.00114268
0.00111484
0.00109566
0.00119575
0.00127161
0.00125184
0.00118674
0.00122629
0.00118873
0.00132559
0.00114445
0.00118175
0.00109943
0.00111483
0.00109997
0.00118936
0.00125512
0.00125604
0.00110921
0.00121778
0.00112608
0.00130549
0.00113606
0.00116301
0.00129298
0.00123659
0.00127163
0.00145791
0.00118442
0.00113983
0.00119493
0.00128025
0.00118594
0.00120408
0.00120222
0.00133201
0.00113442
0.00115174
0.00115392
0.00112466
0.00111255
0.00118068
0.00111348
0.00136558
0.00123659
0.00116445
0.00117218
0.00122884
0.00128587
0.00118958
0.00120513
0.00133894
0.00140142
0.0015208
0.00111978
0.0011366
0.00136163
0.00123648
0.00114171
0.00113107
0.00133398
0.00138477
0.00119681
0.00128412
0.00112535
0.00113644
0.00113017
0.00112608
0.00122821
0.00119902
0.00118173
0.00131072
0.00152409
0.00111233
0.00125833
0.00136206
0.00116871
0.00113101
0.00120203
0.00112695
0.00134274
0.00119553
0.00126581
0.00111869
0.00111382
0.00118505
0.00117698
0.00109963
0.00113046
0.00114496
0.00142859
0.00130667
0.00109297
0.0012597
0.00118787
0.00112982
0.0011031
0.00113127
0.00121889
0.00133634
0.0012346
0.00114463
0.0012501
0.00111757
0.00111026
0.00118068
0.0011584
0.00118776
0.00120527
0.00141263
0.00126254
0.00119993
0.00121875
0.0012436
0.00114569
0.0011164
0.00116277
0.00134518
0.00128152
0.00127515
0.00124266
0.00125695
0.00116753
0.00113981
0.00120816
0.00111865
0.00122853
0.00124037
0.00125077
0.00116717
0.0011236
0.00119266
0.00112923
0.00115993
0.00117107
0.00115193
0.00144541
0.00124735
0.00122465
0.00111989
0.00113485
0.00133557
0.00113001
0.00127499
0.00130306
0.00137801
0.00122569
0.00120929
0.0013305
0.00120142
0.00113964
0.00111645
0.0011297
0.00110756
0.00119642
0.00117415
0.00138525
0.00113686
0.00112384
0.00109758
0.00114848
0.00113887
0.00111571
0.00117101
0.00152585
0.00141112
0.00122358
0.00130204
0.00128154
0.00127617
0.00113327
0.00120155
0.00125418
0.00138227
0.00125868
0.00115149
0.00119196
0.00123442
0.00118491
0.00112001
0.00121522
0.00112628
0.0013654
0.00117254
0.001156
0.00136077
0.00120628
0.00114481
0.00111994
0.00112187
0.00124293
0.00117679
0.00123753
0.00120909
0.00116032
0.00112387
0.00114839
0.00113198
0.00109886
0.00114886
0.00133705
0.00125183
0.0011488
0.00118169
0.00122194
0.0012126
0.00111216
0.00112533
0.00122283
0.001332
0.00126347
0.00127629
0.00128209
0.00116942
0.001112
0.00113106
0.00115887
0.00118063
0.00126086
0.00140722
0.00121151
0.00116467
0.00120801
0.0012435
0.00130809
0.00110584
0.00114319
0.00121572
0.00121598
0.00133389
0.00113323
0.00129591
0.00112572
0.00112051
0.00118987
0.00118121
0.00127099
0.00131285
0.00119247
0.00116579
0.0013423
0.00123449
0.00112545
0.00117146
0.00147508
0.00142351
0.00110906
0.0011944
0.00120359
0.00127045
0.00113603
0.00110509
0.0011126
0.00116089
0.00131484
0.00138426
0.00116294
0.00111116
0.00118226
0.00123005
0.00113185
0.00117323
0.00113319
0.00119084
0.00114166
0.00119356
0.00119291
0.00129616
0.00121972
0.00114353
0.00110887
0.00110235
0.00121372
0.00164949
0.00121874
0.00118836
0.00122756
0.00115897
0.00115832
0.00112983
0.00113986
0.00111046
0.00117961
0.00127194
0.00138504
0.00119358
0.00127984
0.00123956
0.00131385
0.00120932
0.00120458
0.00131936
0.00125587
0.00113131
0.00117621
0.00123029
0.00124512
0.00112292
0.00113537
0.00112166
0.00111336
0.00119335
0.00125714
0.00116806
0.00114161
0.00118849
0.00117068
0.00110966
0.00112721
0.00138124
0.00145155
0.00109223
0.00113297
0.00130927
0.00121524
0.00116595
0.00136016
0.00153742
0.00127588
0.00191236
0.0012452
0.00112592
0.00183559
0.0011822
0.00120079
0.00128075
0.00168256
0.00114221
0.00112797
0.00146467
0.0014038
0.00123006
0.00117493
0.00115907
0.00141169
0.00124303
0.00137762
0.00111504
0.00115519
0.00140741
0.00122535
0.00130277
0.00122567
0.00212085
0.00122873
0.00124292
0.00152363
0.00146616
0.00111038
0.00115301
0.00114127
0.00121175
0.00136694
0.00140402
0.00121437
0.00117096
0.00115304
0.00141369
0.00117467
0.00122036
0.00166388
0.00117898
0.00124838
0.00120036
0.00121903
0.00119077
0.0012812
0.00113443
0.00129845
0.00173505
0.00133149
0.00137717
0.00140534
0.00174372
0.0012206
0.00187692
0.00188112
0.00129999
0.00117487
0.0013816
0.00121156
0.00122899
0.00127676
0.00127978
0.00167273
0.0011545
0.0012876
0.00113239
0.0011751
0.00152199
0.00144205
0.00173276
0.00179952
0.00145801
0.00135347
0.0013015
0.00125217
0.00117743
0.0011336
0.0012563
0.00118325
0.00168773
0.00124113
0.00117115
0.00112886
0.00133564
0.00134504
0.0015606
0.00132761
0.001278
0.00136352
0.00134464
0.00136144
0.0012229
0.00120619
0.00125575
0.00143115
0.00146914
0.00193621
0.00119727
0.00153244
0.00184608
0.00143986
0.00155095
0.00113285
0.00111823
0.00139351
0.00126231
0.00113434
0.00123924
0.00113733
0.0011481
0.00128839
0.00149395
0.00115763
0.00113163
0.00114201
0.00114408
0.00133912
0.0011843
0.00133668
0.00127704
0.0012474
0.00119148
0.0013966
0.00139222
0.00141606
0.00124367
0.00114085
0.00140048
0.00120707
0.00118059
0.0012845
0.00112524
0.00114213
0.00134081
0.0016706
0.00113519
0.00139163
0.00109184
0.00116076
0.0012536
0.00124933
0.00119672
0.00115664
0.0012486
0.00115499
0.0016685
0.00155563
0.00133498
0.0012193
0.00119248
0.00125468
0.00144349
0.00181369
0.00145137
0.00123176
0.00119251
0.00126869
0.00139467
0.00111721
0.00114224
0.00113346
0.001217
0.00140454
0.00112496
0.00128633
0.00112233
0.00114651
0.00115924
0.0012976
0.00113166
0.00137877
0.00126134
0.00121074
0.00157402
0.0013021
0.00113955
0.00118499
0.00116172
0.00129332
0.00116064
0.00130096
0.00115349
0.00126559
0.0011378
0.00117528
0.00120474
0.00125261
0.00126283
0.00176476
0.00157116
0.0011477
0.0011525
0.00120121
0.00121358
0.00111622
0.00111953
0.00123243
0.00119507
0.00136032
0.00116499
0.00120078
0.0011262
0.00116828
0.00112759
0.00116815
0.00142023
0.00126107
0.00121417
0.0011899
0.0012139
0.00126944
0.00126242
0.00129093
0.0010932
0.00113209
0.00113073
0.00124531
0.00114021
0.00111036
0.00114181
0.00111135
0.00118133
0.00115911
0.00123544
0.00125371
0.00134223
0.0011396
0.00119289
0.00121051
0.00129272
0.00115279
0.00116413
0.00113804
0.00130893
0.00122261
0.00113021
0.00115026
0.00110589
0.00131906
0.00110129
0.00114635
0.00130465
0.00121098
0.00128038
0.0011484
0.00111712
0.00126421
0.0012131
0.00117753
0.00118258
0.00111581
0.00115034
0.00123644
0.00125248
0.00123497
0.00121847
0.00120831
0.00117741
0.00123042
0.00121345
0.00131489
0.00121939
0.00124551
0.00114444
0.00112054
0.00120315
0.00119669
0.00116616
0.00116047
0.00120599
0.00138815
0.00124945
0.00111826
0.00109654
0.00113944
0.00126914
0.00116213
0.0011157
0.00117004
0.00144857
0.00158067
0.00168102
0.00119163
0.00127551
0.00121828
0.00127681
0.00120476
0.00123895
0.00125087
0.00113872
0.00112415
0.00124774
0.00118548
0.00131551
0.00119629
0.00109716
0.00122838
0.00125409
0.00129137
0.00119219
0.00117384
0.0011821
0.00112812
0.00133962
0.0011991
0.00115564
0.00151808
0.00110089
0.00114041
0.00114496
0.00113716
0.00129768
0.00119951
0.0011831
0.00130417
0.00125479
0.00133795
0.00146133
0.00118517
0.00114912
0.00122721
0.00121976
0.00110899
0.00110931
0.00112615
0.0011015
0.00130831
0.00110327
0.00115138
0.00111054
0.0013064
0.00112575
0.00147719
0.00132669
0.00137149
0.00138814
0.00112076
0.00119263
0.00129672
0.00126051
0.00125892
0.00123944
0.00131215
0.00119705
0.00131195
0.00124168
0.00125515
0.00121872
0.00113522
0.00127203
0.00169283
0.00124551
0.00117292
0.00120919
0.00118029
0.00123766
0.00131189
0.00127258
0.00119131
0.00116098
0.0012451
0.00115588
0.00118157
0.00119359
0.00110296
0.00137475
0.00128757
0.00134082
0.00128399
0.00123617
0.00112786
0.00148279
0.001109
0.00110419
0.00132065
0.00114054
0.00115281
0.00118499
0.00109726
0.00124707
