28.4502
28.1699
27.4027
33.8715
28.0942
27.861
27.4429
27.1771
27.7881
27.966
28.1848
28.332
28.3379
27.7377
27.6516
27.4701
28.392
32.9295
31.3753
31.0057
32.4901
29.5349
27.4793
26.7654
30.5801
27.8076
27.1537
29.8042
32.8967
30.8702
28.191
27.3062
32.3224
34.126
27.4491
28.3168
27.3852
32.3856
28.8237
26.907
30.9414
26.9371
28.4001
28.224
27.8381
28.4476
29.7082
29.3378
27.7747
27.7091
26.767
28.5757
32.1488
27.2271
29.7042
28.3472
27.056
26.209
28.6142
27.0275
27.3154
28.2374
27.9973
28.1298
28.0335
27.2585
28.9016
27.9982
28.7766
29.6349
29.1121
26.8803
26.8415
29.2786
27.7401
29.7749
32.9693
34.1802
28.2301
27.0944
31.8551
30.4002
29.5903
32.1093
30.085
33.4273
29.1021
29.2494
31.8392
27.8934
30.7725
31.8852
27.1398
28.0332
27.9979
30.6239
28.6496
27.3896
28.152
27.8747
