18.7605
19.2522
18.0348
18.2557
18.2293
18.8262
18.1129
18.9286
18.6321
17.473
19.0186
19.074
17.9258
18.9321
18.4494
19.1834
19.4032
18.5122
18.5121
23.2294
18.3169
18.401
18.4809
18.1943
19.328
18.8481
21.4145
19.3117
22.3476
17.8337
23.8052
23.7508
19.9356
24.0607
18.261
17.3356
18.4264
19.1395
19.0545
18.6518
17.8867
19.6516
17.7825
17.7537
17.7935
17.4585
23.9385
18.0541
17.7387
18.5729
18.4554
18.054
18.903
18.9162
19.3486
20.3238
18.987
21.2081
19.9737
18.1352
18.308
19.2556
18.9161
18.5348
18.0397
18.4883
18.1925
18.6102
18.3509
19.7682
18.7911
19.0607
18.1902
21.2652
18.4025
18.7053
18.535
17.6286
17.6879
17.669
24.2641
18.0477
20.1915
19.1196
19.5822
18.4512
18.6972
20.3412
20.0063
19.829
21.578
21.2188
19.2116
22.2969
17.9342
17.8504
20.0983
18.5478
25.3696
23.4963
