0.00104045
0.000990743
0.00106403
0.000893244
0.000905923
0.00094027
0.000882287
0.000898136
0.00101508
0.000903156
0.00088995
0.000876866
0.000921126
0.00120295
0.00107275
0.00112411
0.000879379
0.00088367
0.000874403
0.000867523
0.000897307
0.000987395
0.000890823
0.00103201
0.000933282
0.001011
0.00115521
0.00116844
0.00104541
0.000915176
0.000953354
0.000988973
0.000919222
0.000896714
0.000894221
0.000901671
0.00104641
0.000878972
0.000952815
0.000903705
0.000867403
0.000976902
0.000897197
0.00086701
0.000871079
0.000935485
0.000991021
0.000929668
0.00118016
0.00105402
0.00107891
0.00123229
0.000879261
0.000886391
0.00102624
0.0010644
0.00120433
0.000893553
0.000888643
0.000960702
0.000898027
0.000901093
0.000942155
0.000867788
0.000890164
0.00088931
0.000885851
0.00101446
0.000909213
0.0009556
0.00110202
0.00109
0.00106861
0.000994071
0.000940372
0.000908633
0.00086466
0.000889983
0.000916306
0.00105565
0.000944096
0.000883886
0.00108699
0.000886244
0.00104744
0.000986061
0.000982359
0.000976674
0.00100232
0.000880871
0.000963542
0.000876589
0.00103149
0.000945139
0.000892662
0.000989113
0.000937309
0.00101192
0.00110371
0.000920281
0.000960184
0.000942872
0.000962104
0.00102433
0.000949161
0.000910291
0.000969053
0.000919091
0.000973001
0.000900726
0.000916522
0.000934395
0.000908312
0.000875501
0.000899154
0.000865153
0.000895043
0.00106957
0.00117804
0.00107778
0.00104641
0.00104841
0.000889935
0.000949758
0.00101254
0.00100787
0.00109007
0.00114348
0.000999197
0.000895784
0.000986981
0.000982427
0.000916687
0.000886289
0.000874008
0.000984882
0.00092828
0.000862038
0.000887924
0.00129764
0.00144396
0.00129583
0.00154704
0.00134476
0.00114475
0.00111665
0.00132889
0.00187343
0.00138187
0.00133947
0.00110921
0.0014246
0.00132448
0.00142344
0.00120382
0.00104
0.00117024
0.00103599
0.00140658
0.00115535
0.000867136
0.00106462
0.00117031
0.000976411
0.00123564
0.000928053
0.00136993
0.00125999
0.00112852
0.000949116
0.00109409
0.000965906
0.000908597
0.00102924
0.000987471
0.000897158
0.00108063
0.00157942
0.00119272
0.00102195
0.00104571
0.000975832
0.000907972
0.000998084
0.00102526
0.00102879
0.00100396
0.000960972
0.00095844
0.000885075
0.00100808
0.000935463
0.000923763
0.000919651
0.000945496
0.000962578
0.000887784
0.000927085
0.00102972
0.000892683
0.00109526
0.000921942
0.00104056
0.00118429
0.000959458
0.00115101
0.000957988
0.0016464
0.000902878
0.00104696
0.000888611
0.000882891
0.000948422
0.00111949
0.00091422
0.000934854
0.000922357
0.00109654
0.00114078
0.000957037
0.00105406
0.000995419
0.00116862
0.000926259
0.00111931
0.000994713
0.0008977
0.000914164
0.000989686
0.00107179
0.000882166
0.000980605
0.000952755
0.000966383
0.00094951
0.00088377
0.000877577
0.000953882
0.000869953
0.000869001
0.000990345
0.000894474
0.000942887
0.000972456
0.000988341
0.00118921
0.00111991
0.00108089
0.00140403
0.000901026
0.00101406
0.00112037
0.000981318
0.000909649
0.000988891
0.000879514
0.000884272
0.000870996
0.000942284
0.000911707
0.000894146
0.000880021
0.000889246
0.000968672
0.000880604
0.000857306
0.000910883
0.00090399
0.000860106
0.0010128
0.000915744
0.000943079
0.00100079
0.000877968
0.000931777
0.000937205
0.00117948
0.00096359
0.000930176
0.00087439
0.000943052
0.000882131
0.000880535
0.000893151
0.000943413
0.000916827
0.000905333
0.00090456
0.000963852
0.000987502
0.000932721
0.000867313
0.000867811
0.00152358
0.000951006
0.00100347
0.0009664
0.00091261
0.00112051
0.00120424
0.000956808
0.000891017
0.000892881
0.000896607
0.000874815
0.000882269
0.000897756
0.000899867
0.000882128
0.00111517
0.000976742
0.000917564
0.000874925
0.000870629
0.000918002
0.00104666
0.00098552
0.001256
0.00115654
0.00129708
0.00157524
0.00101672
0.00147819
0.000925815
0.000993037
0.00108997
0.000903133
0.000983052
0.000951724
0.000952352
0.000916769
0.000931428
0.000904425
0.00101162
0.000910125
0.00105129
0.000922162
0.000902056
0.00102254
0.000950289
0.000934484
0.00113282
0.000941887
0.000893635
0.000941815
0.00104127
0.000932552
0.000922574
0.000935376
0.000943382
0.000896256
0.00105783
0.000962295
0.000951147
0.00119436
0.000900869
0.00101953
0.00103474
0.000868343
0.000893861
0.000984441
0.000898904
0.000972207
0.000938867
0.000944631
0.0011722
0.000956559
0.000979016
0.000864296
0.000987038
0.000903373
0.000947755
0.000906423
0.000896071
0.00105497
0.000983064
0.000993567
0.0010281
0.00104299
0.000987481
0.00122578
0.00127179
0.000890326
0.00125385
0.00112048
0.00105705
0.00103692
0.00090818
0.000937419
0.000884737
0.000957536
0.000914744
0.00103117
0.00125324
0.000888282
0.000884073
0.000868868
0.000985823
0.000907973
0.000952651
0.000942995
0.000896303
0.000886844
0.00096178
0.000941924
0.000879317
0.00101562
0.000997727
0.000932573
0.00141201
0.000999715
0.00099832
0.00089684
0.00111569
0.000911898
0.000942539
0.000909917
0.00103489
0.000891017
0.000925598
0.000905282
0.00103207
0.000931191
0.00123709
0.000891784
0.000910505
0.000891306
0.000924156
0.000986564
0.000974235
0.000911669
0.00109331
0.000930266
0.00100368
0.00110298
0.00100644
0.00105353
0.000917207
0.000981373
0.000884433
0.0012446
0.000940228
0.000888183
0.000918551
0.000940152
0.000908876
0.00100911
0.000907505
0.000916258
0.000863264
0.000881332
0.000991725
0.00105621
0.00101457
0.00118532
0.00120687
0.00106807
0.000862506
0.000881639
0.000983207
0.000977781
0.0010102
0.000889267
0.000912518
0.000990413
0.00101499
0.000977023
0.000894054
0.000874649
0.00102705
0.000872963
0.000874562
0.000910486
0.000902391
0.000941277
0.00103779
0.000979692
0.000992049
0.000993167
0.00135251
0.00120064
0.00100899
0.000959457
0.000863906
0.00104813
0.00108977
0.000966251
0.000891731
0.000906906
0.0009696
0.00089463
0.000865243
0.000989358
0.000868803
0.000937843
0.00115531
0.000909374
0.000943038
0.000960539
0.0010892
0.00111781
0.000968144
0.00123591
0.000955325
0.0010033
0.000898466
0.00088136
0.000905563
0.000941289
0.00112416
0.00102903
0.000966733
0.00094873
0.000877905
0.00110114
0.000952777
0.000966387
0.000866436
0.000921275
0.00106862
0.000929139
0.000999297
0.0012573
0.00136795
0.00136691
0.000977191
0.00112464
0.00090219
0.000950461
0.00114121
0.000963887
0.000970701
0.000986554
0.00107398
0.00140762
0.000973282
0.00117686
0.00105027
0.000999292
0.000915992
0.00122185
0.00134909
0.00137049
0.00135363
0.00129187
0.00116355
0.000978868
0.00132892
0.00100777
0.000936001
0.000938898
0.00153262
0.000924812
0.000944335
0.000904074
0.000929673
0.000913884
0.00105662
0.000925141
0.00102219
0.00109021
0.00125503
0.000921125
0.000911172
0.000878115
0.00105877
0.000897711
0.000945546
0.000928542
0.000869298
0.00101685
0.000920283
0.000910503
0.00101827
0.000982858
0.0011055
0.00106633
0.00116145
0.000946998
0.00093151
0.00097215
0.00111235
0.00133377
0.0013089
0.00133786
0.000930983
0.00102709
0.000906607
0.000965862
0.0010447
0.000877531
0.000984581
0.00102931
0.000943154
0.00112853
0.00119302
0.00106827
0.000896159
0.00094146
0.00115506
0.000911455
0.000970515
0.00111627
0.000908997
0.000986741
0.00106405
0.00115614
0.00134441
0.00124598
0.000992514
0.000918941
0.000937484
0.000868549
0.000929251
0.00105773
0.00163174
0.00111085
0.00105347
0.000893037
0.000869642
0.000995059
0.000927791
0.00102793
0.000900076
0.000935466
0.00108091
0.0009963
0.00112159
0.00117694
0.00106404
0.000878171
0.000911716
0.000967034
0.000888333
0.00113042
0.000970268
0.000935581
0.000952145
0.00117607
0.00129904
0.00111121
0.00136213
0.00118231
0.000955407
0.000959723
0.000881214
0.00138234
0.00102357
0.000951491
0.000997735
0.00087325
0.000919078
0.000858026
0.00098603
0.000919099
0.000895325
0.00105212
0.00097965
0.00106151
0.00112245
0.000909084
0.000981361
0.000960931
0.000880665
0.000931133
0.000882423
0.00091235
0.000916333
0.000891751
0.00111499
0.00122501
0.00155949
0.00114519
0.000889992
0.000882356
0.00104215
0.000961867
0.000915048
0.000917859
0.0012711
0.00109757
0.000942319
0.000959475
0.000881734
0.00118177
0.00119157
0.00122804
0.000971705
0.000898218
0.0010236
0.000953249
0.000984767
0.00132292
0.000962032
0.000986471
0.00103827
0.000872551
0.000983834
0.000944493
0.000990145
0.0009317
0.00101605
0.000949806
0.00099244
0.000880971
0.0012662
0.00102924
0.000906562
0.000912754
0.00100615
0.000888135
0.00137231
0.00111513
0.000982101
0.00100753
0.000888736
0.000884293
0.000933361
0.00093509
0.0010149
0.000873758
0.000951669
0.000958266
0.000977039
0.000944217
0.000893558
0.00105519
0.000974069
0.000873324
0.000911275
0.000962193
0.000858044
0.000885479
0.000893201
0.00121628
0.000983611
0.00099169
0.0012226
0.00120966
0.000940662
0.000956097
0.000913116
0.0010813
0.00115293
0.00134054
0.00119258
0.000999239
0.000986181
0.00103907
0.000946135
0.00105976
0.00103811
0.000884664
0.000940832
0.00097019
0.000977342
0.000907888
0.00100198
0.000869226
0.000935382
0.0010109
0.000944583
0.000951171
0.000980103
0.000954066
0.000940276
0.00104749
0.00106264
0.00149805
0.00119394
0.000917028
0.00105711
0.000969189
0.000896994
0.0010411
0.000895433
0.000989494
0.00113923
0.00115511
0.00108615
0.000863821
0.000922787
0.00100993
0.00094933
0.000952983
0.000859746
0.000939454
0.000932458
0.0010183
0.001174
0.00107992
0.000934925
0.000941153
0.000938362
0.000990697
0.000925223
0.000865564
0.000916255
0.000919617
0.00089126
0.00109881
0.000884616
0.00123234
0.000911368
0.000882443
0.00128697
0.000939343
0.000867225
0.00103457
0.000968748
0.00105553
0.00141831
0.000900799
0.000993793
0.00087954
0.00100703
0.000933708
0.000933371
0.000949736
0.000903268
0.000935607
0.000970164
0.000921893
0.000882954
0.00102501
0.000934518
0.00100888
0.000875277
0.00103155
0.00101367
0.000927146
0.000897885
0.000872066
0.000994415
0.00128116
0.00103754
0.000908124
0.000896739
0.00107347
0.00130317
0.00106926
0.000951105
0.00111527
0.000885037
0.00110354
0.000878965
0.00121168
0.000868859
0.000913095
0.00103288
0.00100258
0.00107591
0.000892765
0.00102164
0.00104699
0.0010612
0.00113017
0.00104008
0.000887836
0.000896588
0.000985242
0.000906832
0.000933921
0.000856149
0.000878692
0.000927132
0.000931428
0.000905439
0.00101734
0.00101702
0.000920291
0.00102691
0.000927061
0.00096205
0.00100311
0.00103553
0.000893355
0.000899216
0.00108382
0.00142075
0.0011512
0.000932317
0.00114483
0.00102796
0.00109735
0.000896611
0.000910359
0.00090186
0.00095785
0.00111601
0.00108618
0.000967048
0.000899799
0.000876577
0.000865918
0.000947524
0.00097891
0.00111565
0.000901711
0.000904743
0.00105451
0.00106931
0.00106473
0.000942849
0.00094237
0.00123658
0.00129448
0.000891796
0.000919757
0.00088604
0.000898583
0.000998498
0.000944719
0.000897005
0.000906331
0.000912483
0.000958794
0.00101106
0.000882947
0.00101569
0.000880423
0.000873293
0.00086879
0.00089697
0.00100749
0.000964798
0.00101863
0.00095356
0.00096609
0.000872582
0.000868568
0.000899993
0.000879782
0.00091001
0.000899359
0.000975461
0.000871008
0.000951618
0.000899729
0.000888485
0.000885378
0.00102936
0.00111019
0.000995389
0.000949825
0.000905131
0.00107641
0.00129742
0.000969139
0.00087054
0.000892307
0.00105152
0.000938343
0.00107762
0.000993005
0.00095353
0.000907396
0.000886028
0.000928374
0.000908189
0.00100781
0.000890472
0.000895246
0.000870479
0.000858655
0.000980237
0.000944704
0.00106299
0.000960667
0.000964311
0.00126874
0.001363
0.00103279
0.000887949
0.00109885
0.00101799
0.000947386
0.000917619
0.00102536
0.000929069
0.00113148
0.000890727
0.000999661
0.000876683
0.00103006
0.000918806
0.000886655
0.00107616
0.000960776
0.0010677
0.000950407
0.0012479
0.000986179
0.00092004
0.000912363
0.000893872
0.00102784
0.000933977
0.000993286
0.000925927
0.00090921
0.000884271
0.00110941
0.00090003
0.00095409
0.000948823
0.000897239
0.000921864
0.000961669
0.00101195
0.000898632
0.00108639
0.00125848
0.00124897
0.00120681
0.000928707
0.00103551
0.000935047
0.00111187
0.00104382
0.000996192
0.000990532
0.000864937
0.000900066
0.00101577
0.000901657
0.00101741
0.000962584
0.000877738
0.000949425
0.000882414
0.000879227
0.00102536
0.000898792
0.000928099
0.000915913
0.000869448
0.00119461
0.000956301
0.00117408
0.00132716
0.00126068
0.000961333
0.00091026
0.000892266
0.000955156
0.00132397
0.000925253
0.000946201
0.000945188
0.000889062
0.00102847
0.000861724
0.000900028
0.000947727
0.000921972
0.000994076
0.000873528
0.00102447
0.00112954
0.000989894
0.00104151
0.000878803
0.000990272
0.000981626
0.000893146
0.000869473
0.000947915
0.000860317
0.000861134
0.000928429
0.00092107
0.0010362
0.000916746
0.000955252
0.000930808
0.000950429
0.000941751
0.000886943
0.000936701
0.00117693
0.0014931
0.000932346
0.00093917
0.000897775
0.000918584
0.000868631
0.000936105
0.000988593
0.000869695
0.00089744
0.00087306
0.000899472
0.00118586
0.00128756
0.000910432
0.000974517
0.00100178
0.000883031
0.00091286
0.000898678
0.000863558
0.000889194
0.00101293
0.000912648
0.000928258
0.00122798
0.000923287
0.000956168
0.000880567
0.00100015
0.000879084
0.000891487
0.000980472
0.000867473
0.000908815
0.000884019
0.00100198
0.00088628
0.000905111
0.000882912
0.00097599
0.000890615
0.000891356
0.000900087
0.000924581
0.000942947
0.00116583
0.000913025
0.00097858
0.00107946
0.00094927
0.000890504
0.000953154
0.000915027
0.000890275
0.000983397
0.0008612
0.000881377
0.000872117
0.000918712
0.000989557
0.000892491
0.0010491
0.000887808
0.000919714
0.000876581
0.00089986
0.000913793
0.00105435
0.00154205
0.000925814
0.00104423
0.000985727
0.000895371
0.000891289
0.000899723
0.000933549
0.00111797
0.000873801
0.000896321
0.000928175
0.000883415
0.000897567
0.000983829
0.000870333
0.0011103
0.000873296
0.000913842
0.000925071
0.00095156
0.000897335
0.000881627
0.00103945
0.00103577
0.00112184
0.00109522
0.00106311
0.000946614
0.000864234
0.00101092
0.00090316
0.00106706
0.000882864
0.000914573
0.000930656
0.000906858
0.00123342
0.000920544
0.00100734
0.00105193
0.00113549
0.000941018
0.000889748
0.000894089
0.00087748
0.000874427
0.000929534
0.00092152
0.000953981
0.000996484
0.000907668
0.000901674
0.000890856
0.00095498
0.000922572
0.00098434
0.000959282
0.000929855
0.000991975
0.0010715
0.000928121
0.0012087
0.000956901
0.000895362
0.000930333
0.000902462
0.00108733
0.00121604
0.0013217
0.00108812
0.000988626
0.000965692
0.00103293
0.000986684
0.000907944
0.000880257
0.000941697
0.00091932
0.000998328
0.00103621
0.00101782
0.0011423
0.000932981
0.00104246
0.000864326
0.000904524
0.000894923
0.000961128
0.000935948
0.000992616
0.000906847
0.00122357
0.00133595
0.00146055
0.00110005
0.00158108
0.00115404
0.00131936
0.0010957
0.00100636
0.00107204
0.000880673
0.00111387
0.000914259
0.000892017
0.00115835
0.000880436
0.00108863
0.000906713
0.000977294
0.00102331
0.00107699
0.00121907
0.00103833
0.00106844
0.000864457
0.000897639
0.000965184
0.000882704
0.00123314
0.00117772
0.00094221
0.00108943
0.00137278
0.000871933
0.000892915
0.000987832
0.000909115
0.000933782
0.000988487
0.00105271
0.00107281
0.00131485
0.00127712
0.00100009
0.000982963
0.000905118
0.000869181
0.000987439
0.000952904
0.00106226
0.000893721
0.000956767
0.00100828
0.000866883
0.000964471
0.000996863
0.00086869
0.000874122
0.000975021
0.000939105
0.000977095
0.000918223
0.00104878
0.000913222
0.0013311
0.00183638
0.00151793
0.000918621
0.00139391
0.00116123
0.00134647
0.000906197
0.00105391
0.000881887
0.000983573
0.000854569
0.000861403
0.00089926
0.00110846
0.00102134
0.000867345
0.000884739
0.000960875
0.000942524
0.000993886
0.0011333
0.000920883
0.00111081
0.00110649
0.000901838
0.000967608
0.000935831
0.000978379
0.00119886
0.000960717
0.000919469
0.00105851
0.000935891
0.000889149
0.000944891
0.000898491
0.000891489
0.000920873
0.000897477
0.00120597
0.000930135
0.000972897
0.000971177
0.00104602
0.000896663
0.00114475
0.000914968
0.000890664
0.000879256
0.00109851
0.000957379
0.000887967
0.00102516
0.000950884
0.00092397
0.000863972
0.00087669
0.000881817
0.00102979
0.000898948
0.000884511
0.000983067
0.000950651
0.000888168
0.000984429
0.00110053
0.00105922
0.00107699
0.00102311
0.000930454
0.000950462
0.000949941
0.000947934
0.000935412
0.00119971
0.000871002
0.000948157
0.000872132
0.00087218
0.000895397
0.000873952
0.000876375
0.00090798
0.000917234
0.00092619
0.000941149
0.000910006
0.000892795
0.0010468
0.00124418
0.00094837
0.000976569
0.000986825
0.000934426
0.0010623
0.00103781
0.000948289
0.00106721
0.00104798
0.00106523
0.000938576
0.000910516
0.000919953
0.000942132
0.000967616
0.000970952
0.000932305
0.00111818
0.000964973
0.000892298
0.00101292
0.000912859
0.00102686
0.000950263
0.000950012
0.000914394
0.000934976
0.000873709
0.000979523
0.00102783
0.00113595
0.000885927
0.00087173
0.00100191
0.000952337
0.000923268
0.000953305
0.000942806
0.00105605
0.000887735
0.00104249
0.00118016
0.00125391
0.000984149
0.00124001
0.000915033
0.00117827
0.00107959
0.000883941
0.00104817
0.000926251
0.00102816
0.00105124
0.000930732
0.00105775
0.000878333
0.000933177
0.000953408
0.000866398
0.000904426
0.000910162
0.000873664
0.000870668
0.00086903
0.000907872
0.000915576
0.000922366
0.000994198
0.00094112
0.000986451
0.000932692
0.000964816
0.000910903
0.000957499
0.000996652
0.00108422
0.000909346
0.000911538
0.000901261
0.000904919
0.000939177
0.000900944
0.000977482
0.000954817
0.000895794
0.000911405
0.00102886
0.000868035
0.000876232
0.00101683
0.000981145
0.00113082
0.000880068
0.00100436
0.00102163
0.0009019
0.000982834
0.000999884
0.00099546
0.00101828
0.000874241
0.000909346
0.000881138
0.00086351
0.000870097
0.000982368
0.000856485
0.00088298
0.000909017
0.000979491
0.000898607
0.000913043
0.000982327
0.00104576
0.00107204
0.000969754
0.00133923
0.0011703
0.000889058
0.00115125
0.00102348
0.000966807
0.000915452
0.000946164
0.000932184
0.000873659
0.00100534
0.000865311
0.000875637
0.00088574
0.00093244
0.000996632
0.00092806
0.000859674
0.000956913
0.00089903
0.000878786
0.00101503
0.00108351
0.000913249
0.00105303
0.00089369
0.000885182
0.000930642
0.0012985
0.000995308
0.0010669
0.000977129
0.000895892
0.000884937
0.000857775
0.000950648
0.0009184
0.000872449
0.0010402
0.000900007
0.000880853
0.000963298
0.000916409
0.000979647
0.00106576
0.000976811
0.00090304
0.000956207
0.00109182
0.000890859
0.000985704
0.00089364
0.00101563
0.00100894
0.00118211
0.000909652
0.000901579
0.00088642
0.00107085
0.000885232
0.000891918
0.000953442
0.000976817
0.000879607
0.000886707
0.00101524
0.0010261
0.000953316
0.000908941
0.00113484
0.00105953
0.0011454
0.00122926
0.0010939
0.000938801
0.00098245
0.00089488
0.000903136
0.000956787
0.000890288
0.000873663
0.000898821
0.000879935
0.00089996
0.00101129
0.00104649
0.000881598
0.000923878
0.000881861
0.000871088
0.000859657
0.000881266
0.00094638
0.00103905
0.000993345
0.00109244
0.000971131
0.000928341
0.00100486
0.00102281
0.0012556
0.000916541
0.000891638
0.000929452
0.0009047
0.000917763
0.000890248
0.000864256
0.000952542
0.00090425
0.000902622
0.00102451
0.000889607
0.000929404
0.000905274
0.000870105
0.00100665
0.00101365
0.000915805
0.00138988
0.000992255
0.00106958
0.000879532
0.00102154
0.000967857
0.000900264
0.000990961
0.000912635
0.0009879
0.00100986
0.000923176
0.00106376
0.000894898
0.00103808
0.00115221
0.000904583
0.00106247
0.000888216
0.000963406
0.00102552
0.00108519
0.0009115
0.00128062
0.000960257
0.00101668
0.000991103
0.00090072
0.00112317
0.000887598
0.00110691
0.000939356
0.000948964
0.0008665
0.000871329
0.000943186
0.000974855
0.000876822
0.00101266
0.000866159
0.000939731
0.000881245
0.000902828
0.000883751
0.001247
0.000930723
0.000998217
0.000971226
0.00137502
0.000967448
0.00105621
0.000883835
0.0010144
0.00106974
0.00109009
0.00119636
0.000915043
0.00116458
0.00111538
0.00095044
0.000980022
0.000894055
0.000864716
0.000963539
0.000912351
0.000949479
0.0010368
0.00098198
0.00115133
0.000911861
0.001066
0.000923269
0.000994107
0.000966663
0.000864113
0.000868772
0.000917109
0.000906216
0.000867075
0.000877591
0.00105378
0.00123978
0.000886906
0.0012084
0.00115659
0.000893373
0.00124547
0.000887262
0.000989087
0.00112292
0.00100669
0.000989224
0.00091602
0.000964472
0.000877364
0.000891268
0.00100324
0.000915456
0.000897988
0.000886573
0.00097845
0.000929806
0.00113557
0.00108529
0.000865575
0.000905411
0.000893992
0.000892448
0.000907353
0.000890187
0.000887829
0.000890078
0.000917287
0.000941613
0.00100227
0.00103219
0.00110555
0.000887411
0.00100296
0.000937731
0.00103313
0.00102493
0.000968283
0.000876012
0.00111592
0.00125042
0.000957151
0.0009742
0.000890412
0.000881997
0.00109144
0.000971514
0.00091942
0.000896722
0.000938281
0.000875765
0.00103461
0.00100968
0.00097472
0.000938547
0.000877404
0.000868145
0.000885866
0.000892743
0.00087498
0.000973236
0.000879203
0.000872575
0.000909895
0.00095756
0.000965081
0.000956754
0.000893526
0.00113262
0.000974065
0.000901996
0.000919231
0.000868576
0.00100509
0.00104693
0.00136684
0.00112621
0.00105073
0.00100601
0.00102456
0.00093179
0.000951212
0.000880809
0.000867419
0.000932566
0.000889556
0.000961766
0.00105407
0.000959895
0.000938048
0.000899757
0.000976167
0.000903761
0.000882869
0.000992267
0.000988214
0.000950617
0.000957531
0.000922499
0.001096
0.00102249
0.000900557
0.0011134
0.000931095
0.000903686
0.000861075
0.0008887
0.000856901
0.000911416
0.00101892
0.00143727
0.000993126
0.00105705
0.000880585
0.000961591
0.000894948
0.00096013
0.000887205
0.000866661
0.00093648
0.000879126
0.000891889
0.00091398
0.00117607
0.00105343
0.000920378
0.000946832
0.000944082
0.00106361
0.000895591
0.000942567
0.000932867
0.00100631
0.00114254
0.0011876
0.000986017
0.000940817
0.000931978
0.00102082
0.00100362
0.000882676
0.000994349
0.000886574
0.000965392
0.000986344
0.000919275
0.00102814
0.000906267
0.000929323
0.000922389
0.000883203
0.00088585
0.000872018
0.000874476
0.00100942
0.000911062
0.000957033
0.000932713
0.000875348
0.00097062
0.00095195
0.000879836
0.000930591
0.000899166
0.000881612
0.000880321
0.000929086
0.000946807
0.000940325
0.000950473
0.00092548
0.00094423
0.000972218
0.000902617
0.000939575
0.000976255
0.000920031
0.000863055
0.000887226
0.00117598
0.00140086
0.00123831
0.000878574
0.000886113
0.000967707
0.0010078
0.000930378
0.000872547
0.000888673
0.000880278
0.000934709
0.00097063
0.000898205
0.00120897
0.000909423
0.000866389
0.000910655
0.000977505
0.000888655
0.000909366
0.000975902
0.00102256
0.000942394
0.000972562
0.000885993
0.000890188
0.000920878
0.000924614
0.000900841
0.000879974
0.000871466
0.000861898
0.000907653
0.000867932
0.000914247
0.000923104
0.00106321
0.000974206
0.00101867
0.000864774
0.000935458
0.000902319
0.000938364
0.000911315
0.00100021
0.00106112
0.000921598
0.00105083
0.000995619
0.000923418
0.000962316
0.000953471
0.00099441
0.000928708
0.000888985
0.00097904
0.000884468
0.000941603
0.00103048
0.000951013
0.0010075
0.000976027
0.000978683
0.000987816
0.00087564
0.000864766
0.00087655
0.000920653
0.000924716
0.00140897
0.00096685
0.000908157
0.000885562
0.00105814
0.000895082
0.000938455
0.000875714
0.000892334
0.000887751
0.000908889
0.000927891
0.00088202
0.000895908
0.000967997
0.00102677
0.000922227
0.000882714
0.000859183
0.000938951
0.000910532
0.000897335
0.000951018
0.000902158
0.000961974
0.000957663
0.00105064
0.000873601
0.0011539
0.000971961
0.000953623
0.00138893
0.00147313
0.00163336
0.00144855
0.0014002
0.000890732
0.000937465
0.00087069
0.000931998
0.000962423
0.000875486
0.000896362
0.000917811
0.00105872
0.000995272
0.00114999
0.000887592
0.000983898
0.000931933
0.00103613
0.000968427
0.000879595
0.000936823
0.000868442
0.000970215
0.000917044
0.000908506
0.00100299
0.000872256
0.00139847
0.00106916
0.000911603
0.000906901
0.000872754
0.00108963
0.000947456
0.00104608
0.000956117
0.000876951
0.000970269
0.000912945
0.000893003
0.00086722
0.000901877
0.00101317
0.000877649
0.000881965
0.000881748
0.00101086
0.000900489
0.00097632
0.000901764
0.000879534
0.0010147
0.0010212
0.000948292
0.000871051
0.000867101
0.000946988
0.000905694
0.00136948
0.000980883
0.000934236
0.000903544
0.00100145
0.000982371
0.000918293
0.00087301
0.000915847
0.000924157
0.000864198
0.000983004
0.000891352
0.000919599
0.000906407
0.000902116
0.000968632
0.000910041
0.000931324
0.000916081
0.00085867
0.000871639
0.000924517
0.000931504
0.00106364
0.00087142
0.000873562
0.000869343
0.000910353
0.000878738
0.00091628
0.000891261
0.000946298
0.000938077
0.000899581
0.000946035
0.000989649
0.000886839
0.00097689
0.000915095
0.000869958
0.000882083
0.000926045
0.00110638
0.00089776
0.000918011
0.00115116
0.00105498
0.00092409
0.0010491
0.0009286
0.000862875
0.00110205
0.00102478
0.00088855
0.000882831
0.00089966
0.000861814
0.000861602
0.00108225
0.000880009
0.00136562
0.000851262
0.00097089
0.000892755
0.00103329
0.000902186
0.000894337
0.000927785
0.000910179
0.0010362
0.000960243
0.000880023
0.000931319
0.000889327
0.00111597
0.000925055
0.000875574
0.000892055
0.00089173
0.000955313
0.000890362
0.00104887
0.000879367
0.00101417
0.000962222
0.000862272
0.000864956
0.000916695
0.000993927
0.00107339
0.000890529
0.000897978
0.000903201
0.0010256
0.00123669
0.000904757
0.000941758
0.000959179
0.000892386
0.000926147
0.000885737
0.000890454
0.000959668
0.000895471
0.000959975
0.000998222
0.000893811
0.00107652
0.000891851
0.000961464
0.000874477
0.000948271
0.000991202
0.000963839
0.00109618
0.00120321
0.00142153
0.00115647
0.00115099
0.00106487
0.00101602
0.00113426
0.00090632
0.000921199
0.00104744
0.000910782
0.000892457
0.000898546
0.000975969
0.000868107
0.000854086
0.00109022
0.000997861
0.00102932
0.000876857
0.000882094
0.000936768
0.000974236
0.00109965
0.000940713
0.000889328
0.000880482
0.00097396
0.000882694
0.0009248
0.000882603
0.000897876
0.000954212
0.000882832
0.000877826
0.00100687
0.000899964
0.000983865
0.000938206
0.000905469
0.000951524
0.00105547
0.00104376
0.000883901
0.000925573
0.000918774
0.000937545
0.00105291
0.00103941
0.000904106
0.000872837
0.000941483
0.00101791
0.000874794
0.000895929
0.000906065
0.000904343
0.000885992
0.000996943
0.000908241
0.000918206
0.000875596
0.000862742
0.000999132
0.000887002
0.000909745
0.000874475
0.000957366
0.000938112
0.000928828
0.00115711
0.00103553
0.000921492
0.000927906
0.000919451
0.000899243
0.00096551
0.00090292
0.000941471
0.000955016
0.000937178
0.000908715
0.000919014
0.000866314
0.00107038
0.000894999
0.000912077
0.000867166
0.00090612
0.000935961
0.00105488
0.00103875
0.000909763
0.00103025
0.00107943
0.000920895
0.000868386
0.00091075
0.000955286
0.00106746
0.000891329
0.000863808
0.000941834
0.000873589
0.000862702
0.000975813
0.000899134
0.000925448
0.00105492
0.00088811
0.000972874
0.000898351
0.000871425
0.000892887
0.000911643
0.000956972
0.00107709
0.00102245
0.00107593
0.00089283
0.000922569
0.000898549
0.000890677
0.00110083
0.000875978
0.000877601
0.000938515
0.000940717
0.000864263
0.00091364
0.000930055
0.000900872
0.00117255
0.000894151
0.000951043
0.000921207
0.000901009
0.000879844
0.0009076
0.00114137
0.000967599
0.00102183
0.00106219
0.000938717
0.00101141
0.000901312
0.000935445
0.000876268
0.000923176
0.000934583
0.000953625
0.000930745
0.000916114
0.000903906
0.000948534
0.000943037
0.00086287
0.000883325
0.000967065
0.000889759
0.000910031
0.000905133
0.000969507
0.00100971
0.00103702
0.000964109
0.00102562
0.000950938
0.000912551
0.000942682
0.00101305
0.000913756
0.000884858
0.000858879
0.000872306
0.000869854
0.000882762
0.000902008
0.000893967
0.00093413
0.000885773
0.000883503
0.000893078
0.000933336
0.000927423
0.000936386
0.000881225
0.000936302
0.00104961
0.000959661
0.000996829
0.000973789
0.00093355
0.000875979
0.000883365
0.000983079
0.000954218
0.000948496
0.000883791
0.000868279
0.000932675
0.000884228
0.00104342
0.00095846
0.000960389
0.000944819
0.0009901
0.00092242
0.000865885
0.000963872
0.0010083
0.000957733
0.00101095
0.00101099
0.000992935
0.00107979
0.000923223
0.000905549
0.000907258
0.000904116
0.000987165
0.000910141
0.00100541
0.000911814
0.000945711
0.00101173
0.000998484
0.000875317
0.000865962
0.000898711
0.000951402
0.000894597
0.000867411
0.000900683
0.000923715
0.000959357
0.00087632
0.00103034
0.000900662
0.00108413
0.000858798
0.000907046
0.000886539
0.00094111
0.000965295
0.00095076
0.000868208
0.000930375
0.000988385
0.000960224
0.000993166
0.000900642
0.000983252
0.000883583
0.000941009
0.000977573
0.00091129
0.000904969
0.000917641
0.000950894
0.0012332
0.00108404
0.00106665
0.00094787
0.000897373
0.000936068
0.000942222
0.000905924
0.000929543
0.0010125
0.000927361
0.000891047
0.0010165
0.000962514
0.000876474
0.00105855
0.000879014
0.000876528
0.000892802
0.000888916
0.000887281
0.000940869
0.000893425
0.00124253
0.000927577
0.000951853
0.000946799
0.000877359
0.000875812
0.00095033
0.000958633
0.00102229
0.000854416
0.000871409
0.000864799
0.000887694
0.000921265
0.00139873
0.000884093
0.00091709
0.000886308
0.00099356
0.000890895
0.000885357
0.000884466
0.000971627
0.000958228
0.0012852
0.000955555
0.0010505
0.000990397
0.000890777
0.00091542
0.000981767
0.000933571
0.000882857
0.000878788
0.000999968
0.000883372
0.000902217
0.00111463
0.000860439
0.000858429
0.000897208
0.000866172
0.000881371
0.000931295
0.000864261
0.000992894
0.000969888
0.000989364
0.00098482
0.000978748
0.000951149
0.000981843
0.000899773
0.000888573
0.000933294
0.000911941
0.00113344
0.00091464
0.000885543
0.000911798
0.00097904
0.000996652
0.000888882
0.000950316
0.000868327
0.00093375
0.000865223
0.0008774
0.000925575
0.000906462
0.000963347
0.00098633
0.000903212
0.000981801
0.000926626
0.000862435
0.000863565
0.000942645
0.000890385
0.00091664
0.000947393
0.000882236
0.000937457
0.000954365
0.000977364
0.00106488
0.00095349
0.000936671
0.000859229
0.000941898
0.000944149
0.000929289
0.000890616
0.000881537
0.00101483
0.00102556
0.000921752
0.00118187
0.0010927
0.000914274
0.000933519
0.000922169
0.000871793
0.000921202
0.000993989
0.000917773
0.000928042
0.000950984
0.000953485
0.000946385
0.000863982
0.00091434
0.000878378
0.000959576
0.000877268
0.000876946
0.000868713
0.000920413
0.000893524
0.00107106
0.00094686
0.000914097
0.000994398
0.000915219
0.0008731
0.000888085
0.000938367
0.00101446
0.000915274
0.000937775
0.000979066
0.00101567
0.000952046
0.000918962
0.000920881
0.000900545
0.000935694
0.000879091
0.000873432
0.000871106
0.000885155
0.000856039
0.00111049
0.00127745
0.00100203
0.000916254
0.00113561
0.00101535
0.000933587
0.000917917
0.000941807
0.000941983
0.000985958
0.000911128
0.000870156
0.00103486
0.00089781
0.00109759
0.000881736
0.0008902
0.000905765
0.000919527
0.000890872
0.000937211
0.000896829
0.000913645
0.000940973
0.00102599
0.000954729
0.00117717
0.00087627
0.000872122
0.000961176
0.000920701
0.000963774
0.000881291
0.000875327
0.00093488
0.000893796
0.000977317
0.000902415
0.000931114
0.000882188
0.000867277
0.000883604
0.000945667
0.000943031
0.000908835
0.000919375
0.000919268
0.00115117
0.00101364
0.000907844
0.000991911
0.0010654
0.000894569
0.000923447
0.000902762
0.000878467
0.000960277
0.00099987
0.00091393
0.000883118
0.000878254
0.000936787
0.000952128
0.000872425
0.000874096
0.00085783
0.000938771
0.000865429
0.000891833
0.000937471
0.000962279
0.000969448
0.00117355
0.000900752
0.000991229
0.00124064
0.000888339
0.00101205
0.000986799
0.000884836
0.00090793
0.00093852
0.00105065
0.000988509
0.000915194
0.00101291
0.000859301
0.000876545
0.000885894
0.000930421
0.00088318
0.000868355
0.000897345
0.000871322
0.000887201
0.000915683
0.00123703
0.00109406
0.00100285
0.000983232
0.000897832
0.000901886
0.000890536
0.00118118
0.000906255
0.000963043
0.000911957
0.00090614
0.000903101
0.000929476
0.000861436
0.000920301
0.000910804
0.000876857
0.00107929
0.000905766
0.000908744
0.000954061
0.000868179
0.000949921
0.0010203
0.000943272
0.000982698
0.000873338
0.000900512
0.000909753
0.000971209
0.000945712
0.000910257
0.000927377
0.000952024
0.00101027
0.000876394
0.000873804
0.000889206
0.0011637
0.000941435
0.000874111
0.000870677
0.000909064
0.000904676
0.000966013
0.00086709
0.000874706
0.000950463
0.000932271
0.0010177
0.000973853
0.000895341
0.000888614
0.000899723
0.000988791
0.00122586
0.000880972
0.00105356
0.000882782
0.000950335
0.000925477
0.000880487
0.000995828
0.000913899
0.000912604
0.000980607
0.000885671
0.000924005
0.000973152
0.000878834
0.000933327
0.00111382
0.000877315
0.00101279
0.000986733
0.000874455
0.000871049
0.000903246
0.00089539
0.000935812
0.00089709
0.000935917
0.000883235
0.000932783
0.000883306
0.00091234
0.000939858
0.00102024
0.000924643
0.000892143
0.000857478
0.00101834
0.000960238
0.00091614
0.000949769
0.000910758
0.0009773
0.00102282
0.000952193
0.000975996
0.000875368
0.000880253
0.00100112
0.000994171
0.00107734
0.000886019
0.000876418
0.000970277
0.000898537
0.000894105
0.000960325
0.000890689
0.000916836
0.00104006
0.000920671
0.000908342
0.000881125
0.000882327
0.000887117
0.00100395
0.000977305
0.000981801
0.000951932
0.000890311
0.000919272
0.000862716
0.00116117
0.00129735
0.00129328
0.000927741
0.000986616
0.00100139
0.000894523
0.000877776
0.000938943
0.000876544
0.000923773
0.000936127
0.000932455
0.0009436
0.000902822
0.000901329
0.000941484
0.000905145
0.000996077
0.000936817
0.0009238
0.000903757
0.000933476
0.000962367
0.00106759
0.00111609
0.0009909
0.0010843
0.00121382
0.00100093
0.000875107
0.00090324
0.000936755
0.000866933
0.000906461
0.000935492
0.000865736
0.000860895
0.000930355
0.000869543
0.00102604
0.000921001
0.000956921
0.00104127
0.000908925
0.000910423
0.000893302
0.00113418
0.00104264
0.000952076
0.000912107
0.000891183
0.000978273
0.000872206
0.000872499
0.000881055
0.000895945
0.000912575
0.000885472
0.00101168
0.000930229
0.00088989
0.000898349
0.00124438
0.00110163
0.00116921
0.00103094
0.00102115
0.00092094
0.000903804
0.00095502
0.00127376
0.000932644
0.000895532
0.000911259
0.00089355
0.00088132
0.00108057
0.000909052
0.000887644
0.000874753
0.00108449
0.00103047
0.000901094
0.000885522
0.000884442
0.00104461
0.000901576
0.000931909
0.00102293
0.000983094
0.00134663
0.000924338
0.000961785
0.000936675
0.000917623
0.000935779
0.00100668
0.000875389
0.000924953
0.00089898
0.000900849
0.000872008
0.000892263
0.000949378
0.00100302
0.000874513
0.000956472
0.000874602
0.00089651
0.000982453
0.00088599
0.000916456
0.00118412
0.00101711
0.00098126
0.000901736
0.000890524
0.00104628
0.00102692
0.000905957
0.0010096
0.000935325
0.000989798
0.000910918
0.000872485
0.00087289
0.000938297
0.00102043
0.000972275
0.000922599
0.000870058
0.000917882
0.000947256
0.000988796
0.000877078
0.00126718
0.000958802
0.00107253
0.00101243
0.000929686
0.000982842
0.000898053
0.00100034
0.000902307
0.000875102
0.000933399
0.000908308
0.000907709
0.000904817
0.000883265
0.00114743
0.000883031
0.000910884
0.000895055
0.000939876
0.000873926
0.000938921
0.000866521
0.00101675
0.00100127
0.00108177
0.00144397
0.000896379
0.00089439
0.000925504
0.000998929
0.000914336
0.000904499
0.00114929
0.00118323
0.00100086
0.000883488
0.000891147
0.00108213
0.000973196
0.000906711
0.000896561
0.00085331
0.00091772
0.000973635
0.000889924
0.00104313
0.00112438
0.0010011
0.000913121
0.000985903
0.00106626
0.00089674
0.00103182
0.000944709
0.000872254
0.00105558
0.000949481
0.000987643
0.00096917
0.000897247
0.00103237
0.000951919
0.000903286
0.00101204
0.000873195
0.000898168
0.000905873
0.000981903
0.000956386
0.000926198
0.000985258
0.000907543
0.0012128
0.000967838
0.00103262
0.000932266
0.000872434
0.000893875
0.00088696
0.000978786
0.00105528
0.000956242
0.0010865
0.000867012
0.000905067
0.00110466
0.00103643
0.0010371
0.00090601
0.00102792
0.000959959
0.00104845
0.000925563
0.000880795
0.0009305
0.000975967
0.000873603
0.000978166
0.000944682
0.000949497
0.000886385
0.00111761
0.00114978
0.00115701
0.00121748
0.00104669
0.000882037
0.000920469
0.00109951
0.00114363
0.000959835
0.000988449
0.00095118
0.00103223
0.00115413
0.000994918
0.00103229
0.000963678
0.000922284
0.000876888
0.000975173
0.000923387
0.00100496
0.000976754
0.000918712
0.00109982
0.000893525
0.000946863
0.000939592
0.000953767
0.000947385
0.000954512
0.000870359
0.000883409
0.000996454
0.000906808
0.000966015
0.000977013
0.000937933
0.000981759
0.00088761
0.000886868
0.00102232
0.000913261
0.000913606
0.000916385
0.000990579
0.000928269
0.00100588
0.000922898
0.00088307
0.00089742
0.000926148
0.00100624
0.00101508
0.000985323
0.000992968
0.000916794
0.000886844
0.00097091
0.0012939
0.00141754
0.00115386
0.000880143
0.000950864
0.00103142
0.00109526
0.000940753
0.00102967
0.000910728
0.000948927
0.000980372
0.000963248
0.0011782
0.000901383
0.00104111
0.000903316
0.00097101
0.000929769
0.000908339
0.000882729
0.00114417
0.000993606
0.00113596
0.000877573
0.00108732
0.000937278
0.000890574
0.000876844
0.000974224
0.000863788
0.000914264
0.000931753
0.000973173
0.00107745
0.000979193
0.00107039
0.000909362
0.000892313
0.0011419
0.000872471
0.00113666
0.000952151
0.000966137
0.00104644
0.00122523
0.00125943
0.001065
0.000919296
0.000971533
0.000889942
0.00101264
0.000922981
0.00105476
0.000939608
0.00136924
0.000990957
0.000897675
0.000952795
0.000906033
0.000875522
0.000971823
0.000879139
0.000875503
0.000882243
0.000942523
0.00105112
0.000877064
0.000974177
0.000908957
0.00115877
0.000901742
0.000877382
0.000929556
0.00087962
0.000869564
0.00103636
0.00127534
0.0010761
0.000918822
0.000946049
0.0010433
0.000981582
0.00098158
0.000936961
0.000859353
0.000980502
0.000871097
0.000859944
0.00103117
0.000970506
0.00103053
0.00106046
0.000887427
0.000975804
0.000864709
0.000954371
0.000867584
0.00099802
0.000900484
0.00109584
0.000955589
0.000952124
0.000888549
0.00103842
0.000920522
0.00111821
0.000897749
0.000891783
0.00100105
0.000933564
0.000920336
0.00100723
0.00133958
0.00136401
0.00116505
0.000883198
0.000990488
0.000880779
0.00101212
0.000899438
0.000899078
0.00105055
0.000985092
0.000877355
0.00096806
0.00089001
0.00107152
0.000903031
0.000884053
0.00087958
0.000884177
0.00088657
0.000895187
0.000865119
0.00101235
0.000905423
0.00103887
0.000996496
0.000865109
0.000935292
0.000928912
0.000923147
0.000903557
0.000870516
0.000876742
0.000963703
0.000940352
0.000903544
0.000917787
0.000875385
0.000922536
0.00102625
0.000883243
0.000969594
0.000888091
0.000890885
0.000980951
0.000974806
0.000877886
0.000894747
0.00105824
0.00103137
0.000951559
0.000868049
0.000908754
0.000892873
0.000873471
0.000921791
0.000922156
0.00102629
0.00089129
0.000915447
0.00112856
0.000989223
0.000893988
0.000922279
0.000869006
0.000867002
0.000894664
0.00088144
0.000911903
0.000872204
0.000986178
0.000989469
0.000936221
0.000952671
0.000888346
0.000856208
0.0010439
0.000887438
0.000860659
0.000924142
0.000907716
0.000923952
0.00103542
0.000915964
0.000905341
0.000882607
0.00107393
0.000932005
0.000908155
0.000961838
0.00089941
0.000912491
0.000949024
0.000891733
0.00103749
0.000942728
0.00103912
0.000893022
0.00107988
0.000910635
0.000898183
0.00088148
0.000883076
0.000964125
0.000878816
0.000989483
0.00103905
0.00087393
0.000912842
0.000885045
0.000881406
0.000980859
0.00086177
0.000877711
0.000869052
0.00089011
0.000899464
0.000881886
0.000945082
0.000897834
0.000981693
0.000918713
0.00112305
0.000883915
0.000878855
0.000916732
0.000873648
0.000867963
0.000907472
0.00102878
0.00112184
0.00099092
0.000912646
0.000876216
0.000990779
0.000938937
0.000882243
0.000916868
0.000879344
0.000896958
0.000920295
0.000944661
0.000896476
0.000928921
0.00104021
0.000892741
0.000918778
0.00101394
0.000901683
0.00087319
0.000898813
0.000855569
0.000919235
0.00108815
0.000945452
0.000896705
0.000901571
0.00088419
0.00098138
0.000910019
0.000884583
0.00089737
0.000932554
0.000907281
0.000923448
0.000866718
0.000892484
0.000872885
0.00116479
0.00088735
0.000981706
0.000954689
0.00100987
0.000968329
0.000920039
0.000902462
0.000992328
0.00107442
0.000992872
0.000931162
0.000928073
0.00110756
0.000939253
0.00110523
0.000896905
0.000878166
0.0011318
0.000891267
0.000898405
0.00110138
0.000903122
0.00102262
0.000971756
0.000938526
0.000957473
0.000951669
0.000881836
0.00108386
0.000945742
0.00113118
0.0010873
0.000922478
0.000953567
0.00093569
0.000965343
0.000911762
0.000896395
0.000942335
0.000894256
0.000895311
0.000920663
0.000875547
0.000894823
0.00102922
0.000905934
0.0010045
0.000995336
0.00102423
0.000931951
0.00101169
0.000958861
0.000967585
0.00094326
0.00117064
0.000929053
0.00088351
0.000882896
0.000901139
0.000887986
0.00095337
0.00092369
0.000992532
0.000893496
0.000935615
0.000878175
0.000868921
0.000965878
0.000904197
0.000988622
0.000883343
0.000874029
0.000931469
0.00107771
0.0011759
0.000995996
0.000952101
0.000949599
0.00125744
0.0011853
0.000973589
0.000935824
0.00108626
0.0011275
0.000927268
0.000945352
0.00117675
0.00109978
0.00100683
0.00137019
0.00107766
0.00126035
0.000936696
0.000941993
0.00102263
0.000949124
0.000968107
0.00101762
0.00113244
0.0010778
0.00125394
0.00090786
0.00106161
0.000997313
0.000886797
0.000958245
0.000869946
0.000877092
0.000921673
0.000961479
0.000921865
0.00101279
0.00103004
0.00090662
0.000977738
0.00118771
0.00108179
0.00102923
0.00101639
0.000945328
0.000947107
0.00103791
0.000915622
0.000926776
0.000906503
0.000895619
0.000943307
0.000880851
0.00101408
0.00088525
0.000876541
0.00109518
0.000913699
0.000916783
0.000860009
0.000944194
0.000866241
0.000966254
0.000967685
0.000938092
0.00101961
0.000875173
0.000913947
0.000872535
0.000995311
0.00105824
0.000925885
0.000996512
0.000943894
0.0008879
0.000904423
0.00086921
0.000885789
0.000900704
0.000865809
0.00105791
0.00101023
0.000884448
0.000987675
0.000909347
0.000867481
0.000887252
0.000873171
0.00108665
0.000953209
0.00088096
0.000884581
0.000858708
0.00097269
0.00107658
0.000907444
0.000965862
0.000983213
0.000875873
0.00106968
0.00087393
0.000887991
0.000905492
0.000921179
0.000886176
0.000901615
0.000884781
0.000976452
0.000868541
0.000897334
0.00128168
0.000876784
0.000922775
0.00130407
0.00100238
0.00105593
0.00100421
0.000954092
0.000898174
0.000909055
0.00104284
0.000902277
0.000915504
0.000899524
0.000890206
0.000933062
0.000875043
0.000878148
0.000890011
0.000887463
0.000940306
0.00101915
0.000923936
0.000876237
0.000888645
0.000897926
0.00101863
0.00109126
0.000989834
0.00105447
0.000977796
0.00101249
0.000963814
0.000965649
0.000891898
0.00103624
0.000871089
0.000907775
0.000872676
0.000888937
0.000907207
0.00088563
0.000976941
0.000901239
0.000904411
0.00091047
0.000851375
0.000929271
0.000888734
0.000873134
0.00097386
0.00113731
0.00102438
0.00109971
0.000970971
0.000973112
0.00100062
0.000881314
0.00119365
0.00105694
0.000957419
0.000885821
0.000878448
0.00102319
0.000876749
0.000972323
0.000929007
0.00126762
0.000905683
0.000901807
0.00100904
0.000880005
0.000952772
0.00108969
0.00109966
0.0010303
0.000965413
0.00107436
0.00129053
0.000964794
0.00117016
0.000951037
0.00098769
0.000858593
0.00098677
0.00104685
0.00101014
0.00115463
0.00108757
0.000974494
0.000878872
0.000936066
0.00101488
0.000886591
0.000980005
0.000905632
0.000999434
0.000883243
0.00100828
0.0010595
0.00119933
0.000884736
0.000936544
0.000985295
0.000961709
0.00100839
0.000877372
0.00102552
0.000978948
0.000854439
0.000997771
0.000946878
0.000966265
0.000987045
0.000859312
0.00090068
0.000878548
0.000885505
0.000936687
0.00107762
0.000980396
0.000964055
0.0012208
0.00113085
0.000892937
0.000888017
0.00100245
0.00100484
0.00102643
0.000967842
0.000870567
0.000994251
0.000946319
0.000903199
0.000948038
0.00105442
0.00104293
0.00106688
0.000870652
0.000922538
0.000972712
0.000976355
0.000974123
0.000988556
0.00110864
0.00101658
0.00101729
0.000894232
0.00130101
0.000977822
0.000927438
0.00114599
0.00113695
0.00115198
0.000961241
0.00109108
0.00125608
0.00119335
0.00108034
0.000960908
0.00105782
0.000915008
0.000940209
0.00122316
0.00123129
0.00117946
0.000998151
0.000925771
0.000930707
0.00131236
0.00130074
0.00124177
0.000882308
0.000977719
0.00100937
0.00106495
0.00124894
0.000990298
0.000883252
0.00112401
0.000916265
0.000893024
0.000905575
0.00101544
0.00139611
0.001222
0.00132096
0.00108144
0.00087933
0.00116193
0.00118847
0.0010404
0.000932207
0.000869392
0.00123164
0.00105416
0.000916144
0.00100669
0.000909141
0.000887388
0.000971191
0.000891891
0.000906206
0.000970288
0.000991121
0.00106224
0.000979949
0.00110413
0.00117212
0.000940029
0.000896021
0.000890287
0.00110284
0.00089005
0.000969665
0.001115
0.000865709
0.000866202
0.00104173
0.000917494
0.00107592
0.000892128
0.000857986
0.000922516
0.00107951
0.00116063
0.000992874
0.000963035
0.00102893
0.000910028
0.0010942
0.00105326
0.000988757
0.00090971
0.000886842
0.000923502
0.000865282
0.00102575
0.000957123
0.000869805
0.000878454
0.000983723
0.000899617
0.000899006
0.000920433
0.000889854
0.000949905
0.000944884
0.000964222
0.000910835
0.000882203
0.000926296
0.00101586
0.00105057
0.000918047
0.000940043
0.000894438
0.000894016
0.000888809
0.000958157
0.000898166
0.000894835
0.00089095
0.000876827
0.000872677
0.00102134
0.00100327
0.00110229
0.000888823
0.000863753
0.00087181
0.000873945
0.000909957
0.00101656
0.000876131
0.000937972
0.000989855
0.00108594
0.00134542
0.00109136
0.00096942
0.000880816
0.000883132
0.00097386
0.000903694
0.0010301
0.00094976
0.00086719
0.000938465
0.000921061
0.000866393
0.000898266
0.000918161
0.000882877
0.000924175
0.000870339
0.000874514
0.000971361
0.00088653
0.000984715
0.000944909
0.000943586
0.00110995
0.000943592
0.000893924
0.000952044
0.00105955
0.00107658
0.00124571
0.0011762
0.00107383
0.0011793
0.000979167
0.000980456
0.0010436
0.000963586
0.000941744
0.000928856
0.000976871
0.000919963
0.000912614
0.00133693
0.00117193
0.00109408
0.000919205
0.000888649
0.00089339
0.000950043
0.000912587
0.000900365
0.000952074
0.000917653
0.00097607
0.0010056
0.00103935
0.00118319
0.000982488
0.000975011
0.000894388
0.000937578
0.000909161
0.00097661
0.000990702
0.00101711
0.00121623
0.00094988
0.00110763
0.00100088
0.00086492
0.000920579
0.000994385
0.000901598
0.000995138
0.000887983
0.00091719
0.000946944
0.000990046
0.000926167
0.00091157
0.000873263
0.000925984
0.00096533
0.000873726
0.00095428
0.00104492
0.000944021
0.000974489
0.00122211
0.000967593
0.000946411
0.000979504
0.000867655
0.000931554
0.000866509
0.000940605
0.00105587
0.000899827
0.000944076
0.000904588
0.00111412
0.0010135
0.000987768
0.000931616
0.000995451
0.000912318
0.000851527
0.000893583
0.00094737
0.000937627
0.00132201
0.00102662
0.000907337
0.000982581
0.0012463
0.00100568
0.000893309
0.00091796
0.00102307
0.000951451
0.00094891
0.000880968
0.000999552
0.00091407
0.000951114
0.000864837
0.000857432
0.000940962
0.000875788
0.00100297
0.00088718
0.000899331
0.000867203
0.000886008
0.00100357
0.00124118
0.000967276
0.00124342
0.0010122
0.00088461
0.000937259
0.00100546
0.000879326
0.000938944
0.00101935
0.000893348
0.00095718
0.00110835
0.000857488
0.00100872
0.000886124
0.000928974
0.000994418
0.000934308
0.000951854
0.000897182
0.000895302
0.00101109
0.00111321
0.00103649
0.00112948
0.000912299
0.000879742
0.000914597
0.00100883
0.00116861
0.00086554
0.000879721
0.00100784
0.000927985
0.000997492
0.00122889
0.000895278
0.000971991
0.00103377
0.00101778
0.000903301
0.000971812
0.00128396
0.000892277
0.00107572
0.000965928
0.00101117
0.00103717
0.000900386
0.000917941
0.000864928
0.000929462
0.00095937
0.000884282
0.000857477
0.000915887
0.00102717
0.00117477
0.000869984
0.000869107
0.000921129
0.000925938
0.000861621
0.00084974
0.00100099
0.000911236
0.00088231
0.00132
0.00109743
0.000992043
0.00102214
0.00102477
0.000894671
0.000917196
0.000886542
0.000991709
0.00101622
0.000952999
0.000992225
0.000882393
0.000886308
0.000927476
0.000991065
0.00113099
0.000937727
0.000963482
0.000933059
0.000900072
0.000867561
0.000891589
0.000962395
0.000908136
0.00099333
0.000961602
0.00091445
0.000971282
0.000956363
0.000926916
0.000987874
0.000926497
0.000985827
0.000967713
0.0009417
0.00114899
0.000876309
0.00104936
0.000962851
0.000968502
0.000972083
0.000925973
0.00102844
0.000910858
0.000987278
0.000923401
0.000902544
0.000913563
0.000988025
0.00103761
0.000883543
0.000907258
0.000913541
0.000934995
0.00097552
0.0008912
0.001024
0.00103671
0.000867282
0.000863591
0.000856811
0.000880939
0.000890031
0.000915178
0.000932454
0.000931228
0.000882338
0.00088432
0.00100151
0.00104026
0.00106761
0.00104007
0.00128694
0.000908597
0.000911751
0.000936762
0.00115573
0.00103961
0.000890795
0.000930635
0.00105356
0.00100703
0.000917337
0.000868486
0.000907211
0.000950834
0.000871232
0.000924777
0.000885334
0.000856878
0.000996719
0.000942219
0.00106147
0.000997424
0.000892752
0.000982319
0.000892337
0.000857149
0.000914928
0.00101567
0.00104521
0.00099397
0.000958245
0.000904642
0.000934483
0.000995078
0.00108807
0.00091544
0.00102791
0.000898062
0.00128598
0.000961557
0.000869755
0.000960436
0.000896897
0.000882502
0.0010413
0.00101019
0.00109879
0.000995131
0.000921607
0.000889039
0.000884878
0.000989959
0.0011662
0.0010532
0.00134434
0.000870732
0.000918935
0.000872805
0.000953849
0.00102747
0.000889932
0.000867443
0.000970444
0.000865689
0.000895009
0.001001
0.000899365
0.000921574
0.00111904
0.000948835
0.000951491
0.00103166
0.000925733
0.000896944
0.000897038
0.000926517
0.00101381
0.000903808
0.00105415
0.00087265
0.00101457
0.000904007
0.000859056
0.000937437
0.000862335
0.000933657
0.000877693
0.000883792
0.00110426
0.000959119
0.00087365
0.000932661
0.000894642
0.000956464
0.00100311
0.000865042
0.000957219
0.000935265
0.000927695
0.00115845
0.000931979
0.00101835
0.00087972
0.000954866
0.00091355
0.000974432
0.000924175
0.000906831
0.000889587
0.00100929
0.000986734
0.000969427
0.00098482
0.000968788
0.000998204
0.00118043
0.00105069
0.00108834
0.000966364
0.000861711
0.000895496
0.00091547
0.000993702
0.000908673
0.00100915
0.000876139
0.00101575
0.000858428
0.000880474
0.000897648
0.00095677
0.000893684
0.000900933
0.000925028
0.00101298
0.000905338
0.000883668
0.000964961
0.00110951
0.00107045
0.000946207
0.00100615
0.000876937
0.000889276
0.000858533
0.000995504
0.000991842
0.000981748
0.000871965
0.000871096
0.000890632
0.000867997
0.000883613
0.000975768
0.000889255
0.000899109
0.000943778
0.000925911
0.000974394
0.000956267
0.000871607
0.000943141
0.00100778
0.001087
0.000935769
0.00109719
0.00101589
0.000880673
0.000938894
0.0012002
0.00115588
0.00115552
0.00104055
0.000961552
0.000893358
0.000922062
0.000909499
0.000961566
0.000914971
0.000977248
0.000879413
0.0009364
0.000942608
0.000895718
0.000874977
0.00101424
0.000928446
0.00113251
0.000993666
0.00106796
0.000892145
0.000873003
0.00122507
0.00107197
0.000981808
0.000914261
0.000872744
0.000865712
0.000862984
0.000941569
0.000917604
0.00087648
0.000926186
0.00114294
0.000991313
0.00110535
0.000909401
0.00087731
0.000911894
0.000956416
0.000946208
0.00110375
0.00119571
0.00121281
0.000936949
0.000954908
0.00107991
0.000889489
0.000864958
0.000889205
0.000901523
0.00103832
0.000898402
0.000965581
0.00110694
0.00101005
0.00105983
0.000862103
0.000879961
0.000883567
0.000884163
0.00087708
0.000926707
0.000958959
0.00100902
0.000980089
0.00109047
0.000964073
0.000913712
0.00121416
0.00100081
0.000900808
0.000932011
0.000906479
0.000877148
0.00101963
0.000934212
0.00087218
0.000898895
0.000915935
0.000952024
0.00098879
0.000881978
0.000935777
0.000875299
0.000877082
0.000922951
0.000993549
0.000919382
0.00102455
0.000995205
0.00092446
0.00096184
0.00115091
0.000885435
0.000896272
0.00103619
0.000880393
0.000855749
0.000883783
0.000887308
0.000892869
0.000904701
0.000931298
0.000997809
0.000884782
0.000982222
0.00106014
0.000931738
0.000867216
0.00100959
0.00110822
0.00114173
0.00117498
0.00095989
0.000986862
0.00100476
0.000904772
0.000957489
0.000874269
0.00094702
0.000919992
0.00100188
0.000868096
0.000869001
0.000880198
0.000918964
0.00101419
0.000937558
0.000962048
0.000915704
0.000902289
0.000918824
0.000886027
0.000982897
0.000937254
0.000910047
0.00113339
0.00115574
0.000888379
0.000919097
0.000968077
0.00094692
0.000963557
0.000885731
0.000909054
0.000944227
0.000874444
0.000902955
0.000878502
0.000939889
0.000883738
0.000891596
0.000876812
0.000883292
0.000922722
0.00087996
0.00088231
0.000920695
0.00100833
0.000910799
0.00103808
0.000929049
0.000868386
0.000896337
0.000927784
0.000933262
0.000855911
0.000882635
0.00114152
0.000908111
0.000992968
0.000965307
0.000895456
0.000873936
0.00125079
0.00112188
0.00088045
0.000884128
0.00088701
0.00100691
0.000900236
0.000934027
0.00109626
0.00128645
0.00108413
0.00135661
0.000972998
0.000880048
0.00100289
0.000885786
0.000876225
0.000918354
0.000901255
0.000953846
0.000919887
0.00105296
0.000971191
0.000908352
0.000953904
0.000939236
0.00090171
0.00090646
0.000890012
0.000923424
0.000923011
0.000956707
0.000945724
0.00138228
0.000931908
0.0010093
0.000906902
0.000967467
0.000884256
0.00103181
0.00121853
0.000984274
0.001287
0.000955119
0.000900528
0.000942051
0.0010768
0.000880552
0.00109891
0.000926706
0.000945893
0.000849253
0.0008676
0.000887327
0.00119988
0.00107737
0.00110134
0.00103381
0.00091802
0.00105756
0.00087096
0.000880714
0.000891719
0.000921996
0.000903205
0.000973416
0.000994438
0.000958371
0.000940118
0.000990562
0.00103671
0.000886565
0.000901213
0.00100707
0.000941927
0.000880848
0.00103396
0.000915474
0.0010984
0.000951292
0.00102246
0.00104958
0.000956712
0.000944989
0.000891055
0.000880467
0.000883153
0.000861553
0.000983972
0.00105868
0.000913011
0.000957394
0.000908138
0.000927287
0.000945983
0.000898476
0.000865395
0.00086857
0.000925505
0.000902445
0.000906918
0.00093196
0.00112956
0.00116474
0.00115718
0.000996652
0.00088018
0.00103284
0.000991697
0.000871518
0.000929238
0.000994781
0.000977501
0.00100534
0.000926692
0.000906756
0.000915986
0.000927691
0.00105946
0.000970848
0.000878209
0.000857746
0.000872364
0.00088429
0.000857608
0.000973864
0.00116494
0.000990912
0.000984969
0.000894269
0.000883065
0.000874845
0.00088082
0.00089311
0.000953472
0.00092505
0.000967737
0.000886006
0.000887624
0.000961526
0.000872785
0.000938273
0.000945211
0.000880583
0.000893605
0.000945745
0.000887993
0.000871245
0.000967848
0.000958208
0.0011472
0.000968729
0.000879138
0.000951927
0.000912413
0.000881221
0.000866701
0.000939223
0.000896747
0.00094572
0.00136853
0.000890825
0.000951305
0.000903057
0.000914898
0.000888508
0.000891483
0.000871344
0.000869898
0.00100366
0.000898164
0.000877693
0.00089318
0.00104772
0.00130572
0.00136799
0.00104991
0.00087654
0.000929515
0.00098417
0.00105405
0.00107539
0.0010257
0.000997625
0.00089674
0.00092056
0.000983869
0.000931133
0.000950426
0.000876378
0.00089409
0.000864197
0.000972353
0.000891435
0.00092391
0.000926563
0.000982383
0.000902633
0.000926952
0.000865954
0.00086478
0.000891969
0.000991315
0.000872477
0.000912359
0.000920303
0.000943504
0.00101489
0.000981994
0.000980379
0.00108124
0.000898058
0.000894175
0.000993268
0.000865961
0.000876231
0.000911191
0.000875412
0.00107236
0.000978327
0.000895294
0.00100346
0.000872785
0.000951127
0.00100569
0.000992708
0.000912917
0.000932341
0.000891536
0.000963313
0.000966085
0.000923767
0.000962739
0.000964033
0.000880077
0.000974267
0.000876718
0.000956167
0.000879826
0.000944147
0.000892328
0.000862062
0.000971755
0.0011153
0.000925393
0.001083
0.000952327
0.000983057
0.000939681
0.00103257
0.00090531
0.000963941
0.000985383
0.000861456
0.000959801
0.000910946
0.000877446
0.000864779
0.000896305
0.000903467
0.00090651
0.000908257
0.00100278
0.000871211
0.000903161
0.000893787
0.00101161
0.000918191
0.00100233
0.000895572
0.000954446
0.000925279
0.000907344
0.000889001
0.000941585
0.000886169
0.000976564
0.00105338
0.0010185
0.0010214
0.00101825
0.000981116
0.00102149
0.000889334
0.00089638
0.000931238
0.000895568
0.00104612
0.00089808
0.000859431
0.000901643
0.000886376
0.000880124
0.000940825
0.00107207
0.000945172
0.000903936
0.000870831
0.0010704
0.000914471
0.000910208
0.000954881
0.000882778
0.00104229
0.000923296
0.000910726
0.000909401
0.000876784
0.000883326
0.00098359
0.00106631
0.00106978
0.000870687
0.000974897
0.000958944
0.00116886
0.00107942
0.000935535
0.00106533
0.000910339
0.000976415
0.000948068
0.00100784
0.00110413
0.000978669
0.000907235
0.000910135
0.000967323
0.000980358
0.00101683
0.000888574
0.000917795
0.000891052
0.000876593
0.00087788
0.000935579
0.000959438
0.000877557
0.000957487
0.000961994
0.00100498
0.00102575
0.00103161
0.000898084
0.00102225
0.00120311
0.00123173
0.00104026
0.00117348
0.00118206
0.00102581
0.000942003
0.000957107
0.000997997
0.000928386
0.000893892
0.000958579
0.000944678
0.000891222
0.00102333
0.000863998
0.00104703
0.00102133
0.00106256
0.000971459
0.000980555
0.00103885
0.00104213
0.00125595
0.000868638
0.001067
0.00101257
0.000922728
0.000933866
0.000930355
0.000861631
0.000955488
0.000893024
0.000894406
0.000867347
0.00115591
0.00134086
0.000977115
0.000893313
0.00140521
0.001093
0.00101528
0.0010048
0.00106683
0.0010545
0.000978286
0.000884039
0.000931043
0.000979937
0.00119752
0.000935965
0.000878247
0.000955144
0.000924055
0.00093257
0.000869922
0.00100365
0.00101409
0.00118094
0.000922355
0.000869621
0.000932788
0.000994156
0.00112885
0.000944884
0.000947662
0.000995066
0.00108474
0.00111197
0.000931106
0.00123742
0.000943067
0.00101522
0.000918164
0.000902038
0.000869066
0.000982043
0.000892551
0.000967092
0.00105456
0.000871019
0.000949018
0.000892013
0.000969866
0.000986404
0.00099976
0.000930462
0.000947074
0.00094346
0.00104211
0.000969219
0.000904149
0.00091371
0.00100027
0.00101575
0.000914823
0.000879299
0.000933355
0.000990477
0.00100102
0.000963759
0.000913392
0.00115903
0.00106907
0.00120355
0.000994912
0.000915534
0.00107389
0.00113545
0.00100001
0.000974613
0.00112003
0.00103764
0.000975487
0.000879992
0.000930491
0.000909191
0.00099043
0.000935783
0.000932786
0.000957193
0.00102272
0.000883356
0.000876026
0.000951374
0.000937435
0.0010158
0.00100084
0.000891901
0.0010677
0.000925682
0.000982047
0.00108776
0.000956774
0.000897032
0.00110775
0.00140242
0.00101025
0.000950198
0.00109943
0.00102364
0.000935479
0.000949377
0.000891658
0.000936783
0.000925514
0.000969398
0.00088761
0.00102484
0.000912459
0.00108678
0.000911635
0.000886461
0.000996544
0.0011891
0.0009804
0.00111781
0.00111676
0.000941315
0.000960506
0.00107872
0.000964423
0.00110649
0.000868215
0.000983583
0.000881903
0.000867019
0.000992659
0.000928397
