1.79461
1.79163
1.88664
1.86958
1.91037
1.78162
1.75338
2.02433
2.04626
1.87829
1.772
1.75799
1.72611
1.80142
1.79868
1.82946
1.79268
1.8306
1.72143
2.22677
1.78744
1.89515
1.77785
1.82592
1.79842
1.9023
1.85567
1.68422
1.92797
1.76052
1.94374
2.66258
2.09274
1.83798
1.83295
1.87904
1.89166
1.84218
1.76144
1.92001
1.70605
1.78922
1.75191
1.98046
1.99119
1.8629
1.75157
1.87436
1.8512
2.01719
1.97697
1.7892
1.74536
2.03875
1.77109
1.76544
1.86761
1.86219
2.73878
1.9109
1.77111
1.71253
1.71421
1.79991
1.73773
1.7435
1.71997
1.76237
1.80242
1.8697
1.78851
1.84037
1.76169
1.89644
1.85456
1.97
1.72276
1.79292
1.78285
2.0582
1.68155
1.78717
1.73378
1.77287
1.72001
1.78031
1.89993
1.73939
1.86191
1.77395
1.87524
1.7877
1.78804
1.90559
1.69754
1.77306
1.84902
1.75982
1.85624
1.89071
