1.18182
1.18856
1.20621
1.19445
1.17777
1.18552
1.17709
1.85284
1.5905
1.25912
1.18742
1.54226
1.21253
1.20243
1.22311
1.36327
1.4082
1.16648
1.19802
1.21107
1.31208
1.4121
1.37889
1.18304
1.21046
1.19724
1.2651
1.34959
1.38095
1.24997
1.17751
1.66724
1.32882
1.2918
1.14575
1.23332
1.19288
1.19131
1.1572
1.19171
1.1962
1.21246
1.26238
1.47002
1.16301
1.29261
1.16778
1.22195
1.33701
1.15734
1.37773
1.22174
1.36311
1.18658
1.17291
1.22145
1.24844
1.28385
2.17208
1.47034
1.22467
1.18884
1.25917
1.30495
1.18622
1.17936
1.1904
1.22061
1.30434
1.26804
1.34495
1.1987
1.19602
1.18299
1.2123
1.16852
1.18202
1.20715
1.16485
1.43381
1.45637
1.85737
1.17877
1.17475
1.1732
1.22334
1.42156
1.22482
1.29273
1.3504
1.18739
1.42719
1.20827
1.31075
1.20008
1.21154
1.2354
1.17575
1.3173
1.26461
3.54694
3.4742
3.62241
3.43908
3.66321
3.59744
3.61484
3.63896
3.60728
3.69787
3.43261
3.55251
3.47376
4.20733
4.08428
3.62052
3.58057
3.42189
3.49553
3.9857
3.60016
3.5874
3.55894
3.64967
3.85326
3.97839
3.48604
3.55171
3.66632
3.58831
3.40468
3.53301
3.66535
4.40875
3.60764
3.81637
3.66672
3.464
3.91728
3.42004
3.46915
3.43252
3.38148
3.54341
3.43231
3.45417
3.55193
3.76832
4.06336
3.43703
3.66727
3.7531
3.468
3.60031
3.46676
3.38765
3.54784
3.45363
3.64972
3.7754
3.68938
3.65923
3.85887
6.13786
3.61817
3.38677
3.43086
4.23209
3.63008
3.42723
3.8364
3.84643
3.9326
3.75568
3.61373
3.72454
3.46788
3.45672
3.4205
3.69703
3.45219
3.79433
3.73342
3.56264
4.11189
3.80986
3.56888
3.65691
3.82875
3.81038
3.50659
3.61367
3.54287
4.71124
3.33868
3.87114
3.39055
3.69001
3.77209
3.88316
