1.97992
1.22243
1.9337
1.33703
1.21944
1.27947
1.22062
1.27292
2.0663
1.24602
1.23177
1.25375
1.24747
1.82228
1.24536
1.36643
1.2686
1.30723
1.26006
2.0332
1.28197
1.22255
1.24482
1.39312
1.2458
1.91644
1.2968
1.21956
1.28699
1.44668
1.35479
1.23648
1.25135
1.23956
2.68526
1.24288
1.22509
1.41575
1.2669
1.29811
1.29692
1.22439
1.23646
1.26088
1.2362
1.26107
1.22079
1.32716
1.50735
1.22484
1.25321
1.25312
1.27156
1.25135
1.2361
1.24594
1.23173
1.26703
1.28358
1.25415
1.27575
1.22742
1.23953
1.24447
1.24072
1.25978
1.25374
1.33113
1.94519
1.26984
1.29742
1.23644
1.23676
1.31817
1.24692
1.37127
1.56408
1.25548
1.36433
1.23428
1.47802
1.96932
1.44724
1.20267
1.27796
1.21944
1.9875
1.21583
1.70738
1.25711
1.31911
1.96818
1.38583
11.3734
1.22487
2.00489
1.72623
1.23589
1.3604
1.34669
