3.86329
3.98342
3.78012
4.04828
3.56506
3.63558
4.88114
3.5604
3.5439
3.56213
3.8426
3.67527
3.52684
4.55169
3.70973
3.9336
3.5866
3.58045
3.7502
3.70837
4.56926
3.69556
3.92935
3.65955
4.08742
3.53641
3.66554
3.61261
3.52672
3.7413
3.82738
3.92406
3.96854
3.60607
4.28476
3.46445
3.78845
3.5739
3.55972
3.52859
3.672
3.69434
5.62323
3.60243
3.69184
3.75837
3.59422
4.95759
5.09546
3.62336
4.9779
3.62483
3.92396
3.5566
3.68575
3.70115
3.70713
3.69349
3.49299
3.53816
3.51527
3.75525
3.71174
4.26704
3.81153
3.99747
4.70172
3.69207
3.55328
3.67199
3.5697
3.73563
3.77805
3.69372
3.71787
3.81828
4.21532
3.71997
3.72547
3.90086
4.07911
3.73729
4.55141
3.58856
3.67136
3.59983
3.63154
3.74268
3.59344
3.65839
4.00194
3.59467
3.83593
3.58092
3.63028
3.55597
3.62393
3.57741
3.67144
3.62145
