6.07544
8.59357
6.59455
6.09319
6.18432
6.34141
6.49849
6.36648
6.71908
6.45379
6.20312
6.14637
6.33618
6.83944
6.60607
6.13411
6.43322
6.5264
6.59895
6.3874
6.32164
6.08574
6.38354
6.31935
6.40216
6.55064
6.22992
6.93094
6.29287
6.32671
6.55647
6.16411
6.3826
6.11565
6.42903
6.17867
7.12117
8.06514
6.18875
6.37199
6.10931
6.18142
6.53026
6.45503
6.32089
6.34669
6.34096
6.39405
6.61099
6.20219
6.14796
6.10303
6.34986
6.03514
6.32807
6.10208
10.8133
10.8003
10.7364
8.55328
6.25275
6.37805
6.22832
6.33866
6.01234
6.27363
6.11859
6.84886
6.66052
6.27318
6.16408
6.35571
6.28406
6.27221
6.29391
7.86169
6.83688
6.39866
6.21747
6.37815
6.11909
6.45531
6.25267
6.59033
6.57606
7.02565
6.36823
6.18708
6.88335
6.33446
6.30198
7.15879
6.73273
7.89349
6.51044
6.70162
6.47031
6.27581
6.64127
6.20207
