1.90613
1.80354
1.9854
1.92394
2.01182
1.90154
1.89624
1.92784
2.613
1.89234
1.85648
1.87352
1.97404
1.79805
1.82464
1.90234
1.92112
1.82443
2.1163
2.0309
1.78942
1.83324
1.92745
2.10293
1.79153
1.90331
1.81184
2.15803
2.11673
1.8494
2.20612
3.1726
2.0373
1.89387
1.79409
1.82927
1.95737
1.98593
1.84398
1.93837
1.87873
1.91711
1.83543
1.81442
1.96952
1.82192
1.773
1.94631
2.08328
2.07193
2.06009
2.06313
1.88401
1.91235
1.81851
1.94771
1.8204
1.86404
2.40383
1.95947
1.83737
1.93228
1.83351
2.07327
1.8246
1.91227
1.85714
1.80991
1.84319
1.96054
1.98338
2.3671
1.8297
1.8416
2.01362
2.18409
1.82407
1.82855
1.85598
1.85609
1.77402
2.06339
1.9728
1.79688
1.81786
1.8591
1.86754
1.84317
1.93976
1.83251
1.82534
1.89134
1.98268
1.89889
1.87549
1.85771
1.83358
1.99602
2.03047
1.84704
6.31997
5.56681
5.77818
5.65451
5.60935
5.72667
5.67773
5.97207
5.73684
5.75763
5.33312
5.7779
5.73565
5.52237
5.33868
6.04896
5.43804
5.49043
5.63189
5.48754
5.58666
5.84393
5.83005
5.52147
5.50146
5.3547
5.44218
5.72373
5.60771
5.92204
5.75925
5.33979
5.99644
5.59708
5.86578
5.6978
5.95181
6.19684
5.551
5.38065
5.93542
5.62335
5.40126
5.79673
5.76564
6.06729
5.63621
5.51985
5.78862
5.3473
5.69082
5.51165
5.94124
5.48844
5.80828
5.56625
5.60371
5.88065
6.12337
5.5383
5.7832
5.56785
5.91333
6.21865
5.86484
5.3952
5.81908
5.39842
5.57265
5.83906
5.54784
6.46464
6.44474
5.37755
5.68773
5.93716
5.65231
5.30039
5.54217
6.05222
6.04327
5.64379
5.44717
5.27897
5.49386
5.69727
5.47055
5.93684
5.41254
5.43405
5.43831
5.78822
5.74011
5.7305
5.73148
5.48659
5.52323
5.47936
5.38092
5.5903
