1.96329
1.90515
3.11703
2.08978
1.97996
2.07828
1.93001
1.9134
3.09724
1.93141
3.13258
1.97548
1.95938
1.91259
1.90856
2.09287
2.29395
2.03669
2.07951
2.587
2.03764
1.87202
2.07205
3.16265
3.16736
2.81942
2.83624
1.88562
2.00853
1.9136
1.94789
1.93869
2.00376
1.92515
1.91034
1.91588
1.92304
1.99617
1.887
1.96527
1.92919
1.89439
2.01373
2.27776
1.90929
2.005
2.14159
1.973
2.01703
2.04417
1.88255
2.05188
1.95447
1.99114
1.94481
2.03397
1.94477
1.97066
1.95089
2.0068
2.12314
1.99555
1.98719
1.91766
1.87752
1.88096
2.06431
1.99448
1.98852
2.99864
2.04933
1.89007
2.04506
1.89887
1.89312
2.01659
2.68014
2.08095
2.23538
2.08107
2.0753
2.09994
2.06033
1.98751
1.96497
2.1532
2.91804
3.00618
1.98808
1.96436
2.03782
1.93219
1.91309
3.20471
2.22653
2.86664
2.06636
1.91744
1.90086
2.07659
