8.95711
9.33483
8.73584
9.21544
8.81421
8.53725
8.97113
11.8306
8.5275
8.51845
8.61485
8.82023
8.825
8.60693
8.63022
13.1829
8.59227
13.5638
12.6072
9.19476
8.87787
9.53487
8.79429
12.587
8.88398
8.65112
8.91571
11.4501
9.50834
8.49708
8.54228
11.3918
10.5718
8.50281
10.7785
14.3128
9.44564
8.605
9.01429
13.2989
9.51891
8.75202
10.7016
9.01604
9.42342
8.98623
8.81263
8.62397
8.8582
8.60669
8.75715
9.02811
12.0704
8.60037
9.15063
8.74516
8.65762
9.27015
9.22269
8.87109
8.67851
10.198
8.876
8.97286
8.64897
9.821
9.21376
9.13596
8.60487
8.76645
8.63749
8.90193
8.7455
8.84529
8.59013
8.65582
8.54807
8.85726
8.93411
8.79265
8.7386
8.64782
8.59862
8.54565
8.64195
8.52679
8.50988
8.81191
9.7802
9.51915
9.15293
8.68501
8.82518
8.75733
8.75919
8.82437
8.52097
8.60781
9.1132
8.53833
