13.5684
15.1169
14.2759
13.6268
14.4055
14.9507
13.9883
14.056
14.1537
14.0628
14.0938
13.6723
14.5956
14.3387
14.1256
13.8371
13.9332
14.0485
15.4916
13.8288
14.0087
14.0201
13.9563
14.4386
18.0902
14.2177
14.2701
14.7193
13.5393
14.2716
14.4728
14.1144
15.5428
14.1907
13.2146
14.7129
14.4283
17.0765
13.6191
14.455
13.5558
13.699
14.5631
14.3118
14.8715
13.5222
13.6035
13.5962
13.8227
14.9717
14.6856
14.2621
13.9514
13.4577
14.7146
13.535
22.1386
24.3608
28.7244
20.5779
14.0625
14.1611
13.3727
13.8676
14.9455
13.7055
13.6273
13.7462
13.6266
13.9705
14.8196
14.0952
13.5811
13.7122
13.6744
14.5575
14.2817
13.8955
13.9457
14.5756
13.9349
13.7837
13.9526
13.9592
14.991
17.9302
13.9937
13.8059
14.5142
14.2207
14.4372
15.7246
14.531
17.099
14.0476
14.7744
14.5907
14.7842
14.6918
14.1191
