0.000860998
0.00110387
0.000877558
0.000812702
0.000842404
0.000799472
0.000878996
0.00105873
0.000863221
0.00103837
0.000917191
0.00110006
0.000806186
0.000813129
0.000911219
0.00079239
0.000984537
0.00085911
0.000806946
0.000874137
0.000932987
0.000987305
0.000965726
0.000880591
0.000856394
0.00115357
0.000887209
0.000840548
0.000859012
0.00125347
0.00102674
0.00140425
0.00143929
0.00117947
0.0011716
0.000900793
0.000911826
0.000936648
0.000860741
0.000800098
0.000813342
0.000911363
0.00087249
0.0010178
0.00142564
0.00142179
0.00143426
0.0013041
0.00111764
0.000977136
0.000983742
0.000884853
0.00137661
0.00111679
0.000853714
0.000830495
0.00120655
0.000950895
0.00118934
0.000853423
0.000884231
0.00092421
0.000809498
0.000863529
0.000922887
0.000827627
0.0008037
0.000955143
0.000849356
0.000830201
0.000847064
0.000877817
0.000859499
0.000977084
0.00086167
0.00112383
0.000837535
0.00094128
0.000863405
0.00087536
0.000803852
0.000810392
0.000899417
0.000808545
0.000931259
0.000893101
0.000866385
0.000818454
0.000820104
0.000854343
0.000864677
0.000908287
0.000899103
0.000860546
0.000840045
0.000853895
0.00109219
0.00111577
0.000887976
0.000957785
0.000803587
0.000903906
0.000817013
0.000937273
0.00084121
0.00079767
0.000817334
0.00088322
0.000876569
0.000800007
0.000990248
0.00082248
0.000885956
0.00105759
0.000828896
0.000836284
0.00091123
0.000995368
0.000997081
0.000937497
0.000936977
0.00108006
0.000907195
0.000855017
0.000858398
0.000892077
0.000959077
0.000937402
0.000845244
0.00084261
0.0008219
0.000800692
0.000799457
0.00113773
0.000827385
0.000825349
0.00100489
0.0010386
0.00106824
0.000857811
0.000892198
0.000899019
0.000812032
0.000980816
0.00114806
0.0015149
0.00100817
0.000873483
0.000826763
0.000837993
0.000983834
0.000797811
0.000880044
0.000797632
0.000828388
0.000979781
0.000936207
0.000910347
0.000793771
0.000837431
0.0009391
0.00102088
0.00100391
0.00100601
0.00089053
0.000801409
0.000817581
0.000861476
0.000884257
0.000962491
0.000880673
0.000850507
0.000802401
0.000841537
0.000833332
0.000928474
0.00100572
0.000865459
0.000842252
0.000819987
0.00101054
0.000836982
0.000789755
0.000883632
0.000835496
0.000910365
0.000848413
0.000937092
0.000913728
0.000802669
0.000794462
0.00082538
0.000965344
0.000927447
0.00103989
0.000817449
0.000867693
0.000822824
0.00112434
0.000848511
0.00100469
0.000799326
0.000840492
0.00079363
0.00090785
0.000819158
0.000863506
0.000832655
0.00107174
0.000982527
0.000838043
0.00103327
0.00127621
0.00082145
0.000952543
0.00105938
0.00131274
0.00116063
0.00101223
0.000822617
0.000823855
0.000800177
0.000972259
0.000871967
0.000843166
0.000837599
0.000955291
0.00120343
0.00142638
0.000835516
0.00101385
0.00143675
0.000944258
0.00119349
0.00118379
0.00119256
0.00126232
0.00120799
0.000897829
0.000925519
0.000835086
0.000954368
0.000822026
0.00110033
0.000871419
0.00123604
0.00112056
0.00147373
0.00133859
0.000998526
0.0009459
0.000983357
0.000883488
0.000965418
0.000941558
0.000969253
0.000924826
0.00113657
0.0010049
0.000953867
0.00104928
0.000906946
0.0011104
0.000815975
0.00103095
0.000825278
0.000813304
0.000857994
0.000935529
0.000919864
0.0008131
0.000881743
0.00108443
0.000826463
0.000864485
0.000878481
0.0012811
0.000944306
0.000809981
0.000952557
0.00144863
0.000886458
0.000829772
0.00085978
0.000925642
0.000853979
0.000945165
0.0010917
0.000897225
0.000940294
0.000846863
0.000994223
0.000854362
0.000953218
0.00102027
0.000870631
0.000822424
0.000887056
0.000859588
0.000901358
0.000866031
0.000930141
0.000825733
0.000869449
0.00122378
0.000938793
0.00126364
0.000916848
0.000935911
0.000869518
0.000818814
0.000915733
0.000826775
0.000946394
0.00125971
0.00108337
0.00101881
0.00107562
0.000877735
0.00125781
0.00141752
0.00105184
0.00116284
0.000854041
0.00105029
0.000943312
0.000811523
0.000977058
0.000846506
0.000892441
0.000807169
0.000876504
0.000827932
0.000886406
0.000804421
0.000843441
0.000820563
0.00087358
0.00087434
0.000834073
0.000841254
0.000812446
0.000805039
0.000864678
0.000970608
0.000881848
0.000909199
0.000938699
0.00108028
0.00105948
0.00108226
0.000963367
0.000869917
0.000997749
0.000822466
0.000858731
0.000817673
0.000808061
0.000819582
0.000799097
0.000977773
0.000820407
0.000809231
0.000844724
0.000800708
0.000908349
0.000804756
0.000818859
0.000959737
0.000807847
0.000829671
0.000921154
0.000948943
0.000910253
0.000815856
0.000809113
0.000800222
0.000898845
0.000945617
0.000819673
0.000953326
0.00085487
0.000945737
0.000820778
0.000890358
0.000978698
0.000821297
0.000869458
0.000823463
0.000867922
0.000842107
0.000795086
0.00090882
0.000966798
0.000835624
0.000872331
0.000878624
0.00101041
0.00132449
0.000878201
0.000851393
0.000825997
0.00080122
0.00101795
0.000842308
0.00091474
0.000885774
0.000889931
0.000943501
0.000852983
0.000804341
0.000814566
0.000892419
0.00087865
0.000826885
0.000819013
0.000804071
0.000825269
0.00116023
0.000814619
0.000946745
0.000909389
0.000941034
0.000832141
0.000860792
0.000880766
0.000928519
0.000914221
0.000974053
0.000945632
0.000946454
0.000941603
0.000876273
0.000807418
0.000892414
0.000848857
0.000878683
0.000839826
0.000861988
0.00079966
0.000819776
0.000818359
0.000853084
0.00100796
0.000915142
0.000939934
0.00110436
0.000852893
0.000895984
0.000840758
0.000826872
0.000808544
0.000810806
0.000886161
0.00104857
0.00101765
0.00117152
0.00138767
0.00132607
0.000814283
0.000945672
0.000974738
0.00089322
0.000913269
0.00105952
0.000972559
0.00112478
0.000808529
0.00107013
0.000900253
0.00109578
0.00112223
0.00125242
0.000892911
0.000932082
0.000953832
0.00128733
0.00102736
0.000846252
0.000885483
0.00100691
0.000825814
0.000852355
0.000831919
0.000839333
0.000886642
0.00083778
0.000911947
0.000833801
0.00118379
0.00126284
0.00130714
0.00102303
0.000867292
0.0008212
0.00136664
0.00144511
0.00120829
0.0013661
0.000869
0.000823286
0.000848403
0.000899664
0.000901251
0.000829515
0.000829027
0.00111821
0.00104362
0.000947408
0.000908349
0.00110439
0.000980827
0.000960948
0.000881398
0.000930723
0.000862605
0.000863552
0.000879111
0.000838749
0.000901336
0.00108721
0.00126356
0.00133906
0.00142174
0.00156849
0.00129468
0.000932191
0.00116921
0.00118449
0.000890742
0.000955054
0.000899246
0.000903326
0.000812329
0.000814345
0.000853054
0.000881121
0.00081665
0.000925913
0.000864939
0.00108368
0.00108418
0.000880128
0.000975283
0.000935666
0.000883449
0.00092907
0.000964448
0.000865702
0.000920563
0.000967795
0.000976545
0.00133706
0.00130744
0.00134916
0.00128618
0.000873631
0.000893653
0.000921927
0.000849568
0.000817875
0.00114835
0.00114075
0.000799118
0.000885878
0.000824826
0.00129156
0.0010721
0.00085642
0.000831585
0.000869823
0.000808779
0.000937752
0.000881916
0.000885934
0.000827218
0.000809995
0.000806664
0.000971118
0.000814835
0.000842276
0.000993687
0.000807698
0.000836828
0.000863871
0.00110142
0.00102044
0.000913328
0.000859983
0.000939172
0.000875191
0.00087328
0.000874067
0.00101972
0.000833891
0.000953915
0.00112475
0.000940245
0.000812642
0.000868609
0.000806768
0.000913332
0.000819482
0.000830803
0.000801627
0.000831871
0.00103482
0.000875483
0.000995046
0.00101559
0.000877337
0.000917263
0.00081723
0.00100363
0.000847033
0.000810351
0.000821537
0.000885357
0.000855615
0.000834776
0.000890779
0.00113163
0.00122668
0.00119698
0.000810908
0.000978878
0.000842799
0.000883449
0.000885736
0.00081841
0.000886415
0.00105715
0.000921164
0.00083895
0.000905383
0.000855559
0.000864825
0.000845606
0.000903721
0.000965902
0.00110952
0.00080504
0.000849136
0.00106238
0.000842166
0.000993471
0.00097621
0.000809602
0.00079387
0.000808074
0.000810994
0.000957263
0.000813355
0.000815306
0.000858795
0.00103817
0.00111117
0.000810433
0.000816567
0.00102615
0.00102325
0.000976535
0.000819057
0.000806087
0.000810277
0.000807855
0.000951115
0.000907984
0.00101683
0.00125148
0.00121631
0.000877709
0.000934954
0.000832312
0.000848663
0.000814723
0.000892221
0.000897663
0.00108192
0.00100475
0.000814283
0.000844381
0.00106766
0.000917611
0.000895761
0.000995432
0.000829431
0.000816064
0.000859541
0.000840033
0.00087192
0.000919265
0.000819495
0.000881758
0.000872571
0.000808405
0.000816734
0.000810741
0.000869915
0.000812232
0.000824488
0.00108614
0.0012158
0.000844132
0.000829609
0.000807829
0.000944368
0.000841962
0.000898308
0.000811555
0.000817819
0.000873355
0.000827517
0.000818809
0.00121989
0.00122066
0.00110715
0.000954173
0.000925574
0.000819177
0.000847767
0.000874271
0.000908522
0.000899584
0.000973493
0.00106845
0.000846012
0.000810199
0.000899887
0.00106205
0.000974604
0.000895427
0.000804389
0.000846241
0.000906095
0.000833877
0.000825295
0.000921922
0.000814227
0.00102133
0.00121033
0.000868157
0.000944439
0.000860038
0.000839765
0.000817698
0.000876847
0.000873269
0.00096062
0.00110639
0.000942857
0.000809341
0.000831588
0.000956986
0.0009177
0.000867076
0.000935128
0.000846052
0.0010114
0.000830468
0.000856852
0.00140832
0.00147172
0.0013997
0.000877208
0.00106899
0.000864031
0.00089811
0.000824251
0.000928406
0.00128143
0.00112995
0.000867658
0.000971744
0.00131578
0.00110651
0.000934673
0.000828642
0.000865022
0.000813737
0.000824516
0.000890302
0.000911018
0.00112557
0.000864364
0.000878786
0.000831862
0.000806935
0.00092
0.000864753
0.000877092
0.000934422
0.00108085
0.00130924
0.000936271
0.000853046
0.00101819
0.000827261
0.000925562
0.000879998
0.00105238
0.000879856
0.000963976
0.000880914
0.00090237
0.000831423
0.00108797
0.000819576
0.000951142
0.000892661
0.000885802
0.000824147
0.00095786
0.000821196
0.000845704
0.000892669
0.00104831
0.00105398
0.000846171
0.000838537
0.00116949
0.000892093
0.000827262
0.00085116
0.000841832
0.000929758
0.000878246
0.000832033
0.000968756
0.00127575
0.00102439
0.00131333
0.0012411
0.000895191
0.000826813
0.000955318
0.000812179
0.000952898
0.00124281
0.00100576
0.000884596
0.000807475
0.000828308
0.000876533
0.000932533
0.000864179
0.000911017
0.000869177
0.000819679
0.000811128
0.000859163
0.000822307
0.000953013
0.000787123
0.000821273
0.00105414
0.000938562
0.000891844
0.000930747
0.000908712
0.000811713
0.000862753
0.0012732
0.000958504
0.000844706
0.000812338
0.00100519
0.000989349
0.00123484
0.00113643
0.0011551
0.000944
0.00116079
0.000875455
0.000972162
0.000999291
0.000911161
0.000970036
0.000866186
0.000901222
0.000846716
0.000851355
0.000857709
0.000901075
0.00108977
0.000925831
0.000802361
0.000834128
0.00100785
0.000914591
0.00100604
0.000843987
0.000845636
0.00100569
0.00080429
0.000834291
0.00092519
0.00101139
0.00110126
0.000988389
0.00112239
0.000951027
0.0010041
0.0011491
0.000904818
0.000873475
0.00120988
0.00106422
0.00086076
0.000840712
0.00100126
0.00090906
0.00102993
0.000831524
0.000817654
0.00091164
0.000877586
0.000864402
0.00118814
0.00113464
0.0010664
0.000944373
0.0011027
0.00133044
0.000907901
0.00106854
0.00126904
0.00188598
0.00132541
0.00119168
0.00254754
0.0018174
0.000836196
0.00082107
0.00111265
0.00117847
0.000867522
0.000899907
0.000963033
0.000896999
0.00085696
0.00133128
0.00118238
0.00109224
0.000868881
0.000907993
0.00132832
0.000933602
0.000847355
0.000829495
0.000856822
0.000897301
0.000824343
0.000835345
0.000854155
0.000835207
0.0009284
0.000929888
0.000964823
0.00096317
0.00115079
0.000856448
0.000921097
0.00104818
0.00097592
0.000914121
0.000906687
0.000839927
0.00151263
0.00105167
0.000897229
0.000865045
0.00103477
0.00131015
0.000874635
0.000877493
0.000834992
0.000829639
0.000923635
0.000990189
0.000867756
0.00106258
0.000821494
0.000905386
0.00101618
0.000962113
0.000863906
0.00130177
0.000963056
0.000936177
0.000962205
0.00136684
0.000850075
0.000888225
0.000914364
0.000834564
0.000931723
0.000833792
0.000840736
0.000918651
0.00084664
0.00084434
0.00086776
0.000841243
0.000830283
0.000914752
0.000835245
0.00097068
0.000826769
0.000871194
0.000817665
0.000908102
0.000857868
0.000918407
0.000982316
0.000968055
0.000852236
0.000854753
0.000921853
0.000946971
0.000854539
0.000816666
0.000841583
0.000846361
0.00104212
0.000838513
0.000844109
0.00088915
0.000854355
0.000937131
0.000838117
0.000855966
0.000854307
0.00082345
0.000915818
0.000930753
0.00095126
0.000917513
0.00114506
0.00139493
0.000882952
0.000871046
0.000889181
0.000984141
0.000928616
0.000928834
0.000848287
0.00100574
0.00081859
0.000852463
0.000955148
0.000836633
0.00103308
0.000864936
0.000842881
0.00083804
0.000891307
0.000830792
0.000853193
0.000842921
0.00100856
0.00109865
0.00121547
0.00145133
0.00139656
0.000910892
0.000863374
0.000899163
0.00082348
0.000890304
0.000858943
0.00093942
0.0010949
0.000840087
0.00128283
0.000898371
0.000829441
0.000952824
0.000836369
0.0009188
0.000839394
0.000884268
0.00099296
0.00143951
0.00114212
0.00105579
0.000920703
0.000914558
0.00116995
0.000853216
0.00107621
0.000831361
0.000951713
0.000982196
0.000827494
0.00119985
0.00113429
0.00117737
0.000835593
0.000822804
0.000908051
0.0014177
0.00161798
0.000874484
0.00170556
0.00142084
0.00165565
0.000836507
0.000853613
0.000904174
0.000853315
0.000861974
0.000924986
0.000846636
0.000905466
0.000864125
0.00124257
0.000882455
0.000871286
0.000835554
0.00082697
0.000833952
0.000967602
0.000936541
0.000881978
0.00100279
0.00110448
0.000936314
0.000984532
0.000983113
0.000846155
0.000882769
0.000877831
0.000869861
0.000913512
0.000861881
0.000849674
0.00087979
0.000839326
0.000867892
0.000930899
0.000843333
0.000929849
0.000854715
0.000897956
0.000883511
0.000814734
0.000856824
0.00086473
0.000928627
0.00103053
0.000887562
0.000987088
0.000825304
0.00085279
0.000880533
0.000884357
0.00083382
0.000853071
0.000855467
0.000858624
0.00083139
0.000859015
0.000874254
0.000928604
0.000818896
0.000827545
0.000830207
0.00082411
0.000857856
0.00084116
0.000833005
0.000838468
0.00084366
0.00108838
0.000995836
0.000944589
0.00102666
0.000952129
0.000899521
0.000855091
0.000859789
0.000833493
0.000902475
0.000890322
0.000845954
0.000866463
0.000825869
0.000860951
0.000946554
0.000846357
0.000946172
0.00083572
0.000837211
0.00085101
0.000860914
0.000925735
0.000885579
0.000963927
0.0010922
0.000859181
0.000940901
0.00099777
0.000862391
0.000875855
0.00086878
0.000953158
0.00110144
0.000908687
0.000842495
0.000898236
0.000896679
0.000909796
0.00100396
0.00085872
0.000919108
0.000837872
0.000838375
0.000835837
0.00083637
0.000831094
0.000835609
0.000849326
0.00100449
0.0010765
0.000958579
0.000967536
0.000832961
0.000854802
0.000888678
0.00083653
0.000858905
0.00093884
0.000815894
0.000838116
0.000988944
0.00086936
0.00101115
0.00114051
0.00084104
0.000870518
0.000840581
0.000851654
0.000865972
0.000993897
0.000892149
0.00110439
0.000858268
0.00118969
0.00105829
0.00104104
0.000901769
0.0014274
0.000910962
0.000845179
0.000970519
0.000837046
0.000867924
0.000832389
0.000846078
0.000915297
0.000834309
0.000821823
0.000849649
0.000830937
0.000928857
0.00091126
0.000910701
0.00104567
0.000822165
0.00132867
0.00125021
0.000930494
0.00135161
0.000951772
0.000953603
0.000859418
0.000997772
0.00128027
0.000868075
0.00102949
0.00088729
0.000941038
0.000839253
0.000889674
0.000866622
0.000889571
0.000892639
0.000962806
0.000830735
0.000837373
0.000874176
0.000859959
0.0010206
0.000941954
0.000866501
0.00123353
0.000918764
0.000823596
0.000847465
0.00120568
0.000881587
0.000827182
0.00104723
0.000855703
0.000914736
0.000899089
0.000821509
0.000867213
0.000832808
0.000857824
0.00086601
0.000995112
0.000857706
0.000822275
0.00089459
0.00100431
0.00112148
0.00108756
0.000972325
0.0012505
0.000883144
0.000821325
0.000880159
0.00111299
0.000847029
0.00118342
0.000903987
0.000872774
0.000958832
0.000852422
0.000851042
0.000921332
0.00093454
0.000827674
0.000834946
0.00085446
0.000864313
0.000827237
0.00093163
0.0010368
0.00111954
0.00092925
0.00087182
0.00111438
0.000831456
0.000868702
0.000940568
0.000963119
0.000820579
0.000937875
0.000867251
0.00090946
0.000830215
0.000879357
0.000833415
0.000853671
0.000872917
0.000860622
0.00087635
0.000844982
0.000839426
0.000894259
0.000955074
0.00113994
0.000909852
0.000869051
0.000882911
0.00116006
0.000935246
0.000846695
0.00120477
0.000921694
0.00101189
0.000835989
0.00100356
0.000861344
0.000900384
0.00102712
0.000837182
0.000972571
0.000866636
0.000860754
0.000862787
0.000836211
0.00120561
0.00091725
0.000854787
0.000993758
0.00102234
0.000919595
0.00123542
0.00082669
0.00124176
0.00134505
0.00105828
0.00105221
0.00124735
0.00121042
0.00125169
0.000861309
0.000862271
0.000829334
0.000840495
0.000969489
0.00085704
0.000878444
0.000939669
0.000869918
0.000809512
0.000908717
0.00109128
0.000849979
0.00109477
0.000891858
0.000895081
0.000841529
0.000931384
0.000895063
0.000905588
0.000837332
0.0011519
0.00085901
0.000846053
0.000866617
0.00085938
0.000847873
0.000940771
0.000949573
0.000835958
0.000845424
0.000860535
0.000967462
0.000839491
0.000940389
0.000962178
0.000840019
0.00108497
0.00108373
0.000846346
0.000867283
0.00085547
0.000832781
0.00101275
0.000844523
0.00112749
0.000833286
0.000941792
0.000837485
0.000819489
0.000844257
0.000835886
0.000828336
0.000864767
0.000848595
0.000828019
0.000895587
0.00084445
0.000833641
0.000951871
0.00100599
0.00132941
0.00108687
0.000892265
0.000914309
0.00154571
0.00119237
0.00119964
0.000843325
0.00098706
0.000942011
0.000889922
0.00110275
0.000855042
0.000843265
0.000851442
0.00104011
0.00088123
0.000838258
0.000901436
0.000894278
0.000851452
0.00108021
0.000848823
0.000856449
0.000849724
0.000854699
0.00141512
0.000922126
0.00102867
0.000886308
0.000865234
0.000904982
0.00107339
0.000830906
0.000853151
0.0008494
0.000926763
0.000953918
0.00127756
0.00084494
0.000836799
0.00087566
0.00110749
0.000940914
0.000862719
0.00089145
0.00107553
0.000850936
0.000836461
0.000920573
0.00088619
0.000993454
0.00104843
0.000862243
0.00081336
0.000872007
0.000851224
0.000841495
0.000903594
0.000841769
0.000839655
0.000894107
0.00087663
0.000828213
0.000829048
0.000842007
0.000890689
0.00110232
0.000890583
0.00108711
0.000940534
0.000903948
0.000849121
0.00110159
0.000837378
0.00123787
0.000857975
0.000879074
0.000830072
0.000842591
0.000842638
0.000882937
0.00102303
0.00093541
0.00128835
0.000895282
0.000902233
0.000830056
0.000851377
0.000888343
0.000898009
0.000923936
0.000939367
0.000995781
0.000964051
0.000831627
0.000898649
0.000887295
0.00087541
0.000834427
0.000921099
0.000841484
0.00088716
0.000877592
0.000839504
0.000909881
0.000837954
0.000828453
0.00103576
0.000925449
0.00086469
0.000850855
0.000871338
0.000867059
0.00103269
0.000856683
0.00107576
0.00129424
0.000829836
0.000848614
0.00105018
0.00111541
0.000953291
0.000833929
0.000830656
0.000868825
0.000841648
0.000828279
0.000836029
0.000856533
0.000908974
0.000906146
0.000936203
0.000918555
0.000831932
0.000825172
0.000830849
0.000885412
0.000886397
0.000848246
0.00104785
0.00108329
0.000923512
0.000872383
0.000830377
0.000883642
0.00108388
0.000821473
0.00102117
0.000827144
0.000818474
0.000867759
0.000899768
0.000839019
0.000843666
0.000835316
0.00105485
0.000876287
0.000926879
0.000834334
0.000846324
0.000880614
0.00102176
0.000977959
0.000826528
0.000987253
0.000894554
0.000877126
0.0008354
0.000856569
0.000974789
0.000868484
0.00089847
0.000855038
0.000956482
0.000887938
0.000910537
0.00085752
0.000834973
0.000909448
0.00090919
0.000835949
0.000842096
0.000831086
0.000947448
0.000870053
0.000861939
0.000994698
0.000849181
0.00100286
0.000864901
0.000892424
0.000848087
0.000862999
0.000991905
0.000849717
0.000860437
0.00093003
0.000893961
0.000837155
0.000843329
0.000834986
0.000936451
0.000849708
0.00103137
0.00087237
0.000852735
0.00082696
0.000908819
0.000847836
0.00090879
0.000888887
0.000939953
0.000846286
0.000946388
0.000900337
0.000879001
0.000971614
0.000909976
0.000855326
0.000833351
0.000898811
0.000828758
0.000827462
0.00101817
0.000851609
0.000865022
0.000858221
0.000926929
0.000825026
0.000827628
0.000878888
0.000855696
0.000877939
0.000824869
0.000825566
0.000916788
0.000875895
0.00110353
0.00119111
0.000912315
0.000836027
0.000929627
0.000945254
0.000881654
0.000832923
0.00081608
0.00081819
0.000837615
0.000896679
0.000831385
0.000837439
0.000960901
0.000976062
0.000833278
0.000842339
0.000877989
0.000862971
0.000846975
0.000871226
0.000845851
0.000906806
0.000872694
0.000946124
0.000943316
0.000876648
0.000959367
0.000993747
0.000846164
0.000909316
0.000929625
0.000846395
0.000905321
0.000847319
0.000830055
0.000956392
0.000864146
0.000977374
0.000842415
0.000850474
0.000919159
0.000951346
0.000849364
0.000862822
0.00096002
0.000991395
0.000843328
0.000997071
0.000968156
0.000918253
0.000900559
0.000851959
0.000861043
0.000861269
0.000840938
0.000843497
0.000894929
0.000835226
0.000853082
0.00083776
0.00082582
0.000891649
0.000843163
0.000852452
0.000887775
0.000837348
0.000840601
0.000872528
0.000861618
0.00094249
0.000918426
0.000952286
0.000998331
0.000842432
0.000915645
0.000948943
0.00090083
0.000859525
0.000826414
0.000838091
0.000837241
0.000857845
0.00093485
0.000875816
0.00084376
0.000997663
0.000935394
0.000861739
0.000845057
0.000857113
0.000852876
0.000850395
0.00109364
0.000930688
0.000914431
0.000857549
0.000919657
0.00095673
0.000849811
0.000873233
0.00105216
0.00095236
0.000844381
0.000893652
0.00083964
0.000892842
0.000869957
0.000851124
0.000861002
0.000930207
0.000879311
0.000895482
0.000831462
0.000840113
0.000862494
0.00085291
0.00082822
0.00088718
0.00107463
0.000856351
0.000880469
0.000851898
0.000993754
0.00113934
0.000885531
0.000822003
0.000866901
0.000878155
0.00084973
0.000884909
0.000957593
0.000939326
0.000906654
0.000844476
0.000825404
0.000961319
0.000840855
0.000880853
0.000846993
0.000872703
0.000833095
0.000862239
0.000920992
0.000854405
0.000873673
0.000907816
0.000955459
0.000961315
0.000955533
0.000945613
0.000854864
0.000885632
0.000851074
0.000837986
0.000859432
0.000841282
0.00101536
0.000938176
0.000834285
0.000844105
0.000899838
0.000835875
0.000887723
0.000848715
0.000869475
0.000859266
0.000913128
0.00089797
0.000815401
0.000987052
0.000835717
0.000912428
0.00095383
0.000842782
0.000857361
0.000835805
0.000858684
0.00088446
0.000836058
0.00096166
0.000838472
0.00107722
0.000962886
0.000836938
0.000828955
0.000902069
0.000829552
0.00090017
0.000895033
0.000830739
0.000825986
0.000831136
0.000928719
0.000906773
0.000863375
0.000928555
0.000890159
0.000817766
0.000914449
0.000855461
0.000871416
0.00083776
0.000853736
0.000847966
0.000882153
0.00100621
0.00100633
0.000870781
0.000836385
0.000925924
0.000863561
0.000853804
0.000825413
0.000823015
0.000863795
0.000864652
0.00115558
0.000892575
0.000909422
0.000844257
0.000921575
0.000830559
0.000917035
0.000902521
0.000835426
0.000834706
0.000839063
0.000861984
0.00108932
0.00107746
0.000942763
0.000859976
0.00084675
0.000975675
0.000842687
0.000865015
0.00083411
0.000833324
0.000845694
0.000886025
0.000941404
0.000831607
0.0008989
0.000871809
0.000988655
0.000848615
0.000947841
0.000842146
0.000846072
0.00084476
0.000827088
0.000874905
0.000930141
0.00127254
0.00103829
0.000845174
0.000829095
0.000822357
0.00085815
0.000940584
0.000849185
0.000827575
0.000843097
0.000876192
0.000918459
0.000914318
0.000910965
0.000955416
0.000928645
0.000835875
0.000970869
0.000846149
0.000843938
0.000830721
0.000832076
0.000857363
0.000889452
0.00130559
0.000925353
0.00084215
0.000834361
0.000868455
0.000947484
0.00084008
0.000840637
0.000914082
0.000918881
0.000855359
0.000872105
0.00083506
0.000927791
0.00088465
0.00103113
0.000989218
0.000950613
0.000882028
0.00127944
0.000848595
0.000877222
0.00083169
0.00097304
0.000890276
0.000831894
0.000836144
0.000860294
0.000880433
0.000926601
0.000872921
0.000832331
0.000843406
0.000832133
0.000825593
0.00085707
0.000915209
0.000907567
0.00100123
0.000870415
0.000888172
0.000863139
0.00103388
0.000873363
0.000845082
0.000863501
0.000929757
0.000850982
0.00104187
0.00106116
0.000855609
0.000918989
0.000853872
0.000887522
0.00129167
0.000870831
0.000866279
0.000862027
0.000891393
0.00116693
0.00111871
0.00127866
0.00114959
0.000834468
0.000920902
0.000859776
0.000923363
0.00102276
0.00103308
0.0010076
0.0009666
0.00122689
0.000866299
0.000864902
0.00104082
0.000918573
0.000910814
0.000878629
0.000932279
0.000869093
0.00104045
0.0011336
0.000957593
0.000888754
0.000907301
0.000838684
0.0010121
0.000858442
0.000949233
0.000978318
0.00104508
0.000851516
0.00169435
0.00107197
0.000859848
0.000840321
0.00105582
0.000917045
0.000928064
0.0008273
0.000858699
0.00105927
0.00082253
0.00113005
0.00112404
0.000936717
0.00112637
0.000853244
0.000865153
0.000835909
0.000959747
0.000944651
0.000830131
0.00101677
0.0018114
0.00102946
0.00104081
0.000948865
0.00122154
0.00104716
0.000933458
0.000999846
0.000957742
0.000882395
0.00128833
0.00123786
0.00132234
0.000850261
0.00084093
0.000916939
0.000884136
0.000894408
0.000832752
0.000977107
0.00114886
0.000937692
0.000861159
0.000843622
0.000979975
0.000912098
0.000897336
0.000839016
0.00088781
0.000841996
0.000952183
0.000996428
0.000906401
0.000941474
0.00090047
0.000923208
0.000906432
0.000902088
0.000890983
0.000836564
0.000934773
0.000822536
0.000916684
0.0008338
0.000894035
0.000943581
0.00103173
0.000897279
0.000901813
0.000870072
0.000831953
0.000844521
0.000863179
0.000871278
0.000941491
0.000954948
0.000840829
0.00090662
0.000895761
0.00110117
0.000847549
0.000964804
0.000875573
0.000882157
0.000861281
0.000854424
0.000908648
0.000894585
0.00124338
0.00122222
0.000819563
0.000833942
0.000847868
0.00089912
0.000838544
0.000907633
0.000963571
0.000872842
0.00085907
0.000911762
0.00091359
0.000987268
0.000968328
0.00091432
0.000866173
0.00087085
0.000970824
0.000864133
0.00086464
0.000891484
0.000886126
0.00206994
0.00127348
0.000837026
0.000920695
0.00118177
0.000985218
0.00092101
0.000892133
0.00091909
0.000829148
0.000849474
0.000840314
0.00100982
0.00104923
0.000967408
0.000976637
0.00082814
0.000879345
0.000851007
0.000859337
0.000848172
0.000883262
0.000874494
0.00108868
0.00090091
0.000857498
0.000824619
0.000897569
0.000848924
0.00109676
0.000831992
0.000837588
0.000872105
0.000854457
0.000834214
0.000831689
0.00102914
0.00100811
0.000935977
0.000898798
0.000853299
0.000830883
0.000883836
0.000823347
0.000896883
0.000852763
0.000837481
0.000889396
0.00111378
0.000899625
0.000838202
0.000824257
0.000962427
0.000900341
0.000877813
0.000833951
0.000883298
0.000870453
0.00088763
0.000845116
0.000945413
0.000910384
0.00113601
0.000884429
0.00105896
0.00087502
0.000831535
0.000860605
0.000841569
0.000838556
0.000847917
0.000961234
0.000929213
0.000852365
0.000872158
0.00103611
0.000856244
0.000849419
0.000839624
0.000874969
0.000971822
0.000848085
0.00091445
0.000842075
0.000934319
0.000888524
0.000870798
0.000893839
0.000926827
0.000834305
0.000948567
0.000835326
0.000824374
0.000830327
0.000850128
0.000940784
0.00101221
0.000893881
0.000839854
0.000826014
0.000956494
0.000871021
0.000843194
0.000826814
0.00083571
0.000908173
0.000886974
0.00084837
0.000844521
0.000979187
0.000853714
0.000977392
0.000976606
0.00124938
0.00100556
0.000818991
0.000864681
0.0008443
0.00083275
0.000884948
0.000971261
0.00093529
0.000857151
0.000838125
0.000950014
0.000833788
0.000953698
0.000875278
0.000828139
0.000887718
0.000875959
0.000830897
0.000862287
0.000846665
0.000830819
0.000992589
0.000844073
0.000970623
0.00110094
0.000874953
0.000991192
0.000832989
0.000910999
0.00109175
0.000961779
0.000868091
0.00083453
0.000875587
0.000867515
0.00093846
0.000829067
0.000833773
0.000847512
0.000836537
0.00083091
0.000828691
0.000848211
0.000828006
0.000866358
0.000876629
0.000850719
0.000830664
0.00102358
0.000869724
0.000831693
0.000837896
0.000833288
0.000842071
0.0010037
0.00103636
0.000861189
0.000823562
0.000831138
0.000907411
0.000824132
0.000905977
0.00088081
0.000842453
0.000900343
0.00104266
0.000834425
0.000892481
0.000859629
0.000845037
0.00142372
0.000846732
0.000868553
0.000872349
0.000835991
0.000868418
0.000855354
0.000892775
0.000916912
0.00109771
0.000885572
0.00085554
0.000829685
0.00095743
0.000843424
0.00111657
0.000831022
0.00081576
0.000821231
0.000826875
0.000828759
0.00084025
0.000893471
0.000918323
0.000997038
0.000886135
0.00094053
0.000932922
0.000857375
0.000849995
0.00090732
0.000950295
0.00104903
0.000972712
0.000912112
0.000841335
0.000925509
0.0012215
0.000848003
0.00083541
0.000828324
0.000876345
0.000825711
0.000839927
0.000839435
0.000819681
0.000872837
0.000882182
0.000952015
0.000842345
0.000888723
0.000866299
0.00106955
0.000839719
0.000835608
0.000891973
0.000857069
0.000911301
0.000944401
0.000889911
0.000926802
0.000897022
0.00085776
0.000940526
0.000884847
0.000838845
0.000825747
0.000848016
0.000827941
0.000887737
0.000946573
0.000858278
0.000919332
0.00086679
0.000977077
0.000942711
0.000852346
0.000904794
0.000911674
0.000877523
0.000872145
0.00107568
0.000942765
0.000942995
0.00084253
0.000845585
0.00090006
0.00101736
0.000835526
0.000818755
0.000831714
0.000878494
0.000930548
0.000915329
0.000867246
0.000855746
0.000935222
0.000842751
0.00084941
0.000906093
0.000840008
0.000845539
0.000901008
0.000868459
0.000883162
0.000999631
0.000892251
0.000888424
0.000994618
0.000920556
0.000828909
0.000851774
0.000870143
0.000860557
0.000884907
0.000835889
0.000882568
0.000832776
0.000888143
0.000940469
0.000857546
0.000956635
0.000842231
0.000979328
0.000988443
0.00087601
0.000858562
0.000838624
0.0008843
0.000982639
0.00095805
0.00104167
0.000817703
0.000941389
0.000900848
0.000956038
0.000847894
0.000842559
0.000837459
0.00106501
0.000827075
0.000818159
0.000888018
0.000864954
0.00084592
0.00105161
0.000856151
0.00100081
0.000881706
0.000845894
0.000853863
0.000837273
0.00089561
0.00104917
0.000910155
0.000835845
0.000850286
0.000902626
0.000838102
0.000885143
0.000813654
0.000828198
0.000840257
0.000849868
0.000843038
0.000864839
0.000859811
0.000953605
0.000943332
0.00086781
0.000894276
0.000918082
0.000951942
0.000821379
0.000945848
0.000913869
0.000872625
0.00102483
0.000926316
0.000874547
0.00084896
0.000898435
0.000934461
0.000868048
0.000905679
0.000865157
0.000847263
0.000833825
0.000859028
0.000860137
0.000832713
0.00100263
0.000855076
0.000969012
0.000834275
0.000814984
0.00086028
0.00103902
0.000886125
0.00090948
0.000825294
0.000978449
0.00108241
0.0010511
0.000855102
0.000881902
0.00102606
0.000869736
0.000863536
0.000836894
0.000816669
0.00086365
0.000829024
0.000844532
0.000864922
0.000942751
0.00102122
0.00104981
0.000847048
0.000972178
0.00096816
0.00110957
0.000875717
0.000963025
0.000825609
0.000935588
0.00099023
0.000863298
0.000837395
0.000844819
0.000890815
0.00107473
0.000908695
0.000995952
0.000827546
0.000828605
0.000903077
0.000837838
0.000925838
0.000881195
0.000935734
0.000984604
0.000841674
0.00104298
0.000956107
0.000925438
0.00125945
0.000955167
0.00122287
0.00120755
0.000921787
0.000943139
0.00115672
0.000884361
0.000922108
0.000830032
0.000946069
0.000848065
0.000908356
0.000851686
0.000955749
0.00101125
0.000849769
0.000953855
0.000848037
0.00092552
0.000889101
0.00100777
0.000958663
0.000888392
0.000896575
0.00104211
0.0011214
0.000850606
0.000848927
0.000946685
0.000905123
0.000874452
0.000820075
0.000910163
0.000845344
0.000845969
0.000823254
0.000821752
0.000905801
0.000862193
0.000844979
0.00109702
0.000829762
0.000834537
0.000937267
0.000935464
0.00105607
0.000904445
0.000923816
0.00104317
0.00098942
0.00084626
0.000878024
0.000901344
0.000930512
0.000893976
0.000870903
0.000827576
0.000837011
0.000872783
0.000927736
0.00085383
0.000872635
0.000891708
0.000854265
0.000842457
0.000845623
0.000890932
0.000837363
0.000859952
0.00100307
0.000854186
0.000874761
0.000941824
0.0008837
0.000996103
0.000839298
0.000858638
0.00101345
0.000914404
0.000860202
0.000836121
0.000978103
0.000835648
0.00085706
0.000924221
0.000882026
0.000870332
0.000846763
0.000925199
0.00089148
0.000947701
0.000900148
0.000820153
0.000823632
0.000933272
0.000902859
0.000883375
0.0012369
0.000897015
0.000830639
0.000843134
0.000938889
0.000904339
0.000863466
0.000828816
0.000865698
0.000967015
0.000820285
0.000829727
0.00114386
0.000838267
0.000860414
0.000872357
0.000988169
0.000837204
0.000850268
0.000849584
0.000893444
0.000939722
0.000940556
0.0010877
0.00105377
0.000996719
0.000845799
0.000912685
0.00089968
0.000872865
0.000943565
0.000909095
0.000979578
0.000844677
0.000855854
0.00100645
0.00110351
0.000859055
0.00102521
0.000917922
0.000851502
0.000840754
0.000826493
0.0010308
0.000851093
0.000953038
0.000922758
0.00101016
0.000924628
0.000902204
0.000841643
0.000932782
0.00083441
0.000916488
0.000844026
0.000828141
0.000838744
0.000909762
0.000835511
0.00085761
0.000901538
0.000911451
0.00089659
0.000838454
0.000876904
0.000831366
0.000860892
0.000838825
0.00091937
0.000947611
0.000964592
0.000868887
0.00112886
0.000899063
0.000886689
0.000841575
0.000855151
0.000950508
0.000927398
0.000847133
0.00103608
0.000815064
0.00084168
0.000879846
0.000845822
0.000849027
0.00111318
0.000825026
0.000831883
0.000848696
0.000831216
0.000909373
0.000889512
0.00084312
0.00102905
0.000892583
0.00130298
0.000922599
0.000825291
0.000863502
0.000842738
0.00105497
0.000903247
0.000869399
0.000843092
0.000926696
0.000997666
0.00148503
0.000971373
0.00104003
0.000850249
0.00101967
0.000855898
0.00089827
0.000884786
0.000861117
0.000867833
0.000922327
0.00104922
0.00101723
0.00112999
0.00097334
0.000879979
0.000842505
0.000861069
0.000856394
0.000878683
0.000860361
0.00087917
0.000848435
0.000896809
0.000881504
0.000871925
0.000845971
0.000841149
0.00084248
0.000964828
0.00086181
0.000890909
0.000862854
0.000845276
0.000871287
0.000994871
0.000903715
0.000912852
0.000968036
0.00125863
0.0009682
0.000913675
0.00112787
0.00158358
0.00117841
0.00191515
0.00186613
0.00178176
0.00166832
0.00128087
0.000894851
0.0011607
0.00114724
0.000881585
0.000973889
0.000892398
0.00088427
0.000937671
0.000857736
0.000899837
0.00100247
0.00104268
0.000910906
0.000863889
0.000862449
0.0009031
0.000884684
0.000876645
0.000932755
0.000872888
0.000939358
0.000911785
0.00095875
0.00114248
0.00087931
0.0012021
0.000916209
0.000940566
0.000974698
0.000848133
0.000855806
0.000856039
0.000908688
0.000877614
0.000886075
0.000866315
0.00086283
0.001059
0.00144561
0.00150774
0.000994825
0.00095165
0.000878422
0.00093765
0.000912291
0.000873
0.000900375
0.000889405
0.00109807
0.000910361
0.000958495
0.000950606
0.000888421
0.000870102
0.00088983
0.00104916
0.000963175
0.000941511
0.000886047
0.000909518
0.000856288
0.00129088
0.000890985
0.000964304
0.000854112
0.000851134
0.00084936
0.000941689
0.000872086
0.000912541
0.000903448
0.00110569
0.000876178
0.000907182
0.000964205
0.000928707
0.000899394
0.000956481
0.000922717
0.000879387
0.00092004
0.000883811
0.000875547
0.00106787
0.00101735
0.000901271
0.000974203
0.000852899
0.000845667
0.000860743
0.000874128
0.000859657
0.000907871
0.000847532
0.00106306
0.00100289
0.000864715
0.00108281
0.00104656
0.000889806
0.000869632
0.000867634
0.00087479
0.000958567
0.000950871
0.000915256
0.000925799
0.000894521
0.000850326
0.000849778
0.000927975
0.000910283
0.000910853
0.000912773
0.000864039
0.000846563
0.000875951
0.000862081
0.00104393
0.000939989
0.0010498
0.000929318
0.000977134
0.000862218
0.000855517
0.000930655
0.0008745
0.000873302
0.000905954
0.00112607
0.000959045
0.00115949
0.000863294
0.000898647
0.000877428
0.000887014
0.0010556
0.000866661
0.000856954
0.000864048
0.000864654
0.00119469
0.000994218
0.00129177
0.000949355
0.00104612
0.00106786
0.000874856
0.00086975
0.000998545
0.000852444
0.000910229
0.0008787
0.000869932
0.000954235
0.000889639
0.000882859
0.0008543
0.000917152
0.000876765
0.000907147
0.000901243
0.000862446
0.000890526
0.00107497
0.00130462
0.000954981
0.00103283
0.000946752
0.000852501
0.000994607
0.000897297
0.00118729
0.00103214
0.000865758
0.000874115
0.000883504
0.00091827
0.000868083
0.000874335
0.000876359
0.000909595
0.000865674
0.000881963
0.000874392
0.000937747
0.000909029
0.00107257
0.00100961
0.000936522
0.000882836
0.00102451
0.00122169
0.000969918
0.000922521
0.000893407
0.000953601
0.000902634
0.00090469
0.00096484
0.000915216
0.00100208
0.00100828
0.000964344
0.00094755
0.000909594
0.000896983
0.000855032
0.000864233
0.000873194
0.00094374
0.000952033
0.000882044
0.000870174
0.000908552
0.000921244
0.000929417
0.000973859
0.000908342
0.00126562
0.000872168
0.000916003
0.00103535
0.000877816
0.000909887
0.000979367
0.000847957
0.00087489
0.00086197
0.00091967
0.000873742
0.000896272
0.000900671
0.00100197
0.000929964
0.000869567
0.00101737
0.00104859
0.00104967
0.00123656
0.00101876
0.000873196
0.000987927
0.00102242
0.000934398
0.000922874
0.00113282
0.000859015
0.000945324
0.00086276
0.000966029
0.000867166
0.000876463
0.000941867
0.000838873
0.000856656
0.00105993
0.000961687
0.000855951
0.000973652
0.000971053
0.000878573
0.00101994
0.00105066
0.000857547
0.000860655
0.00116118
0.00119262
0.000906507
0.00106655
0.000922921
0.000949174
0.000842651
0.000869427
0.000961396
0.000920552
0.000910454
0.00102858
0.000860372
0.00111137
0.000853349
0.000861949
0.00101491
0.00106435
0.000939278
0.000918207
0.000850087
0.000857174
0.000870574
0.000959316
0.00115696
0.000870128
0.0010226
0.000850745
0.000896087
0.000852785
0.00084333
0.000878861
0.000972981
0.000866455
0.000885569
0.000892492
0.000869685
0.000929426
0.000893213
0.00144011
0.0014663
0.0012888
0.00122923
0.00135289
0.0010127
0.000961716
0.00105678
0.00131518
0.000973977
0.000949243
0.00102272
0.000932275
0.00090396
0.000992536
0.00085851
0.00117455
0.00113395
0.000856178
0.000901112
0.000962662
0.000931514
0.000962735
0.000860228
0.00105113
0.00105431
0.000988772
0.00099408
0.000911405
0.00109363
0.00144239
0.000937219
0.00128047
0.0012583
0.00124864
0.00131824
0.000926714
0.000882099
0.0012725
0.00123643
0.00108357
0.00119923
0.000917054
0.00105165
0.000876734
0.000861564
0.00102682
0.00110403
0.00100882
0.0011233
0.000864778
0.00107276
0.00090399
0.00109468
0.0010836
0.000902203
0.00126219
0.00136067
0.000879563
0.00115454
0.000992462
0.00158623
0.0010485
0.00130612
0.000892977
0.000870172
0.000862063
0.000981477
0.00092584
0.000875292
0.000852494
0.000939631
0.000982652
0.000862497
0.000956571
0.000908474
0.00117456
0.0012311
0.000875858
0.000951331
0.00101995
0.000939535
0.00115584
0.00105902
0.000931066
0.000864374
0.000886239
0.000870995
0.000942159
0.00138832
0.00129959
0.000987847
0.000977589
0.000864799
0.000869519
0.000953185
0.00104411
0.000914628
0.00143915
0.00101245
0.000885838
0.00100611
0.00132119
0.00117488
0.00143183
0.00088048
0.000876394
0.00224539
0.0011294
0.00232532
0.00229387
0.00318625
0.000869857
0.00863785
0.00386333
0.00181805
0.00177357
0.00322388
0.00763485
0.00114203
0.00101904
0.00159956
0.00118481
0.00143565
0.00184463
0.00144548
0.00108344
0.00105989
0.00201224
0.00404925
0.00140641
0.00276566
0.00596968
0.00121193
0.00108696
0.0122144
0.00507469
0.00243097
0.00108678
0.000978046
0.00099471
0.000935461
0.000874388
0.00112032
0.000899332
0.00105114
0.00128349
0.000946544
0.000971655
0.00106602
0.00140368
0.00138499
0.00101566
0.000980726
0.00108768
0.000924184
0.000904581
0.000966064
0.00136837
0.00107421
0.000961624
0.000995917
0.00101561
0.000988428
0.00128902
0.000909761
0.00102146
0.000851619
0.000946087
0.00124637
0.000959564
0.00227005
0.00108459
0.000988751
0.00109817
0.000958809
0.00122324
0.000941205
0.000907094
0.000988189
0.00112412
0.000925595
0.00101644
0.00112226
0.00095764
0.0010425
0.00125115
0.00106
0.000938624
0.000868376
0.000984201
0.00151878
0.00133059
0.000908003
0.00105155
0.00100149
0.000891886
0.000881061
0.000864229
0.00100204
0.000972575
0.000973035
0.000963709
0.000929239
0.000988151
0.000851787
0.000981487
0.000845827
0.000964229
0.000925717
0.000872595
0.000995618
0.000888365
0.000863853
0.00143743
0.000995672
0.00089713
0.000920293
0.000915508
0.00101378
0.000920964
0.000859941
0.000857461
0.00104028
0.000911074
0.000960859
0.00105507
0.00120829
0.00153997
0.00112946
0.00101421
0.000860327
0.000877483
0.000920057
0.000958082
0.000909032
0.00127102
0.000948385
0.000906597
0.000939176
0.000913455
0.00118997
0.00089687
0.000964635
0.000862464
0.000876186
0.000945451
0.00101853
0.00100849
0.00112412
0.00120718
0.000975423
0.000848114
0.000871977
0.000877564
0.000913893
0.00101897
0.000958581
0.00110231
0.000997761
0.000861849
0.00102546
0.00111369
0.000978608
0.000870758
0.00103013
0.000925934
0.000870846
0.000904597
0.00103478
0.00116373
0.000963172
0.000980195
0.000862999
0.000862835
0.00104729
0.000850804
0.000877439
0.00122365
0.00086152
0.000950027
0.000907491
0.000920028
0.000903448
0.00107902
0.00108153
0.000841673
0.00085708
0.000865032
0.000967084
0.000941406
0.000976176
0.00112346
0.000922053
0.00101247
0.00131639
0.000887832
0.00100865
0.000896108
0.00095774
0.00105581
0.000914261
0.0011155
0.000956027
0.000938516
0.000873767
0.000925097
0.000898026
0.000995574
0.000941921
0.000883846
0.000868338
0.000853041
0.000926309
0.00104168
0.000992761
0.00115966
0.000975856
0.000859282
0.000897435
0.000870125
0.00091309
0.000928993
0.000925483
0.000958538
0.000902525
0.00126994
0.000915657
0.00164009
0.00146064
0.00115536
0.000992359
0.000992922
0.00109485
0.00113428
0.00101013
0.000883133
0.00100379
0.000860576
0.000990902
0.0010848
0.000873781
0.000865673
0.000894692
0.000990576
0.00105273
0.00110552
0.000913434
0.000876875
0.00103354
0.000850191
0.000880663
0.00086875
0.000879515
0.000843873
0.000886797
0.000849729
0.0008822
0.000996936
0.00102853
0.00118912
0.00101827
0.000887626
0.00097541
0.000854544
0.000922063
0.000864627
0.000868463
0.00110132
0.00123309
0.000905788
0.000866344
0.000904189
0.000904706
0.000981428
0.000858322
0.000848894
0.000853486
0.000857735
0.000862203
0.000871572
0.000922163
0.00110124
0.000973705
0.00109184
0.000875449
0.000859948
0.00085367
0.000854971
0.000860975
0.000866567
0.00102125
0.00100226
0.00102751
0.000871929
0.000874684
0.00106623
0.000929044
0.000955211
0.0014081
0.000906169
0.00087769
0.00100853
0.00086325
0.000936314
0.00113438
0.00107856
0.000938399
0.000890991
0.000900289
0.000864277
0.000847946
0.000920715
0.000927802
0.00117846
0.000914033
0.000901021
0.000965346
0.000934825
0.000837335
0.000974136
0.000873525
0.000861979
0.000919116
0.000889531
0.000867638
0.00089351
0.00132179
0.00127046
0.00119272
0.00105454
0.000847619
0.000950046
0.000897311
0.0010647
0.00091086
0.00114931
0.00124039
0.000874606
0.00096707
0.000903317
0.000976402
0.00125841
0.000865521
0.000852159
0.000844478
0.000854566
0.000942285
0.00084036
0.000962965
0.00111536
0.00106664
0.00102098
0.000922413
0.000924078
0.000942167
0.000886003
0.000934102
0.000959159
0.000882091
0.000917467
0.000958673
0.000971581
0.00103417
0.00123852
0.00097968
0.000843746
0.000904497
0.000878613
0.000853784
0.000876003
0.000875399
0.000859654
0.000875058
0.000934243
0.000912282
0.000872111
0.000866167
0.000902517
0.000861201
0.00088689
0.000914665
0.000966996
0.00097389
0.000881961
0.000945771
0.00114568
0.000895231
0.00103276
0.000855611
0.00086228
0.000890541
0.000866831
0.000905409
0.000879118
0.000911211
0.000904036
0.00110075
0.000936613
0.00097494
0.00088348
0.000837361
0.000863319
0.000895849
0.000874064
0.000983525
0.000965029
0.000904282
0.000865063
0.000881133
0.000988349
0.000885492
0.000872513
0.000879986
0.000969514
0.000847945
0.000892473
0.000875449
0.00085939
0.000892337
0.00091523
0.000933471
0.000927758
0.000879555
0.000945908
0.000940322
0.000842636
0.000899281
0.0010359
0.000906904
0.000908626
0.00108048
0.000932924
0.00100012
0.00107325
0.000905685
0.00091398
0.000873511
0.000904571
0.000861482
0.000862934
0.000963786
0.000916831
0.000881462
0.00102417
0.00103443
0.00103867
0.00101191
0.00085993
0.000849016
0.000905328
0.000903385
0.00101685
0.000933546
0.00086836
0.000885531
0.000876066
0.00101326
0.000875593
0.000866827
0.00086826
0.000935617
0.000869481
0.000865603
0.000855188
0.000904879
0.00097091
0.00110579
0.00101043
0.000935658
0.000865163
0.000892593
0.00113321
0.000850775
0.000857532
0.00109403
0.00118343
0.000861238
0.000882191
0.000937042
0.000902201
0.000963054
0.000849067
0.000946132
0.000965714
0.000973573
0.00086547
0.000859673
0.000884354
0.000953648
0.000947358
0.00117352
0.000898403
0.000857122
0.000858588
0.000864458
0.00091231
0.000864049
0.000910395
0.00102006
0.000976625
0.000887852
0.000886179
0.00106753
0.000926527
0.00100942
0.000872398
0.000842118
0.000945161
0.000921128
0.000856587
0.000888956
0.000918809
0.000854155
0.00104186
0.000858843
0.00102929
0.000884147
0.000875168
0.000957313
0.000984471
0.000916933
0.00102878
0.000966614
0.000949208
0.000861685
0.000957796
0.000850067
0.000939027
0.00084649
0.000884255
0.000931726
0.000887802
0.000852873
0.000868305
0.00090625
0.000978256
0.000918392
0.00101152
0.00089556
0.000964185
0.00101503
0.00086914
0.000850806
0.000870062
0.00093026
0.00122455
0.000925212
0.000888103
0.000901345
0.000941982
0.000938033
0.000909349
0.000875126
0.000871395
0.000849996
0.000861825
0.000860885
0.00085137
0.000876103
0.00101883
0.000890955
0.00115996
0.000865534
0.000884948
0.000949288
0.00100056
0.000872144
0.000976371
0.000941487
0.00101398
0.000925832
0.000869235
0.000936438
0.000896183
0.000888113
0.000900827
0.000885521
0.000912608
0.000858625
0.000876719
0.000862032
0.000857808
0.000862676
0.000903117
0.000930212
0.000930253
0.000969286
0.00103131
0.000879295
0.000940569
0.000886424
0.000934084
0.000913423
0.00119007
0.000860622
0.000867696
0.000955619
0.000906558
0.000867759
0.000900628
0.000853702
0.00090305
0.000862948
0.000871046
0.000841566
0.000870932
0.000932406
0.000885415
0.00105985
0.000879715
0.00122336
0.00105589
0.000928327
0.000923886
0.000988888
0.00124739
0.000964828
0.000879362
0.00106889
0.00106131
0.00103198
0.000893764
0.000888788
0.00126288
0.00103858
0.000970994
0.000979783
0.000861397
0.00130099
0.00108858
0.00108362
0.000994808
0.000967518
0.000944373
0.000913885
0.000902953
0.00100655
0.00121421
0.00128154
0.00088528
0.00108462
0.000965424
0.00108318
0.000936868
0.000912321
0.000897517
0.000881475
0.000848849
0.00107135
0.000970576
0.000864362
0.000979483
0.000848263
0.000955716
0.0009417
0.000950431
0.00098224
0.000899213
0.000905536
0.00097293
0.00104442
0.000862219
0.00086764
0.000930669
0.000889353
0.000907821
0.000965966
0.000877806
0.000956299
0.000854797
0.000861855
0.000894429
0.000910002
0.000871826
0.000870371
0.000892132
0.000849873
0.00099383
0.00104474
0.000860672
0.000841822
0.000874273
0.00146233
0.00101946
0.000860702
0.00087064
0.00107321
0.000879327
0.00114042
0.000846201
0.00085214
0.000857044
0.00088355
0.000869757
0.000863619
0.00105809
0.000917791
0.0010078
0.000859391
0.000872154
0.000904176
0.000957471
0.000916703
0.00094974
0.000989829
0.000927793
0.000937007
0.000907805
0.000872112
0.000981805
0.000889232
0.000899903
0.000930035
0.000959892
0.000903561
0.000862281
0.000877208
0.000842644
0.000977483
0.000862978
0.000887564
0.000966138
0.000897231
0.000918824
0.000867266
0.00100349
0.00105478
0.000936651
0.00090573
0.000974
0.000987786
0.00085821
0.000883577
0.00087831
0.000841866
0.000852527
0.000856335
0.000955716
0.00087472
0.000939643
0.000853335
0.000851301
0.00101364
0.000868449
0.000904804
0.000898094
0.00106222
0.000884024
0.000923789
0.0010075
0.000892997
0.00129814
0.00100801
0.00089971
0.000904737
0.000867998
0.000877885
0.00102982
0.00085722
0.000860652
0.000878846
0.000899903
0.00088199
0.000858447
0.000878222
0.000957963
0.000855187
0.000951848
0.000931628
0.000909214
0.000976843
0.0011266
0.00111142
0.000983634
0.00106961
0.00108764
0.000891278
0.000891651
0.0013668
0.00130994
0.00142983
0.000960232
0.00130646
0.00101566
0.000900282
0.000972895
0.00106914
0.00104026
0.000883971
0.000907664
0.00106972
0.00106773
0.00093964
0.00146368
0.00102721
0.00153433
0.00117776
0.000934416
0.000897419
0.00104023
0.000942302
0.00103979
0.00106988
0.000847279
0.000922644
0.00100211
0.00157544
0.00107383
0.00117719
0.00110722
0.0013873
0.00130979
0.0014472
0.00148683
0.00105614
0.00163797
0.00122227
0.00109445
0.00106768
0.00130267
0.00136336
0.00101097
0.00121794
0.0015211
0.00146614
0.000902998
0.000968526
0.000989951
0.00104244
0.00103207
0.00102478
0.00130071
0.00118933
0.00113267
0.000948114
0.00108056
0.00117733
0.000938775
0.000868561
0.000902568
0.000867884
0.000877775
0.000853265
0.000943137
0.00087637
0.00112728
0.000848766
0.000944552
0.00126689
0.000864341
0.000941857
0.000943524
0.000911598
0.00112035
0.00125485
0.000931417
0.00094991
0.000881779
0.000874768
0.00100975
0.000903054
0.000966299
0.000865025
0.000850577
0.000876269
0.000887411
0.000919665
0.00112306
0.00101699
0.000880438
0.00105358
0.000861944
0.000929203
0.00112017
0.00133593
0.00120919
0.000953451
0.000942833
0.000884608
0.00102707
0.000954027
0.00137776
0.000939742
0.000866917
0.000998885
0.00112775
0.00151581
0.00144222
0.00142823
0.00118916
0.000927993
0.0010274
0.00116312
0.0010123
0.00138466
0.00140707
0.00184229
0.00118716
0.00122981
0.000959893
0.00117017
0.000880533
0.000854173
0.000902325
0.000869267
0.000918351
0.00105638
0.00085179
0.000941091
0.000872459
0.00089279
0.00095634
0.000888414
0.000921263
0.000987528
0.0011903
0.000950572
0.000877166
0.000918375
0.000849986
0.00103769
0.000895975
0.00114695
0.000882221
0.00111495
0.00103709
0.00117372
0.00105231
0.00106768
0.000947002
0.000972859
0.000874028
0.000862031
0.000840732
0.000899455
0.00112311
0.000972865
0.0010488
0.0012778
0.000906744
0.000999327
0.000892697
0.00101375
0.000998212
0.000891679
0.00106949
0.00086464
0.00109013
0.00104669
0.000993155
0.00109497
0.000890722
0.000986997
0.000896817
0.00112714
0.000955589
0.000856656
0.00115302
0.00116335
0.00100138
0.00117684
0.000857871
0.00102969
0.000864828
0.00095545
0.000931877
0.000872473
0.000878591
0.000928703
0.000973642
0.000844738
0.000891912
0.00098496
0.000863297
0.000971401
0.000896851
0.000862507
0.000852898
0.000931877
0.0009372
0.000979278
0.00116674
0.00103048
0.000889524
0.000850343
0.000936442
0.000844598
0.00098638
0.000980961
0.000878447
0.000873818
0.000913477
0.000863007
0.0010146
0.00099576
0.000968348
0.000868245
0.000941414
0.000870776
0.000895782
0.000962147
0.000917506
0.0008942
0.001134
0.00113257
0.000926825
0.000970994
0.000955616
0.000948344
0.000972365
0.000935172
0.000990605
0.00091369
0.000892956
0.000854182
0.00103656
0.000959488
0.000916401
0.000906808
0.00103127
0.000868813
0.000897263
0.000851134
0.000856927
0.000980777
0.000884947
0.00120216
0.00101517
0.00147946
0.0014687
0.00129608
0.00164533
0.00154801
0.00106043
0.00111547
0.00149806
0.00111559
0.000904639
0.000906251
0.000871626
0.000931252
0.00107205
0.000880974
0.000850886
0.00114891
0.00109571
0.000956794
0.000998921
0.00100801
0.000942003
0.000848542
0.00104786
0.000913846
0.00091835
0.000933935
0.000951148
0.000958118
0.00105449
0.000911041
0.000863846
0.000897234
0.000886945
0.00122309
0.000905456
0.000868283
0.000906919
0.000940134
0.000884359
0.00100093
0.000898885
0.00100958
0.00112551
0.000851416
0.00089124
0.00102828
0.000975498
0.000860756
0.000906998
0.00104126
0.00087907
0.000997173
0.0009032
0.000899548
0.000870202
0.000894184
0.00087275
0.000957442
0.000876791
0.000848989
0.000976072
0.00104861
0.00107565
0.00158015
0.00130175
0.00102361
0.000956589
0.000933518
0.000985047
0.000941356
0.000915789
0.000968326
0.000886522
0.000885189
0.000943291
0.000852555
0.000876874
0.00097958
0.000873235
0.000871172
0.000864765
0.00084699
0.000843558
0.00103999
0.000951945
0.000948112
0.00101472
0.000873631
0.000885908
0.000920239
0.000938243
0.000954379
0.000892487
0.00101603
0.000971361
0.000950351
0.000930701
0.00110096
0.000892053
0.000878442
0.000884455
0.000928107
0.000919413
0.000891684
0.000863762
0.000890875
0.000998369
0.0010053
0.00111072
0.00108381
0.00117694
0.00101257
0.000963774
0.000932803
0.00102897
0.000913773
0.00093157
0.00108205
0.000948279
0.00113883
0.000981948
0.000867095
0.000953662
0.00101017
0.000948353
0.000868179
0.000853121
0.000920627
0.00131252
0.0009761
0.000869632
0.00102626
0.000881954
0.000942972
0.00119161
0.0010052
0.000909372
0.000962704
0.000949331
0.00111722
0.000899393
0.0010197
0.000911655
0.000901533
0.00097713
0.000887857
0.00108345
0.000883343
0.000867498
0.000936163
0.00101406
0.000932175
0.000853124
0.000871645
0.00105467
0.000864759
0.000991939
0.0010081
0.000856889
0.000862818
0.000849234
0.000858671
0.000972846
0.00100051
0.00105402
0.000875163
0.000856615
0.000843523
0.000859484
0.00100336
0.000882628
0.000852995
0.000865338
0.000854927
0.00112914
0.000861966
0.000888669
0.00089334
0.00111148
0.000953161
0.000923404
0.000973468
0.000857224
0.000900851
0.000853944
0.000914273
0.00157952
0.00091329
0.00101003
0.0011817
0.00114379
0.000872059
0.000927656
0.000853213
0.000871397
0.00105716
0.000906695
0.00107538
0.000873067
0.000951309
0.000902518
0.000878805
0.000886898
0.000896504
0.00103279
0.00110567
0.000885313
0.0010822
0.000937953
0.00100467
0.000863566
0.000916694
0.000879719
0.000862809
0.000986702
0.000860304
0.000920319
0.000925471
0.000881137
0.00101964
0.000932236
0.000888643
0.000918318
0.000881794
0.000900509
0.00086421
0.00120252
0.000941798
0.000839589
0.000880756
0.000972657
0.000935857
0.00119864
0.00110675
0.000861374
0.000958498
0.0010388
0.00093509
0.000879995
0.000867024
0.000846724
0.000887596
0.000970072
0.000950421
0.000915314
0.000904648
0.000970111
0.00102957
0.00088265
0.000949419
0.000936263
0.000940951
0.00101705
0.000916671
0.000943254
0.000955522
0.00101829
0.000914355
0.000968475
0.00086961
0.00106031
0.000958935
0.000897017
0.000892635
0.00119092
0.00108172
0.00121069
0.00117698
0.000901903
0.00122695
0.00116698
0.00101893
0.00141741
0.0011497
0.000865491
0.000930844
0.00108468
0.000973398
0.000855064
0.00117464
0.000845158
0.000882178
0.00087664
0.000847584
0.000865012
0.000889654
0.0010167
0.00111144
0.000909617
0.000854894
0.000858059
0.000857457
0.00090141
0.000962898
0.00112284
0.000962037
0.000905136
0.000907669
0.000873263
0.00111963
0.00111391
0.000929728
0.000884175
0.000865721
0.000848469
0.000864049
0.000960297
0.000874003
0.000931967
0.00104963
0.00101587
0.00125087
0.00146317
0.00148001
0.0015149
0.00162599
0.000994424
0.00089327
0.000892895
0.00100913
0.0015178
0.000879056
0.000884554
0.000898645
0.000990438
0.00103398
0.000868529
0.000855758
0.000904531
0.000849193
0.000853255
0.000891497
0.000872594
0.000880557
0.000881427
0.00117331
0.00100283
0.000948054
0.00105181
0.000921566
0.000871274
0.000860242
0.000872714
0.00112501
0.00101203
0.000891709
0.000848596
0.000853261
0.000861158
0.000896424
0.000846023
0.000902616
0.000918639
0.000920999
0.000850069
0.000878744
0.0008587
0.000852844
0.000853211
0.000908044
0.00113181
0.000879905
0.00093481
0.00135437
0.000926303
0.000975757
0.00089614
0.000837473
0.00089636
0.000853111
0.000877312
0.00119905
0.000953871
0.00125821
0.00162024
0.001726
0.00181194
0.00122257
0.000916053
0.000905998
0.000904206
0.000884923
0.000997411
0.00105851
0.000904914
0.000866396
0.000927656
0.000906769
0.000997576
0.000869355
0.00141679
0.000907669
0.00112926
0.00119922
0.00096655
0.000878157
0.000953091
0.0012489
0.000936506
0.000863455
0.000860566
0.000933311
0.00104561
0.00100652
0.00110711
0.00107709
0.00101232
0.000889752
0.000918006
0.000900844
0.000845226
0.000925621
0.00120569
0.0008908
0.0010215
0.000944792
0.000880169
0.000916948
0.00101659
0.000854376
0.000886462
0.000856995
0.000869017
0.000939124
0.000877156
0.00091332
0.000879318
0.000951072
0.00105646
0.000963116
0.00101403
0.000902427
0.000999553
0.000867392
0.000871925
0.00117665
0.00100115
0.0011529
0.000911364
0.000986375
0.000908011
0.000965588
0.00155518
0.00105339
0.000901112
0.00091402
0.00120536
0.00107322
0.000906324
0.00133215
0.000970313
0.00109952
0.00108553
0.000848177
0.000858981
0.000872929
0.00133972
0.000957414
0.0010997
0.0010124
0.000863244
0.000908449
0.00107763
0.00114018
0.000959192
0.00102672
0.000874578
0.000923273
0.00106403
0.000861059
0.000956853
0.000991871
0.000969403
0.00116571
0.000891469
0.00090242
0.000855145
0.000867341
0.00125343
0.000993082
0.000993115
0.000936329
0.000862386
0.000898517
0.000927747
0.00132196
0.000939163
0.000921256
0.000853184
0.000924917
0.000967421
0.000888066
0.000847083
0.000871003
0.000925321
0.00139987
0.000892188
0.000864527
0.000924255
0.00086596
0.00099181
0.00158418
0.00107359
0.00090222
0.00085821
0.000904085
0.00111195
0.00143673
0.000851712
0.000956289
0.000864091
0.00102212
0.000939355
0.0009679
0.00117498
0.000974135
0.00114935
0.000906474
0.000965736
0.00086246
0.000881467
0.000848341
0.00125818
0.00109841
0.000947289
0.00100927
0.000922075
0.000920823
0.00137308
0.000973976
0.000851269
0.000894022
0.000941555
0.000952623
0.00100026
0.000913034
0.000892757
0.000905614
0.0013324
0.000848849
0.000876172
0.000986699
0.000881072
0.000956972
0.00142493
0.00110413
0.000868646
0.000871359
0.00092428
0.000905379
0.000916076
0.000846191
0.00117032
0.000966865
0.000861458
0.000879133
0.000947156
0.000936338
0.00102017
0.000950312
0.00125536
0.000902168
0.000878227
0.000938444
0.000861063
0.000932365
0.00165549
0.00102874
0.000898524
0.000922563
0.000933321
0.00106864
0.00084865
0.00110915
0.00088134
0.000913964
0.000858441
0.000886198
0.0010408
0.000909453
0.000915918
0.000979557
0.000974334
0.000968642
0.000918076
0.000880957
0.000896366
0.000869092
0.0011299
0.00133993
0.000931786
0.000894977
0.00101647
0.000879231
0.000923491
0.00115323
0.0010414
0.000887686
0.000905191
0.00095428
0.00101309
0.000866668
0.000992159
0.000858434
0.00129677
0.000969524
0.000863343
0.000858682
0.000891557
0.000953769
0.00111489
0.00116992
0.000937017
0.000911363
0.00110079
0.000937764
0.00086045
0.000949538
0.00105528
0.000898417
0.000859498
0.000887417
0.000929035
0.00103743
0.00108157
0.00111335
0.00125866
0.000945771
0.000872867
0.000943537
0.000924756
0.000903633
0.00154231
0.00104014
0.000896734
0.00100422
0.000919462
0.000929829
0.000873485
0.000898731
0.0011708
0.00110847
0.000862572
0.000947657
0.000981608
0.00103316
0.00096004
0.00124979
0.000910654
0.000874473
0.000894491
0.000871614
0.000869918
0.00101932
0.00239634
0.000889604
0.00103894
0.00110072
0.000945372
0.000907439
0.00084797
0.00125647
0.00106069
0.000853442
0.000877413
0.00097933
0.00104732
0.000909218
0.0017621
0.00092866
0.000906759
0.000861285
0.00086734
0.0011298
0.000973808
0.0013465
0.000963014
0.000884552
0.000975308
0.000961107
0.000886508
0.000977034
0.000948861
0.000911951
0.000846664
0.000978277
0.000973379
0.00097848
0.000895276
0.00118621
0.00110816
0.000926665
0.0008417
0.000863755
0.0010014
0.000983569
0.00119328
