41.6946
43.6469
43.1281
43.8591
42.9975
43.1296
42.4261
44.1524
42.8179
43.5515
43.8446
43.2904
42.2584
43.7532
40.7474
42.6038
43.1286
44.3615
43.6643
40.921
43.2196
47.6238
45.7701
44.8986
42.9904
42.7842
43.0928
42.1668
46.74
48.462
45.1396
46.1055
47.4472
40.9644
40.9966
43.6746
41.3138
40.828
43.3726
45.3907
42.0748
42.64
44.4472
45.8737
47.3639
42.5539
45.8035
45.3137
44.1479
46.4896
43.2412
46.0944
43.4629
44.6511
45.5096
49.6638
48.7304
45.1787
43.5675
43.4513
42.9191
43.3796
44.3449
44.0657
43.3873
41.5197
42.9762
42.6657
45.2658
41.5951
43.5486
42.9937
43.7701
46.0879
42.3775
43.0652
44.6038
41.1617
42.6068
41.6758
46.7308
49.9287
43.1251
44.5609
42.6974
44.2159
43.6787
48.0678
45.2467
46.3319
45.2468
47.2122
43.424
44.9114
48.1065
43.1854
45.8741
46.6414
47.222
44.7833
