46.0287
40.6291
42.4048
39.7603
42.1566
42.2564
40.6208
43.4974
42.8584
41.6034
41.0599
41.5208
42.8916
42.2679
41.0772
40.9125
47.0375
42.3668
43.2991
41.5404
41.6816
47.4336
43.1955
46.627
40.6843
41.1294
44.1999
41.9156
45.289
48.0723
46.4614
48.1482
48.0621
38.1473
41.6424
41.7907
40.6932
40.9246
41.5786
43.5286
40.164
43.069
44.0677
47.3
46.3971
42.9255
40.4958
44.1634
39.8972
44.2584
44.7326
41.3179
44.0835
44.0839
44.9434
44.734
57.0059
44.9182
42.0299
41.7171
41.9673
44.4404
43.691
44.4963
41.9685
42.3893
41.074
40.3924
41.8488
43.332
41.236
42.1183
43.7187
44.0738
42.7015
42.4912
43.9834
40.4171
41.3768
40.8077
52.0108
50.5469
43.4617
43.6017
41.544
44.0638
44.9941
45.5218
44.0095
46.2343
47.6567
48.4864
48.254
47.5948
46.9049
42.327
44.7373
49.0204
48.5653
45.9866
