21.0443
20.8247
21.6609
20.4798
21.3285
20.9367
20.4059
25.4149
20.7303
21.2824
20.9105
21.1044
20.7845
21.2127
21.0471
28.195
21.0247
20.3993
24.5474
23.8583
20.4743
22.8081
21.5239
24.8655
20.9911
21.1323
20.0602
24.2411
20.9696
20.4887
20.5641
20.9265
24.7967
20.4829
24.5998
26.5225
23.8821
21.4942
20.6702
25.9974
22.4198
21.0207
25.3377
21.486
19.8356
21.6573
21.5386
20.9672
23.3376
20.5267
20.5694
20.6547
20.8615
22.3599
21.0906
21.2593
20.8382
21.3098
20.6382
21.665
21.2249
21.4398
20.2734
20.7513
21.2645
20.4997
20.8259
21.6764
20.7422
21.2152
22.1286
20.7861
21.2897
21.9676
21.1469
21.1589
21.2522
22.2335
21.1716
21.2482
19.7676
21.3757
20.4985
21.1548
21.216
20.1155
20.9218
21.3495
21.81
20.8442
20.7029
21.5364
20.3466
20.7298
20.2386
21.0811
20.7986
21.0964
21.6236
21.1601
