0.000554841
0.000525586
0.000512746
0.000546805
0.000505087
0.000556187
0.000595413
0.000527744
0.000506048
0.000504508
0.00050581
0.000513395
0.000502714
0.000662068
0.000501138
0.000557195
0.000514476
0.000529429
0.000737871
0.000596099
0.00053995
0.000619349
0.000550909
0.000532521
0.000523563
0.000515546
0.000550176
0.000525019
0.000500781
0.000519143
0.000670022
0.000614328
0.000547828
0.000527465
0.000641032
0.000596311
0.000620158
0.000526128
0.000569114
0.000501303
0.000501648
0.00061825
0.000529335
0.000509293
0.000510961
0.000498771
0.000506519
0.000510364
0.000507819
0.000505143
0.000551897
0.000651107
0.000518481
0.000500401
0.000579767
0.000499521
0.000511197
0.000535926
0.00059582
0.00049663
0.000494884
0.000497681
0.000494029
0.000537604
0.000493003
0.000511028
0.000513716
0.000661445
0.000860751
0.000623045
0.000524502
0.000541567
0.000664705
0.000557056
0.00051714
0.000543459
0.000551348
0.000509247
0.000589957
0.000513169
0.000516944
0.000530991
0.000590115
0.000514608
0.000619528
0.000496719
0.000502485
0.000507856
0.000513716
0.000522609
0.000588267
0.000523226
0.000507589
0.000545681
0.000523873
0.000499313
0.000519702
0.000524993
0.000598518
0.000553498
0.000515611
0.000503631
0.000538759
0.000502254
0.000517871
0.000707276
0.000535979
0.000609878
0.000522174
0.000551673
0.000609057
0.000529335
0.000528156
0.00050205
0.000504654
0.000523049
0.000505073
0.000512054
0.000507959
0.000501022
0.000549191
0.000500512
0.000533581
0.000572751
0.000514545
0.000496839
0.000501763
0.000524789
0.000520548
0.000504871
0.000569852
0.000496835
0.000493139
0.00048941
0.000505712
0.000552199
0.000547277
0.000508435
0.000493733
0.000495723
0.000506343
0.000516252
0.000693389
0.000681631
0.000516256
0.000532739
0.000552485
0.000599545
0.000571772
0.000496021
0.000495538
0.000495049
0.000509944
0.000597763
0.000495537
0.000563004
0.00062621
0.000516339
0.000498293
0.000540374
0.000519745
0.000535601
0.000553375
0.000572542
0.000495158
0.000566195
0.000525976
0.000602673
0.00050081
0.000619583
0.000556374
0.000514456
0.000490264
0.000524867
0.000572519
0.000516399
0.000531552
0.000534424
0.000671263
0.000618692
0.00051371
0.000637252
0.000628972
0.000513915
0.000495893
0.000584254
0.00056518
0.000627566
0.000589882
0.000539648
0.000518735
0.000628333
0.000509005
0.000515704
0.000552304
0.000650685
0.000599606
0.00054328
0.000545469
0.000526182
0.000526954
0.000582348
0.000507758
0.000493882
0.000551888
0.000513321
0.000550137
0.000601045
0.000504613
0.000497977
0.000509026
0.000503138
0.000686716
0.000518885
0.00080024
0.00049737
0.000483697
0.000508995
0.000506266
0.000494232
0.000534046
0.00052737
0.000521539
0.000510864
0.000607448
0.000545079
0.000546723
0.0005472
0.000546808
0.000620947
0.000515716
0.000537564
0.000515044
0.000576561
0.000675532
0.000583796
0.000633017
0.000980239
0.000625858
0.000551998
0.000616645
0.000565786
0.000537171
0.000844447
0.000536878
0.000525338
0.000535284
0.000501501
0.000568303
0.000689261
0.000643993
0.000509414
0.000498705
0.00050814
0.000497914
0.000503247
0.000505301
0.00051682
0.000618442
0.000536535
0.000492328
0.000520355
0.000521463
0.00051331
0.00049513
0.000526498
0.000519659
0.000572737
0.000488466
0.000545025
0.000513579
0.000506758
0.000586401
0.000539143
0.00058314
0.000533376
0.000502555
0.00051334
0.000521069
0.000525982
0.000645169
0.000507087
0.000542854
0.00051908
0.00063295
0.000572831
0.00056437
0.000601508
0.000555737
0.000509671
0.000525395
0.000629753
0.000526144
0.000517777
0.000491933
0.000521406
0.000505133
0.000510562
0.000517223
0.000491583
0.00061372
0.000562672
0.000499216
0.000501774
0.00051191
0.000730937
0.000669058
0.00049926
0.000571297
0.000541131
0.000737647
0.000607014
0.000519083
0.000546913
0.000540499
0.000531456
0.000580398
0.000568832
0.000545876
0.000668187
0.000677674
0.00051717
0.000607907
0.000556701
0.000521697
0.000496692
0.000508938
0.000555606
0.000527822
0.000500312
0.000508448
0.000489735
0.000503797
0.000513632
0.000518933
0.000504722
0.000497413
0.000586156
0.000592913
0.000560357
0.000669722
0.000586554
0.000529315
0.000496498
0.000526894
0.000712076
0.000840649
0.000547712
0.000509544
0.000570762
0.000522468
0.000557923
0.000549784
0.00052383
0.000641412
0.000671362
0.000558521
0.00060804
0.000647979
0.000506489
0.000537306
0.000499314
0.000528065
0.00050933
0.000503185
0.000507351
0.000513935
0.000630878
0.000512439
0.000524034
0.000570317
0.000584895
0.000534469
0.000566045
0.000583092
0.000569237
0.000579471
0.000540358
0.000593083
0.000581229
0.000544268
0.000506365
0.000513023
0.000516137
0.000491314
0.000548255
0.000544387
0.000507607
0.000572126
0.000559203
0.000499402
0.000516305
0.000532268
0.000630534
0.000532606
0.000536053
0.000510234
0.000508751
0.000492731
0.000498712
0.000497931
0.0004954
0.000503858
0.000500554
0.000501771
0.000504195
0.000537925
0.000552957
0.000501754
0.000542516
0.000544238
0.000541492
0.000536947
0.000508251
0.000597942
0.000674828
0.000623514
0.000603009
0.000548504
0.000527339
0.000511897
0.000618896
0.000520676
0.000629615
0.000556188
0.000508259
0.000511186
0.00053775
0.000509539
0.000587019
0.000566061
0.000508396
0.000600578
0.000538669
0.000510608
0.000506241
0.000515962
0.000520214
0.000498844
0.000512174
0.000505178
0.00061244
0.000490289
0.000549275
0.000515733
0.000511844
0.00055086
0.000506526
0.000522402
0.00057551
0.000612721
0.000563743
0.000510621
0.000499085
0.000488026
0.000496285
0.000515638
0.000591616
0.000558252
0.00050932
0.000586661
0.000545627
0.000511558
0.000543295
0.000493037
0.000498111
0.000508474
0.000571618
0.000512778
0.00050458
0.000506295
0.000518527
0.000513441
0.000646877
0.000539482
0.000528471
0.000518663
0.000504193
0.00050429
0.000509103
0.000512814
0.000501744
0.000533985
0.00057658
0.000567085
0.0005814
0.00058403
0.000771181
0.000526047
0.000560737
0.000508537
0.000505941
0.000504366
0.000561294
0.000492383
0.000569808
0.000497451
0.000500011
0.000496077
0.000582522
0.000572214
0.000541932
0.000507743
0.000522479
0.000609901
0.000563341
0.000492225
0.000522206
0.000507471
0.000494377
0.000483401
0.000504428
0.000508057
0.000495051
0.000494128
0.000527882
0.000542177
0.000620512
0.000511832
0.000516339
0.00053805
0.000528975
0.000494329
0.000532786
0.000561107
0.000521586
0.000535486
0.000598736
0.00050663
0.000502651
0.000519473
0.000504607
0.000651574
0.000527887
0.000522078
0.000538278
0.000603541
0.000566202
0.000497764
0.000483061
0.000511266
0.000512616
0.000734991
0.000492602
0.000490835
0.000480856
0.000485923
0.000495125
0.000495964
0.000486916
0.000501026
0.000511937
0.000525447
0.000499063
0.000563117
0.000516396
0.000518811
0.000522192
0.000546082
0.000530644
0.000516908
0.000635952
0.000684753
0.000527909
0.000640825
0.000491797
0.000499381
0.000510135
0.000485282
0.000529787
0.000497333
0.000528429
0.000497308
0.000524332
0.000525021
0.000504973
0.000519399
0.000515474
0.000547408
0.000570891
0.000504628
0.000498593
0.000514808
0.000513241
0.000498412
0.000499985
0.000497839
0.000509744
0.000508759
0.000494282
0.000514842
0.000522491
0.00049406
0.000516454
0.000640401
0.000515442
0.000513798
0.000505059
0.000536731
0.000589831
0.000598763
0.000510134
0.000530806
0.000498059
0.0005004
0.000527
0.000514981
0.000564299
0.000513322
0.000524803
0.000497973
0.00051318
0.000489997
0.000499749
0.000509363
0.000505921
0.000534804
0.000517025
0.000521765
0.000499973
0.000492823
0.000489054
0.000483558
0.000485048
0.000494534
0.000519069
0.000491096
0.000540357
0.000578957
0.000555243
0.000525107
0.00062764
0.000801991
0.000570486
0.000577942
0.000787383
0.000621811
0.000495803
0.000503043
0.00050672
0.000497371
0.000556857
0.000538548
0.000508888
0.000552483
0.000503364
0.000590484
0.000495829
0.000496079
0.000519884
0.000506929
0.000587776
0.000683559
0.0007216
0.000498194
0.000487606
0.000489925
0.000493872
0.000489937
0.000510022
0.000496988
0.00050518
0.000556986
0.000599115
0.000515991
0.00050405
0.000576538
0.000515016
0.000559993
0.000547842
0.000576469
0.000536867
0.000635303
0.000498432
0.000510881
0.000510533
0.000500421
0.000631827
0.000519915
0.000517792
0.000580046
0.000544801
0.00056213
0.000503919
0.000506552
0.000508081
0.000498841
0.000517064
0.000556131
0.000516503
0.000716556
0.000546408
0.000521978
0.000514617
0.000539019
0.000544308
0.00049981
0.000510094
0.000571902
0.000642439
0.000542733
0.000507668
0.000622013
0.000505929
0.000531029
0.000656302
0.000672591
0.000520405
0.000521826
0.000507212
0.000495095
0.000531993
0.000506493
0.000681027
0.000520918
0.000510568
0.000513771
0.000518498
0.000588777
0.000523751
0.000722447
0.000583794
0.000533684
0.000497442
0.000596178
0.000733297
0.000570392
0.000509987
0.000522263
0.000524701
0.000507051
0.0004814
0.000507945
0.000506298
0.000527668
0.00051553
0.000522397
0.000667643
0.000576511
0.00055111
0.000575666
0.000600104
0.000523023
0.000519224
0.000497245
0.000505598
0.000568985
0.000498802
0.000556094
0.000563029
0.000556826
0.000512443
0.000510191
0.000579102
0.000499264
0.000492838
0.000488034
0.000506561
0.000508433
0.000512818
0.000494893
0.000568145
0.000549943
0.000581879
0.00049231
0.00049353
0.000584136
0.000506866
0.000527769
0.000526537
0.000598451
0.000504318
0.000499979
0.000506516
0.000573093
0.000490877
0.000493969
0.00052252
0.000725476
0.000508725
0.000582592
0.000488228
0.000493245
0.000505992
0.000546241
0.000530365
0.000627099
0.000546358
0.00050033
0.000641984
0.000564454
0.000494902
0.00049269
0.000496876
0.000496363
0.000526099
0.00051348
0.000511423
0.000497291
0.000555902
0.000617824
0.000524933
0.000547122
0.000507807
0.000514491
0.000526199
0.00073124
0.000623912
0.000518562
0.000504769
0.000513896
0.000518089
0.000514222
0.000529637
0.000572017
0.000629693
0.000598293
0.000505098
0.000507194
0.000505225
0.000497219
0.00055853
0.00049744
0.000498392
0.00055035
0.000553385
0.000534169
0.000715265
0.000515479
0.000490526
0.000490251
0.000492921
0.000559938
0.000493989
0.000508986
0.000498051
0.000561638
0.000609606
0.000570908
0.000529396
0.000515178
0.000512565
0.000580281
0.000552433
0.000648806
0.00063097
0.000513006
0.000720165
0.000525907
0.000490623
0.000578402
0.000537523
0.000500148
0.000619688
0.00050267
0.000548067
0.000502402
0.000503717
0.000643492
0.000577168
0.000514814
0.000585066
0.000545325
0.000505489
0.000513
0.000492365
0.000575084
0.000663837
0.00051253
0.000501524
0.000502461
0.00050768
0.000551834
0.000492432
0.000631213
0.000503119
0.000573204
0.000512471
0.000588678
0.000556283
0.000523315
0.000688565
0.000699712
0.000495559
0.000513623
0.000557622
0.000500058
0.000543271
0.00051325
0.000507715
0.000511323
0.000535642
0.000539364
0.000519204
0.000504123
0.00058924
0.000575077
0.000546763
0.000515877
0.00050515
0.000501577
0.000512195
0.000520781
0.000510028
0.000570391
0.000501602
0.000489412
0.00050945
0.000569432
0.000515544
0.000558238
0.000552131
0.000507251
0.000501912
0.000510228
0.00052486
0.000629505
0.000579637
0.000598833
0.000516795
0.000527861
0.000592489
0.000577998
0.000514584
0.00051749
0.000501448
0.00050707
0.000572458
0.000519866
0.00052736
0.000538124
0.000539779
0.000503075
0.00057876
0.000509204
0.00050902
0.00051652
0.000581444
0.000577025
0.000520168
0.000507897
0.000534409
0.000518608
0.000495275
0.000506354
0.000495426
0.000578134
0.000568611
0.000540755
0.000556908
0.000594127
0.000791512
0.000542748
0.000543678
0.00077487
0.000890415
0.000623088
0.000781788
0.000569902
0.000504133
0.000583597
0.000729267
0.000638353
0.000760733
0.000716356
0.000762408
0.000860058
0.000568895
0.000538286
0.000548085
0.000608696
0.000589267
0.000615796
0.000574012
0.000509568
0.000501216
0.00065157
0.00051678
0.000548423
0.000559812
0.000694488
0.000598207
0.000501661
0.000537533
0.000601517
0.00082239
0.000674631
0.000646358
0.000496389
0.000548625
0.000929446
0.00049881
0.000527732
0.000546124
0.000520236
0.000526898
0.000499281
0.000500804
0.000502946
0.000522118
0.000503694
0.000503535
0.000502089
0.000510085
0.000503476
0.00051238
0.000503064
0.000499591
0.000552705
0.000521075
0.000544443
0.000581599
0.000908243
0.000952193
0.000621951
0.000528721
0.000504119
0.000762753
0.000626236
0.000537337
0.000600713
0.000606796
0.000632452
0.00067548
0.000509591
0.000489963
0.00052565
0.000502781
0.000709004
0.000564757
0.000520663
0.000595376
0.000682763
0.000571841
0.000527398
0.000507521
0.000504888
0.000486231
0.00049723
0.000606094
0.000500616
0.000499769
0.000489585
0.000487593
0.000488558
0.000488637
0.000510254
0.000586804
0.000557478
0.000622737
0.000518011
0.000660782
0.000565958
0.00050474
0.000491224
0.000505956
0.000601863
0.000661032
0.000613968
0.00051061
0.000618907
0.000509402
0.000523809
0.000565119
0.000497635
0.000537345
0.000525352
0.000507135
0.000554022
0.000501409
0.000495771
0.000508425
0.000499345
0.000531508
0.000490987
0.000500521
0.000508646
0.000545117
0.000508709
0.000507014
0.000511863
0.000517128
0.00051656
0.000512104
0.000525529
0.000920156
0.000513881
0.000542039
0.000580573
0.00060962
0.000699689
0.000540002
0.000644266
0.000651003
0.0008352
0.000520849
0.000503518
0.000497778
0.000503079
0.000548313
0.000505068
0.000530525
0.000669306
0.000664165
0.000582248
0.000560674
0.000776363
0.000782611
0.000806292
0.000783332
0.000785006
0.000780361
0.000668884
0.000513657
0.000517491
0.000520133
0.000564655
0.000704258
0.000820222
0.000578004
0.000544695
0.000831697
0.00063602
0.000504286
0.000564876
0.000717426
0.000942948
0.000567212
0.000504996
0.000508079
0.000508674
0.00057407
0.000723343
0.000522929
0.000801452
0.000534019
0.000827048
0.00059658
0.000537175
0.00070031
0.000770785
0.000560563
0.000523609
0.000549304
0.000515666
0.000566188
0.000521376
0.000555055
0.000567957
0.000689191
0.000641572
0.00057339
0.000645349
0.000817265
0.000529542
0.000523766
0.000619022
0.000560628
0.000616944
0.000679757
0.000509216
0.000587173
0.000546028
0.000498732
0.000675583
0.000520326
0.000573979
0.000526805
0.000580803
0.000506419
0.000538468
0.00051821
0.000607845
0.000570398
0.000521732
0.000552216
0.000577067
0.000560324
0.000544932
0.000544042
0.000583928
0.000567128
0.000770877
0.00067193
0.00066476
0.000734513
0.000851199
0.0008194
0.000857962
0.000680765
0.000655779
0.000600779
0.00064308
0.000576106
0.000568359
0.000791355
0.000869505
0.000545018
0.000707135
0.000511249
0.000560573
0.000568802
0.00049476
0.000636984
0.000714866
0.000941498
0.000804964
0.000860863
0.00065696
0.000609609
0.000805935
0.000624561
0.000656804
0.000636759
0.000676395
0.000600946
0.000592522
0.000511041
0.000803313
0.00061907
0.000578814
0.000505709
0.000527947
0.000493497
0.000493844
0.000601009
0.000505518
0.000595105
0.000552062
0.000508576
0.000504738
0.000511608
0.000509062
0.000498084
0.000519227
0.000524091
0.000542751
0.000507111
0.000503419
0.000526987
0.000547438
0.000529527
0.000659722
0.000659267
0.000652464
0.000546761
0.000641266
0.000668821
0.000800688
0.000675664
0.000525147
0.000512247
0.000500876
0.000548514
0.000760027
0.00063007
0.000563343
0.000522376
0.000504256
0.000547067
0.000530503
0.000535388
0.000541976
0.000516332
0.000518468
0.000516432
0.000515719
0.000516049
0.000510484
0.000501873
0.000549664
0.000511588
0.000493351
0.000498089
0.000511826
0.000499542
0.000491498
0.000549456
0.00050135
0.00050793
0.000512659
0.000501733
0.000600201
0.000540998
0.000672637
0.000514316
0.000503694
0.000525573
0.00116974
0.000807866
0.000500776
0.000504205
0.000517369
0.000557275
0.000678444
0.000568778
0.000523209
0.000571416
0.000516451
0.000650129
0.000576828
0.000529059
0.000486309
0.000491513
0.000575264
0.00049423
0.0004932
0.000525122
0.000518885
0.000559308
0.000520672
0.00049165
0.000486204
0.000623188
0.000542111
0.000540978
0.000545558
0.000530703
0.000521786
0.000623516
0.000512282
0.00053231
0.000510938
0.000533342
0.000597866
0.000524292
0.000508457
0.00050188
0.000502264
0.00060884
0.00056592
0.000497857
0.000676228
0.000628449
0.000496971
0.000490376
0.00051557
0.000606673
0.000525866
0.000509657
0.000528587
0.00054373
0.000513223
0.000504235
0.000522065
0.000513923
0.000491693
0.000511453
0.000555895
0.000568336
0.000616794
0.000507991
0.000664761
0.000564531
0.000514523
0.000643384
0.000562795
0.000539429
0.000506081
0.000553475
0.00052399
0.000530274
0.000489829
0.000493127
0.000518258
0.000490977
0.000520841
0.000493145
0.000510652
0.000652012
0.00051181
0.000503637
0.000529548
0.000523723
0.00056888
0.000541248
0.000516258
0.000494236
0.000508964
0.000506494
0.000508504
0.000509869
0.000513455
0.000503232
0.000490596
0.000483389
0.000551642
0.000580605
0.000684186
0.000540408
0.000637376
0.000503971
0.000519271
0.000563473
0.000885787
0.000495197
0.000514808
0.000653361
0.000608784
0.000604974
0.000517455
0.000757936
0.000664835
0.000583314
0.000590313
0.000545231
0.000515173
0.000517073
0.000504605
0.000523557
0.000510275
0.000511379
0.000479983
0.000505592
0.00050966
0.000495691
0.000500875
0.000671518
0.000505675
0.000503545
0.000483541
0.000536871
0.000577683
0.000501808
0.000599234
0.000716734
0.000527084
0.000515752
0.000629353
0.00059097
0.000527274
0.000518345
0.000541251
0.000521895
0.000505698
0.000500633
0.000562366
0.000549568
0.00062411
0.000538487
0.000540091
0.00052117
0.000527688
0.00050584
0.000506843
0.000510039
0.000515981
0.00052411
0.000492702
0.000494433
0.000515805
0.000508323
0.000504356
0.000499786
0.000501685
0.000496276
0.000507035
0.000496974
0.000491266
0.000505594
0.000497615
0.00049943
0.00058191
0.000514601
0.000511852
0.000556436
0.0005321
0.00067144
0.000502234
0.000556441
0.000587592
0.000755874
0.000513388
0.000494486
0.000682264
0.000506268
0.000534835
0.000508501
0.000610291
0.000507703
0.000492977
0.000495131
0.000556447
0.000497521
0.000490234
0.000493718
0.000489662
0.000505602
0.000546333
0.000558857
0.000541671
0.000555543
0.000516318
0.000570768
0.000550501
0.00051762
0.00049771
0.000628298
0.000506798
0.000557428
0.000495381
0.000522784
0.000613384
0.000612254
0.00051694
0.000517622
0.00067611
0.000646635
0.000543287
0.000530835
0.000509077
0.00050454
0.00104742
0.000507384
0.00055039
0.000640598
0.000514942
0.000519631
0.000546123
0.000490118
0.000496784
0.000491236
0.000523006
0.000492062
0.000535423
0.000508071
0.000490044
0.000491805
0.00055155
0.000539767
0.000493919
0.000503718
0.000504261
0.000576705
0.000510178
0.000488146
0.00063754
0.000532811
0.000519605
0.000682424
0.000604207
0.000510903
0.000540682
0.000509569
0.000511474
0.000489405
0.000517226
0.000532542
0.000740702
0.000534047
0.000518744
0.0005551
0.000505224
0.000519643
0.00050287
0.00054112
0.000517132
0.000514148
0.000537081
0.000505622
0.000521121
0.000503963
0.000499091
0.000513487
0.000531329
0.000590467
0.000541803
0.000512763
0.000515823
0.000512391
0.00050281
0.00050409
0.000499373
0.00055336
0.000489623
0.000574809
0.000594584
0.000510173
0.000515971
0.000526457
0.000612943
0.000561286
0.000518566
0.000509892
0.000502446
0.000576856
0.000704537
0.000498331
0.000562249
0.000542448
0.000514657
0.000506999
0.000489914
0.000499046
0.000527661
0.000519471
0.000523431
0.000507092
0.000485823
0.000664278
0.000496521
0.000509801
0.00053717
0.000552433
0.000490041
0.0005111
0.000506886
0.000541053
0.000519118
0.000486155
0.000571556
0.000515804
0.000509153
0.000591213
0.000528854
0.000564258
0.000520684
0.000554718
0.000595264
0.000519491
0.000521595
0.000525485
0.000627346
0.000561907
0.000498336
0.00052847
0.000524969
0.000616247
0.000505451
0.000492422
0.000510468
0.000491277
0.000490549
0.000523393
0.000846538
0.000522531
0.00051994
0.000526193
0.000534026
0.000499366
0.000519145
0.00050751
0.000520252
0.000549525
0.000578895
0.000497192
0.000569628
0.000516231
0.000498706
0.000491048
0.000520846
0.000549168
0.00052192
0.000530508
0.000542785
0.000523601
0.000644471
0.000508942
0.000503565
0.000556999
0.000508644
0.000631719
0.000704051
0.000561841
0.00049874
0.000503071
0.00048356
0.000485552
0.000500349
0.000483973
0.000492409
0.000524755
0.000501087
0.000495885
0.000518064
0.000533438
0.000620971
0.000491359
0.000522003
0.000496365
0.000689903
0.00065388
0.000499807
0.000486439
0.000526718
0.000495302
0.000583578
0.00051886
0.000577347
0.000573738
0.000512144
0.000493432
0.000536655
0.000574844
0.000529485
0.000494596
0.000508499
0.000494265
0.00049323
0.000601495
0.000517473
0.000511085
0.000504247
0.000497654
0.000516211
0.00051226
0.000504238
0.000584521
0.000495531
0.000514232
0.000522834
0.000569769
0.000503777
0.000586967
0.000567114
0.000506797
0.000514507
0.000552655
0.000506278
0.000502779
0.000513387
0.000491184
0.000487294
0.000512628
0.000507958
0.000506479
0.000580814
0.00080977
0.00054921
0.000514207
0.00066881
0.000561132
0.000585837
0.000501029
0.000494689
0.000556005
0.000522656
0.000563827
0.000513534
0.000517055
0.00052551
0.000499911
0.000521571
0.000507122
0.000571605
0.00049693
0.000556824
0.000509216
0.0005179
0.000575307
0.000621065
0.000516216
0.000577009
0.000675596
0.000499004
0.000503052
0.000512918
0.000547126
0.000506889
0.000493644
0.000498112
0.000492743
0.000495941
0.000614644
0.000603479
0.000500963
0.000499839
0.000609517
0.000648098
0.000568178
0.000493432
0.000548005
0.000527635
0.000557247
0.000548042
0.000517679
0.000511923
0.000518989
0.00050152
0.000543838
0.000527758
0.000524498
0.00050101
0.000506211
0.000505533
0.000537289
0.000564978
0.000521106
0.000552632
0.000526023
0.000510346
0.000521225
0.000502884
0.000636419
0.000511288
0.000508318
0.000509412
0.000567699
0.00050007
0.000526922
0.000520093
0.000510848
0.000527541
0.000505203
0.000635657
0.000558295
0.000563091
0.000556452
0.000508018
0.000503254
0.000501491
0.000569509
0.000499945
0.000543084
0.000532129
0.000509466
0.000495715
0.000497138
0.000509611
0.000502913
0.000614638
0.000511255
0.000518549
0.0006202
0.000493565
0.00049497
0.000643688
0.000535404
0.000510923
0.000696689
0.000520717
0.0005099
0.000508236
0.000496582
0.000490314
0.000580759
0.000522024
0.000550228
0.000728101
0.000502486
0.000762919
0.000743606
0.000542139
0.000534539
0.000507258
0.00050376
0.000501968
0.000552334
0.000519167
0.00058038
0.000523293
0.00051699
0.000493088
0.00049204
0.000499898
0.00049436
0.0005049
0.000504726
0.000528248
0.000491948
0.000519129
0.00055376
0.00058328
0.000519137
0.000496503
0.000541926
0.000499785
0.000525156
0.000550319
0.000560983
0.000524088
0.000498213
0.000495101
0.000574103
0.00051995
0.000567092
0.000730051
0.000548958
0.000608883
0.000778854
0.000944265
0.000650281
0.000555878
0.00106352
0.000731685
0.000592729
0.000605459
0.000789763
0.000799368
0.000654171
0.000624569
0.000568895
0.000623675
0.000679402
0.000570281
0.000540161
0.000530356
0.000583656
0.000517487
0.000525287
0.000503687
0.00050993
0.000507494
0.000633679
0.00061108
0.000535026
0.00055146
0.000915178
0.000563646
0.000566053
0.00061189
0.000574239
0.000554595
0.000496921
0.000545256
0.000497008
0.00059598
0.000505715
0.00060902
0.000496656
0.000517529
0.000508209
0.000502724
0.000535831
0.000689882
0.000760117
0.000544507
0.000686744
0.000593681
0.000573395
0.000610421
0.000517314
0.000533761
0.000520305
0.000507201
0.000496898
0.000493272
0.000497012
0.000506837
0.000582528
0.000572078
0.000582617
0.000529136
0.000574075
0.000520411
0.000481527
0.000492813
0.000512408
0.00051187
0.000520914
0.000597878
0.000537584
0.000528966
0.000528706
0.000537651
0.000595698
0.000511302
0.000529503
0.00053149
0.000551402
0.000526312
0.000536602
0.000524896
0.000649041
0.000524128
0.00061194
0.000650466
0.000660276
0.0006531
0.000533615
0.000489802
0.000501158
0.000491279
0.000488804
0.000544924
0.000603636
0.000682306
0.000562018
0.000548178
0.000496514
0.000489961
0.000591995
0.0005011
0.000510449
0.000655796
0.00056293
0.000524355
0.000571907
0.00052148
0.000534099
0.000543285
0.000507991
0.000522692
0.0010323
0.000629739
0.000697889
0.000682748
0.00068252
0.000638737
0.000541305
0.000512759
0.00053497
0.000511862
0.000498288
0.000574031
0.000613302
0.000541992
0.000508601
0.000493062
0.000505215
0.000517751
0.00056587
0.000596612
0.000518008
0.000525622
0.000499213
0.000508586
0.000525046
0.000549898
0.000529176
0.0004949
0.000507328
0.000507179
0.000495157
0.000514318
0.000533257
0.000552623
0.000501567
0.000509802
0.000526832
0.000594311
0.000557532
0.000528079
0.000586852
0.000546616
0.000507183
0.000493407
0.000557456
0.000516569
0.000515427
0.000493226
0.000501044
0.00062094
0.000514478
0.000518334
0.000501311
0.000499169
0.000611693
0.000623243
0.000789959
0.000524434
0.000532001
0.000503441
0.000506914
0.000506628
0.000501885
0.000491685
0.000497675
0.000501275
0.00051166
0.000520703
0.000546187
0.00048946
0.000495008
0.000513366
0.000495518
0.000624845
0.000625826
0.000515414
0.000511336
0.000718768
0.000574243
0.000508725
0.000575126
0.000505279
0.000515442
0.000510544
0.000502517
0.000503012
0.000535521
0.00050801
0.000487847
0.000511393
0.000610507
0.000501766
0.000528939
0.000541454
0.000494139
0.000546993
0.000667487
0.000510923
0.000515786
0.000574626
0.000515755
0.000496198
0.000522048
0.000547381
0.000525107
0.000497358
0.000490458
0.000522591
0.000504077
0.00049122
0.000576938
0.000700755
0.000553344
0.000685201
0.00060462
0.000494902
0.000503643
0.000519139
0.000515
0.000495442
0.000489957
0.000629001
0.000506342
0.000565813
0.000499335
0.000495311
0.0004882
0.000581926
0.000519996
0.000518469
0.000581049
0.000596614
0.000510934
0.000491658
0.000493046
0.000510057
0.000503357
0.00048315
0.000482009
0.000495591
0.000488548
0.000495534
0.000504993
0.000509674
0.000513264
0.00054419
0.000519202
0.000493586
0.000561371
0.000656759
0.000702634
0.000621927
0.000537873
0.000595174
0.00053555
0.000579886
0.000507719
0.000612206
0.000517975
0.000585666
0.000671299
0.00051321
0.000561911
0.000604172
0.000837713
0.000639548
0.000528021
0.00051012
0.000510794
0.000501437
0.000504547
0.000506677
0.000497266
0.000501506
0.000506375
0.000763334
0.000515067
0.000494625
0.000491234
0.000504775
0.000522887
0.000745258
0.000614119
0.000698225
0.000738155
0.000526027
0.000496766
0.000506083
0.000600681
0.00050751
0.000498588
0.000492962
0.000479796
0.00059806
0.000514593
0.000538965
0.000544173
0.00050555
0.00050308
0.000508714
0.000628608
0.000512741
0.000593922
0.000539497
0.00052147
0.000496621
0.000517584
0.000531148
0.000549091
0.000516764
0.000506968
0.000539042
0.00052608
0.00051107
0.000511122
0.000529992
0.000673814
0.000489813
0.000509894
0.00065493
0.000541618
0.000792058
0.000576934
0.000569635
0.000509817
0.000505544
0.000491591
0.000490045
0.000590415
0.000521802
0.000530389
0.000581589
0.000563651
0.00059789
0.00060064
0.000521123
0.00053514
0.000515812
0.000574505
0.000681123
0.00052365
0.000497955
0.000504708
0.000539602
0.000511564
0.000521237
0.000515459
0.000500651
0.000508738
0.000523696
0.000516527
0.000528866
0.000533612
0.000514551
0.000528578
0.000565142
0.000565436
0.000574968
0.000841555
0.000528098
0.000496596
0.00049939
0.000567148
0.0005276
0.000507556
0.000545859
0.000512917
0.000490812
0.000492392
0.000491044
0.000571287
0.000514659
0.000513393
0.000530325
0.000584304
0.000574796
0.000557299
0.000550271
0.000526713
0.000496628
0.00060305
0.000488789
0.00049641
0.000523255
0.000507856
0.000485495
0.000499386
0.00050162
0.000628791
0.000529633
0.000606563
0.000515003
0.000501835
0.000787187
0.000517946
0.000491498
0.000607223
0.000515261
0.000526618
0.000513173
0.000506884
0.00051395
0.000544641
0.000543465
0.000505547
0.000519144
0.000495494
0.000498061
0.000510898
0.000505396
0.00051056
0.000567049
0.000675888
0.000535844
0.000491648
0.00057516
0.000504619
0.000633118
0.000493366
0.000494305
0.000504503
0.000580182
0.000521001
0.000494158
0.000589152
0.000663363
0.000656218
0.000537469
0.000729153
0.000521215
0.000506035
0.000501837
0.000573948
0.000516942
0.000493793
0.000508858
0.000552938
0.000547913
0.000515213
0.000604097
0.00051986
0.000492038
0.000493303
0.000543427
0.000521395
0.000509258
0.00051504
0.00057023
0.000659844
0.000514952
0.000503369
0.000506524
0.000490455
0.000516311
0.000498434
0.000503718
0.000494557
0.000493751
0.000516053
0.000502104
0.000518449
0.000507798
0.000629812
0.000498244
0.000625603
0.000632333
0.000516921
0.000496463
0.000501027
0.000538276
0.000537377
0.000548719
0.000931966
0.000516447
0.000594442
0.000495161
0.000500119
0.000497139
0.000524124
0.000740437
0.000679044
0.000539979
0.000595487
0.000556654
0.000500541
0.000517321
0.000505278
0.000573964
0.000550519
0.000531236
0.000610076
0.000504619
0.000576382
0.00061753
0.000575875
0.000500553
0.000577434
0.000690622
0.000570068
0.000755227
0.000530837
0.00051299
0.000495925
0.000560262
0.000501421
0.00049315
0.000496734
0.000533007
0.000557147
0.000546236
0.000547187
0.000578894
0.000493475
0.000527927
0.00053175
0.000511376
0.000810058
0.000636534
0.000586
0.000504724
0.000686295
0.000501665
0.000606262
0.000516925
0.000528784
0.000512841
0.000502792
0.000549893
0.000518449
0.000522046
0.000609859
0.000671171
0.000544219
0.000755443
0.000653847
0.000517689
0.000518815
0.000577816
0.000505804
0.000548966
0.000553637
0.000629305
0.000563141
0.000544009
0.00053505
0.000495224
0.000539106
0.000488064
0.000492887
0.000528832
0.000495258
0.000504099
0.000545525
0.000640894
0.000526768
0.000499202
0.000498227
0.000484936
0.000567963
0.000495405
0.000583736
0.00050998
0.000524918
0.000574878
0.000498373
0.00064136
0.000528232
0.000671041
0.00061842
0.000655969
0.000650351
0.000568949
0.000584161
0.00088156
0.000596867
0.000527499
0.000508802
0.000559254
0.000517274
0.000547119
0.000556016
0.000520359
0.000628684
0.000504258
0.000556018
0.000501703
0.000509343
0.000584531
0.000575829
0.000514971
0.00050234
0.00050409
0.000507822
0.000529439
0.000533064
0.000510355
0.000499902
0.000547287
0.000506296
0.000551791
0.000526794
0.000721136
0.000650593
0.000852756
0.000553989
0.000508819
0.000510095
0.000533232
0.000659703
0.000515796
0.000558055
0.000566116
0.000489407
0.000499885
0.000517275
0.000500891
0.000571746
0.000530481
0.000519045
0.000545959
0.000551482
0.000669768
0.000793644
0.000720696
0.000567891
0.000516618
0.000499531
0.000521559
0.000554587
0.000506108
0.00049405
0.000604796
0.000551616
0.000538634
0.000633941
0.000553474
0.000866041
0.000514048
0.000512807
0.000593085
0.00050441
0.000490768
0.000503978
0.000570994
0.000537779
0.000533792
0.000528958
0.00067598
0.00054217
0.000498528
0.000685745
0.000577233
0.000545928
0.00056362
0.000505595
0.000621387
0.000569298
0.000507693
0.000567749
0.00048218
0.000509794
0.000567319
0.000505435
0.000487216
0.000588351
0.000526571
0.000624489
0.000591506
0.000571074
0.000765572
0.000918718
0.000540361
0.000520713
0.000818798
0.000562317
0.000709137
0.000502724
0.000514311
0.000601138
0.000522429
0.000621035
0.000535906
0.000552947
0.000580613
0.000650184
0.000581761
0.000509521
0.000485851
0.000549465
0.000512882
0.000901144
0.000494826
0.000578049
0.000551894
0.000509923
0.000555509
0.000546633
0.000496821
0.000519008
0.000602351
0.000664546
0.000588462
0.000668066
0.000681623
0.000958357
0.000508614
0.000505733
0.000565565
0.000514165
0.000502958
0.000505936
0.000524689
0.00067176
0.0005428
0.00056998
0.000529619
0.000493731
0.000517471
0.000501128
0.000517978
0.000504888
0.000504239
0.000522943
0.000606099
0.000779149
0.000835696
0.000535039
0.000495502
0.000484528
0.000533359
0.000507734
0.0004977
0.000565733
0.000605026
0.000685774
0.000780644
0.000676884
0.00063434
0.000680063
0.000518535
0.000511948
0.000607048
0.000510715
0.000518589
0.000516454
0.000561634
0.000579533
0.000487852
0.000537118
0.000560662
0.000567035
0.000506551
0.000558516
0.000648103
0.000491856
0.000519161
0.00051474
0.000586339
0.000510662
0.000514248
0.000489417
0.00049317
0.000487725
0.000506031
0.000533458
0.000515483
0.000505563
0.000546939
0.00056561
0.000560971
0.000610646
0.000655733
0.000856005
0.000710159
0.000536957
0.000508002
0.000670741
0.000834659
0.000521401
0.000798893
0.000517087
0.000640341
0.000578445
0.000533037
0.000585682
0.000525064
0.000542866
0.000511948
0.000511013
0.000524228
0.000593657
0.000516944
0.000528402
0.000547077
0.00048416
0.00052556
0.000627521
0.000504567
0.000566355
0.000591013
0.000521832
0.000505542
0.000547915
0.000622784
0.000683178
0.000807818
0.000579438
0.000579368
0.00054197
0.000495997
0.000510202
0.000491554
0.000660303
0.000504711
0.000516408
0.000562642
0.000531281
0.000820116
0.000519372
0.000519539
0.000547063
0.000532009
0.000508029
0.000528088
0.000537842
0.000519365
0.00051901
0.000700451
0.000628357
0.000764517
0.000673892
0.000556925
0.000506513
0.000537299
0.000689096
0.00055744
0.000595824
0.000572476
0.000642742
0.000604425
0.000559107
0.000553383
0.00067305
0.000626255
0.000507986
0.000661494
0.00051411
0.000501324
0.000496966
0.000516841
0.000492648
0.000740694
0.000568243
0.000639304
0.000565959
0.000502991
0.000488773
0.000592856
0.000500763
0.000718665
0.000504512
0.000537393
0.000580059
0.000538385
0.000521841
0.000548676
0.000526641
0.000498288
0.000514022
0.000581256
0.000573674
0.000509328
0.000516178
0.00051003
0.000694399
0.000501176
0.000499942
0.000522604
0.000513229
0.000503679
0.000613989
0.000516746
0.000531473
0.000533068
0.000515158
0.000540356
0.000492987
0.000503242
0.000515566
0.000514044
0.000497043
0.000563281
0.000494004
0.000486454
0.000490465
0.000576162
0.000526837
0.000589019
0.000567601
0.000548072
0.000518696
0.000514254
0.000511709
0.000505835
0.000510451
0.000660768
0.000532603
0.000551268
0.000703743
0.000694179
0.000503382
0.000514007
0.000502644
0.000506282
0.00064386
0.000493558
0.000568507
0.00049021
0.000532507
0.000519882
0.000575564
0.000526923
0.000523751
0.000520661
0.00050757
0.000512426
0.000517807
0.000551049
0.000520709
0.000489898
0.000499454
0.000684196
0.000537455
0.000527363
0.00055074
0.000546686
0.000527973
0.000529394
0.000495861
0.000623727
0.000503374
0.000535496
0.000580409
0.000516479
0.000663811
0.000549616
0.000518712
0.00055715
0.000537189
0.000505955
0.000478578
0.000507399
0.000608581
0.000583397
0.000569755
0.000526617
0.000514617
0.000504153
0.000496159
0.000494011
0.000510437
0.000524255
0.00057947
0.000505212
0.000506327
0.000533616
0.000511216
0.000540289
0.000515805
0.000561764
0.000565701
0.000507439
0.000510568
0.00050216
0.000550963
0.000503378
0.000509195
0.00052689
0.000762868
0.000587943
0.000580518
0.000684953
0.000503882
0.000507025
0.000635775
0.000533621
0.000560027
0.000507027
0.000567344
0.000490292
0.000547669
0.000604702
0.000505385
0.000514227
0.000579927
0.000584581
0.000576427
0.000509092
0.000492878
0.000531742
0.000502849
0.000514875
0.000490755
0.00049867
0.00050584
0.000503046
0.000497567
0.00054202
0.000516916
0.000518756
0.000525562
0.000610417
0.00052359
0.000503531
0.000605874
0.000611226
0.000612693
0.000791309
0.000499203
0.000510825
0.000509017
0.000523565
0.000507379
0.000528052
0.000584682
0.000516091
0.000530891
0.000541449
0.000522729
0.000521652
0.000491637
0.000506884
0.000536746
0.000488062
0.000518806
0.000513157
0.000672249
0.000498701
0.000497754
0.000575325
0.000520931
0.000528364
0.000530465
0.000641106
0.000768058
0.0005364
0.000539677
0.000593556
0.000633369
0.000695951
0.000765682
0.000567321
0.000772858
0.00071147
0.000533009
0.000553789
0.00049019
0.000577443
0.00049127
0.000843053
0.000490949
0.000564004
0.000523505
0.000496142
0.000518145
0.000497305
0.000506378
0.000538005
0.000586328
0.000519244
0.000508753
0.00053966
0.000492458
0.000492011
0.000506939
0.000509943
0.000515237
0.000510067
0.000529725
0.000565508
0.000622254
0.000507147
0.000488245
0.000500616
0.000507442
0.000583487
0.00056646
0.000536144
0.000840227
0.000642167
0.000508011
0.000546091
0.00063513
0.000490487
0.0005256
0.000501514
0.000513478
0.000498685
0.000484753
0.00048635
0.000576043
0.000506292
0.000501893
0.000644994
0.000622579
0.000509574
0.000490581
0.00049291
0.000505303
0.000512307
0.000512829
0.000512622
0.000505908
0.000513516
0.000523048
0.000775952
0.000540386
0.000527706
0.000507727
0.000509804
0.000529659
0.000543465
0.000538975
0.000589075
0.00110615
0.000516425
0.000512117
0.000587337
0.00050768
0.000516674
0.00052408
0.000506544
0.000569254
0.000531558
0.000538651
0.000493112
0.000583974
0.000528404
0.000508049
0.000580961
0.000589305
0.000517775
0.000511465
0.000495046
0.000511747
0.000506179
0.000529532
0.00051422
0.000624437
0.000509952
0.000529709
0.000521991
0.000545558
0.000541206
0.000561814
0.000534113
0.000562758
0.000577915
0.000505526
0.000654979
0.000656697
0.000515472
0.000491964
0.000525117
0.000551867
0.000511629
0.000564142
0.000505632
0.000507502
0.000579094
0.000509846
0.000498928
0.000500928
0.000504404
0.000520758
0.000596115
0.000573546
0.000489856
0.000487601
0.000552621
0.000621633
0.000522202
0.000517974
0.000517436
0.000515507
0.000504744
0.000498439
0.000529713
0.000519348
0.000541935
0.000638416
0.000526095
0.000554754
0.000650827
0.000567023
0.000726258
0.000708142
0.000556347
0.000542221
0.000641183
0.000523754
0.000499361
0.000568287
0.000511836
0.000591546
0.000523212
0.000521021
0.000588199
0.00052338
0.000527612
0.000630766
0.000591968
0.000614153
0.000517077
0.000513544
0.000497895
0.000518048
0.00049921
0.00049383
0.00049645
0.000523851
0.00051724
0.000647087
0.000499274
0.000523806
0.000577204
0.000608907
0.000672541
0.000631982
0.000735241
0.000522223
0.000849228
0.000879307
0.000500435
0.000560625
0.000624241
0.000637361
0.00052895
0.000514633
0.000511813
0.000508385
0.000591255
0.000552323
0.000538523
0.000743124
0.000587133
0.00049962
0.000606517
0.000505338
0.000584156
0.000520819
0.000801654
0.000502672
0.000513672
0.000510971
0.000544384
0.000492729
0.000493874
0.000506517
0.000535404
0.00050824
0.000730736
0.000572244
0.000556141
0.000522426
0.000658067
0.0006006
0.000507588
0.000506246
0.000531784
0.000499531
0.000488092
0.000495818
0.000531429
0.000513592
0.000511163
0.000543555
0.000513895
0.000491719
0.000486529
0.000488315
0.000489107
0.000534422
0.000492452
0.000491813
0.000497093
0.000515359
0.000509772
0.000501499
0.000515336
0.000498663
0.000487332
0.000502787
0.000495661
0.000482486
0.000501308
0.000511437
0.000543973
0.000735063
0.000594461
0.000658368
0.000511006
0.000752359
0.000504178
0.000550235
0.000627741
0.000558194
0.000519293
0.000517364
0.000545589
0.000707897
0.000557079
0.000548291
0.000563521
0.00049518
0.000526798
0.000628481
0.00051418
0.00051233
0.000504362
0.000509925
0.000494944
0.000519441
0.000499132
0.000487511
0.000483176
0.000495956
0.000515156
0.000663808
0.000548323
0.000522081
0.000505056
0.000515991
0.000595106
0.000603837
0.000536691
0.000522559
0.000541484
0.000532814
0.00053394
0.000537705
0.000561505
0.000534421
0.000496546
0.000500797
0.000501977
0.000543186
0.000493361
0.000562299
0.000538848
0.0004892
0.00048863
0.000499081
0.000563859
0.000607727
0.00052345
0.00051377
0.000510684
0.000515123
0.000513434
0.000494908
0.000506659
0.000510238
0.000503564
0.00051199
0.000502564
0.000646091
0.000509145
0.000523215
0.000525293
0.000600517
0.000518903
0.0006751
0.000537545
0.000554549
0.00066646
0.000518635
0.000511798
0.000492452
0.000543173
0.00055788
0.000656059
0.000629434
0.00049002
0.000507594
0.000511994
0.000538487
0.000552444
0.000532338
0.00053185
0.000552741
0.000510609
0.000557149
0.000531731
0.000533926
0.000499273
0.000490243
0.0004878
0.000513617
0.000528753
0.000510034
0.000509139
0.000505549
0.00048717
0.000504749
0.000541632
0.000564307
0.000588403
0.000540302
0.000604506
0.000744411
0.000590513
0.000674822
0.000555485
0.000517463
0.000603979
0.000527537
0.000525825
0.000512522
0.00052448
0.000518245
0.000505133
0.000695273
0.000514321
0.000561787
0.000653604
0.000559216
0.000490855
0.000501358
0.000533935
0.000608525
0.000504761
0.000498376
0.000529753
0.000543949
0.000544957
0.000496193
0.000525461
0.000511287
0.00051079
0.000494965
0.00050632
0.000513406
0.000587198
0.000563005
0.000573619
0.000511905
0.000495598
0.00055801
0.000567875
0.000500503
0.000490182
0.000536388
0.00058516
0.000648299
0.00050573
0.000502618
0.000512419
0.000520845
0.000807491
0.000583603
0.000506026
0.000529036
0.000594361
0.000501041
0.000499243
0.000518283
0.000501631
0.000538516
0.000518848
0.000517295
0.00051364
0.000517604
0.000533303
0.000517475
0.000525179
0.000522492
0.000518919
0.000537889
0.000706532
0.000629628
0.000915477
0.000526942
0.000546636
0.000555602
0.00054765
0.000508464
0.000594752
0.000689609
0.000619785
0.000562542
0.000513852
0.000514862
0.00050717
0.000563164
0.000559258
0.000577778
0.000513955
0.000552972
0.000558286
0.000819157
0.000681577
0.000641664
0.000508565
0.000572827
0.000502996
0.000562134
0.000677171
0.000513175
0.000534247
0.000550664
0.000699679
0.000545384
0.000795284
0.000720996
0.000801169
0.000513794
0.000503912
0.000632725
0.000585794
0.000781748
0.000592773
0.000761117
0.000520959
0.000558925
0.000785321
0.000718571
0.000546093
0.000529642
0.000563756
0.000521757
0.000525255
0.000562209
0.000570402
0.00050592
0.000501993
0.000514052
0.000595389
0.000506901
0.000505663
0.00054136
0.000565843
0.000493521
0.000485796
0.000579321
0.000524739
0.000605554
0.000780306
0.000591305
0.000531666
0.000491026
0.000513398
0.000516229
0.000586068
0.00058198
0.000562309
0.000499432
0.000527281
0.000575012
0.000518184
0.000568234
0.00054342
0.000575916
0.000560555
0.000494234
0.000654588
0.000610889
0.000808562
0.000695541
0.000638527
0.000940097
0.000857392
0.000647275
0.000691989
0.000627094
0.00121164
0.000860682
0.000610713
0.000853484
0.000865583
0.000766098
0.00099986
0.00100532
0.000853289
0.000724955
0.000513813
0.000598333
0.000538598
0.000609177
0.000699026
0.00076442
0.000554433
0.000519539
0.000496433
0.000524673
0.00052311
0.000502731
0.000554564
0.000589513
0.000501873
0.000507407
0.000600121
0.00075364
0.000669725
0.00053324
0.000522546
0.000845538
0.000850147
0.00094892
0.00089445
0.000899165
0.000753608
0.000814975
0.00075229
0.000869129
0.000668653
0.000639704
0.00093242
0.0006348
0.000603328
0.000519075
0.000587313
0.000501142
0.000525213
0.000522284
0.000757641
0.000500971
0.000571571
0.00049912
0.000508388
0.000593333
0.000525698
0.000537762
0.000509154
0.000531856
0.00052524
0.000636015
0.000569531
0.00056073
0.00076429
0.000764797
0.000548062
0.000525431
0.000656579
0.000503638
0.000557591
0.000534799
0.000516472
0.000498093
0.000644839
0.000534049
0.00060368
0.000573482
0.000489281
0.000565377
0.000522031
0.000581218
0.000505317
0.000538489
0.000531134
0.000639139
0.000522888
0.000504537
0.000576057
0.000602869
0.000568209
0.000568551
0.000691903
0.000540623
0.000731814
0.000593886
0.0006469
0.000791891
0.000886018
0.000784526
0.000543951
0.000666724
0.000703136
0.000669088
0.000575839
0.000552352
0.000594467
0.000615456
0.000570439
0.000808542
0.000549662
0.000504304
0.000504939
0.000500227
0.000514341
0.000513423
0.000511006
0.000500863
0.00053087
0.000554157
0.00049817
0.000517947
0.00052897
0.000650447
0.000510594
0.000636695
0.000792026
0.00055646
0.000514925
0.000558697
0.000520486
0.00068431
0.000563806
0.000528284
0.000540031
0.000594077
0.00053898
0.000491181
0.000580411
0.000509424
0.000563541
0.000667813
0.000514318
0.00055733
0.000519174
0.000503245
0.000525347
0.000510698
0.000500356
0.000491293
0.000528534
0.00049745
0.000559241
0.000559255
0.000704656
0.000505034
0.000512214
0.000505923
0.000528211
0.000515377
0.000491671
0.000513093
0.000651479
0.000485307
0.000489663
0.000520263
0.000503915
0.000517053
0.00052138
0.000511581
0.000557271
0.000621692
0.000527309
0.000506616
0.000526086
0.000504618
0.000505176
0.000615059
0.000521914
0.000526565
0.000524231
0.000485831
0.000524239
0.000535343
0.000526916
0.000499651
0.000502711
0.000490934
0.000502859
0.000490706
0.00052985
0.000622008
0.000500755
0.000503311
0.000518535
0.000512131
0.000533724
0.000817421
0.000554702
0.000544992
0.000528597
0.000495395
0.000648967
0.000601924
0.000701247
0.000527533
0.000511297
0.000773488
0.000516555
0.000550905
0.000533505
0.00054455
0.000514992
0.000560992
0.000505739
0.000516686
0.000539897
0.000585017
0.000534029
0.000522115
0.000491905
0.000494227
0.000514698
0.000655751
0.000491357
0.000509627
0.000487267
0.000497439
0.000512895
0.000605215
0.000500176
0.000519139
0.000528031
0.000519518
0.000519586
0.000520009
0.000502186
0.000516057
0.000520412
0.00051054
0.0008371
0.000646167
0.000629939
0.000557868
0.000827305
0.000612597
0.000551841
0.000506947
0.000514597
0.000508277
0.000511691
0.000597366
0.000546362
0.000528253
0.00050032
0.000570311
0.000491869
0.000501015
0.000510323
0.000562011
0.000553437
0.000527198
0.000507077
0.000502336
0.000693533
0.000575608
0.00056999
0.00052586
0.000631154
0.000546053
0.000554867
0.000497084
0.00049987
0.000495742
0.000529665
0.000540225
0.000519866
0.000580572
0.000504491
0.000523218
0.000577662
0.000548386
0.000765276
0.000494722
0.00063026
0.000588006
0.000531982
0.000787216
0.000550362
0.000544247
0.000512722
0.000582552
0.000514263
0.00051174
0.000502781
0.000504571
0.000525367
0.000508419
0.000502514
0.000495204
0.000659763
0.000522515
0.000692204
0.000729778
0.000496555
0.000531496
0.000508348
0.000538942
0.000602848
0.000507381
0.000517526
0.000518012
0.000696267
0.000660546
0.00066807
0.000505838
0.000568127
0.00052806
0.000513893
0.000520022
0.00054294
0.000500748
0.000586849
0.000507574
0.000511519
0.000533841
0.00049524
0.000496241
0.000494929
0.000494034
0.000494915
0.000569915
0.000516957
0.000484516
0.000603167
0.000495354
0.000520082
0.000512935
0.000540157
0.00051189
0.000491407
0.000540188
0.000521937
0.000494009
0.000557058
0.000511045
0.000513045
0.000535753
0.000514083
0.000493401
0.000625471
0.000504226
0.000534239
0.000509996
0.000526437
0.000715722
0.000520084
0.000503585
0.000523029
0.000538332
0.000617583
0.000512912
0.00054658
0.000550156
0.000504489
0.000510619
0.000484784
0.00050085
0.000538435
0.000510437
0.000498929
0.000518026
0.000521046
0.000511684
0.000503533
0.000607188
0.000519652
0.000515638
0.000555063
0.000500053
0.000501481
0.00057186
0.000613096
0.000495868
0.000505475
0.00054044
0.000493136
0.0005102
0.000501629
0.000506944
0.000855425
0.000603592
0.00056457
0.000740396
0.000511979
0.000532753
0.000737323
0.00050218
0.000615092
0.000934021
0.00064561
0.000512392
0.000608573
0.000591821
0.00056623
0.000572576
0.000538937
0.000583787
0.000613252
0.000635694
0.000882684
0.000740557
0.000826911
0.000625714
0.000550961
0.000499684
0.000512304
0.000523934
0.000792498
0.00052594
0.000577277
0.000525179
0.000576913
0.00060696
0.000523622
0.000798323
0.000646823
0.000519286
0.000503006
0.000535497
0.000483213
0.000498151
0.00056232
0.000545948
0.000502219
0.000498905
0.000514303
0.000520213
0.00051299
0.000504737
0.000503588
0.000587598
0.000510337
0.000512537
0.000514917
0.000516168
0.00102077
0.000547037
0.000511337
0.000712986
0.000499032
0.00048855
0.000514789
0.000502656
0.000562372
0.00054014
0.000609332
0.000507771
0.000516265
0.00059805
0.000607206
0.000565937
0.000501872
0.000498097
0.000544794
0.000495123
0.000539802
0.000508272
0.000547829
0.000548281
0.000509485
0.000508414
0.000503789
0.000551785
0.000514888
0.000508509
0.000509316
0.000507658
0.000499411
0.000531058
0.000550796
0.000505269
0.00051063
0.0009305
0.000507495
0.0005049
0.000502685
0.000505237
0.000510535
0.000499313
0.000498055
0.00057314
0.000582464
0.000569654
0.000673641
0.000529319
0.000602879
0.00057707
0.000516375
0.000505531
0.000511983
0.000522781
0.000716994
0.000501546
0.000564974
0.000669394
0.00051274
0.000506423
0.000515453
0.000507352
0.000505494
0.000523467
0.00049831
0.000504697
0.000507026
0.000600859
0.000520111
0.000503544
0.000584607
0.000519192
0.000497934
0.000512241
0.000520501
0.000668209
0.000512837
0.000507714
0.000506804
0.000511101
0.000563459
0.000541554
0.000563435
0.000644563
0.000897378
0.000689147
0.000501954
0.000507055
0.000583759
0.000850097
0.000493088
0.000523577
0.000497819
0.000565852
0.000502778
0.000549867
0.000498516
0.000513062
0.000525899
0.000488127
0.000487043
0.000492474
0.000538214
0.000508664
0.000526804
0.000702422
0.000513647
0.000533565
0.000616792
0.000514735
0.000522607
0.000516376
0.000499375
0.000485366
0.000500957
0.000524217
0.000554353
0.000572918
0.000572783
0.00055378
0.000641129
0.000579784
0.00050322
0.000488672
0.000491393
0.000487388
0.000513878
0.000531696
0.000500056
0.000540033
0.000495967
0.000493079
0.000517937
0.000496189
0.000490374
0.000639957
0.000508943
0.000568583
0.000815165
0.000530856
0.000520683
0.000721948
0.000508433
0.000506503
0.000507624
0.000521779
0.000499972
0.000495296
0.000496111
0.000531563
0.000499024
0.000579246
0.000539793
0.000632429
0.000680519
0.000506061
0.000595815
0.000620327
0.000658574
0.000508806
0.000533728
0.000514619
0.000666401
0.00058531
0.000514745
0.000520999
0.000504939
0.000502379
0.000498044
0.000504249
0.000505391
0.000507027
0.000511235
0.000511614
0.000539593
0.000564461
0.000521718
0.000504778
0.00050468
0.000511384
0.000498898
0.000567439
0.000501658
0.000497832
0.000516708
0.000505381
0.000497754
0.000618639
0.000495282
0.000555335
0.000572529
0.000567054
0.000584031
0.000548601
0.000546382
0.000694417
0.000511549
0.000525115
0.000499255
0.000502434
0.00050219
0.000547371
0.00049949
0.000532843
0.000506346
0.000514316
0.000526557
0.000483568
0.000507426
0.0005095
0.000501295
0.000573598
0.000519681
0.000593879
0.000788491
0.000528276
0.000518979
0.000628448
0.000583301
0.000523804
0.000519152
0.000505046
0.000503021
0.000486683
0.000507671
0.000502225
0.000502293
0.000501949
0.00118965
0.000518381
0.000738575
0.000525418
0.000498823
0.000487638
0.000504175
0.000500282
0.000586993
0.000495594
0.000540773
0.000543004
0.000549342
0.000617211
0.000511468
0.000555569
0.000524528
0.000537478
0.000532731
0.000526682
0.000517191
0.000511922
0.000757568
0.000593063
0.000526535
0.000568855
0.00051922
0.000494617
0.000503796
0.000502435
0.000507596
0.000524717
0.000506856
0.000617732
0.000506507
0.000564192
0.000744974
0.000570794
0.000744996
0.000516568
0.000570434
0.000628906
0.000584096
0.000503493
0.000766613
0.000531818
0.000511577
0.000515431
0.000628368
0.000508825
0.000535611
0.000516403
0.000532246
0.000534925
0.000549578
0.00074707
0.000621773
0.000618005
0.000520631
0.000520655
0.000484692
0.000536212
0.000499396
0.000644376
0.000506415
0.000527377
0.000501207
0.000514769
0.000509218
0.000507566
0.000522182
0.000550829
0.000653962
0.000501549
0.000510769
0.000521597
0.000575763
0.000491814
0.000489317
0.000522214
0.000508961
0.00071437
0.000515636
0.0005299
0.000519445
0.00050487
0.000496063
0.000498144
0.00049338
0.000515728
0.000690919
0.000745287
0.000728795
0.000665971
0.000540498
0.000524708
0.000596743
0.000699477
0.000508849
0.000612784
0.000570153
0.000508222
0.000659209
0.000638144
0.000502142
0.00050722
0.000501526
0.000574211
0.000583297
0.000492544
0.00059238
0.000519714
0.000508183
0.000597994
0.000497547
0.000560046
0.000484842
0.000509069
0.000594028
0.000493372
0.000494251
0.000491609
0.000511015
0.000558686
0.000789118
0.000568089
0.000591093
0.000511235
0.000501783
0.000584304
0.000491617
0.000495492
0.000515523
0.000500447
0.000698368
0.00056734
0.000529508
0.000515939
0.000516503
0.000576205
0.000507953
0.000488151
0.000594198
0.000575981
0.00058807
0.000625747
0.000531515
0.000507374
0.000521793
0.000508015
0.000604191
0.000519663
0.00049965
0.000511589
0.000514227
0.000556292
0.000525592
0.000606284
0.000599847
0.000534831
0.000926631
0.000515488
0.000677
0.000520964
0.000524226
0.000495909
0.00053807
0.000532578
0.000529904
0.000512979
0.000648852
0.000504536
0.000509268
0.000564071
0.000578579
0.000496613
0.000508461
0.000636819
0.000518088
0.000512712
0.000951606
0.00067143
0.000508863
0.000495084
0.000511587
0.000557668
0.000570115
0.000511427
0.000514184
0.000499154
0.000498161
0.000504639
0.000494309
0.000491458
0.00054835
0.000588079
0.000605157
0.000578607
0.000730862
0.000503778
0.000544933
0.000506664
0.000671653
0.000499445
0.000500853
0.000504877
0.000548903
0.000558415
0.000520087
0.000516016
0.000549982
0.000498507
0.000563311
0.000542006
0.000501334
0.000611794
0.000668805
0.000513388
0.00054729
0.000510812
0.000491402
0.000490903
0.000500497
0.000494205
0.000500544
0.000515996
0.000515712
0.0005533
0.000610651
0.000497103
0.000512829
0.000560254
0.000605618
0.000613521
0.000576355
0.000506668
0.000516347
0.000510865
0.000494196
0.000672129
0.000494312
0.000587716
0.000522461
0.000499883
0.000509226
0.000564281
0.000561268
0.000508835
0.00052819
0.000651592
0.000608909
0.000526796
0.000506396
0.000593541
0.00049188
0.000500496
0.000497773
0.000500251
0.000509448
0.000533127
0.000535785
0.00049523
0.000491718
0.000514302
0.000501241
0.000513771
0.000541706
0.000619811
0.00056706
0.000519797
0.000777151
0.000550317
0.000508709
0.000555259
0.00051267
0.00050944
0.00051039
0.000489263
0.00052466
0.000507809
0.000515857
0.000553891
0.000499886
0.000501604
0.000519773
0.000509089
0.00051355
0.000542174
0.000495834
0.000690336
0.000570305
0.000509861
0.000527861
0.000550606
0.00052607
0.000615784
0.000517913
0.000506675
0.000547421
0.000531421
0.000512114
0.000501706
0.000543545
0.000853964
0.000554702
0.000737514
0.000563137
0.000522087
0.000605636
0.000540294
0.000522874
0.000514878
0.000560546
0.000499736
0.000516126
0.000520395
0.000524801
0.000496322
0.000530377
0.000615253
0.000505006
0.000494505
0.000501709
0.000506922
0.000566064
0.000528439
0.000522777
0.000509879
0.000527664
0.000529139
0.000544872
0.000505932
0.000520798
0.000539483
0.000510112
0.000499833
0.000507915
0.000686278
0.000572403
0.000579473
0.000602214
0.000583247
0.000658109
0.000505342
0.000506531
0.000529035
0.000504696
0.000535783
0.0004866
0.00050423
0.000491413
0.000484106
0.000501775
0.000539735
0.000491656
0.000504667
0.000495889
0.000629531
0.000518241
0.000520437
0.000519091
0.00063885
0.000556811
0.000553338
0.000511218
0.000496881
0.000498853
0.000498352
0.000500233
0.00050481
0.000511891
0.000502722
0.000505737
0.000516372
0.000500069
0.000507702
0.000705947
0.000502195
0.000561711
0.000603119
0.000492258
0.000517811
0.000582175
0.000511726
0.000550597
0.000509379
0.000531016
0.00051775
0.000547419
0.000512957
0.000523605
0.000521977
0.000521621
0.000517395
0.00059603
0.000515857
0.000550098
0.000541938
0.000654682
0.000578282
0.00050865
0.000495725
0.00049377
0.000513574
0.000486713
0.000494407
0.000497701
0.000537431
0.000536276
0.000483695
0.000496332
0.00064551
0.000821743
0.00057792
0.000573474
0.000586113
0.000515933
0.000506248
0.000492061
0.000541647
0.000507079
0.000499602
0.000611428
0.000541401
0.000493955
0.000502957
0.000523906
0.000563663
0.000527871
0.000513254
0.000579103
0.000619575
0.000507428
0.000519595
0.00058375
0.000688947
0.000521565
0.000499085
0.000492534
0.000520976
0.000503436
0.000511515
0.000619111
0.000495144
0.000491743
0.000510346
0.000520251
0.000544335
0.000710672
0.000599057
0.000526843
0.000654514
0.000525352
0.000499985
0.000500012
0.000505329
0.000515698
0.00050738
0.000500201
0.000546563
0.00049235
0.000526362
0.000496735
0.00057151
0.000518904
0.000493532
0.00060164
0.000553366
0.000504974
0.000497696
0.000495673
0.000497406
0.000542557
0.000516698
0.000505973
0.000509788
0.000522294
0.000506036
0.000495296
0.000523684
0.000506538
0.000492369
0.000509748
0.000506167
0.000555206
0.000739632
0.000547366
0.000573911
0.000543674
0.000529902
0.000486554
0.000519036
0.000610957
0.000534223
0.000507282
0.000582732
0.000507512
0.00053111
0.000503579
0.000498167
0.000531124
0.000490856
0.000504628
0.000574279
0.000657951
0.000498561
0.000519458
0.000545931
0.000500983
0.00053857
0.000510715
0.00051249
0.000511569
0.000514386
0.00049988
0.000518013
0.000516864
0.000512762
0.000513099
0.00057678
0.000533302
0.000566726
0.000533666
0.000730931
0.000568544
0.000519105
0.000531434
0.000539387
0.00052283
0.000493393
0.000492698
0.000547088
0.00049174
0.000585665
0.000524722
0.000570556
0.000511622
0.000507957
0.000506942
0.000572328
0.000520312
0.000586976
0.000518464
0.000519607
0.000506166
0.000527148
0.000509164
0.000497551
0.00050024
0.000498583
0.000684859
0.000511166
0.000498343
0.00059902
0.000529364
0.000511578
0.000521183
0.000667138
0.000594212
0.000655871
0.000853813
0.00050624
0.000541402
0.000504608
0.000518793
0.000499508
0.000515569
0.000499123
0.00059602
0.000535009
0.00050561
0.000532698
0.00052956
0.00053054
0.000507226
0.000508126
0.000512961
0.000502466
0.000499042
0.000496385
0.00049347
0.000640592
0.000525881
0.000624423
0.00057639
0.000514073
0.000511823
0.000522325
0.000508988
0.000583302
0.000507989
0.000531925
0.000618097
0.000824487
0.000559309
0.000699891
0.000560081
0.000489582
0.000542066
0.000510689
0.000549756
0.000495608
0.000565267
0.000549946
0.000544894
0.000512772
0.000499444
0.000508812
0.000497915
0.00050782
0.000657657
0.000540524
0.000516364
0.000544996
0.000521814
0.000497225
0.000535404
0.000547703
0.000504569
0.000780156
0.000668566
0.000534886
0.00051335
0.000487828
0.000512158
0.000624484
0.000550378
0.000546403
0.000889473
0.000602307
0.000634409
0.00054926
0.000565357
0.000497954
0.000505228
0.000531289
0.000496019
0.000492879
0.000577981
0.000499159
0.000500659
0.000630797
0.000502213
0.000491352
0.000492131
0.000628918
0.000521597
0.000511236
0.000507708
0.000507479
0.000490597
0.000492619
0.00049293
0.00050678
0.000589233
0.000547903
0.000490569
0.000600669
0.000511589
0.000522834
0.000519995
0.000542267
0.000519183
0.000497334
0.000614142
0.00145982
0.000632636
0.000521582
0.000488348
0.000494794
0.00050353
0.000496187
0.000505187
0.000490285
0.000641378
0.000513605
0.00053043
0.000505657
0.00048752
0.000497309
0.000502437
0.000544374
0.000611394
0.000541034
0.000497972
0.000514108
0.000516204
0.000641743
0.000558144
0.000581683
0.000535807
0.000518182
0.000510258
0.000492271
0.000497698
0.000485075
0.000540558
0.000558539
0.000493622
0.000501484
0.00128754
0.000533992
0.000721619
0.000490956
0.000492282
0.00052477
0.000576991
0.000494952
0.000510887
0.000673102
0.000584669
0.000552429
0.000529323
0.000499801
0.000492698
0.000488783
0.000490071
0.000576619
0.000570514
0.000511994
0.000572044
0.00053959
0.000490423
0.000509176
0.000587447
0.000509145
0.00055055
0.000533587
0.000512009
0.000576947
0.000510472
0.000516467
0.000597645
0.000551098
0.000577434
0.000567953
0.000604424
0.000714713
0.000518171
0.0005016
0.000488473
0.000513733
0.000523916
0.000516947
0.000528704
0.000575485
0.000502387
0.000490142
0.000523285
0.00051205
0.000498952
0.000494155
0.000487047
0.000619558
0.000575364
0.000527344
0.00050883
0.000509229
0.000509468
0.000503596
0.000504375
0.00051451
0.000511129
0.000559444
0.000688177
0.00051846
0.000618894
0.000507734
0.000494997
0.000527816
0.000576817
0.000550404
0.00055252
0.000740967
0.000515051
0.00055789
0.000505172
0.000503249
0.0005093
0.000512601
0.000599921
0.000510978
0.000648912
0.000510247
0.000512373
0.000506396
0.000575977
0.000527269
0.00050093
0.000555216
0.000558577
0.000497031
0.000491435
0.000495079
0.000517777
0.000483107
0.000509795
0.000489029
0.000500833
0.000540609
0.000597407
0.000512337
0.00057406
0.000501329
0.000492645
0.000500736
0.000670868
0.000543809
0.000649782
0.000749552
0.000751398
0.000547055
0.000586876
0.000496175
0.000513744
0.000515942
0.000526254
0.000531041
0.000530132
0.000508126
0.000505006
0.000529356
0.000501857
0.000493441
0.000569687
0.000578901
0.000522302
0.000578551
0.000770767
0.000516185
0.000496284
0.000487931
0.000501161
0.000492222
0.000549947
0.000605495
0.000626079
0.00051509
0.000528277
0.000507015
0.000523851
0.000523026
0.000574794
0.000643042
0.000553559
0.000592861
0.00063541
0.0005194
0.000498642
0.000597656
0.000565969
0.000557034
0.000521227
0.000513195
0.000506434
0.000587709
