15.2162
18.036
14.3342
14.4163
14.4039
15.4061
13.9561
14.7801
14.8048
14.3424
14.083
13.8574
14.9242
14.4197
14.7226
14.1379
14.5344
14.1599
15.2009
15.0021
14.4163
13.4132
14.3733
14.732
14.1439
14.0791
14.6198
15.1684
14.0959
14.9313
14.7515
14.2635
15.1243
14.1103
14.3478
14.4263
15.0562
14.1228
14.4529
13.6812
14.034
14.92
14.0574
14.546
14.288
14.1249
13.8882
14.1453
14.3474
14.4485
14.5477
15.2008
13.86
14.6338
14.459
14.2519
20.1839
21.4265
21.8061
20.4209
14.4947
14.239
14.782
15.5136
14.1431
14.3916
14.0522
14.5469
14.1833
14.197
15.3469
14.8074
14.4318
14.1531
13.8688
14.2354
14.012
14.4
14.3586
14.4306
14.6354
13.5958
15.0568
14.0902
13.8469
17.7987
14.2866
14.8218
14.4788
13.8163
14.0711
15.4979
15.4231
14.5199
14.6766
14.1079
13.6506
14.4724
14.4062
14.0362
