24.8068
28.4847
27.3543
25.4513
25.2413
25.8217
25.1254
25.1221
24.2949
24.2753
25.1438
24.4936
24.9992
24.2757
24.9627
24.6513
24.0901
25.9691
23.8025
24.4148
24.0024
24.3549
23.9062
24.4998
24.1389
25.0283
24.1008
24.7643
27.7794
23.7809
23.873
28.1554
26.9208
30.3695
25.4075
24.9965
24.0424
25.7986
25.3117
25.6322
25.4093
28.5806
26.1848
25.6791
26.3455
25.3366
27.3561
28.0625
25.3738
30.4622
25.3172
25.9817
24.9035
26.0498
27.031
26.0642
24.7794
26.3851
25.6998
37.9184
26.6983
25.0606
26.1423
26.712
26.5303
25.3339
25.0913
25.9021
25.9741
26.2105
26.4513
23.8945
24.892
26.2834
25.054
29.7371
29.2661
27.2435
24.4276
25.2813
30.8185
24.1397
26.6368
24.3111
23.516
25.4274
24.4258
25.8709
24.2775
25.6316
68.9043
24.9386
24.1441
24.5203
24.9665
25.0508
25.032
24.8409
25.3201
24.5933
