14.713
19.1855
20.8728
15.8051
15.4148
15.2547
15.9352
15.5437
14.8789
15.5973
15.6727
16.0857
15.1352
14.5498
15.431
15.5794
15.012
16.5068
15.5628
15.3262
15.7523
15.5139
14.7048
14.4946
15.0879
15.6391
14.8386
14.659
14.6431
16.1112
14.7671
20.2254
18.3643
20.9158
14.8307
14.654
15.4266
15.6091
16.8735
15.6765
15.2319
15.8248
15.8467
15.5751
16.0547
16.1178
18.7777
18.8403
15.6755
18.1195
15.6693
15.2089
15.3142
15.2793
15.734
15.0012
16.098
15.4755
16.0903
24.3471
18.5771
15.2509
18.8642
16.7984
16.9514
16.3414
15.96
15.4041
15.3453
20.9587
15.6211
15.5441
15.0515
15.7068
14.7782
14.9811
14.7777
15.3203
15.0974
16.0528
15.687
15.3635
17.8549
16.2259
15.2035
14.9748
15.3413
15.4481
17.1259
15.6977
127.252
15.08
14.8611
15.6421
14.6623
15.772
15.0537
15.426
15.6775
14.8632
