18.1754
17.8333
18.3325
19.0909
18.7257
18.331
17.8329
19.317
17.9812
18.0177
18.121
18.6025
18.8483
18.7961
18.5183
18.5804
18.6123
18.6352
18.1265
17.7678
18.6239
19.1936
19.2393
18.9263
18.6407
19.4342
20.9156
18.6303
17.4655
25.5168
18.2516
18.1446
19.4654
18.0014
18.6021
18.2532
18.1196
18.6596
18.4596
18.3112
18.2848
23.1226
19.0155
23.9297
21.704
22.621
18.2075
22.7259
17.7123
18.9389
18.1433
19.2986
19.1576
18.5126
18.6807
21.6309
20.4486
19.5383
19.9967
18.4296
19.6128
18.5156
19.7103
18.4825
18.4561
17.5794
18.9632
18.0842
18.6164
18.8422
19.9561
19.5514
18.678
19.0466
19.1509
18.486
17.4949
18.1657
18.39
18.1455
19.6141
24.523
20.4578
19.6021
19.0546
17.6729
20.034
18.5894
18.1155
17.8473
19.3553
21.7427
23.4055
19.763
24.7419
18.5326
17.4866
24.1903
19.0873
19.0044
