3.01492
2.50139
2.55291
2.55798
2.62856
2.93667
2.87107
2.80613
2.69681
2.56131
2.52991
2.57993
2.95827
2.52077
2.54099
2.52654
2.57489
2.49186
2.60257
2.81673
2.88151
2.45804
2.53141
2.60295
2.69977
2.69041
3.26032
2.72578
2.81462
2.50227
2.53544
3.88968
3.41517
2.71449
2.54871
2.57417
2.61162
2.48382
2.50331
2.86117
2.68929
2.907
2.64167
2.55886
2.50424
2.53499
2.49398
2.518
2.87733
2.58815
2.61719
2.46031
2.56093
2.53223
2.59252
2.507
3.53736
2.53964
2.86295
2.59757
2.61742
2.70687
2.60368
3.54014
2.51773
2.51064
2.787
2.51405
2.67308
2.54648
2.91502
2.64668
2.74279
2.64576
3.26163
2.59105
2.862
2.80564
2.7779
2.51934
2.55834
2.55751
2.58808
2.86197
2.54462
2.62272
2.52929
2.63223
2.66691
2.71172
2.54692
3.89492
2.49855
2.46338
2.5266
2.67131
2.62705
2.65264
2.85258
2.55593
