12.3392
12.8518
12.1913
13.9771
12.0187
11.915
11.6732
11.7239
12.0845
12.254
11.9473
11.5383
12.5212
11.7114
11.4709
15.9483
12.0389
12.268
12.6301
13.5964
12.2323
19.2
12.9026
11.7293
18.4291
16.9541
12.9631
11.6867
12.8889
11.6324
14.3668
11.9081
11.905
12.3255
12.1489
11.861
11.9882
12.7076
12.5315
11.6706
12.8788
11.7771
12.937
11.8506
14.9789
11.5919
12.0508
16.5762
12.7214
11.839
12.1249
12.5975
11.9748
12.3646
13.6569
12.846
12.3195
11.5099
12.1195
12.8738
11.8956
12.0521
11.9266
12.261
11.881
11.4804
12.8017
12.1045
11.8671
12.1157
12.1635
12.1627
11.6794
12.5874
12.1569
11.8546
12.3939
12.8317
17.8177
13.4573
12.4939
18.2183
11.6124
16.5904
12.1874
11.4889
12.9862
14.4758
11.7145
11.9446
11.6081
11.6498
15.9889
14.1709
14.3101
11.5712
18.4029
11.7349
12.4751
12.4546
