1.79461
1.79163
1.88664
1.86958
1.91037
1.78162
1.75338
2.02433
2.04626
1.87829
1.772
1.75799
1.72611
1.80142
1.79868
1.82946
1.79268
1.8306
1.72143
2.22677
1.78744
1.89515
1.77785
1.82592
1.79842
1.9023
1.85567
1.68422
1.92797
1.76052
1.94374
2.66258
2.09274
1.83798
1.83295
1.87904
1.89166
1.84218
1.76144
1.92001
1.70605
1.78922
1.75191
1.98046
1.99119
1.8629
1.75157
1.87436
1.8512
2.01719
1.97697
1.7892
1.74536
2.03875
1.77109
1.76544
1.86761
1.86219
2.73878
1.9109
1.77111
1.71253
1.71421
1.79991
1.73773
1.7435
1.71997
1.76237
1.80242
1.8697
1.78851
1.84037
1.76169
1.89644
1.85456
1.97
1.72276
1.79292
1.78285
2.0582
1.68155
1.78717
1.73378
1.77287
1.72001
1.78031
1.89993
1.73939
1.86191
1.77395
1.87524
1.7877
1.78804
1.90559
1.69754
1.77306
1.84902
1.75982
1.85624
1.89071
5.32732
5.23391
5.28399
5.44185
5.40328
5.26215
6.66593
5.28646
5.54433
5.49625
5.3676
5.35816
5.34608
5.20058
5.36233
5.69215
5.11105
5.4109
5.25614
5.62168
5.9312
5.40877
5.75698
5.74329
5.73945
5.08237
5.11828
5.20334
5.54174
5.23749
5.8563
5.77675
5.47
5.49969
5.31881
5.59342
5.13943
5.0583
5.51027
5.18191
5.40017
6.15379
5.41187
5.45588
5.22243
5.41897
5.42044
5.66781
5.57921
5.12208
5.50062
5.24555
5.56265
5.15191
5.4554
5.10882
5.15305
5.25775
5.67821
5.30295
5.16168
5.21345
5.57752
8.01576
5.79803
5.44364
5.2181
5.30611
5.17047
5.40158
5.27499
5.66089
5.91055
5.27515
5.61802
5.6998
5.49923
5.34427
5.74556
5.7556
5.0573
5.81632
5.17583
5.14255
5.2268
5.28438
5.55019
5.84702
5.15055
5.22482
5.21843
5.19236
5.74974
6.21627
5.60515
5.4388
5.39374
5.29255
5.43273
5.79567
9.32703
8.91882
9.75718
8.88705
9.80325
9.26609
9.75802
12.5775
9.3408
8.95905
9.56788
9.62491
9.54866
9.58335
8.9769
9.04534
9.04405
9.66908
8.94562
11.044
9.38559
9.42292
9.3399
8.88698
9.60792
9.04368
9.38175
9.41428
9.03764
9.10966
9.15949
14.4849
9.81155
8.9466
9.75992
10.1646
9.74118
9.92751
9.43097
8.92988
8.78045
9.33169
9.28152
9.27979
9.11238
8.78908
9.46058
9.03327
8.9389
9.40396
10.0738
9.57199
9.08107
9.4233
9.1511
12.403
9.01038
8.88397
9.28264
9.05204
9.38258
9.54314
10.363
9.08655
9.42301
9.30755
13.5087
9.74752
10.6259
9.26697
14.6925
13.6531
12.0105
10.7051
14.0681
9.92664
9.27403
9.1681
9.5744
9.31064
9.79499
9.06869
9.44343
9.32183
8.94805
10.3583
10.2023
11.9936
9.65633
9.70971
10.2891
9.49085
10.224
14.7121
9.71961
9.67985
9.82763
9.24736
9.45501
9.28275
14.0039
13.6895
13.9083
16.2611
13.2316
13.3537
14.1407
13.952
13.1075
14.411
13.8122
13.9424
15.7059
13.0385
13.467
13.0589
14.7143
16.5882
14.4618
15.7271
14.271
13.4781
14.0371
13.7209
14.537
13.2569
14.3712
14.0475
14.4227
13.1549
14.216
12.7253
14.1212
13.9835
13.2604
14.0836
13.4877
14.6405
13.6045
15.4615
14.7573
13.2714
13.6191
14.307
13.5149
14.895
13.953
14.7651
14.2331
14.6344
13.8657
14.1121
12.9958
13.7173
13.6364
13.493
14.0069
15.2426
14.832
13.8062
14.5333
13.3952
13.6704
14.8054
14.2412
15.7218
14.3087
14.4507
14.321
14.0136
13.1468
14.0538
13.7038
13.7653
15.6609
14.385
14.3432
13.1881
17.7999
13.9796
14.0586
13.6502
13.8442
13.3072
18.7211
13.4221
15.6947
15.6026
14.0102
13.7936
14.1234
18.8008
16.776
13.5206
15.3835
16.6109
13.6288
14.0616
15.6517
17.3402
17.2338
17.3223
17.8874
21.3871
19.1674
18.0567
22.1811
18.2258
18.3723
19.574
20.7204
17.0413
18.7274
18.835
18.4789
18.5543
19.3975
18.6139
18.9887
19.2975
18.6618
19.5319
18.048
19.0373
19.5179
21.827
19.3224
18.3137
21.736
18.878
17.9775
20.7956
18.8686
19.2626
18.2345
18.4819
18.8429
18.2435
18.6766
19.4707
18.077
18.6718
17.6731
18.5132
18.1376
18.3803
20.0209
24.9219
17.4902
19.5085
17.6871
18.6486
17.1114
17.0343
18.3237
17.6913
17.6045
17.3502
17.7022
18.3453
20.4762
20.9529
17.6415
18.7196
23.418
17.1172
16.989
17.4748
18.4289
24.967
20.0861
22.2487
18.8501
18.8951
17.2088
17.6771
19.0907
17.0089
19.7727
17.3496
18.8403
18.1317
18.1969
17.9116
17.227
18.1038
17.4508
18.4647
17.1481
18.98
96.5093
17.4706
19.8336
17.5477
17.5401
17.153
18.9313
17.3356
17.4444
17.4878
23.5108
29.5959
20.8164
21.9723
26.2475
23.3994
23.0815
21.6402
21.1251
22.721
22.0224
27.1359
26.1941
21.83
22.4365
26.9963
28.4043
27.6735
23.5183
22.2932
29.1901
27.3466
27.5659
25.7733
22.0839
22.684
22.3437
22.9158
22.3697
21.7612
22.7967
22.3289
22.6283
22.6879
21.7176
22.5102
25.1128
22.7913
22.9181
22.5502
22.0889
26.5829
21.7973
21.8189
23.1654
21.6758
21.9169
23.1941
22.4618
22.6609
21.8006
28.1204
22.2688
22.0158
21.9424
27.6627
22.0309
27.6989
27.1845
22.9502
22.7031
22.0987
21.8575
25.1603
22.2068
21.6925
23.8396
22.0151
23.9624
27.6694
23.1432
22.244
22.1403
22.3264
22.2348
23.0773
22.9339
22.9645
22.9586
35.9362
22.2067
24.0666
22.3263
22.2179
21.9973
22.3644
21.8924
22.4227
22.674
23.5552
22.8699
26.9614
23.3712
23.8557
21.9627
22.0026
26.1725
26.1528
23.2957
26.456
