19.719
18.8123
20.2176
19.1784
19.8058
20.0637
19.8692
19.4216
19.0026
21.4526
19.0135
25.3538
26.0855
25.6127
20.0895
29.0287
24.8489
18.8566
19.6768
21.1748
25.5979
26.0956
25.5978
20.2197
23.4276
20.1837
25.7521
20.9553
25.418
23.1799
22.8251
18.7385
19.1639
22.7433
20.878
20.0288
19.6073
24.5026
25.4456
18.8075
19.4681
20.8729
19.813
20.3679
20.292
24.12
19.8123
21.713
21.685
19.0993
24.9065
20.5503
18.7416
20.0083
19.6553
25.1323
20.7564
19.911
19.9228
19.7698
20.1059
19.9036
19.5033
19.9461
18.7255
18.9256
19.7771
21.5391
20.1559
18.9581
19.5444
19.6887
20.177
20.455
19.4591
20.3879
20.5434
19.8962
20.2614
19.8487
20.7748
19.6401
20.6341
19.7623
21.0533
19.4389
20.3322
19.0411
19.6755
20.2541
62.7356
19.6457
18.9558
19.7601
20.0356
25.9167
19.0311
19.1286
19.0672
19.1134
