31.2914
29.3915
29.8492
29.7157
29.9597
30.1124
29.4436
30.4204
30.5228
29.9348
29.9882
29.0971
30.8986
30.1468
29.4588
29.3209
34.402
29.3448
29.8254
31.5954
30.5306
32.1021
31.2195
31.5089
30.1197
30.6619
31.7991
29.733
34.4588
28.8911
34.5425
35.3807
34.26
35.0074
29.6926
28.601
28.7534
29.4892
30.6604
34.5893
29.4509
29.8608
29.9237
28.4234
30.9566
30.6168
34.4528
29.114
28.592
30.2178
29.7581
34.2236
31.0231
30.3807
31.7309
43.9962
32.5846
31.9198
30.3029
29.1874
30.6262
31.3101
29.8119
29.2648
29.4234
30.4029
30.4947
30.0195
31.2264
31.7308
32.0429
30.6596
32.4818
32.0752
31.3392
29.9805
30.1636
29.5299
29.1208
29.9435
36.656
31.423
32.6161
31.8076
30.0757
30.1605
30.1053
35.533
29.8838
30.6526
32.359
32.3165
29.7492
32.9251
30.3454
30.0225
34.554
32.9723
35.6434
34.327
