6.15051
6.05731
5.93269
5.70756
5.59603
5.52368
8.66776
8.43121
5.69285
5.68834
5.68246
5.71656
5.77324
6.04725
6.01095
5.78431
5.82429
5.90442
5.84905
5.92528
5.87209
5.75957
5.81276
5.85479
5.9268
6.51659
5.9779
5.97562
5.79562
5.95312
6.39425
5.87854
6.16507
6.15175
8.78993
5.64179
5.67844
5.74794
8.50831
5.83006
5.90998
5.6989
5.82235
5.64365
5.7455
5.60348
7.4016
8.15467
8.69619
5.82242
6.66478
5.83956
5.90639
6.91018
5.63399
6.12494
5.94449
7.99239
5.56709
6.40205
5.70298
5.83642
5.6582
5.76772
5.87533
5.69592
5.96866
5.9423
5.70276
6.2503
5.94484
5.74499
5.85754
5.66009
5.91286
5.64903
5.95933
6.93267
5.88815
6.01666
7.10767
6.00923
5.61646
5.76821
6.28828
5.84534
5.71473
5.76656
6.01657
6.21982
6.48286
5.92378
5.95122
5.80893
6.03239
5.90595
5.75662
6.11079
6.19998
5.74931
