0.000599366
0.000716242
0.000618428
0.000618808
0.000619505
0.000569015
0.000573118
0.000578682
0.00056047
0.000588336
0.000564948
0.000615303
0.000581189
0.000715475
0.000671913
0.000658326
0.000568183
0.000585527
0.000914812
0.000686818
0.000608315
0.00055575
0.0005812
0.000573197
0.000625291
0.000568608
0.000583965
0.000562331
0.000571413
0.000616704
0.000558012
0.000563499
0.000560643
0.000555989
0.000726033
0.000888812
0.000898657
0.000795857
0.000595162
0.000708992
0.000663798
0.000573811
0.000713513
0.000627149
0.000614032
0.000684843
0.000719614
0.000850008
0.000612312
0.000626345
0.000668951
0.000632537
0.000584752
0.000732367
0.000575959
0.000617637
0.000605954
0.000619037
0.000613844
0.000557653
0.000601204
0.000567513
0.000555514
0.000562806
0.000569169
0.000601495
0.00062281
0.000595485
0.000798416
0.000578188
0.000675286
0.000613364
0.000656744
0.000584993
0.0005682
0.000776138
0.000579993
0.000594978
0.000565556
0.00063204
0.000571437
0.000865891
0.000836738
0.000831054
0.000749232
0.000616972
0.000566901
0.000585588
0.000703847
0.000582443
0.000632486
0.000590767
0.000615509
0.0005622
0.000611835
0.000568503
0.00055561
0.000570567
0.000627099
0.000578316
0.000705244
0.000686084
0.000564658
0.000603407
0.000575641
0.000592047
0.000565641
0.00061514
0.000614538
0.000552155
0.000574678
0.000621407
0.00069212
0.000567833
0.000651197
0.000668832
0.000879612
0.000599163
0.000584941
0.000600267
0.000563452
0.000731286
0.000583334
0.000633308
0.000610838
0.000573168
0.000683656
0.000596543
0.000601014
0.000876655
0.0008778
0.000898623
0.000939282
0.000618772
0.00094999
0.000730695
0.000639093
0.000718813
0.000689462
0.000608891
0.000840527
0.000643916
0.00078993
0.000615708
0.000661953
0.000768961
0.000653068
0.000590329
0.000731266
0.000909886
0.000875999
0.000961946
0.000658727
0.000863378
0.000656797
0.00058928
0.000882797
0.000570892
0.000806955
0.000673192
0.000565493
0.000886947
0.000575696
0.000599786
0.000899144
0.000745692
0.000708741
0.00111149
0.000880921
0.00103437
0.000788246
0.00090497
0.000575318
0.000621134
0.000706314
0.000566391
0.000762433
0.000576638
0.000630944
0.000651726
0.000671023
0.000559547
0.000579071
0.000651924
0.000653281
0.000588508
0.000733481
0.000804722
0.000565103
0.000811279
0.000606424
0.000601801
0.00059615
0.000556636
0.000586368
0.00059777
0.000610495
0.000773035
0.00068158
0.000775692
0.00118928
0.000722526
0.000565842
0.00057236
0.000721622
0.000598802
0.000624269
0.000675709
0.000719339
0.000734352
0.00058735
0.000578596
0.00056054
0.000660321
0.000907636
0.000813199
0.000575448
0.000882313
0.000647346
0.000576596
0.000665271
0.00059865
0.000595569
0.000777378
0.000595254
0.00056886
0.000961433
0.000870487
0.000710216
0.000750247
0.000616025
0.000842832
0.000628396
0.00059004
0.000589604
0.000553955
0.000780825
0.000628149
0.000581385
0.000584339
0.00069557
0.000556932
0.000568235
0.000717986
0.000829616
0.000638724
0.000580162
0.000563796
0.000697325
0.000582756
0.00067388
0.000591134
0.000561859
0.000599358
0.00072603
0.000621376
0.000671983
0.000672464
0.000579659
0.000842919
0.000564496
0.000790866
0.00068006
0.000896866
0.000610283
0.000597284
0.000595259
0.000688048
0.000582042
0.000566987
0.000669387
0.000591184
0.000564792
0.000728078
0.000701462
0.000584307
0.0005637
0.000562283
0.000561745
0.000622174
0.000567106
0.000618693
0.000929094
0.000802795
0.000859599
0.000607544
0.000558558
0.000574059
0.000623845
0.000594052
0.000563799
0.000558622
0.000631368
0.00061871
0.000589776
0.000629733
0.000634885
0.000558252
0.000623469
0.00056704
0.000628553
0.000632998
0.00062378
0.000711519
0.000674772
0.000625599
0.00058894
0.000795144
0.000788709
0.000611958
0.000667947
0.000568077
0.000553521
0.000563463
0.000607405
0.000571928
0.000613362
0.000695573
0.000569879
0.000586228
0.00061044
0.000565081
0.00065668
0.000608095
0.000581942
0.000698271
0.000576553
0.000574194
0.000568758
0.000578666
0.000585377
0.000598703
0.000563785
0.000586549
0.000561777
0.00060779
0.000595934
0.000594502
0.000559433
0.000596323
0.000581709
0.000572998
0.000640063
0.00055998
0.000626227
0.000741725
0.000655972
0.000717683
0.000591386
0.000750597
0.00128105
0.000625086
0.000613474
0.000655582
0.00073338
0.000961618
0.00058365
0.000768772
0.000834334
0.000926186
0.000922652
0.000913979
0.000752755
0.000585191
0.000996699
0.000652463
0.000587251
0.00060171
0.000603329
0.000630235
0.000579164
0.00083046
0.000838904
0.000845204
0.000905533
0.000685935
0.000659444
0.000576707
0.000796041
0.000596715
0.000571673
0.000621107
0.000568125
0.000646347
0.000700403
0.000700422
0.000571275
0.000614303
0.000593013
0.000560824
0.000559987
0.00056416
0.000607453
0.000562244
0.00056748
0.000563364
0.000554994
0.000566011
0.000654059
0.000674526
0.000651271
0.000744313
0.000617667
0.000668378
0.000666027
0.000684743
0.000570067
0.000596516
0.00060847
0.000583294
0.000612382
0.000581106
0.000906525
0.000603822
0.000683339
0.000580684
0.000584191
0.000646498
0.000603912
0.000657756
0.000641174
0.000600563
0.000576068
0.000606422
0.000579283
0.000574975
0.000578719
0.000616982
0.000561007
0.000553136
0.000554551
0.000655183
0.000588133
0.000571646
0.000610478
0.000601556
0.000617382
0.000644785
0.000573989
0.000603505
0.000567996
0.000559549
0.000598049
0.000576103
0.000569044
0.00058257
0.000937785
0.000585985
0.000626066
0.000572821
0.000576978
0.000584952
0.000631958
0.000586686
0.000591206
0.000611308
0.000562809
0.000631106
0.000575381
0.0005792
0.000575583
0.000564301
0.000557817
0.00054905
0.000611944
0.000597457
0.00055929
0.000573777
0.00080109
0.000621409
0.000614128
0.000603278
0.000559422
0.00070287
0.000633297
0.000598567
0.000605696
0.000603394
0.000565571
0.00064746
0.000593193
0.000639532
0.000575184
0.000612389
0.000649218
0.000676555
0.000563116
0.000640018
0.000572206
0.000641527
0.000571206
0.000563016
0.000598933
0.000647257
0.000564032
0.000586141
0.000818325
0.000900755
0.00096608
0.000867012
0.000934011
0.000759319
0.000589517
0.000589454
0.000742688
0.000789121
0.000663213
0.00094214
0.000644382
0.000743569
0.000741846
0.000792633
0.000578599
0.000756741
0.000639802
0.000573223
0.000650235
0.00072451
0.00070953
0.000565701
0.000620812
0.000581459
0.000601776
0.000618918
0.000612264
0.000622013
0.000773833
0.000619058
0.000610825
0.000670239
0.000651644
0.00057114
0.000661119
0.000599233
0.000635742
0.00070443
0.000678523
0.000600333
0.000612998
0.000636716
0.000649113
0.000580252
0.000628425
0.000602173
0.00070884
0.000682126
0.000837491
0.000676337
0.000644392
0.000579204
0.000642316
0.000582706
0.000707484
0.000601884
0.00056464
0.000579376
0.00060494
0.00060292
0.000593354
0.000582144
0.000604289
0.000642013
0.000590353
0.000601161
0.000599612
0.000654524
0.000595336
0.000812306
0.000694754
0.000888893
0.00065588
0.000650522
0.00067949
0.000626017
0.000740418
0.00058603
0.000559563
0.000607216
0.000616379
0.000556363
0.000647573
0.000692328
0.000657939
0.000800096
0.000655371
0.00061715
0.000574917
0.000903212
0.00075633
0.000744642
0.000609431
0.000590362
0.00105703
0.000614255
0.000591785
0.000709369
0.000602908
0.000581415
0.000597891
0.000779891
0.000789009
0.000692921
0.00074588
0.000644744
0.000659099
0.000717585
0.000667018
0.00057732
0.000624254
0.000697513
0.000581124
0.000634549
0.000575386
0.000583529
0.000568624
0.000583858
0.00066621
0.000563592
0.000574043
0.00058291
0.000654138
0.000632734
0.000607626
0.000632336
0.000579923
0.000602841
0.000767332
0.000631651
0.000592227
0.000618867
0.000604999
0.000727341
0.000916449
0.00062316
0.000704003
0.000752238
0.000917619
0.000600032
0.000565135
0.000632666
0.000572137
0.000623134
0.000659846
0.000570704
0.000580371
0.000657934
0.000586364
0.000570945
0.000558516
0.000561294
0.000558741
0.000590849
0.000567688
0.000621889
0.000796344
0.000574444
0.000556875
0.000564906
0.000622818
0.000673227
0.000579394
0.000563431
0.00060464
0.000660715
0.000635749
0.000655135
0.000595983
0.000566121
0.000932398
0.000711554
0.000572266
0.00061974
0.000625859
0.000583322
0.000647252
0.000646722
0.000567823
0.000565812
0.000561422
0.000655676
0.000585484
0.000571617
0.000561627
0.000568542
0.000580643
0.000575888
0.000574761
0.000581244
0.000679428
0.000608315
0.000609128
0.00061068
0.0006474
0.000586225
0.000640593
0.000573071
0.000620456
0.000592939
0.000638548
0.000727372
0.000574222
0.00065848
0.000624644
0.000773461
0.000566411
0.000577538
0.000570722
0.00061966
0.000614658
0.000557559
0.000654138
0.000577504
0.000563781
0.000564284
0.000582421
0.00056673
0.000564616
0.000579415
0.000735738
0.000720249
0.000598279
0.000701849
0.000637754
0.000565731
0.00056356
0.000573399
0.000597792
0.000578303
0.000766696
0.000571154
0.000567747
0.000860404
0.000824628
0.000715774
0.000911311
0.000667278
0.000600218
0.000650273
0.000610018
0.000576082
0.000628533
0.000798656
0.00094768
0.000586588
0.000558882
0.00062018
0.000577738
0.00058371
0.00061581
0.000704179
0.000713356
0.000684687
0.000742164
0.00056627
0.000568102
0.000644545
0.00077122
0.000595414
0.000568121
0.000595916
0.000857441
0.000868312
0.000969256
0.00116186
0.000723313
0.0010479
0.000582587
0.000616688
0.000597319
0.000585289
0.000740009
0.000826035
0.000716732
0.000640353
0.000848616
0.000681503
0.00059418
0.000633842
0.000567303
0.000580116
0.000669624
0.000576486
0.000576076
0.000733716
0.000581655
0.000580906
0.000559899
0.000606666
0.00060196
0.000587131
0.00061982
0.000715419
0.00067586
0.000625488
0.000925114
0.000717709
0.000617195
0.00058065
0.000681435
0.000578659
0.000671368
0.000565528
0.000595148
0.000563906
0.000597686
0.000637983
0.000676148
0.000656722
0.000815982
0.000777546
0.000606963
0.000727932
0.000589835
0.000598448
0.000689622
0.000609767
0.000617876
0.000571763
0.000561458
0.000579127
0.00103803
0.000615491
0.000837561
0.000904794
0.000739712
0.000834795
0.0010309
0.000582795
0.000618029
0.000590641
0.000557486
0.000683565
0.000790338
0.000656219
0.000604467
0.000571872
0.000661636
0.000667688
0.000688378
0.000619684
0.000581039
0.000706462
0.000577238
0.000595084
0.00057788
0.000719418
0.000620119
0.000616277
0.000580662
0.000620269
0.000644763
0.000690264
0.000623725
0.000711305
0.000764797
0.000840804
0.00057556
0.000638696
0.000661792
0.000569106
0.000602926
0.000620818
0.000637843
0.00057078
0.00079817
0.000727479
0.000601505
0.00065835
0.000734697
0.000622544
0.000758206
0.000816467
0.000815044
0.000590589
0.000788199
0.000649385
0.000663505
0.000828334
0.000617249
0.000678206
0.000769828
0.000853158
0.00099211
0.000983834
0.000969997
0.00091707
0.000708936
0.000627944
0.000590986
0.00059168
0.000723941
0.000638234
0.000577447
0.000613482
0.000659569
0.000635165
0.000749346
0.000658207
0.00062057
0.000732584
0.00080095
0.000757479
0.000565926
0.000574222
0.000600423
0.000731445
0.000679706
0.000648684
0.000664301
0.000610673
0.000603676
0.000619023
0.000700711
0.000638189
0.000673194
0.000837333
0.000672731
0.000630343
0.000591754
0.000646357
0.000597511
0.000629544
0.000629995
0.000582475
0.000700196
0.00055714
0.000607978
0.000787553
0.000568321
0.000578841
0.00070931
0.000565623
0.000568051
0.000717744
0.000687955
0.000589185
0.000623123
0.000763575
0.000587602
0.000663233
0.000563175
0.000801724
0.000586279
0.000713758
0.000668747
0.000689039
0.000638481
0.000648644
0.000602464
0.000582956
0.00056086
0.000604795
0.000566634
0.000590877
0.000595777
0.000580693
0.00056264
0.00056492
0.000554903
0.000565135
0.000620647
0.000579916
0.000580958
0.000911759
0.000569097
0.000571098
0.000632136
0.000573978
0.000570074
0.000564766
0.000569951
0.000677087
0.000589702
0.000583638
0.000589834
0.000577171
0.000634132
0.000759232
0.000638692
0.000562885
0.000568852
0.000660074
0.000644834
0.000581373
0.0006175
0.000583275
0.000582707
0.000697811
0.000572203
0.000563003
0.000607628
0.000563897
0.000579719
0.000552652
0.000639925
0.000607876
0.000565532
0.000586693
0.000560851
0.000555764
0.00055142
0.000559477
0.000560764
0.000559395
0.000591504
0.000597097
0.000718494
0.000574597
0.000568638
0.000596552
0.000586881
0.000730209
0.00067638
0.00068493
0.000623345
0.000654292
0.000815342
0.000608488
0.000579653
0.000574197
0.000623012
0.00063373
0.000563615
0.000612947
0.000609711
0.000567622
0.000560404
0.000693802
0.000631916
0.000614176
0.00068724
0.000664152
0.000570221
0.000558653
0.00056738
0.000673742
0.000560466
0.000570836
0.000559972
0.000743898
0.000582886
0.000602609
0.000858603
0.000895722
0.00058548
0.000586443
0.000568339
0.000669915
0.000910351
0.000801183
0.000597114
0.000591296
0.00068198
0.000652238
0.00059949
0.000652731
0.000683358
0.000661727
0.000650819
0.000706633
0.000906536
0.000630348
0.000585843
0.000703742
0.000690977
0.000645447
0.000754698
0.000706222
0.000603053
0.000560674
0.000563096
0.000603956
0.000602834
0.000694067
0.000637738
0.00101745
0.000747491
0.000663426
0.000938893
0.000685816
0.000724725
0.000567439
0.000630316
0.000592957
0.000822092
0.000970098
0.000576583
0.000744259
0.000717452
0.000853443
0.00080227
0.000568398
0.000588995
0.000584574
0.000643549
0.000675404
0.000730221
0.000666232
0.000625448
0.00065129
0.000615003
0.000660288
0.0010734
0.00091841
0.000913384
0.000652307
0.000734716
0.000771135
0.000610515
0.000628522
0.000565867
0.000563873
0.000653823
0.00061123
0.000626539
0.000654381
0.000627427
0.000722686
0.000721348
0.00059644
0.000606992
0.000746638
0.000625557
0.000588539
0.000569793
0.000569823
0.00055893
0.000595746
0.000566776
0.000600052
0.000692922
0.000691092
0.000567636
0.000628611
0.000675712
0.000627993
0.000587088
0.000590211
0.000654107
0.000628339
0.000580518
0.000564691
0.000817118
0.000608143
0.000690031
0.000560074
0.000648191
0.000640429
0.000605466
0.000571855
0.000619252
0.000583167
0.0005668
0.000682699
0.000561434
0.000599605
0.000578697
0.000579234
0.000577101
0.000581935
0.000560384
0.000614758
0.000591692
0.000585729
0.000559248
0.000642312
0.000629227
0.000578743
0.000597963
0.000613062
0.000566368
0.00066504
0.000765331
0.000601155
0.000573387
0.000573656
0.000574499
0.000557127
0.000690771
0.000584126
0.000600064
0.000617696
0.000710444
0.000724866
0.000733356
0.000602322
0.00057583
0.000625503
0.000574524
0.000617297
0.000613504
0.000567338
0.000625491
0.000562568
0.000562075
0.00056711
0.000560129
0.000582622
0.000585523
0.000870886
0.000582735
0.000753602
0.000932512
0.00061037
0.000785372
0.00089969
0.000563153
0.000558516
0.000572305
0.000574761
0.000651587
0.000655321
0.00067096
0.000712875
0.000599769
0.000585603
0.000711448
0.000559536
0.000554436
0.000596446
0.000557884
0.000621225
0.000626723
0.000652017
0.000590722
0.000585856
0.000600464
0.000559527
0.000569503
0.00057797
0.000619768
0.000669932
0.000566879
0.000623407
0.000760715
0.000561329
0.000575005
0.000648151
0.000607108
0.000576134
0.000615823
0.000711778
0.000571734
0.00060542
0.000588215
0.000834346
0.000917164
0.000694833
0.000789314
0.000886495
0.000789682
0.000573202
0.000575639
0.000823934
0.000869184
0.000777884
0.000766087
0.000583474
0.00063809
0.000558926
0.000643775
0.000576532
0.000620895
0.000785714
0.000824727
0.000636359
0.000587888
0.00063353
0.000575278
0.000582137
0.000560849
0.000572239
0.000646813
0.00060606
0.000611646
0.000643379
0.000585969
0.000565608
0.000691216
0.000562836
0.000573787
0.00065901
0.000629465
0.000562329
0.000563985
0.000635299
0.000653524
0.000605576
0.000607719
0.00056867
0.000718085
0.000600897
0.000656384
0.000682776
0.000558221
0.000591985
0.000727665
0.000618298
0.000679282
0.000998532
0.000790789
0.000570694
0.000570079
0.000571066
0.000557386
0.000677511
0.000639461
0.000690519
0.00056893
0.000627538
0.00056958
0.000584562
0.000615576
0.000574192
0.000631929
0.000592631
0.000562924
0.000554283
0.000564785
0.000670407
0.000558819
0.000562277
0.000567108
0.000611473
0.000606795
0.000612991
0.000593886
0.000605545
0.000595536
0.000582031
0.000652896
0.000670192
0.000602487
0.000598978
0.000650376
0.000641563
0.000563558
0.00055973
0.000583115
0.000570269
0.000690482
0.000609595
0.000578235
0.000568797
0.000632988
0.000697562
0.000563942
0.000563257
0.000632344
0.000565122
0.000565553
0.00057016
0.000604455
0.000570031
0.000561524
0.000565164
0.000572913
0.000570806
0.000560334
0.000650895
0.000604926
0.000562679
0.000613948
0.000614288
0.000621079
0.000825319
0.000568757
0.000588776
0.000631444
0.000825502
0.00057541
0.000611742
0.000568973
0.000582295
0.000608441
0.000586768
0.000652124
0.000571723
0.000569839
0.000667706
0.000569186
0.000561289
0.000610733
0.000564553
0.000629156
0.000608791
0.000562192
0.00055895
0.000577666
0.000551379
0.000566426
0.00057732
0.000624109
0.000736391
0.000727414
0.000592454
0.000867025
0.00059899
0.000647845
0.000671546
0.00056665
0.000572471
0.000605728
0.000649984
0.000573698
0.000591313
0.00058002
0.000613716
0.000681003
0.000609951
0.000596874
0.000580184
0.000640743
0.000590381
0.000706264
0.000572686
0.000660312
0.000602666
0.000564384
0.000605927
0.000608788
0.000608898
0.000569241
0.000597308
0.000576911
0.000550302
0.000732655
0.000745129
0.000628479
0.000580681
0.000550044
0.000579227
0.000629703
0.000885014
0.00064101
0.000612118
0.000811061
0.00070801
0.000564294
0.000563439
0.000567815
0.000583789
0.000576426
0.000649661
0.000649598
0.00086825
0.000584618
0.000704239
0.00063853
0.000561038
0.000710107
0.000677271
0.000629261
0.00055912
0.000560552
0.000976381
0.000647943
0.0005627
0.000785008
0.000724288
0.000723903
0.000577106
0.00061919
0.00060999
0.000618946
0.00079405
0.000569409
0.000588213
0.000671471
0.000634087
0.000581103
0.00059381
0.000609659
0.000601678
0.000774498
0.000661175
0.000683998
0.000916909
0.000563709
0.000559596
0.000598249
0.000566968
0.000570377
0.000556632
0.000585981
0.000617576
0.000604837
0.000561604
0.000572985
0.000558236
0.000562313
0.000567539
0.000607223
0.00055906
0.000562991
0.000598991
0.00055995
0.000563358
0.000566996
0.000622201
0.000620765
0.000628575
0.000607811
0.000694615
0.000591272
0.000598738
0.000577842
0.000636701
0.000662824
0.000651357
0.000595305
0.000749092
0.000585742
0.000570427
0.000558848
0.000590164
0.000571704
0.000549775
0.000566309
0.000571172
0.000568693
0.000571766
0.000565604
0.00056617
0.000599746
0.00059915
0.000633419
0.000637847
0.000572539
0.000560242
0.000565841
0.000578194
0.000569153
0.000572182
0.000616922
0.000636993
0.000577931
0.000567977
0.000879604
0.000619118
0.000563408
0.000574258
0.000596789
0.000602318
0.000667445
0.000627722
0.000631122
0.000615945
0.000556972
0.000556034
0.000560091
0.000561191
0.000566167
0.000559704
0.000564904
0.000566226
0.000563977
0.00059538
0.000672337
0.00060904
0.000676071
0.000785619
0.000584572
0.000570739
0.000653667
0.000590906
0.000633661
0.000648282
0.00057354
0.000658643
0.000733899
0.000611504
0.000646763
0.000736493
0.00056407
0.000556175
0.000566571
0.000708845
0.000602934
0.000585013
0.000709976
0.000583954
0.000574559
0.000640221
0.0005685
0.000566559
0.000732101
0.000587875
0.000635941
0.000573831
0.000595067
0.000710728
0.000580942
0.00060547
0.00076759
0.000746217
0.000558374
0.000578735
0.00056897
0.00055877
0.000563528
0.00058187
0.00059945
0.000604987
0.000620175
0.00057618
0.000676776
0.000656037
0.000699044
0.00058764
0.000622442
0.000589151
0.00073484
0.00062276
0.00057046
0.000576433
0.000625292
0.000605947
0.000572352
0.000570394
0.000559305
0.0006134
0.000577407
0.00058742
0.000581506
0.000685204
0.000579131
0.000674856
0.000807406
0.000641128
0.000576315
0.000631079
0.000616248
0.000585731
0.000588942
0.000598153
0.000577447
0.000776679
0.000728075
0.000612284
0.000736803
0.000783246
0.000576552
0.000605259
0.000570055
0.000595465
0.0009355
0.0005863
0.000560202
0.000607314
0.000632507
0.000586492
0.000586491
0.000589885
0.000573729
0.000574086
0.000567192
0.000584107
0.000581225
0.00058945
0.000659371
0.000626817
0.000610606
0.000569671
0.00056603
0.000561609
0.000712014
0.000675628
0.000577765
0.000569477
0.000879748
0.000690622
0.000743373
0.000625611
0.0005604
0.000581756
0.00073236
0.000800878
0.000653071
0.000619157
0.000619783
0.000619909
0.000655118
0.000605372
0.000623456
0.000653714
0.000587828
0.000666402
0.000728244
0.000590582
0.000616685
0.000631938
0.000657822
0.000788558
0.000581535
0.00070498
0.000602562
0.000571619
0.000556767
0.000617589
0.000607879
0.000581771
0.000624267
0.000574054
0.000633996
0.000566684
0.000574224
0.000634448
0.000678806
0.000605795
0.000588225
0.000731649
0.000558485
0.000551936
0.000707828
0.00055752
0.000558809
0.000567546
0.000586083
0.000578246
0.000577479
0.000583287
0.000738041
0.00063468
0.000787925
0.000558692
0.000641499
0.000593504
0.000689225
0.000580311
0.000681402
0.000563321
0.000564136
0.000603122
0.000600527
0.000621717
0.00087426
0.000572265
0.000553178
0.000611721
0.000584817
0.00063177
0.000577924
0.000615845
0.000713699
0.000566421
0.000629795
0.000556219
0.000559464
0.000566796
0.000580324
0.000559418
0.000681181
0.000594222
0.000797884
0.00097623
0.000831631
0.000685278
0.0006194
0.00060436
0.000670339
0.000622852
0.000631704
0.000574657
0.000615821
0.000572429
0.000591584
0.000574352
0.000716079
0.000563423
0.000624378
0.000576258
0.000561054
0.000634987
0.000950426
0.000731554
0.000765054
0.000575003
0.000563187
0.000560007
0.000568971
0.000550448
0.000626447
0.000602925
0.00063138
0.000614476
0.000599124
0.000649658
0.000582443
0.000646474
0.000597974
0.000609993
0.000800987
0.000577269
0.000730548
0.000580006
0.000599576
0.00060772
0.000563376
0.00060117
0.000630247
0.000793138
0.000851336
0.000726867
0.000583732
0.000685457
0.000633667
0.000570142
0.000747204
0.000584289
0.000565724
0.00080839
0.000619706
0.000592889
0.000578024
0.000592044
0.00064666
0.000657664
0.000880503
0.000608079
0.000609091
0.000610488
0.000738986
0.000571245
0.000581437
0.000561536
0.000656257
0.00062441
0.000582513
0.000582625
0.000568032
0.000572467
0.000634653
0.000699356
0.000646424
0.000575768
0.000685885
0.000669829
0.0007784
0.000594689
0.000615012
0.000660503
0.00056746
0.000575812
0.000566563
0.000566993
0.000598324
0.000598875
0.000572268
0.000559941
0.000595608
0.0010314
0.000668514
0.000618672
0.00076092
0.000594712
0.000802932
0.000618564
0.000762985
0.000651322
0.000705649
0.00056696
0.000568353
0.00058448
0.000627661
0.00066368
0.00057256
0.000602431
0.000683199
0.00070324
0.000995549
0.000676196
0.000635951
0.000622361
0.000822988
0.000646459
0.000741259
0.000592199
0.000630675
0.000591805
0.000620099
0.00060635
0.000579079
0.000563562
0.000627006
0.000840778
0.000929973
0.000776147
0.00075094
0.000605109
0.000592852
0.000752749
0.000606229
0.000577687
0.00108108
0.000711505
0.000598464
0.000765582
0.000735518
0.000807549
0.000747412
0.000624066
0.000604
0.000767972
0.000604391
0.000559948
0.000624356
0.000761039
0.000564881
0.000598271
0.000667734
0.000647708
0.000693277
0.000699204
0.000768246
0.000633237
0.000625285
0.000594848
0.000612339
0.000563848
0.000677501
0.000726193
0.000634633
0.000564067
0.000563897
0.000568471
0.000639917
0.000832343
0.000575436
0.000676528
0.000593248
0.000633612
0.000588955
0.000623001
0.000555864
0.000641699
0.000610575
0.00055935
0.00056668
0.000590946
0.000684516
0.000576493
0.000795888
0.000626156
0.000611786
0.000610728
0.000602412
0.000564401
0.000581465
0.000623555
0.000621352
0.000769739
0.000566739
0.00056259
0.000608444
0.000587404
0.000633174
0.000689136
0.000617054
0.00062711
0.000564314
0.000670018
0.000610185
0.00062916
0.000572227
0.000657265
0.000562876
0.000567712
0.000559387
0.000559772
0.000564735
0.000606631
0.000567354
0.00055769
0.000799658
0.000577212
0.000733305
0.0010366
0.00056451
0.000600331
0.000607918
0.000613871
0.000718895
0.00056377
0.000585106
0.000563407
0.000558946
0.00058379
0.000601188
0.000564653
0.00056976
0.000664239
0.00055421
0.000577411
0.000616119
0.000689288
0.000680803
0.000873014
0.000731423
0.000585107
0.000652446
0.000559396
0.000562034
0.00056129
0.000569624
0.000590161
0.000566588
0.000593538
0.000613329
0.000591461
0.000621561
0.000646781
0.00089433
0.000970201
0.000771224
0.000888009
0.000931345
0.000621904
0.000561931
0.000945175
0.000568256
0.000572405
0.000561567
0.000747131
0.000759889
0.000763857
0.000660278
0.000587218
0.000573339
0.000619737
0.000617316
0.000559059
0.000564758
0.000610769
0.000563009
0.00069749
0.000568385
0.00058209
0.000933817
0.000584887
0.000654592
0.000567397
0.000571452
0.000600221
0.000657746
0.000593508
0.000603603
0.000580456
0.00061992
0.00057184
0.000564228
0.00056398
0.000569589
0.000564489
0.000555216
0.000558314
0.00068987
0.00075679
0.000831801
0.00065443
0.000662482
0.000690659
0.000583635
0.000573135
0.000562028
0.000640446
0.000572055
0.000582597
0.000694469
0.000556347
0.000651647
0.000580906
0.000615226
0.000560509
0.000562895
0.000686242
0.000571881
0.00074025
0.000653758
0.000594382
0.000577566
0.000560248
0.000567468
0.000556812
0.000562844
0.00055853
0.000558773
0.000572033
0.000563284
0.000576579
0.000589862
0.000781499
0.000637219
0.00058883
0.000605694
0.000601918
0.000591066
0.000572928
0.00071427
0.000633245
0.0005758
0.000571785
0.0005485
0.000571637
0.000609521
0.000641919
0.000590858
0.000622388
0.000581475
0.000596725
0.000595385
0.000622063
0.000646473
0.000568119
0.00065388
0.000600579
0.000569457
0.000559207
0.000556726
0.000604312
0.000568037
0.000594662
0.000570296
0.00057274
0.000653906
0.000613309
0.000581107
0.000624387
0.000629844
0.000683301
0.00063637
0.000584675
0.000633499
0.000557104
0.00062315
0.000563935
0.000578666
0.000563725
0.000563252
0.000771359
0.000637318
0.000605357
0.000558879
0.000824778
0.00058229
0.000589217
0.000576545
0.000580109
0.000582188
0.000578787
0.000567223
0.000569582
0.000568304
0.000556185
0.000579527
0.000583469
0.000697706
0.000572878
0.000741707
0.000947511
0.000839513
0.000628843
0.000579371
0.000673878
0.000705447
0.000576294
0.000598255
0.000683461
0.000566634
0.000562434
0.000614029
0.000587385
0.000803066
0.000668282
0.000564038
0.000563074
0.000584444
0.000599236
0.000713503
0.000560967
0.000597544
0.000604563
0.000554743
0.000571686
0.000608395
0.000584256
0.00059362
0.000580002
0.000668813
0.000559637
0.000560121
0.000569747
0.000664437
0.000577334
0.000586925
0.000562241
0.000651522
0.000645661
0.00056016
0.000616005
0.000558788
0.000642995
0.000578283
0.000680882
0.000605765
0.000576337
0.000825446
0.000827847
0.000589252
0.000607158
0.000598523
0.000654269
0.000608444
0.000559914
0.000631226
0.000593506
0.000573731
0.000574726
0.000556057
0.000617674
0.000574437
0.000557502
0.000685391
0.000555414
0.000565612
0.000632447
0.000786861
0.00058129
0.000851768
0.000689086
0.000576745
0.000600445
0.000639322
0.000564576
0.000562489
0.000581314
0.000625404
0.000575602
0.000576054
0.000760598
0.000706191
0.000609405
0.00058853
0.00058307
0.000585354
0.000597355
0.000634669
0.000563111
0.000605372
0.000600908
0.000575463
0.0005629
0.000576613
0.000575412
0.000560066
0.000577819
0.000580237
0.000573414
0.000573269
0.000623328
0.000575841
0.000617119
0.000745954
0.000570772
0.000662178
0.000562647
0.000567262
0.000591426
0.000649491
0.000575457
0.000570073
0.000728016
0.000587769
0.000754245
0.000601766
0.000564232
0.000570385
0.000632681
0.000568015
0.000699882
0.00059019
0.00059994
0.000620606
0.000560281
0.000562791
0.000562662
0.000580971
0.000605721
0.000665492
0.000561522
0.000609263
0.000589755
0.000581924
0.000720133
0.000802807
0.000888473
0.000618102
0.000576771
0.000875102
0.000582721
0.000560998
0.000632765
0.000676857
0.000661783
0.000660265
0.000680553
0.000652582
0.000587728
0.000686883
0.000580853
0.000646034
0.000643949
0.00065081
0.000701574
0.000594823
0.000560079
0.00061269
0.000620429
0.000574681
0.000568015
0.000554713
0.000553427
0.000616802
0.000572364
0.000555592
0.000596467
0.000576923
0.00066836
0.000564076
0.000668155
0.000557
0.000567998
0.000583077
0.000564489
0.000634274
0.000598949
0.000585997
0.000723667
0.000650383
0.000564111
0.000559227
0.000570147
0.000566838
0.000566461
0.000618337
0.000591962
0.000581629
0.000719712
0.000560472
0.000567567
0.000570866
0.000566144
0.00057222
0.000568014
0.000564129
0.000558811
0.000690063
0.000564771
0.000593985
0.000572152
0.000573685
0.000581246
0.000622243
0.000576044
0.000619689
0.000565136
0.000599775
0.000605419
0.000556385
0.000593661
0.000597697
0.000587036
0.000619172
0.000586032
0.000615343
0.000602987
0.000627928
0.000574822
0.000813387
0.000817219
0.000681558
0.000624376
0.00058451
0.000582639
0.000584296
0.000592438
0.000645933
0.000653945
0.000580629
0.000582009
0.00058485
0.00059755
0.000643924
0.000596447
0.000586358
0.000625788
0.0006334
0.000584078
0.000656736
0.000655987
0.000604517
0.000636669
0.00058705
0.000576526
0.000626678
0.000700261
0.000764967
0.00068427
0.000623319
0.000656931
0.000602037
0.00065071
0.000584465
0.000645661
0.000600031
0.000580698
0.0005914
0.000588572
0.000620995
0.000611348
0.00058406
0.000573951
0.00059651
0.000597068
0.000574619
0.000703417
0.000633591
0.000632758
0.000856267
0.000613872
0.000643016
0.000590965
0.000592267
0.00062355
0.000623523
0.000754797
0.000580455
0.000589592
0.000702266
0.000754538
0.000661511
0.000599747
0.000614555
0.000610958
0.000579279
0.000706656
0.000601773
0.000579216
0.0006239
0.000753048
0.000606672
0.000608649
0.00058183
0.000609358
0.000604558
0.000701247
0.000575371
0.000671511
0.000591151
0.00059934
0.000660392
0.00066477
0.000587405
0.000616932
0.0006818
0.000596684
0.000628678
0.000583783
0.000605195
0.000636464
0.00062042
0.000798385
0.000617045
0.000589074
0.00059171
0.000601308
0.000632989
0.000741105
0.000654451
0.000642187
0.000586597
0.000586422
0.000652911
0.000630285
0.000580551
0.000596223
0.000590753
0.000594606
0.00057792
0.000583173
0.00058051
0.000584626
0.000635935
0.000608851
0.000716445
0.000600845
0.000630623
0.000641188
0.000755404
0.000580575
0.000618701
0.000574185
0.000581507
0.000587137
0.000875816
0.000646953
0.000593959
0.000679204
0.000645153
0.000642801
0.000677333
0.000655834
0.000609449
0.000598037
0.000592205
0.000610667
0.000604229
0.000584026
0.000585736
0.000579456
0.000600253
0.000645068
0.000606628
0.000688367
0.000955214
0.000879475
0.000793433
0.000586785
0.000616975
0.000808646
0.000636362
0.000598656
0.000722712
0.000639856
0.000635592
0.000763683
0.000639449
0.000606326
0.000755486
0.000664754
0.000684097
0.00061482
0.00062402
0.000723766
0.000577304
0.00057925
0.000640584
0.000591962
0.000829929
0.000616426
0.000603519
0.000591916
0.000601368
0.000915371
0.000599823
0.000615715
0.000778298
0.000789294
0.000721245
0.000853441
0.000839743
0.00078491
0.000824437
0.000900741
0.000893526
0.000963023
0.000795021
0.000901902
0.000742354
0.000642017
0.000812193
0.000581418
0.000585633
0.000583138
0.000599187
0.000601595
0.000597403
0.00061985
0.000580691
0.000601858
0.000648757
0.00067641
0.000576155
0.000586888
0.000700262
0.000610855
0.000608596
0.0006217
0.000631047
0.000638875
0.000601596
0.000588777
0.000725591
0.000620057
0.000679139
0.000671673
0.000598335
0.000677619
0.000584271
0.000697943
0.000807269
0.000634469
0.000624669
0.000576848
0.00057609
0.000594635
0.000594541
0.000646151
0.000590323
0.000579858
0.000608895
0.000611067
0.000581499
0.000680291
0.00074803
0.000808886
0.000770495
0.000607359
0.000696108
0.000633071
0.000668161
0.000735436
0.000628713
0.000604824
0.000649671
0.000752292
0.000640986
0.000640605
0.000621179
0.000611173
0.000609703
0.000913693
0.000593851
0.000689015
0.000641776
0.000603409
0.000591163
0.000617081
0.000598758
0.000742599
0.000703804
0.000700989
0.000676592
0.000721131
0.00075855
0.000603628
0.000662377
0.000655693
0.000631738
0.000670634
0.00058529
0.000610717
0.000756599
0.000823323
0.000911124
0.000665117
0.000946693
0.000645663
0.000610581
0.000772655
0.000586926
0.000896751
0.000607172
0.000642366
0.000648992
0.000585432
0.000611442
0.000658622
0.000641735
0.000670633
0.000616602
0.000790806
0.000582435
0.000595399
0.000598432
0.000626752
0.000636691
0.000777918
0.00065233
0.000664805
0.000630569
0.000636241
0.000625683
0.000716824
0.000594518
0.000619262
0.000618382
0.000600079
0.000900448
0.000672159
0.000647755
0.000637381
0.000622311
0.000602718
0.000612319
0.000591078
0.000643521
0.000582888
0.000569952
0.000665385
0.00058888
0.000586511
0.000583984
0.000582341
0.000616615
0.000583121
0.000816987
0.000649623
0.000597083
0.000726871
0.000576466
0.000585222
0.000590829
0.000589429
0.000596373
0.000757365
0.00065538
0.000708752
0.000758384
0.000791309
0.000625316
0.00064107
0.000634957
0.000601725
0.00061526
0.000640101
0.000666407
0.000682216
0.000602532
0.000587915
0.000588343
0.000578881
0.000577459
0.000591292
0.000620421
0.000583796
0.000607246
0.000623258
0.000629073
0.000600956
0.000731361
0.000965739
0.000691036
0.000581096
0.000650598
0.000580052
0.000580141
0.000647195
0.000632195
0.00061517
0.000607116
0.000687107
0.000632422
0.000634863
0.000674586
0.000608748
0.000607238
0.000669501
0.000821408
0.000635074
0.000677009
0.000585266
0.000584183
0.000622388
0.000573412
0.00060133
0.000593333
0.000623765
0.000568768
0.000634718
0.000605294
0.000591009
0.000584383
0.000718727
0.000602213
0.000583731
0.000582176
0.000695224
0.000583525
0.000569803
0.000599311
0.000600951
0.000847692
0.000701428
0.000732609
0.000682285
0.000669826
0.000645756
0.000660311
0.000598183
0.000588113
0.0006009
0.000703756
0.00058921
0.000623658
0.000579467
0.000578998
0.000581409
0.000579893
0.000648092
0.000571713
0.000577416
0.000577849
0.000895242
0.000607549
0.000772793
0.000676015
0.000584392
0.000580924
0.000626304
0.000603332
0.000616939
0.000601001
0.000647254
0.000643839
0.000629173
0.000948893
0.000697072
0.000626655
0.000767748
0.000666451
0.000608531
0.000587132
0.000631218
0.000648046
0.000646327
0.00058738
0.000628333
0.000582176
0.000602515
0.000589063
0.00060965
0.000575633
0.000580207
0.000572027
0.000685488
0.000675096
0.000578799
0.000599302
0.000616838
0.000670491
0.000578454
0.0007614
0.00060893
0.000638236
0.000607157
0.000595875
0.000602241
0.000579505
0.000680087
0.000694026
0.000600177
0.000664375
0.000694152
0.000647157
0.00060074
0.00059946
0.000638149
0.000753914
0.000605146
0.000652306
0.000612458
0.000593248
0.000760304
0.000628646
0.000819088
0.000592711
0.000696389
0.000682894
0.000610965
0.000800182
0.000608083
0.000600143
0.00059237
0.000602185
0.00058242
0.000588844
0.00063582
0.000617748
0.000615196
0.000616718
0.000712884
0.000706341
0.000660209
0.000673173
0.000808126
0.000582479
0.000576693
0.000589109
0.000727718
0.00061292
0.000576153
0.000631454
0.000568636
0.000585089
0.000601083
0.00062245
0.000599443
0.000627068
0.000765358
0.000631728
0.000626936
0.00075679
0.000577542
0.000623914
0.000650537
0.000598611
0.000592415
0.000579876
0.000606581
0.00057789
0.000664101
0.000705955
0.000636428
0.000746197
0.000653717
0.000683358
0.000795614
0.0006674
0.000579584
0.000577553
0.000611953
0.000634706
0.000585562
0.000641541
0.000895176
0.000603717
0.00058984
0.000670461
0.000575578
0.000983437
0.000635266
0.00057989
0.000816447
0.000830786
0.00057617
0.000579873
0.000590099
0.000658438
0.00066378
0.000589906
0.000580611
0.000681753
0.000599962
0.000586499
0.000818167
0.00116636
0.000878006
0.000735435
0.000703128
0.000675677
0.000587613
0.000605348
0.000610469
0.000743925
0.000638886
0.000720961
0.000640753
0.000594527
0.000581627
0.000642982
0.000590565
0.000641099
0.000630811
0.000830522
0.000607402
0.000708439
0.000589551
0.000591524
0.000621378
0.00061805
0.00059807
0.000588702
0.000637386
0.000569412
0.00066678
0.000586705
0.000665327
0.000864968
0.00059668
0.000646844
0.000867223
0.000629237
0.000625863
0.00103792
0.000956754
0.000598444
0.00108171
0.000895538
0.000775212
0.000697631
0.000877525
0.000833085
0.000834842
0.000602543
0.000605179
0.000879128
0.000651088
0.000828641
0.000631113
0.000612827
0.000645351
0.000606684
0.000592945
0.000987285
0.000727557
0.000607797
0.000680837
0.000899245
0.000672512
0.000613361
0.000601919
0.000630458
0.000616929
0.000620675
0.000605265
0.000639735
0.000597146
0.000638201
0.000583288
0.00104857
0.00077057
0.00058839
0.00060766
0.00062756
0.000689314
0.000603305
0.000616911
0.000602205
0.000660232
0.000600047
0.000665068
0.000678238
0.000597996
0.000621313
0.000688787
0.000800045
0.000726411
0.000728436
0.000974316
0.000605348
0.000590265
0.000584834
0.0005793
0.000844944
0.000599593
0.000688419
0.000580144
0.00059264
0.000598137
0.000586354
0.000621089
0.000595004
0.000625567
0.000576074
0.000741026
0.000598739
0.000620715
0.000602855
0.000695279
0.00057614
0.000605212
0.000588041
0.000579078
0.00057382
0.000628089
0.000931482
0.000768055
0.000593938
0.000586687
0.000697326
0.000651068
0.000593978
0.000599579
0.000644775
0.000591942
0.000713781
0.000577146
0.000640002
0.0006339
0.000579938
0.00058949
0.000632691
0.000588111
0.00078714
0.000586209
0.000606091
0.000631999
0.000717807
0.000591619
0.000628594
0.000628557
0.00058973
0.00059892
0.000600146
0.000632921
0.000590679
0.000735723
0.000662945
0.0007686
0.000826025
0.000754406
0.000882404
0.000677078
0.000641217
0.000602742
0.000605837
0.000675063
0.000593084
0.000633615
0.000682469
0.000611993
0.000864123
0.000846564
0.000832736
0.000597186
0.000617519
0.000590467
0.000685396
0.000741664
0.000622218
0.00066277
0.000709407
0.000733939
0.00057953
0.000631751
0.000654989
0.000697332
0.000762548
0.000879637
0.000952203
0.000821924
0.000745615
0.00110657
0.000824599
0.0006957
0.000648541
0.000703824
0.000604366
0.000638479
0.00067363
0.000724129
0.000629081
0.000677423
0.000594712
0.000692495
0.00075023
0.000710626
0.000609133
0.000580699
0.000611869
0.000595648
0.000590476
0.000693473
0.000745475
0.000584231
0.000928648
0.000722676
0.000808232
0.000663015
0.000763065
0.000643876
0.000868829
0.000733193
0.000582438
0.000597827
0.000588586
0.000644047
0.000735912
0.00073488
0.000749898
0.000677497
0.000696609
0.000749042
0.000906129
0.000605857
0.000642334
0.000684272
0.000572668
0.000599263
0.000644233
0.000584119
0.000755686
0.000590027
0.000584457
0.000587917
0.000670668
0.000631572
0.000737859
0.000720698
0.000677767
0.000767625
0.000875443
0.000721003
0.000608663
0.000655103
0.000604964
0.000674897
0.000670623
0.000929252
0.000699597
0.000672265
0.000769104
0.000684631
0.000578965
0.000630984
0.000596531
0.000669368
0.000786791
0.000586648
0.000663278
0.000575481
0.000593549
0.000697159
0.000587644
0.000585896
0.000699846
0.000768096
0.000822383
0.000654846
0.000604367
0.000626814
0.000676116
0.000658016
0.000602317
0.000593639
0.000593069
0.000610691
0.000763125
0.00062791
0.000682999
0.000600221
0.000670433
0.000834697
0.000616025
0.000762824
0.000621539
0.00058433
0.000577902
0.000663714
0.000577285
0.00061912
0.000619851
0.000591703
0.000607352
0.000591358
0.00059916
0.000669327
0.000580083
0.000579778
0.000610566
0.000713105
0.000597101
0.00061078
0.000920503
0.000688993
0.00059721
0.00059421
0.00065171
0.000610487
0.000672651
0.000599507
0.000585996
0.000614435
0.000576178
0.0005808
0.000718183
0.000626064
0.000617443
0.000586545
0.00059371
0.000583664
0.000602737
0.000610503
0.000580613
0.00067571
0.000606836
0.000583937
0.000631342
0.00059725
0.000603925
0.000577007
0.000578081
0.000644429
0.000747212
0.000693646
0.000625591
0.000741689
0.000590915
0.000774128
0.000593982
0.000611919
0.000587182
0.000583577
0.000761098
0.000966797
0.000825045
0.000629882
0.000626112
0.000623478
0.000605748
0.000589708
0.000580026
0.000588978
0.000578376
0.000627745
0.000582161
0.000567854
0.000631704
0.000609838
0.000575581
0.000633039
0.000588146
0.000703852
0.000621228
0.000641882
0.0010423
0.000936201
0.000718232
0.000655858
0.00066885
0.00064156
0.000622597
0.000666798
0.000594794
0.000635779
0.000635353
0.000660264
0.000612325
0.000685857
0.000613064
0.000593449
0.000622323
0.000647399
0.000615421
0.000661205
0.00060049
0.000586202
0.000606563
0.000589573
0.000603194
0.000608484
0.000592588
0.000640997
0.000760876
0.000652841
0.000601914
0.000649865
0.000788826
0.000687457
0.000642973
0.000632692
0.00080171
0.000648435
0.000607563
0.000612081
0.000640102
0.000749435
0.000728785
0.000680291
0.000660676
0.000633133
0.000672428
0.000612901
0.000609211
0.000601293
0.000649571
0.000622937
0.000660937
0.000597455
0.0006453
0.000599872
0.000617536
0.000632084
0.000725071
0.000599272
0.000694304
0.000608482
0.000605456
0.000666753
0.000744925
0.000622208
0.000637463
0.000686722
0.000711927
0.000602193
0.000734235
0.000603344
0.00061694
0.000692772
0.00069159
0.000676057
0.000687364
0.000746
0.00064916
0.000601763
0.000689462
0.000604317
0.000603894
0.000599065
0.000593304
0.000618452
0.000647955
0.000630182
0.000709453
0.000598534
0.000691279
0.000596018
0.000626056
0.000648892
0.000608388
0.000665985
0.000629663
0.000738042
0.000651164
0.000645161
0.000819389
0.000737138
0.00059384
0.000589268
0.000599945
0.000600618
0.000614477
0.000612789
0.000689691
0.000603737
0.000599725
0.000641297
0.000603066
0.000598949
0.000596481
0.000635448
0.000631447
0.00062041
0.000609614
0.000596165
0.000606174
0.000667159
0.000797043
0.000697937
0.000605807
0.000623921
0.000623373
0.000591488
0.000650547
0.000716126
0.000691699
0.000759132
0.000668833
0.000660956
0.000596493
0.000627273
0.000609575
0.000694762
0.000736281
0.000615588
0.000850696
0.000595198
0.000630708
0.000660679
0.000679077
0.000779234
0.000593645
0.000595594
0.00062018
0.00064198
0.000612707
0.000597853
0.000610013
0.000610093
0.000648267
0.000719752
0.000623511
0.000610806
0.000599698
0.000611146
0.000634655
0.00075842
0.000851871
0.000864992
0.000849064
0.000722264
0.000600824
0.000639654
0.000603544
0.00088673
0.000655318
0.000661272
0.000761644
0.00059868
0.000635489
0.000599447
0.0008198
0.000707471
0.000651466
0.000854901
0.000713921
0.000613832
0.000718837
0.000610403
0.000644572
0.000651735
0.00066162
0.000604114
0.000601822
0.000600814
0.000708014
0.00066327
0.000649127
0.000617394
0.000623355
0.000682318
0.000691674
0.000667808
0.000600807
0.00065168
0.000795477
0.000703463
0.000683831
0.000659837
0.000623476
0.000638446
0.000652049
0.000666012
0.000632408
0.000591012
0.000640725
0.000613207
0.000611125
0.000610556
0.000591926
0.000760929
0.00066884
0.000597327
0.00060265
0.000593846
0.000644516
0.000608909
0.000621549
0.000625021
0.000721233
0.000710498
0.000639993
0.00064837
0.000688129
0.000628288
0.000628163
0.00062098
0.000788028
0.000671493
0.000668817
0.000612669
0.000629037
0.000722634
0.000626685
0.000723556
0.000658474
0.000767538
0.000723966
0.00061398
0.000609521
0.00061409
0.000742662
0.00068345
0.000630246
0.000608418
0.000600141
0.000590554
0.000584463
0.000593549
0.000605372
0.000594595
0.000703876
0.000611525
0.000612877
0.000621108
0.000622052
0.000708809
0.000638925
0.000648822
0.000637168
0.000707727
0.000601378
0.000595284
0.000605305
0.000590208
0.000647887
0.000602613
0.000600642
0.000638268
0.000685444
0.000773078
0.000686693
0.000616425
0.000689497
0.000677176
0.00119159
0.000815963
0.000695855
0.000606576
0.000802522
0.000626171
0.000755313
0.000720703
0.000756638
0.000601891
0.000601418
0.000613335
0.000673333
0.000630807
0.000650842
0.000650441
0.000604185
0.000610961
0.000763399
0.000623275
0.000607389
0.000611378
0.000712622
0.000612331
0.000651963
0.000672171
0.000641267
0.000598004
0.000609143
0.000834002
0.000627532
0.00064094
0.000616881
0.000639022
0.000595387
0.00058793
0.000599281
0.000652925
0.000683471
0.00067999
0.000674896
0.000600912
0.000610281
0.000626144
0.000617239
0.000634682
0.000617963
0.000627478
0.000745606
0.000615682
0.000611658
0.000674346
0.000622032
0.000594776
0.000625393
0.000642754
0.000664058
0.000834277
0.000729915
0.000610803
0.000598716
0.000700898
0.000652741
0.000631583
0.000612352
0.000741213
0.000615227
0.000608855
0.000624484
0.000670729
0.000624187
0.000650148
0.000601765
0.000600076
0.000601979
0.000602517
0.000610338
0.000721179
0.000598584
0.000610693
0.000737566
0.000598662
0.00062073
0.000713129
0.000618411
0.000678192
0.000663557
0.000659267
0.000625255
0.000668234
0.000777417
0.000795246
0.000630591
0.000613489
0.000607764
0.000625894
0.000659209
0.000764861
0.000663295
0.000769159
0.00069631
0.000723543
0.000968474
0.000769957
0.000616895
0.00059559
0.00059896
0.000723363
0.000588811
0.000646297
0.000659734
0.00066609
0.000663576
0.000605421
0.000635367
0.000591949
0.000594159
0.00060576
0.000642134
0.000694455
0.000653302
0.000839218
0.000648454
0.00059684
0.000636273
0.000670298
0.000626671
0.000694136
0.000715769
0.000627221
0.000666545
0.000717564
0.0006074
0.000651288
0.000675154
0.000614135
0.000605714
0.000642646
0.000702637
0.00060967
0.000698903
0.000726847
0.000629096
0.000598809
0.00069651
0.00059758
0.00060317
0.000652313
0.000664377
0.000615836
0.000873186
0.000601005
0.000647854
0.000623016
0.000763528
0.000639053
0.000728927
0.000665938
0.00062552
0.000605337
0.000661441
0.000647451
0.000753842
0.000599408
0.00065616
0.000640218
0.000602156
0.00060292
0.000601822
0.000651177
0.000620765
0.000614395
0.000674875
0.000667129
0.000603356
0.000695628
0.000611775
0.000626183
0.000611329
0.000701918
0.00071917
0.000908236
0.000985087
0.000797993
0.00104075
0.000654379
0.00071854
0.000648937
0.000601436
0.000607804
0.000608718
0.000609524
0.00067065
0.000704403
0.000802343
0.000665251
0.000621255
0.000622256
0.00061508
0.000617254
0.000611288
0.000609889
0.000651826
0.000603836
0.000618533
0.000668203
0.000601935
0.000608273
0.000604634
0.000651743
0.000637626
0.000671849
0.000680298
0.000622281
0.000614479
0.000618199
0.000649311
0.000761966
0.000641336
0.000710186
0.0006108
0.000599443
0.000628358
0.000595468
0.00063715
0.000600088
0.000598327
0.000605905
0.000637358
0.000830077
0.000677827
0.000760995
0.000607298
0.000712455
0.000701291
0.000596735
0.000627231
0.000680679
0.000645059
0.000591148
0.000654159
0.00059779
0.000621185
0.000904046
0.000612132
0.000655844
0.000667811
0.000616663
0.00062929
0.000634718
0.000691231
0.000775005
0.000597143
0.000623403
0.000635842
0.000592509
0.000600696
0.000605068
0.00061007
0.000602593
0.000775766
0.000651204
0.000626056
0.000602066
0.000653055
0.000669609
0.000644619
0.000595991
0.000618181
0.000609155
0.000608849
0.000590279
0.000610057
0.000607178
0.000625904
0.000711035
0.000686294
0.000607377
0.000627718
0.000624562
0.00074693
0.000700319
0.000697918
0.000621596
0.000608788
0.000611524
0.00060057
0.000661407
0.000592262
0.000754279
0.000593472
0.000652869
0.000712151
0.000603822
0.000656029
0.000598892
0.000650926
0.000748859
0.0006783
0.00074614
0.000647327
0.00060059
0.000613036
0.000669483
0.000665879
0.000661712
0.000606807
0.00059599
0.000598392
0.000604133
0.000611088
0.000676043
0.000643145
0.000622327
0.000673873
0.000598898
0.000601807
0.000596501
0.000724183
0.000607805
0.000608105
0.000644403
0.00059649
0.000676492
0.00062979
0.00078968
0.000655289
0.000693277
0.000717801
0.000719245
0.000651957
0.000619979
0.000615896
0.000615392
0.00066837
0.000594488
0.000634959
0.000735191
0.000778625
0.000673915
0.000623668
0.000607311
0.000646022
0.000634342
0.000694188
0.000656024
0.000680266
0.000605614
0.000647983
0.000612873
0.00060117
0.000584847
0.000613053
0.000609729
0.000599335
0.000647882
0.000599824
0.000822099
0.000628914
0.000693349
0.000678926
0.000627317
0.000658098
0.000656908
0.000591948
0.000617525
0.000628822
0.000621841
0.000606841
0.000650101
0.000632579
0.00063641
0.000644346
0.000739929
0.000644068
0.000717627
0.000603756
0.000614315
0.000625151
0.000603975
0.000605205
0.000680579
0.000707936
0.000596115
0.000602263
0.000594923
0.000637396
0.000599858
0.000616172
0.00065378
0.000610949
0.000682529
0.000716594
0.000673232
0.000597548
0.000733928
0.000611097
0.00059852
0.000595497
0.000619261
0.00065482
0.000615444
0.000745088
0.000644279
0.000643887
0.000590989
0.00073905
0.000680561
0.00063029
0.0005996
0.000618782
0.000605618
0.000603196
0.000598594
0.000597601
0.000666263
0.00061345
0.000603961
0.000650945
0.00060283
0.000622911
0.000607013
0.00069324
0.000756737
0.000761213
0.000721559
0.000695853
0.000729318
0.000712449
0.000699629
0.00077435
0.000634519
0.000697885
0.000763172
0.000609283
0.00061181
0.000623534
0.000748057
0.000665018
0.000712371
0.000649889
0.000744646
0.00065797
0.000592403
0.000597454
0.000597012
0.00063662
0.000594788
0.000595172
0.000593381
0.000679039
0.000599442
0.000615667
0.000741925
0.00059536
0.000711893
0.0006789
0.000655623
0.000624774
0.000639856
0.000798611
0.000654121
0.000802296
0.000602345
0.000696549
0.000643375
0.000623865
0.000645459
0.000766052
0.000615515
0.000709641
0.000602103
0.000610171
0.000614198
0.00067269
0.000606795
0.000624844
0.000610483
0.000614639
0.000622492
0.000613741
0.00060955
0.000612335
0.000650133
0.000715002
0.000644246
0.000625679
0.000732223
0.000654525
0.000635607
0.000593207
0.000614231
0.000633654
0.000626128
0.000650519
0.000668079
0.000617238
0.000640484
0.000616499
0.000623666
0.000611453
0.000662924
0.000696368
0.000661121
0.000606376
0.000631386
0.000608273
0.000593006
0.00061187
0.000635977
0.000737438
0.000602924
0.000614845
0.000715617
0.000605197
0.000662037
0.00065723
0.000743644
0.000603906
0.000606783
0.000658297
0.000607795
0.000619785
0.000599935
0.000710953
0.000634213
0.000597752
0.00070836
0.00066405
0.000628087
0.000617933
0.000692931
0.000610205
0.000636858
0.000604392
0.000682203
0.00064112
0.000625763
0.000711339
0.000593682
0.000646543
0.000602315
0.000602007
0.000612003
0.000597949
0.000613252
0.000646205
0.000602524
0.000602746
0.000600716
0.000709188
0.000606056
0.000665156
0.000660971
0.00059296
0.000594113
0.000638632
0.00070282
0.00064492
0.000623376
0.000644668
0.000752377
0.000639462
0.000636144
0.000668783
0.000836765
0.000622557
0.000761215
0.000606546
0.00059273
0.000594327
0.00065501
0.000698179
0.000607642
0.000596412
0.000601472
0.000588978
0.000588079
0.000599878
0.000598365
0.000678112
0.000600319
0.000609048
0.000667418
0.000622337
0.000725451
0.000656496
0.000596937
0.000644432
0.000596357
0.000602145
0.000683892
0.000735786
0.000635103
0.000622017
0.00061416
0.000748973
0.000629521
0.000605207
0.000613665
0.000636819
0.000616053
0.000598241
0.000602096
0.000608262
0.000699439
0.000598672
0.000670162
0.000590467
0.000628205
0.000589749
0.000643166
0.000699917
0.000650842
0.000608742
0.000671251
0.000594319
0.000637877
0.000788571
0.000604697
0.000622451
0.00064787
0.000618181
0.000663932
0.000732288
0.000837372
0.000764749
0.000660004
0.00062005
0.000715119
0.000664148
0.000609968
0.000739936
0.000656037
0.000647097
0.000588098
0.000903066
0.000915736
0.000716516
0.000639039
0.000590139
0.000600678
0.000676511
0.000605862
0.000604759
0.000705689
0.000614063
0.000629652
0.000692978
0.000646123
0.000622349
0.000592242
0.000625573
0.000639799
0.000594795
0.000674373
0.000656773
0.000613418
0.00067132
0.000632794
0.000832526
0.00078731
0.000726454
0.000625607
0.000601446
0.000644569
0.000610454
0.00071789
0.000599549
0.00060832
0.000609361
0.000608474
0.00060112
0.000600294
0.000598653
0.000669655
0.000644824
0.000761616
0.000621911
0.000620074
0.000613544
0.000695084
0.000610561
0.000619182
0.000603058
0.000696601
0.000747682
0.00064887
0.000649551
0.000650588
0.00068562
0.000627991
0.000667773
0.000696044
0.000604518
0.000598223
0.000650479
0.000593023
0.000596749
0.000600025
0.000626322
0.000610331
0.000718893
0.00073823
0.000605599
0.000595247
0.000758167
0.00063948
0.000601696
0.000720864
0.000621366
0.000665392
0.000595909
0.000666981
0.000590794
0.00063624
0.000604122
0.000603652
0.000770585
0.000649161
0.00059883
0.000595306
0.000666242
0.000608165
0.000626107
0.000607685
0.000645067
0.000635341
0.000677184
0.000658184
0.000592211
0.000630466
0.000608801
0.000599943
0.000604691
0.000592813
0.000594957
0.000649732
0.000590742
0.000611523
0.000603623
0.000664581
0.000611316
0.000607044
0.000645679
0.000602746
0.000733941
0.000785849
0.000643219
0.00064272
0.000636884
0.000671772
0.000645747
0.000611388
0.000608553
0.000609015
0.000647114
0.000736779
0.000675111
0.000676742
0.000615338
0.000611394
0.000611055
0.000598384
0.000657836
0.000612006
0.0006181
0.000632157
0.000718263
0.000603533
0.000628557
0.000606473
0.000607423
0.000614421
0.000627999
0.000597846
0.00062494
0.000628589
0.000672385
0.000659228
0.000637606
0.000594786
0.000606482
0.000602068
0.000651937
0.000608086
0.000667081
0.000607686
0.000671935
0.000621902
0.000633906
0.000632233
0.000598142
0.000612766
0.000634157
0.000594735
0.000600535
0.000660998
0.00060097
0.000596678
0.00061112
0.000598797
0.000599393
0.000716479
0.000615186
0.000607467
0.000680747
0.000596397
0.000666902
0.000721246
0.000613269
0.000690443
0.000605029
0.0006314
0.000744642
0.000685763
0.000641235
0.00071093
0.000629285
0.000651627
0.000768616
0.000601276
0.000659742
0.000639796
0.000611477
0.000617688
0.000641622
0.000599462
0.000615975
0.000607864
0.000621117
0.000612745
0.000607533
0.000606261
0.000595919
0.000614195
0.000681544
0.000659653
0.000595829
0.000610657
0.000732297
0.00061871
0.000866554
0.000637796
0.000672268
0.000600071
0.000896867
0.000727151
0.000749406
0.000664876
0.000700746
0.000767742
0.000656849
0.000687721
0.000605959
0.000613248
0.000615866
0.000603125
0.000604466
0.000660326
0.000614529
0.000662179
0.000599182
0.000636544
0.000626037
0.000679819
0.000628334
0.000651875
0.000724818
0.000595667
0.00068479
0.000633682
0.00062201
0.000666251
0.000633532
0.000636242
0.000684471
0.000638543
0.000596725
0.000607311
0.000617489
0.000739441
0.000596443
0.000614954
0.000637811
0.000600977
0.000600592
0.000648344
0.000656595
0.000671492
0.000595078
0.000596968
0.000642682
0.000644908
0.000638861
0.0005954
0.000718837
0.000689466
0.000667326
0.000620155
0.000856165
0.000749977
0.000704968
0.000640115
0.00070677
0.000731112
0.00074514
0.000722764
0.000771358
0.000769605
0.000680738
0.00059039
0.000638125
0.000654114
0.000598496
0.000603236
0.000678767
0.000620872
0.000600884
0.000650274
0.000614878
0.000604011
0.000593917
0.000710934
0.00059046
0.00064352
0.00060451
0.000716538
0.000763568
0.000663223
0.000785498
0.000622302
0.000595105
0.000601016
0.000599846
0.000644974
0.000627247
0.000770404
0.000600595
0.000600425
0.000798824
0.000660785
0.000650197
0.000692688
0.000676765
0.000774199
0.000652069
0.000809597
0.000901188
0.000629269
0.000598182
0.000609662
0.000605464
0.00063379
0.000633692
0.000630077
0.000608546
0.000601268
0.000676452
0.000602943
0.000603115
0.000618226
0.000603406
0.00059837
0.000697674
0.000621436
0.000606507
0.000647405
0.000815991
0.000696969
0.00067297
0.000615036
0.000822759
0.00063935
0.000703965
0.000672489
0.000599559
0.000640093
0.000684547
0.000601973
0.000634489
0.000605542
0.000606985
0.000616843
0.000593894
0.000593189
0.00063008
0.000597384
0.00061625
0.000638108
0.000595323
0.000728144
0.000608131
0.000644767
0.000691451
0.000595268
0.000594898
0.000599061
0.000607912
0.000600806
0.00065509
0.00061577
0.000715898
0.000702704
0.000634255
0.000710838
0.000755413
0.000627675
0.000596421
0.000617851
0.000664468
0.000705809
0.000658438
0.000612962
0.000600903
0.000591489
0.00061206
0.000597318
0.000595754
0.000599885
0.000602119
0.00060054
0.000624623
0.000680872
0.000596879
0.00060441
0.000671322
0.000675476
0.000643542
0.000711869
0.000619288
0.000648135
0.000595177
0.00060654
0.000678799
0.000751902
0.000602355
0.000716246
0.000957463
0.00092671
0.000754899
0.000697541
0.000870856
0.000746397
0.000649268
0.000599156
0.000632086
0.000600295
0.000626016
0.000623994
0.000603789
0.000610754
0.000662542
0.000730354
0.000610878
0.000605414
0.000720223
0.000617604
0.000693601
0.000735739
0.000592941
0.00059526
0.000635439
0.000614979
0.000627027
0.000787994
0.000636322
0.00063502
0.000673385
0.000857593
0.000656354
0.000606962
0.000728301
0.000604966
0.000644278
0.000611089
0.000624983
0.000617401
0.000648437
0.000601265
0.000594561
0.000589071
0.000601192
0.000718279
0.000638666
0.000598173
0.000597819
0.000607386
0.00062176
0.000618715
0.000658799
0.000643985
0.000648779
0.00064225
0.000725485
0.000604148
0.000610683
0.000846565
0.000634068
0.00065869
0.00102233
0.00082565
0.000606302
0.000642618
0.000619231
0.000610631
0.000644397
0.000625984
0.000600206
0.000612569
0.000593256
0.00058929
0.000613
0.000598764
0.000615841
0.000614103
0.000597103
0.000639953
0.000602947
0.000748945
0.000666768
0.000665203
0.0006449
0.00064695
0.00062159
0.000594072
0.000619095
0.000661531
0.000600685
0.000666281
0.000990621
0.000644531
0.000907936
0.000825106
0.000620268
0.000632813
0.000683774
0.000598348
0.000657428
0.000634817
0.000683781
0.000641703
0.000680624
0.000606847
0.000598479
0.000597259
0.000619225
0.000621978
0.000596732
0.000742777
0.000667506
0.000768473
0.000596197
0.000628004
0.000642744
0.000743532
0.000595836
0.000596871
0.000609325
0.000713211
0.000681946
0.000687214
0.000733241
0.000632171
0.000612146
0.000597432
0.000597993
0.000630886
0.000605994
0.00066154
0.000659714
0.000615693
0.0005954
0.00060683
0.00060424
0.00060396
0.000645664
0.00060568
0.000666962
0.000606529
0.00060262
0.000594529
0.000611743
0.000639761
0.000660065
0.000638495
0.000625397
0.000619435
0.000599632
0.000604535
0.000602604
0.000745841
0.000702213
0.000820232
0.000610067
0.000697047
0.000780666
0.000729285
0.000626288
0.00061108
0.000660759
0.000663034
0.000622133
0.000645865
0.000593653
0.000663242
0.000595444
0.000614617
0.000595067
0.000594068
0.000635622
0.00066908
0.000604492
0.000607196
0.00075474
0.000595276
0.000639522
0.000680111
0.000595102
0.000588294
0.000613205
0.000640279
0.000668648
0.000634125
0.000708124
0.000643915
0.000667178
0.000800898
0.000654552
0.000611136
0.000614102
0.000609741
0.000754581
0.000606312
0.000639008
0.000594705
0.000680781
0.000601436
0.000630314
0.000605945
0.000611869
0.000609005
0.000596543
0.000707899
0.00060631
0.000616547
0.000617849
0.000732805
0.000611826
0.000687469
0.000635346
0.000595822
0.000609165
0.000607429
0.000661727
0.000622221
0.000626914
0.000622582
0.000672512
0.000666762
0.000646094
0.000917164
0.000619191
0.000633676
0.000653583
0.000614695
0.000602754
0.000650621
0.000622283
0.000626819
0.000587093
0.000598635
0.000787053
0.000607781
0.00060008
0.000610993
0.00063772
0.000617238
0.000640644
0.000789106
0.000607627
0.000605222
0.000639634
0.000633044
0.000604208
0.000681159
0.000643023
0.000665513
0.000595205
0.000685368
0.000600576
0.000675629
0.000940342
0.000766955
0.000599902
0.000682164
0.000601761
0.000592589
0.000648234
0.000651225
0.000716847
0.000616222
0.000641337
0.000740514
0.000685195
0.000611649
0.000637253
0.000692829
0.000824177
0.00107392
0.0007352
0.0007339
0.000612267
0.000660946
0.000623287
0.000667525
0.000599996
0.000610674
0.000645589
0.000889229
0.000789315
0.000698602
0.000635444
0.00098594
0.00063627
0.000605881
0.000616768
0.000610004
0.000699753
0.00075872
0.000732691
0.000626008
0.000736643
0.000602896
0.000602892
0.000638067
0.000838567
0.000896406
0.00074195
0.000659813
0.000676955
0.000599491
0.000641579
0.000655929
0.00063567
0.000610672
0.00060696
0.000657243
0.00080571
0.00106145
0.000711707
0.000889456
0.00100886
0.000652415
0.000607325
0.000626027
0.000831757
0.000682157
0.000668611
0.000836427
0.00062587
0.000598823
0.000703935
0.000851568
0.000606598
0.000994952
0.000679366
0.000625471
0.000715141
0.00060017
0.000692591
0.000618541
0.000649146
0.000602059
0.000607411
0.000603382
0.000658085
0.00103405
0.000645312
0.000648395
0.000850535
0.000983193
0.000691223
0.000728038
0.000636312
0.000684735
0.000651179
0.000686737
0.000645112
0.0005975
0.00068463
0.000610474
0.000778752
0.000745474
0.000643844
0.000633716
0.000611002
0.000648032
0.000641713
0.000638971
0.000648374
0.000626763
0.000606368
0.00065227
