1.90613
1.80354
1.9854
1.92394
2.01182
1.90154
1.89624
1.92784
2.613
1.89234
1.85648
1.87352
1.97404
1.79805
1.82464
1.90234
1.92112
1.82443
2.1163
2.0309
1.78942
1.83324
1.92745
2.10293
1.79153
1.90331
1.81184
2.15803
2.11673
1.8494
2.20612
3.1726
2.0373
1.89387
1.79409
1.82927
1.95737
1.98593
1.84398
1.93837
1.87873
1.91711
1.83543
1.81442
1.96952
1.82192
1.773
1.94631
2.08328
2.07193
2.06009
2.06313
1.88401
1.91235
1.81851
1.94771
1.8204
1.86404
2.40383
1.95947
1.83737
1.93228
1.83351
2.07327
1.8246
1.91227
1.85714
1.80991
1.84319
1.96054
1.98338
2.3671
1.8297
1.8416
2.01362
2.18409
1.82407
1.82855
1.85598
1.85609
1.77402
2.06339
1.9728
1.79688
1.81786
1.8591
1.86754
1.84317
1.93976
1.83251
1.82534
1.89134
1.98268
1.89889
1.87549
1.85771
1.83358
1.99602
2.03047
1.84704
