8.51326
8.17701
8.05732
8.1699
8.44
7.9136
8.12579
7.8431
8.37385
7.99519
8.26183
8.44614
8.40645
8.16277
8.19072
8.37664
8.14205
8.53546
8.33654
8.21848
8.28646
9.55557
8.60177
9.32984
8.3669
8.93099
8.70723
8.37555
8.54552
8.44455
8.65143
8.23817
8.48458
7.89002
7.99571
11.641
11.8103
9.90987
7.8474
9.55783
8.95628
8.17164
8.04208
8.21084
11.8931
8.3177
9.13809
8.16572
8.66978
10.2033
8.06104
8.46528
7.90714
9.34213
7.9882
8.25179
8.36956
8.10836
8.46784
8.1724
7.92252
9.76371
8.34975
7.97321
8.12502
8.03997
8.59637
8.27631
8.01425
8.60285
8.32446
8.19734
8.1122
8.52639
8.42098
8.2267
8.75646
8.89551
8.22958
8.18228
8.68122
8.39863
8.23433
8.22332
9.29224
8.26989
8.05716
8.51096
8.77432
8.66258
8.71525
8.24926
8.05605
8.45756
7.9637
8.38216
7.93596
8.12648
8.48898
8.25006
