3.80183
3.9343
3.62783
3.86805
3.61103
3.59878
6.11839
4.36481
3.6847
3.62274
3.73334
3.75826
3.60743
5.92705
3.65607
4.10879
3.6046
3.59455
3.59443
3.77415
3.74176
3.65939
3.64051
3.8478
5.58066
3.72908
3.64007
3.7422
3.64114
3.72833
3.9144
4.30884
4.11868
3.59689
6.19466
3.59636
3.65624
3.71396
3.75465
3.59642
3.78911
3.60249
4.52353
3.64859
3.83459
3.83599
3.58174
6.24737
6.85005
3.72558
6.21308
3.62961
4.22274
3.98251
3.57674
3.88615
3.60192
4.48801
3.59982
5.08428
3.60229
3.8272
3.82617
4.10287
3.59159
3.99162
3.83191
3.76979
3.63936
3.70618
3.59101
3.68476
3.73382
3.61596
3.59039
3.62641
4.01567
3.60013
3.68013
3.61916
5.58923
3.67287
5.70198
3.87764
3.7085
3.63036
3.80123
3.58332
3.84219
3.62374
3.91434
3.78076
3.68042
3.64304
3.76231
3.62625
3.6607
3.82614
3.90836
3.78384
