2.61095
2.52241
2.52442
2.41455
2.57185
2.74418
3.20692
2.56917
3.52643
2.56955
2.48721
2.59547
2.57528
2.49892
2.44314
2.61724
2.73477
2.45164
2.64485
2.53214
2.50826
2.56631
2.4915
2.70562
2.49571
2.54217
2.7547
2.64006
2.504
2.46239
2.71465
3.83162
2.55873
2.5704
2.57455
2.95136
2.54724
2.52568
2.61997
2.55275
2.71814
2.58101
2.45042
2.69801
2.48214
2.47815
2.41324
2.93557
3.09024
2.45434
2.86117
2.62535
2.42746
2.45181
2.55409
2.54514
2.61775
2.48972
2.85066
2.47045
2.49654
2.37598
2.5718
2.7686
2.4983
2.52935
2.46862
2.47333
2.77468
2.63205
2.48154
2.54141
2.82619
2.58389
2.52713
2.57619
2.52443
2.48202
2.53135
2.45166
2.39405
2.43826
3.04216
2.48988
2.38276
2.54481
2.5928
2.50602
2.4803
2.53451
2.78172
2.58333
2.74858
2.58354
2.45022
2.68499
2.50419
2.49812
2.44018
2.42471
7.5486
7.50649
7.39514
7.52127
7.161
7.83418
7.32544
7.70934
7.49782
7.11725
7.46647
7.77732
7.99352
8.10002
7.85982
7.5648
7.49113
7.23702
7.78169
7.30446
7.40817
8.19063
7.44587
7.57929
7.27586
7.14282
7.2595
7.59819
7.78762
8.21704
7.23541
7.58303
8.06699
7.9557
7.63743
7.89006
8.38942
7.23165
7.70472
7.9916
7.97682
7.64439
7.46189
7.38534
7.7565
7.82979
7.88774
7.52038
7.48497
7.71512
7.53152
7.37471
7.59061
7.44629
8.08015
7.31218
7.60527
7.48998
7.50045
8.15415
8.0658
7.71786
8.01877
8.31911
7.31116
7.40981
7.58009
7.63596
7.57127
7.71837
7.71247
7.97567
8.51726
7.48486
7.60178
8.15224
7.27242
8.20448
7.61898
7.26407
7.62406
7.20576
7.29408
7.29207
7.38081
7.09253
7.73883
7.66691
7.69673
8.02829
9.37944
7.41094
7.81808
8.35731
7.60002
7.89222
7.79822
7.3598
7.41481
7.44449
13.3414
13.6528
13.0191
13.0193
13.7471
13.3847
13.1219
14.0045
13.373
13.3167
13.5718
13.5983
13.1237
13.2016
13.2101
12.9752
12.777
12.7918
14.3899
12.8646
13.1024
12.6235
14.6369
12.9392
13.3366
14.2267
13.6191
12.8294
13.0714
12.7147
13.0875
13.6896
12.7796
12.8716
12.8398
12.6903
13.15
13.0337
13.2329
13.4759
12.9009
13.9008
12.9361
13.6042
12.6053
13.2472
12.8589
12.7437
12.8132
13.2053
13.886
12.8498
13.4491
12.8459
12.9333
13.9258
16.8414
12.5394
12.7384
13.1898
12.9507
16.8796
14.0812
14.9803
13.7017
15.4632
18.281
14.3151
13.6849
13.5761
13.3876
15.9257
14.9668
13.1932
14.7959
13.9677
13.2167
13.5567
12.8289
13.165
14.0068
18.1363
17.1674
12.2505
18.3635
13.1818
14.1775
16.6779
17.4806
13.7477
13.9135
13.0285
13.3652
15.8757
13.4071
13.1514
12.8313
12.7867
13.9398
15.1412
21.7099
21.5041
22.1449
22.5104
18.5738
20.2837
18.8269
18.4879
20.6949
19.022
19.9308
18.6537
21.0271
19.0988
19.1526
18.4139
20.1722
19.9006
19.9706
22.7156
19.7463
19.2075
22.7062
18.935
20.0789
20.7912
20.5366
19.8643
18.6474
19.7288
20.926
18.3556
19.3785
20.7121
19.0777
22.2965
19.9693
19.4629
19.7729
20.6294
19.6421
20.9369
19.9619
19.4475
19.7309
19.3963
21.1643
20.8581
19.5271
20.927
19.5376
20.0456
21.2544
20.1713
19.0957
18.5772
19.8693
20.8723
19.892
20.2453
21.3139
18.5914
20.3119
18.9618
18.7889
22.0348
18.741
20.1285
20.3876
19.5459
19.75
20.3694
21.6401
20.1973
19.9475
20.5123
19.8646
19.8927
19.4336
19.8343
19.8672
20.3189
19.4445
20.9818
20.2005
19.4119
25.543
20.0627
20.471
19.2497
21.1506
25.9688
22.0514
20.3883
22.1093
21.8089
19.3149
23.4663
23.847
20.4998
