10.3266
9.96547
9.69911
9.72446
9.91174
10.2141
10.2209
9.97822
9.82492
10.2495
10.8963
10.651
9.85129
10.0484
11.3316
10.7438
10.9433
10.4398
9.97975
10.2541
10.0195
10.2921
10.7814
9.92434
10.1986
9.70014
9.80208
10.3097
10.3353
10.5419
10.1634
9.97254
12.8481
9.87267
10.0203
10.1022
9.83511
10.2255
10.2165
10.2642
9.97886
9.8809
9.90756
10.329
10.2632
9.93709
9.87813
10.3838
9.88854
10.251
9.92665
10.0815
10.3065
10.1396
10.0652
9.92806
15.8263
15.1342
16.0518
15.4015
10.3969
10.1938
10.3395
9.77734
9.89448
9.72513
9.67189
10.7797
10.369
10.1009
10.0994
10.5359
10.0769
10.0268
10.0901
10.2407
9.94726
10.2168
10.3486
10.1192
9.99365
9.95766
9.96825
9.95304
10.2332
11.4541
9.94632
10.166
10.5079
10.3744
10.3938
10.1583
10.5124
11.0194
10.2828
10.6181
10.6852
10.2664
11.5177
10.5896
