26.9014
30.1478
26.4062
25.4088
25.2075
25.6494
25.7843
26.6549
25.4281
24.9994
27.2418
24.9345
25.6703
25.203
25.1204
25.1046
25.9755
25.9117
24.7832
24.1088
25.5869
25.1581
25.1552
24.9469
25.9009
25.0376
23.9285
24.711
28.6988
31.6368
31.2939
27.3406
28.1616
24.1057
28.0584
25.6135
31.2409
26.6839
26.6196
25.8194
26.7176
31.9144
31.2018
27.3253
31.8415
26.8408
31.0729
32.3876
25.7433
26.7915
26.2633
25.7746
25.1584
25.8089
28.0211
25.5692
25.7358
26.932
27.1442
38.9099
29.7497
26.4704
28.2363
26.8559
28.0816
26.9752
26.5657
24.7676
27.9348
29.1065
30.7287
25.3862
24.6449
24.7678
25.774
26.3492
26.1019
29.7202
26.412
32.0008
28.0433
26.1704
25.0587
26.1577
25.7565
24.4636
26.281
25.7619
26.3162
24.741
33.0649
24.2675
26.621
25.4829
24.3469
25.6285
25.8827
25.4491
26.1529
25.4281
