1.18182
1.18856
1.20621
1.19445
1.17777
1.18552
1.17709
1.85284
1.5905
1.25912
1.18742
1.54226
1.21253
1.20243
1.22311
1.36327
1.4082
1.16648
1.19802
1.21107
1.31208
1.4121
1.37889
1.18304
1.21046
1.19724
1.2651
1.34959
1.38095
1.24997
1.17751
1.66724
1.32882
1.2918
1.14575
1.23332
1.19288
1.19131
1.1572
1.19171
1.1962
1.21246
1.26238
1.47002
1.16301
1.29261
1.16778
1.22195
1.33701
1.15734
1.37773
1.22174
1.36311
1.18658
1.17291
1.22145
1.24844
1.28385
2.17208
1.47034
1.22467
1.18884
1.25917
1.30495
1.18622
1.17936
1.1904
1.22061
1.30434
1.26804
1.34495
1.1987
1.19602
1.18299
1.2123
1.16852
1.18202
1.20715
1.16485
1.43381
1.45637
1.85737
1.17877
1.17475
1.1732
1.22334
1.42156
1.22482
1.29273
1.3504
1.18739
1.42719
1.20827
1.31075
1.20008
1.21154
1.2354
1.17575
1.3173
1.26461
3.54694
3.4742
3.62241
3.43908
3.66321
3.59744
3.61484
3.63896
3.60728
3.69787
3.43261
3.55251
3.47376
4.20733
4.08428
3.62052
3.58057
3.42189
3.49553
3.9857
3.60016
3.5874
3.55894
3.64967
3.85326
3.97839
3.48604
3.55171
3.66632
3.58831
3.40468
3.53301
3.66535
4.40875
3.60764
3.81637
3.66672
3.464
3.91728
3.42004
3.46915
3.43252
3.38148
3.54341
3.43231
3.45417
3.55193
3.76832
4.06336
3.43703
3.66727
3.7531
3.468
3.60031
3.46676
3.38765
3.54784
3.45363
3.64972
3.7754
3.68938
3.65923
3.85887
6.13786
3.61817
3.38677
3.43086
4.23209
3.63008
3.42723
3.8364
3.84643
3.9326
3.75568
3.61373
3.72454
3.46788
3.45672
3.4205
3.69703
3.45219
3.79433
3.73342
3.56264
4.11189
3.80986
3.56888
3.65691
3.82875
3.81038
3.50659
3.61367
3.54287
4.71124
3.33868
3.87114
3.39055
3.69001
3.77209
3.88316
6.15119
6.11198
6.01796
5.93746
6.35144
6.35614
7.02849
9.10106
6.33978
5.9178
6.42934
6.11153
6.08552
6.55343
5.88379
5.94574
6.46603
7.2857
6.24802
5.99339
5.77565
6.37266
6.46333
6.37003
6.54287
6.85727
6.47767
5.77602
6.34741
5.9175
6.11355
10.284
6.34333
6.26368
6.36711
5.72953
5.9309
6.59478
5.70795
5.85079
6.22186
6.16103
5.97114
6.02649
6.06349
5.87697
5.93472
6.18755
5.97568
6.42427
6.77094
5.73769
6.50487
5.88304
5.92945
6.77239
6.46496
5.87505
6.29736
5.88906
6.20955
6.79488
6.7337
6.09174
6.0508
6.6943
9.89444
5.99986
6.1084
6.1652
11.6493
9.27074
8.86702
10.0578
6.25991
6.42954
5.91957
6.14767
6.50167
5.83965
6.22812
6.2787
5.97866
6.09138
6.18643
7.13669
6.86986
11.0209
6.88774
6.37294
6.61304
5.86521
5.96001
7.98581
5.94671
6.22735
5.96488
5.97815
6.8676
10.133
8.63977
8.8991
8.59029
8.23528
10.3606
10.9151
8.53595
8.32198
8.31147
8.70674
9.55783
8.75939
8.41045
8.97369
8.94483
11.0703
8.20536
8.7394
8.4816
8.25288
8.56039
9.93787
9.37185
8.30585
8.21257
9.40986
9.02742
8.56921
9.13229
9.02562
8.91866
9.28066
8.47376
8.47232
8.47446
8.47723
8.23182
8.25788
9.78736
8.51847
8.82844
9.55899
8.54646
9.09957
8.76153
9.44409
9.07791
8.73227
10.5633
9.05918
8.3524
8.7175
9.02646
10.1538
9.73095
8.59749
10.6343
8.28115
8.3224
8.55461
8.27011
8.71066
9.05297
9.23552
8.89708
8.53186
8.71257
8.25972
8.76597
10.7095
8.81342
8.36516
8.38872
9.5315
10.2542
9.97788
9.59254
11.5043
8.61056
8.79794
9.10538
8.5752
9.79244
8.43809
9.64436
9.24588
8.825
10.4528
9.03286
10.9327
9.94339
10.1342
9.20407
8.64157
8.42424
8.86856
11.6382
12.6449
10.7035
9.44925
11.5879
12.3427
11.9648
18.8036
11.9153
14.451
15.8058
13.0034
12.6887
11.468
11.5864
12.5566
12.9537
11.9354
11.2741
11.6558
12.0575
11.4538
11.3022
11.4198
12.123
11.8356
13.1534
11.1676
12.6244
13.2732
11.376
12.3784
12.4074
11.6456
11.0802
11.4954
11.4663
11.8356
12.4669
11.6816
12.5754
12.2136
13.0862
11.3909
11.6546
11.5671
11.8343
13.8333
11.6611
11.3402
11.153
16.7255
12.6832
11.494
11.3426
11.3356
11.1779
11.8914
16.6443
11.4666
11.356
11.2482
10.9298
16.2061
11.3808
11.0155
11.2766
16.3005
11.0923
17.9887
17.7514
11.6555
11.548
12.0653
13.8841
13.8693
12.2346
11.7167
10.9716
14.073
11.283
12.4823
15.4005
12.2544
11.8631
10.8122
16.2897
13.1525
11.8909
11.0535
14.7091
10.9105
11.4916
12.4701
14.7223
12.6251
12.1906
12.2925
11.4237
11.4598
11.4651
10.9549
11.1009
10.9831
14.6468
15.5532
15.5888
14.3193
14.6167
14.3905
18.8769
14.306
17.9001
15.5312
14.9729
15.7375
16.2417
20.0495
18.9331
14.56
14.717
14.3157
20.3645
14.8544
14.4761
14.4728
14.2409
17.8694
14.8651
15.2034
14.9758
14.3539
15.2731
15.2555
17.037
15.5515
14.4682
15.6042
15.4182
15.0602
16.2354
14.4552
14.4563
15.0033
15.3354
14.6666
15.2184
14.4017
14.9842
14.3725
15.0683
16.4995
15.5038
14.6294
14.5452
14.8502
17.3774
17.9138
18.224
14.5624
15.0843
14.9131
14.6399
19.439
20.2577
14.137
21.8669
16.8215
15.5301
14.5175
16.0082
15.8766
18.5414
14.5759
15.0758
14.8733
13.9787
17.987
15.8045
14.6735
15.5506
14.6434
14.6218
26.4076
13.9593
15.1637
15.4237
14.3833
14.144
14.443
14.0715
14.965
15.5698
14.2848
14.3585
14.826
16.8138
14.8715
21.5459
19.9093
15.1969
15.9967
15.4269
15.653
18.1493
23.2284
20.5597
20.1516
21.1673
17.9766
17.1662
19.2555
18.7823
16.8472
17.8009
16.5979
16.4991
18.2146
16.7029
16.6137
16.8272
16.8939
17.6353
18.4444
17.9595
17.4278
16.9101
17.3083
17.6433
16.806
16.4872
17.0261
17.2279
23.3361
16.8162
20.6762
21.8811
23.8161
17.2118
19.279
16.9715
18.0299
23.5927
23.1076
16.8814
17.7481
16.8318
17.6323
16.7375
17.6856
17.6542
17.0059
16.5431
18.3491
17.3366
16.9929
17.9618
17.3592
17.5283
17.1582
18.6546
17.0207
23.2378
17.3145
17.0855
16.8933
19.6687
16.6651
17.0596
22.1964
18.8717
17.4972
24.1566
16.6643
17.4125
16.833
18.4706
18.1406
17.236
17.1254
16.8616
17.8744
16.4715
16.7722
16.6864
16.7852
16.2873
16.5494
17.43
17.2049
16.3103
17.9001
16.6875
17.5545
16.44
16.5249
17.4501
23.3615
24.1321
17.1695
16.8172
17.7255
23.2327
17.0024
