0.000873927
0.000926292
0.000930421
0.000918383
0.000960862
0.000872087
0.000876237
0.000966081
0.000878791
0.000872599
0.000946109
0.000938211
0.000947245
0.000922743
0.000966077
0.000969305
0.000880238
0.00100791
0.00095728
0.00089054
0.00101684
0.00104231
0.00114582
0.000954745
0.000911228
0.000886946
0.000875187
0.000910378
0.000914485
0.000902644
0.000923629
0.000877022
0.000931298
0.00088061
0.000934759
0.00093005
0.000873869
0.0010409
0.000929512
0.000920502
0.00126305
0.00144465
0.0015558
0.00137629
0.00102374
0.000870308
0.00124493
0.00150074
0.00120216
0.00125757
0.00103059
0.00121629
0.00088234
0.000951745
0.000920008
0.000936476
0.000874689
0.000894938
0.000911977
0.000911141
0.000897114
0.000929284
0.000887887
0.000896906
0.000916971
0.00100886
0.00117274
0.000986091
0.00113083
0.00143786
0.000973396
0.00104166
0.00109989
0.00103289
0.00124307
0.00091337
0.000877353
0.00093567
0.00109014
0.00101615
0.000887538
0.00124171
0.000902879
0.00100508
0.00106496
0.000987997
0.000940692
0.00125146
0.000969525
0.000956623
0.0011759
0.000904892
0.000913451
0.000894581
0.00121847
0.00121649
0.000881117
0.00096518
0.000943303
0.000927555
0.00104225
0.00107298
0.000910287
0.00102623
0.000908311
0.000974567
0.00090333
0.000999411
0.000867139
0.00106941
0.00128731
0.00110179
0.00117503
0.000992839
0.000930995
0.000870562
0.00115339
0.00103237
0.000910762
0.000900692
0.000948028
0.000969155
0.00102679
0.000875147
0.00109718
0.000941919
0.000876919
0.000911172
0.000938124
0.000972208
0.00113881
0.000968814
0.00130327
0.000982453
0.000909397
0.0010578
0.000912954
0.000899038
0.00113011
0.00120181
0.000967858
0.000886696
0.000877137
0.000879614
0.000995799
0.000940938
0.000863541
0.000865987
0.00097485
0.000881148
0.000942086
0.00109778
0.0010042
0.00115597
0.00105211
0.00102999
0.00106759
0.00100076
0.00139852
0.000885699
0.000929272
0.000873155
0.000960506
0.000929168
0.000895311
0.000942359
0.000894945
0.000940216
0.00100887
0.000866104
0.000868407
0.000967365
0.00086791
0.000986164
0.000926282
0.00111976
0.000888263
0.000977792
0.00111966
0.00103046
0.00094441
0.00106022
0.000973212
0.000886608
0.000949965
0.000905919
0.00104078
0.00109924
0.000911595
0.00105598
0.000884037
0.000949417
0.000944975
0.0009929
0.000934492
0.000881938
0.00109668
0.00110814
0.000948683
0.000940874
0.000920434
0.00100758
0.000951566
0.000862845
0.00100912
0.000941471
0.000874748
0.000972389
0.00105313
0.000888805
0.000916452
0.000894627
0.000882615
0.000969531
0.00090631
0.00094438
0.000870276
0.000868393
0.000917871
0.000876595
0.000937658
0.000956052
0.00101437
0.000903617
0.00106361
0.00144697
0.000958169
0.0013557
0.00102136
0.000930342
0.00102954
0.00109
0.000876296
0.000880904
0.000918149
0.000892064
0.00103737
0.000940073
0.00094904
0.000907737
0.00093222
0.00087507
0.000879541
0.000941397
0.000873914
0.00093209
0.000868526
0.000998191
0.00102181
0.00112048
0.00106605
0.00100487
0.000889862
0.000941
0.00112659
0.00093315
0.00117275
0.000888744
0.000881386
0.000923851
0.000952878
0.000934679
0.000994019
0.000893143
0.000937103
0.000869483
0.0010956
0.00109243
0.00119972
0.00096004
0.00124409
0.00138739
0.00123224
0.00116686
0.00112305
0.000897608
0.000910606
0.00112353
0.000990612
0.000915286
0.0010143
0.000933972
0.0008779
0.000964578
0.000934149
0.000997572
0.000935007
0.000933472
0.00108077
0.00103449
0.000931432
0.00117486
0.00108013
0.00114293
0.000988364
0.000944485
0.000892408
0.00105037
0.000984638
0.00115272
0.00115701
0.00113404
0.00103262
0.00102394
0.000905254
0.000908612
0.00139986
0.00118204
0.00103583
0.00111639
0.000934042
0.00106013
0.00100531
0.00118446
0.000882004
0.00100873
0.00101529
0.000870238
0.000934667
0.000922727
0.000951776
0.00087451
0.000951466
0.000881747
0.000901061
0.00112384
0.000953561
0.00122492
0.00110363
0.000972201
0.00087887
0.0011866
0.00103055
0.000881617
0.000874048
0.000908941
0.000955899
0.00088834
0.000891774
0.00122661
0.000885694
0.000933915
0.00087116
0.000905732
0.00101219
0.000925387
0.000977418
0.000941668
0.000925401
0.00113565
0.000941892
0.000951562
0.00093108
0.00104889
0.00135116
0.00103777
0.000882054
0.000956561
0.00096588
0.00105498
0.00101317
0.000883565
0.000976648
0.000925496
0.00100707
0.000920314
0.000937147
0.00104423
0.000912752
0.000867259
0.000872805
0.000891939
0.000930132
0.00101865
0.00106296
0.000984206
0.000896383
0.00100831
0.000964427
0.000879489
0.000922244
0.000877744
0.000897252
0.00099638
0.000908361
0.000881637
0.00104595
0.000931513
0.000993956
0.000879558
0.000937824
0.000990934
0.000898489
0.000901596
0.000948723
0.000919694
0.00111949
0.00101466
0.000889269
0.00114778
0.00105794
0.000972926
0.000875884
0.000928857
0.00087744
0.00100597
0.00101254
0.000985209
0.00101036
0.000998622
0.00108069
0.000984332
0.000878008
0.000967207
0.000914951
0.000971022
0.000892198
0.000964351
0.00103153
0.000954523
0.000922487
0.000927823
0.00131142
0.0011186
0.00103645
0.000877346
0.000948404
0.00101679
0.000893486
0.000997748
0.000881206
0.000859881
0.000871336
0.000909867
0.000956387
0.000966459
0.000887853
0.000887894
0.000872531
0.000903742
0.000897162
0.00103814
0.00101563
0.000983577
0.000919606
0.000988894
0.00100133
0.000989568
0.000887403
0.00104734
0.000894562
0.000957952
0.00093425
0.000980198
0.000865726
0.00089082
0.000872771
0.000889332
0.00106593
0.000870137
0.000889572
0.000877851
0.000898758
0.000894789
0.000966834
0.0011701
0.00095805
0.000962878
0.00108809
0.00143118
0.00132449
0.000995219
0.00123533
0.000939577
0.00108925
0.00111528
0.00125769
0.00108972
0.00100023
0.000916086
0.000896426
0.000932312
0.000909893
0.00109362
0.000884682
0.001379
0.00129436
0.00108868
0.00102355
0.000906192
0.00133199
0.00129299
0.00128403
0.000938401
0.000975017
0.000966706
0.00088213
0.000913739
0.00094215
0.00109333
0.000944284
0.00107095
0.000918731
0.00100528
0.00110407
0.000922486
0.00136619
0.000982303
0.000962307
0.00092872
0.00110102
0.0011207
0.00113421
0.000879258
0.000884602
0.000921617
0.00100298
0.000934303
0.000904184
0.00102153
0.000891659
0.000966547
0.000960988
0.000859399
0.000954343
0.000884316
0.000885242
0.00106508
0.000959826
0.00106346
0.00103591
0.000898483
0.000889308
0.000966337
0.000946547
0.000936619
0.000924441
0.000999337
0.000885749
0.000881248
0.000958918
0.000888188
0.000994522
0.00105096
0.00090671
0.000906389
0.000874807
0.000889755
0.000882881
0.000885339
0.00090967
0.000893266
0.000907261
0.000899819
0.000915488
0.000901199
0.000958673
0.000951823
0.00100397
0.000937782
0.000907706
0.000960138
0.000893927
0.00103433
0.00104297
0.00103239
0.000989314
0.000935001
0.000917463
0.00096161
0.000894311
0.000876845
0.00122086
0.00090067
0.00111312
0.00107684
0.000984924
0.00103688
0.00116799
0.00100208
0.00101439
0.00106511
0.000864723
0.000864784
0.00118006
0.000955213
0.000999992
0.000882324
0.000930662
0.0011104
0.00100862
0.00104864
0.000981669
0.000996072
0.000959719
0.000891061
0.000928336
0.00121185
0.00107364
0.00142928
0.00117334
0.00105395
0.001035
0.00101033
0.000969285
0.000967374
0.000987388
0.000885573
0.000889234
0.00100559
0.000974536
0.00103926
0.00100042
0.00094892
0.000978558
0.000876705
0.00090743
0.000881462
0.000915483
0.00100372
0.000934724
0.000941788
0.000936228
0.000879391
0.000949715
0.0010528
0.00101302
0.000914972
0.000876923
0.000982364
0.000877945
0.00088605
0.000896565
0.000918237
0.000908013
0.00117386
0.000891648
0.000865144
0.000978846
0.000900773
0.000894163
0.000934738
0.00127615
0.00137472
0.00131029
0.000959598
0.00107857
0.00109411
0.00121695
0.0010634
0.00089046
0.00116445
0.00104083
0.000970465
0.00100426
0.000936416
0.00103646
0.00126686
0.000978909
0.000915291
0.000895927
0.000947278
0.000912698
0.000890945
0.0011524
0.00100227
0.000984825
0.000890435
0.000956163
0.00120649
0.000967459
0.000906901
0.000918091
0.000877581
0.000938062
0.000878759
0.000928276
0.000907326
0.00121644
0.00110515
0.000996931
0.000962974
0.000877023
0.00089866
0.000941971
0.000871374
0.00100842
0.00104385
0.000903774
0.000993923
0.000874167
0.000972851
0.00104187
0.00102424
0.000867616
0.00102252
0.000934784
0.000887312
0.00089854
0.000880758
0.000897957
0.000898327
0.000878942
0.000930028
0.000933441
0.000881397
0.000885273
0.000878226
0.000868397
0.000883626
0.000924403
0.000974321
0.000920982
0.000980675
0.000881107
0.000903021
0.00118718
0.00110839
0.000874748
0.000984339
0.000880632
0.00089274
0.000896342
0.000887307
0.000911811
0.000893706
0.000894882
0.00144318
0.00124412
0.000958246
0.00104451
0.000942276
0.000910545
0.000985274
0.00106258
0.000923394
0.000974054
0.000880525
0.000936311
0.00111814
0.00101247
0.000879501
0.000920173
0.000871756
0.000876791
0.000875656
0.000894712
0.000937727
0.000910156
0.000962472
0.00108451
0.00118104
0.00103603
0.000874329
0.000902614
0.00106987
0.00106359
0.0010992
0.00106353
0.00111217
0.00108681
0.0012111
0.000993595
0.000901169
0.0010131
0.000881464
0.000890542
0.0010336
0.000949316
0.00087857
0.000936173
0.000922496
0.00116604
0.000913615
0.00116244
0.000968063
0.00108059
0.00106705
0.00092895
0.001016
0.000991314
0.000907537
0.0010627
0.000914292
0.000985533
0.00104136
0.000888247
0.000924212
0.00089435
0.000884485
0.000871699
0.000876473
0.000943875
0.000919695
0.000876887
0.00105391
0.00110377
0.000923153
0.000950577
0.000898294
0.000896002
0.000985069
0.000888798
0.000966091
0.00121139
0.000947124
0.000966944
0.00107176
0.00102099
0.000866522
0.000998594
0.000990473
0.00100233
0.000908168
0.00100542
0.000944128
0.00109771
0.000880843
0.000966478
0.00101434
0.00106518
0.000935309
0.000915861
0.000947076
0.000978836
0.00095254
0.00100323
0.000957755
0.000971559
0.000967612
0.00119997
0.00121475
0.000940343
0.0012625
0.000932636
0.000884282
0.000902373
0.000969402
0.00087751
0.000904808
0.00092205
0.000957817
0.00100367
0.000930564
0.000979641
0.000891657
0.000928963
0.00101708
0.00113975
0.000982652
0.000937844
0.000910475
0.00106342
0.000986341
0.00107612
0.000867889
0.000945458
0.000888971
0.000876431
0.000876168
0.000921244
0.000874528
0.000881709
0.00102036
0.00104732
0.000957409
0.000916705
0.000949489
0.000893465
0.000867678
0.00106371
0.00109541
0.00100469
0.000959286
0.000923125
0.00103642
0.00125431
0.00136437
0.000951813
0.00101194
0.000874769
0.000921588
0.000983067
0.000902617
0.000895276
0.000888184
0.000901468
0.000956227
0.000932363
0.00119041
0.000953335
0.00108898
0.00119106
0.0010534
0.00105596
0.000955029
0.000897078
0.000944964
0.00129221
0.000997134
0.00103104
0.00100179
0.000941763
0.000922841
0.000934814
0.00107377
0.000899543
0.000915485
0.0010068
0.00105405
0.00104064
0.000989111
0.00101842
0.000942857
0.000961012
0.000931228
0.00113026
0.000985105
0.00101891
0.000931249
0.00145791
0.000994162
0.00093451
0.000973321
0.000952053
0.00090425
0.000901274
0.00101866
0.00093425
0.000876538
0.000992658
0.00115246
0.000980624
0.000988336
0.00115478
0.00106874
0.00095318
0.000955606
0.00126735
0.00102011
0.00108746
0.00101148
0.00109953
0.00109127
0.000885034
0.00104984
0.000877452
0.000907424
0.00100516
0.00103123
0.0010267
0.000986885
0.00093104
0.00103861
0.000894737
0.000868144
0.000871974
0.00116969
0.000935823
0.00100672
0.000964563
0.00106778
0.00121029
0.000968668
0.000983892
0.00123613
0.00101676
0.000861911
0.00111172
0.000978535
0.000977191
0.00092851
0.000950158
0.000989112
0.00101869
0.0010656
0.000962477
0.000972249
0.0011997
0.000975457
0.000891795
0.000965835
0.00101519
0.00119366
0.00102721
0.00092606
0.000952264
0.000894209
0.00105349
0.000888732
0.000983197
0.000954486
0.00087271
0.000925342
0.000872716
0.00103342
0.000922673
0.000957058
0.000951184
0.000859375
0.000916297
0.00118525
0.00110063
0.00090104
0.00102684
0.00134216
0.00120354
0.000932826
0.0010466
0.00110121
0.00120653
0.000891578
0.0010686
0.000983099
0.000934777
0.00090674
0.000948313
0.00096204
0.000946135
0.000963075
0.00105829
0.000890849
0.000887552
0.000935578
0.00120634
0.000936677
0.000963906
0.00112101
0.00105142
0.000913521
0.00107205
0.00115823
0.0010931
0.00105497
0.000911028
0.000958871
0.000955385
0.000876941
0.000888374
0.000877969
0.000969628
0.000964887
0.000989729
0.000922755
0.000882274
0.000880763
0.000919689
0.000999493
0.00122632
0.00103611
0.00114615
0.00139836
0.00117354
0.000986721
0.00130681
0.000940013
0.00104313
0.000932558
0.00102886
0.000998753
0.00107853
0.00094178
0.000876025
0.000995141
0.000914945
0.000909914
0.000934233
0.00094374
0.00117292
0.00119368
0.00108662
0.00100876
0.0010976
0.000919569
0.000964594
0.00116813
0.00101361
0.000880391
0.000959104
0.000920317
0.000925669
0.000861839
0.000927413
0.000878737
0.00110945
0.00115282
0.000868327
0.000941315
0.000914115
0.000897754
0.000941149
0.000985481
0.000937747
0.000922717
0.000981737
0.00117769
0.000989414
0.00100142
0.00113968
0.00091358
0.00102918
0.000924979
0.000986005
0.000923846
0.000888946
0.00092569
0.000883683
0.000950892
0.000958275
0.000879743
0.000886409
0.00100155
0.000863278
0.00113536
0.000949697
0.00103999
0.000941722
0.00113669
0.00101917
0.000954783
0.000976244
0.00108736
0.000904271
0.000934687
0.000879249
0.00088794
0.000875716
0.000897171
0.000920583
0.000869139
0.000865814
0.000877962
0.00098963
0.000907553
0.000918786
0.000877869
0.000881535
0.000905984
0.000988441
0.00100688
0.000993316
0.000999927
0.00100854
0.000924777
0.000926508
0.00106039
0.000920395
0.000898969
0.000871126
0.00096577
0.000938257
0.000953313
0.000933168
0.000936135
0.000889557
0.000895623
0.000964148
0.00090836
0.000943899
0.000965987
0.000880222
0.00100276
0.000935784
0.00101626
0.00101618
0.0011684
0.00110851
0.000905013
0.000937152
0.00105242
0.00088206
0.00099431
0.000929718
0.000881134
0.000892426
0.000993355
0.000862803
0.000918543
0.000959239
0.00125015
0.000938436
0.000875214
0.000893316
0.000895484
0.00114741
0.00097866
0.00109462
0.00094352
0.00101812
0.000971145
0.00106689
0.000894726
0.00101923
0.00088813
0.00102122
0.00106941
0.000868119
0.000884996
0.000860331
0.000885422
0.000865353
0.000876571
0.00112809
0.00105275
0.000881045
0.000954051
0.000893472
0.000931686
0.000894738
0.00116263
0.00117381
0.00116252
0.00102518
0.000922124
0.000890941
0.000956937
0.00102698
0.000967513
0.000874626
0.000886835
0.000857306
0.000876378
0.000911863
0.000895509
0.000979348
0.000888146
0.000923967
0.000873536
0.000888616
0.000869306
0.000999034
0.000903383
0.000903188
0.00103343
0.000926687
0.000915191
0.00111113
0.00100979
0.000925116
0.00108258
0.000988217
0.00097497
0.00101085
0.0011693
0.000924797
0.000913895
0.00118139
0.000888949
0.000899626
0.000873821
0.000887513
0.000974573
0.000985859
0.000922235
0.000881261
0.000961172
0.00089854
0.000922529
0.00108582
0.000928285
0.000922845
0.000884884
0.00126551
0.000907398
0.000885453
0.00095178
0.000888461
0.000893204
0.00094558
0.000924479
0.000937726
0.000880424
0.000920655
0.000859931
0.000998579
0.000877595
0.000943665
0.000950493
0.000990248
0.00109689
0.000876954
0.000880525
0.000946271
0.00116351
0.000934626
0.000993875
0.000997526
0.000973674
0.000887887
0.000877191
0.000990903
0.000882584
0.00093268
0.000939551
0.00105932
0.001023
0.000884584
0.000977394
0.00111801
0.000862745
0.00102622
0.000864566
0.000923173
0.000944833
0.000954074
0.00092058
0.00107299
0.00111867
0.000870865
0.000912653
0.000935744
0.00101054
0.000926488
0.000973458
0.000954439
0.000912504
0.00120383
0.000873335
0.000862261
0.00103747
0.000904152
0.0010834
0.000876552
0.000891156
0.000884719
0.000882947
0.00105967
0.000959123
0.00116693
0.00104759
0.00101139
0.00103703
0.000916815
0.000866119
0.000872199
0.000984105
0.00088522
0.000966317
0.00100755
0.000950257
0.00089273
0.000981385
0.00104611
0.000994744
0.000916774
0.000939652
0.000924225
0.00105027
0.000888544
0.000898371
0.000882009
0.00115124
0.000978548
0.00122485
0.000968892
0.00106762
0.000929527
0.000938589
0.000888603
0.000946823
0.000957663
0.000936494
0.000900587
0.00091286
0.00110637
0.000921568
0.000876029
0.000875335
0.000867753
0.000888603
0.00092851
0.000878652
0.000895978
0.000935568
0.00100107
0.000872482
0.000953849
0.000978103
0.00097771
0.000884745
0.000879716
0.00094681
0.000895948
0.00104879
0.000982003
0.000894659
0.000884622
0.000861341
0.000941869
0.000871707
0.000877876
0.00098822
0.000878525
0.000891284
0.00106072
0.000985958
0.000903791
0.000970596
0.00107578
0.00111292
0.00118231
0.000916334
0.00112932
0.00097463
0.000877522
0.000968744
0.000957513
0.000907091
0.00091603
0.000909997
0.000889709
0.000907877
0.00106155
0.00090462
0.00100464
0.000914201
0.000944194
0.00140811
0.000905901
0.00099938
0.00102321
0.00100656
0.0010427
0.000934914
0.00135778
0.000870191
0.000871705
0.000917431
0.000872642
0.000872658
0.00107783
0.00119582
0.00109986
0.00099314
0.000942819
0.000898269
0.000909517
0.000914415
0.00099453
0.000882763
0.000939108
0.000863326
0.000870769
0.000876159
0.000958871
0.000977847
0.00107843
0.00114132
0.00087343
0.00124902
0.000918984
0.00098129
0.000952461
0.000950376
0.000951699
0.000892275
0.000944693
0.00103711
0.000885424
0.000933961
0.000861526
0.000919675
0.00104008
0.00092836
0.000871647
0.000868651
0.001126
0.000872956
0.00126203
0.000987474
0.00106606
0.000886814
0.00102941
0.00107153
0.000909193
0.000876637
0.000925424
0.00102265
0.000983521
0.000969938
0.000944943
0.000945154
0.000869691
0.000935594
0.000916141
0.000888332
0.000883489
0.000987453
0.00088151
0.000873756
0.00103892
0.00109329
0.00109892
0.000960518
0.000890609
0.000944495
0.0011531
0.00116922
0.00103308
0.000890494
0.00110592
0.000960965
0.00144629
0.00138745
0.00109654
0.001317
0.00092218
0.000886076
0.000935682
0.00108149
0.00102365
0.00124321
0.00129934
0.00104986
0.00129735
0.000966661
0.00111408
0.0012497
0.00102961
0.000946552
0.000883965
0.0010434
0.00118858
0.000879675
0.00099824
0.000914762
0.000958341
0.00090644
0.000871941
0.000929052
0.000980916
0.00107199
0.00093067
0.00104116
0.00089333
0.000887316
0.00102596
0.000938989
0.00159373
0.000894724
0.000890367
0.000913657
0.000950866
0.000914136
0.000958145
0.000906278
0.000892623
0.000878105
0.000872534
0.000873354
0.000887807
0.000888863
0.000962532
0.00089096
0.000862265
0.00093712
0.000923497
0.000994333
0.000981334
0.00099807
0.000972044
0.000868517
0.000902835
0.00100218
0.00104882
0.00108779
0.000920985
0.000940959
0.000920255
0.000981413
0.000934868
0.000895905
0.000979368
0.000921334
0.000882346
0.000969579
0.000874996
0.000869246
0.00101781
0.000948798
0.00096316
0.000965539
0.000963787
0.000905672
0.00112002
0.000920794
0.000922302
0.000994866
0.000903354
0.000965989
0.000940843
0.00100259
0.00115331
0.000865937
0.00108828
0.000861771
0.000924493
0.000892197
0.000971828
0.000870678
0.000876384
0.000903041
0.0010252
0.000946137
0.000881062
0.00106405
0.000865725
0.00106047
0.00099117
0.000994092
0.00097978
0.000944177
0.000871285
0.000869065
0.00102007
0.00106233
0.000916479
0.000875349
0.000974984
0.000862259
0.000889166
0.000943532
0.000883873
0.000870398
0.000871151
0.000989763
0.000881836
0.000926406
0.000939022
0.00103325
0.00094832
0.000996423
0.0010699
0.0011149
0.00121486
0.00107423
0.000889711
0.000995308
0.000944672
0.000929608
0.000892627
0.000883005
0.000945439
0.000967324
0.000933758
0.000987313
0.000963563
0.000872985
0.000865375
0.00091502
0.00101742
0.0011285
0.000936934
0.000893193
0.000915571
0.000986843
0.00097885
0.00104733
0.000882974
0.000879616
0.000933479
0.00094043
0.00102082
0.00105744
0.00089159
0.00124376
0.000920563
0.000905564
0.00102751
0.00100402
0.000998311
0.00105372
0.000945583
0.00114659
0.00101691
0.00116499
0.000913542
0.00103782
0.00116187
0.00151175
0.00138597
0.000931119
0.00122449
0.000905836
0.000935518
0.00104572
0.000944293
0.0010181
0.000912628
0.00102129
0.00101916
0.000894697
0.00128344
0.00100448
0.0010123
0.00095638
0.0011441
0.000872225
0.000886098
0.000999148
0.000884041
0.000873649
0.000920286
0.000884816
0.000873529
0.000930712
0.00100241
0.000918248
0.000887912
0.000871813
0.00096037
0.000921726
0.000993482
0.00102913
0.00102369
0.000912695
0.00107746
0.00113555
0.000902757
0.00124273
0.000949675
0.00104937
0.00101684
0.00107583
0.000871653
0.000919709
0.00098484
0.000930298
0.00127886
0.00109846
0.000971325
0.000947577
0.000991332
0.00103163
0.000920194
0.00128184
0.00108059
0.000879863
0.000964283
0.0011503
0.000968607
0.000894826
0.000978271
0.00107632
0.00101253
0.000977085
0.00104093
0.000971707
0.000852419
0.000952942
0.00115424
0.00093639
0.000879664
0.000886293
0.000928773
0.00107498
0.00118257
0.00156528
0.00137261
0.000906406
0.00119863
0.00126355
0.00144749
0.00111838
0.00128105
0.00142732
0.00134918
0.000913482
0.000932643
0.00104739
0.000925266
0.000993723
0.0010077
0.00101498
0.00113753
0.00114811
0.0010645
0.000924738
0.000900601
0.00103244
0.00109265
0.00119242
0.000890809
0.000995174
0.00105478
0.0010666
0.000932945
0.001022
0.00100248
0.0010333
0.000999558
0.00094073
0.000898722
0.00100153
0.000887979
0.000905337
0.000909193
0.000921782
0.00106726
0.00100448
0.000923825
0.000892154
0.00107614
0.00103673
0.00103529
0.000873717
0.00103877
0.000886259
0.000873578
0.000950911
0.0010192
0.00105995
0.000893855
0.000968925
0.000875367
0.000894994
0.000942519
0.000881271
0.000897418
0.000899955
0.000952504
0.000924736
0.000932803
0.000987131
0.0009391
0.000903919
0.00109383
0.00106683
0.000929432
0.000895532
0.000916755
0.000875668
0.000952548
0.00100074
0.000903287
0.001014
0.000936021
0.00114892
0.0011882
0.000896016
0.000906959
0.00107307
0.000997539
0.00102253
0.000930304
0.000993278
0.000952915
0.00100018
0.000977329
0.000985706
0.00109101
0.000923217
0.000995868
0.000926415
0.000902557
0.000873547
0.000874755
0.000963956
0.001102
0.000953614
0.000959233
0.000912932
0.000875958
0.00087385
0.000884562
0.000886814
0.000911672
0.00100852
0.000981198
0.00088181
0.000970896
0.000858027
0.000968354
0.000894996
0.0011009
0.000945648
0.000942482
0.00104664
0.000896587
0.000864292
0.000879461
0.000870635
0.000986498
0.000926011
0.00102379
0.000938813
0.000880136
0.00086135
0.000907208
0.000874153
0.000926997
0.00090943
0.000934168
0.00108358
0.000898176
0.000947258
0.00106028
0.000903154
0.00122286
0.000868944
0.00101353
0.000913711
0.000987796
0.00087693
0.000957029
0.00143378
0.00140062
0.00130136
0.000902331
0.000987086
0.00103017
0.00117203
0.000942099
0.00105189
0.00104857
0.00110455
0.000987479
0.00140829
0.00109849
0.00106801
0.0011895
0.000909934
0.000939918
0.000880653
0.000998526
0.0010233
0.000989116
0.000886429
0.00104816
0.000891041
0.000970554
0.000881275
0.00109606
0.000904146
0.00141107
0.000959332
0.000922506
0.000975435
0.00095371
0.00103721
0.00125962
0.000885855
0.000875119
0.000947349
0.000881184
0.000946754
0.000896536
0.000959898
0.00101396
0.00113851
0.000968298
0.00103092
0.000888105
0.000930911
0.000879552
0.00116405
0.00105457
0.00126215
0.000987684
0.000945453
0.000913118
0.00108648
0.00129704
0.000877422
0.000953344
0.000873153
0.000913723
0.000876595
0.000914093
0.00092934
0.00106109
0.000979203
0.00100493
0.00089472
0.00106955
0.000916056
0.000990889
0.00100921
0.000891099
0.00109043
0.000957659
0.000963262
0.000923327
0.00103069
0.00117563
0.00125407
0.00088141
0.000942745
0.00124607
0.000891522
0.000999274
0.000863803
0.00102033
0.000945037
0.00111216
0.000877195
0.000907138
0.0008732
0.000977693
0.00118317
0.00120176
0.00130759
0.00117472
0.000872172
0.00132276
0.00125659
0.000924926
0.000952572
0.000890677
0.000862923
0.000881727
0.000935014
0.0009372
0.00089563
0.000913729
0.00142124
0.00109414
0.000954812
0.00100386
0.000938592
0.000948383
0.0009864
0.00112052
0.00135523
0.000991715
0.000926811
0.00099591
0.00101349
0.00104018
0.00113899
0.000978643
0.000986625
0.0011158
0.00090649
0.000993042
0.000885362
0.00116137
0.00115882
0.00092182
0.000888305
0.000959368
0.000887148
0.000895004
0.000944632
0.000897287
0.00100104
0.00107391
0.00128677
0.00103474
0.00108723
0.000924822
0.00103951
0.000862915
0.000878755
0.000871596
0.000874193
0.000981263
0.000905965
0.000916979
0.000923025
0.00103527
0.00110572
0.000878274
0.0010033
0.000947188
0.00098426
0.00100462
0.000962777
0.000918171
0.000986776
0.00106275
0.000978344
0.00103187
0.000922372
0.000886077
0.000903606
0.000884889
0.000858015
0.00108295
0.000891901
0.000909904
0.000976632
0.000899847
0.00100153
0.000945618
0.0010217
0.000959714
0.000863194
0.000978919
0.000962716
0.00178689
0.00105087
0.00105722
0.000897917
0.00110365
0.00116309
0.000877171
0.000987547
0.000959045
0.00087829
0.000875043
0.000875053
0.00087054
0.000964337
0.000962566
0.000952702
0.000985597
0.00104737
0.000927009
0.00110772
0.000879331
0.000914735
0.00106134
0.00103528
0.000940629
0.000922351
0.0010358
0.000920948
0.00123922
0.000983707
0.0010392
0.000960481
0.000895731
0.000866249
0.000881525
0.00099359
0.000870976
0.000896357
0.000884892
0.000940314
0.000941001
0.000932025
0.000874607
0.000886861
0.000888754
0.00120481
0.00101387
0.00107876
0.000934044
0.000976138
0.000894174
0.00103226
0.000906297
0.000873669
0.00089265
0.000865968
0.000869146
0.000884978
0.000935225
0.000867366
0.000889416
0.00100113
0.000993217
0.000870787
0.0012309
0.00106712
0.00107508
0.00105396
0.00119441
0.000960541
0.00110678
0.000954087
0.00113589
0.00139726
0.00108438
0.000938702
0.00100078
0.000920042
0.000896951
0.000938024
0.000879431
0.000885116
0.000885877
0.000871228
0.000953764
0.000881027
0.000899211
0.000879295
0.00115961
0.000988771
0.000921793
0.000999024
0.000990817
0.000890758
0.000883574
0.000884021
0.000908827
0.00141375
0.000929887
0.00101649
0.00089124
0.000896066
0.000957105
0.000896768
0.000897399
0.00088676
0.000932431
0.000971458
0.000885741
0.000953883
0.000888648
0.000913921
0.00112441
0.00106308
0.000979985
0.00103958
0.000894598
0.000953791
0.000898312
0.000992646
0.0010934
0.000882432
0.000981029
0.00093773
0.000886561
0.000902996
0.000883319
0.000888843
0.000897832
0.000900232
0.000915352
0.000972591
0.000976222
0.000934332
0.00107062
0.00101391
0.00108418
0.00103271
0.000984764
0.001154
0.00089041
0.000922234
0.000917471
0.00111542
0.000909546
0.000882527
0.000950772
0.000871145
0.000878931
0.000883459
0.000886978
0.000895835
0.000873836
0.000897671
0.000987488
0.000877437
0.000892425
0.000895661
0.000920003
0.000949359
0.000901536
0.000919014
0.00125064
0.00107642
0.000907967
0.000996256
0.000984806
0.00101125
0.000945243
0.00100724
0.000919661
0.000875541
0.000908941
0.000928368
0.00087654
0.00103705
0.000965142
0.000878017
0.00092683
0.000881069
0.000884081
0.000882433
0.000892324
0.000950333
0.000910746
0.00095658
0.00123639
0.000892748
0.00089782
0.000895204
0.000996363
0.00100264
0.000878462
0.000878666
0.000949185
0.000871314
0.000873146
0.000887614
0.000883949
0.000858469
0.000955038
0.000894018
0.00109532
0.000929258
0.000868376
0.000939564
0.000947204
0.00094311
0.00119751
0.00097535
0.0010629
0.000950202
0.000919099
0.0008729
0.00116204
0.000894164
0.000932134
0.000861993
0.000894207
0.000881258
0.000890398
0.000893228
0.0010006
0.000873772
0.000921098
0.000935766
0.000931894
0.000882522
0.000883799
0.000908877
0.000901748
0.001036
0.000897437
0.000919695
0.00106481
0.000982099
0.00126287
0.00128319
0.00100486
0.000866265
0.000983697
0.000892706
0.000897778
0.00095047
0.000886465
0.000892841
0.000886729
0.000976892
0.000936511
0.000858716
0.000924512
0.000877761
0.000913346
0.000963432
0.00104199
0.000988476
0.000961958
0.0010175
0.000932132
0.000965409
0.000950463
0.00102876
0.000986897
0.000949569
0.000894574
0.000877066
0.000925289
0.000980573
0.000914343
0.000874895
0.00100187
0.000955703
0.000926346
0.000873372
0.000868393
0.000929085
0.000989461
0.00090094
0.00125787
0.000889482
0.00102141
0.000963328
0.00101501
0.000933657
0.00131127
0.000875601
0.000873778
0.000992035
0.000893169
0.000872184
0.000876362
0.00103115
0.000954345
0.000943118
0.00103445
0.000947808
0.000907406
0.00097463
0.000901157
0.000922401
0.000897491
0.000897268
0.00104188
0.000957983
0.0011363
0.00130094
0.000909855
0.0010137
0.000905714
0.00103608
0.000921005
0.00123557
0.000888799
0.000884043
0.000883998
0.000913308
0.000892176
0.000979386
0.000898013
0.000994583
0.000924695
0.000961061
0.000916308
0.000912818
0.00097514
0.000945378
0.00105957
0.00106227
0.00113069
0.000905094
0.000937247
0.000950894
0.000922375
0.000934369
0.000887452
0.000889956
0.000953329
0.000921969
0.000907255
0.000917537
0.000911256
0.000895448
0.000893792
0.000882526
0.000891601
0.00088958
0.00101771
0.000880476
0.000945469
0.00115506
0.000926507
0.000939261
0.00113949
0.000891781
0.00106684
0.00108599
0.000961171
0.000916773
0.000995025
0.000916299
0.000895804
0.000974212
0.000985736
0.000930463
0.000938268
0.000881705
0.000873381
0.000889906
0.00087035
0.000945262
0.000875333
0.00103423
0.00102307
0.00103329
0.00113761
0.00139772
0.000913785
0.00110664
0.00087109
0.00104054
0.000943342
0.00105753
0.000911945
0.00094508
0.00102972
0.00104313
0.00100231
0.000977987
0.00088452
0.000891917
0.000973906
0.000921965
0.000943355
0.000894717
0.000965106
0.00111103
0.000881422
0.00109398
0.00104245
0.000891163
0.00103673
0.00093195
0.000949403
0.000878299
0.000867531
0.000911472
0.000894844
0.000919281
0.000904766
0.000929194
0.000926597
0.0010583
0.000919881
0.000928454
0.00100612
0.000958505
0.000998773
0.000893892
0.00100622
0.000914986
0.00101712
0.00122447
0.00106912
0.000895633
0.000946551
0.000975215
0.000976945
0.000895029
0.000949333
0.000941784
0.000941338
0.000894904
0.000871448
0.000938049
0.000908169
0.000896619
0.000874958
0.00102224
0.000920786
0.000898815
0.000904953
0.000901116
0.000914336
0.00110561
0.000947811
0.00135191
0.00118237
0.000879859
0.000942007
0.000971422
0.000944227
0.000943767
0.000967442
0.000886605
0.000883358
0.000929772
0.000976215
0.00093663
0.00102547
0.000887317
0.00104026
0.000930266
0.000852639
0.000873808
0.000927342
0.00090374
0.000931974
0.00106739
0.000917693
0.00091252
0.000944898
0.000898235
0.000887126
0.00086539
0.000933647
0.00108079
0.00108167
0.000887273
0.000891247
0.000887263
0.000900424
0.000928371
0.000875018
0.000884226
0.000916826
0.000917656
0.000976542
0.00086789
0.000868245
0.000927878
0.00113503
0.00099824
0.00101512
0.00100309
0.000893542
0.000988295
0.00104755
0.000900696
0.000873968
0.000883525
0.00100431
0.000965922
0.00103123
0.00107928
0.00125954
0.00087506
0.000990666
0.000963716
0.000876407
0.000903276
0.000901669
0.000968341
0.00110701
0.00137803
0.00109685
0.001085
0.00102087
0.001249
0.00132877
0.00088362
0.000980553
0.00105822
0.000897869
0.000993141
0.00101256
0.000874069
0.00102997
0.000869809
0.000869305
0.000930119
0.000915922
0.000957573
0.000945476
0.000891326
0.00103984
0.00114353
0.00093374
0.00103063
0.000885721
0.000995661
0.00119062
0.00099834
0.00088208
0.000922201
0.00103142
0.00101344
0.00146237
0.00107214
0.000868225
0.000960142
0.00119273
0.000911088
0.000978541
0.000951215
0.000898287
0.00091534
0.000899706
0.00108079
0.000968568
0.00115955
0.00111904
0.000890605
0.00103634
0.00106143
0.000917844
0.000870502
0.000868541
0.00116492
0.000940687
0.00104647
0.000886867
0.00095755
0.000917145
0.000906002
0.000881639
0.000939555
0.000892973
0.000920782
0.000922727
0.000909329
0.000994931
0.00104908
0.000984514
0.000955124
0.000944626
0.000939644
0.00114098
0.00106589
0.000877758
0.000952749
0.000950054
0.001
0.00106368
0.000900844
0.000962539
0.00113678
0.000945677
0.000912108
0.000957801
0.000943585
0.00101962
0.000893975
0.000936545
0.000879978
0.00110042
0.00099786
0.000977486
0.00102235
0.000926331
0.00105985
0.00105074
0.000955973
0.000930082
0.00153054
0.00150831
0.00133865
0.00123376
0.00101763
0.000885298
0.000929677
0.000898204
0.000912168
0.000904787
0.00107774
0.000979378
0.00107591
0.00127181
0.000984514
0.000940203
0.000983099
0.00113359
0.00136369
0.000915526
0.000894118
0.00100883
0.00106234
0.000952237
0.000936692
0.000957406
0.000878847
0.000906806
0.000921957
0.000932948
0.000987171
0.000898052
0.000884744
0.00147874
0.00122476
0.0010846
0.00113015
0.00101399
0.00116914
0.000991145
0.000876369
0.000890107
0.000883674
0.000888752
0.00102695
0.000920517
0.00108632
0.000982072
0.000944009
0.000918417
0.00104103
0.000865518
0.00088652
0.000906934
0.000895249
0.000960864
0.000901349
0.000877814
0.000949353
0.00101789
0.0010771
0.00108588
0.00109114
0.000922107
0.000889323
0.000881726
0.00146602
0.00104661
0.000953371
0.000898483
0.00114606
0.000860181
0.000926135
0.00113159
0.000884763
0.00126919
0.00109102
0.00131441
0.000992933
0.00099648
0.00112513
0.00104892
0.000885236
0.00120085
0.00112562
0.000966039
0.000990346
0.000922428
0.00101729
0.00124263
0.000937717
0.000975966
0.000929355
0.000870686
0.000875287
0.000921702
0.000898291
0.00103623
0.000994936
0.00109677
0.000961392
0.00107135
0.000880625
0.00124227
0.00128946
0.00120666
0.000933379
0.000876904
0.000886948
0.00106957
0.00100733
0.000996767
0.00113818
0.000882762
0.00107179
0.00107359
0.000945381
0.000952427
0.00106013
0.000990713
0.000893425
0.0010005
0.000903763
0.000987616
0.000868329
0.000871227
0.00125233
0.00089976
0.000883277
0.00093484
0.0010289
0.00096365
0.00119962
0.0011541
0.000933727
0.000900235
0.000925943
0.000922561
0.000928155
0.000973152
0.000981386
0.00097722
0.000895703
0.000885231
0.00121646
0.00095029
0.00146568
0.000880084
0.00104018
0.00092235
0.000872419
0.000869935
0.000951485
0.000973627
0.000938958
0.000893731
0.000969073
0.000955591
0.000887118
0.000934913
0.000991064
0.00126107
0.00143377
0.00129706
0.00127913
0.00124452
0.0015141
0.00163325
0.000876426
0.00122334
0.00116441
0.00089657
0.00110166
0.000948154
0.000968306
0.000971912
0.000920777
0.000913716
0.00100321
0.000944597
0.000880908
0.00108406
0.000981991
0.000939535
0.00105949
0.000884377
0.000927207
0.00112058
0.00101008
0.000893847
0.000879764
0.000988792
0.000937464
0.000977765
0.00104811
0.000888059
0.000933141
0.000934689
0.000958296
0.000896361
0.000887451
0.000882229
0.00109854
0.000941827
0.000950374
0.00093315
0.000972729
0.000978411
0.000873868
0.000884609
0.000964095
0.000912967
0.00110402
0.000885216
0.000872847
0.000938702
0.000963522
0.00105295
0.000968069
0.000891891
0.00087417
0.00101514
0.000969345
0.000976237
0.000928458
0.000983545
0.000880096
0.000873283
0.000879672
0.000916297
0.000997
0.000989019
0.000888825
0.000877911
0.00112103
0.000950244
0.00110946
0.000873115
0.000864763
0.000928466
0.000897782
0.000935294
0.000887024
0.000873164
0.000890406
0.000908704
0.000860656
0.000997806
0.000913551
0.000891735
0.000888075
0.000867957
0.000923547
0.000889292
0.000972636
0.00102385
0.00089805
0.000883283
0.00110654
0.000929005
0.00110024
0.000958175
0.000943713
0.00101681
0.000875042
0.000934053
0.00103214
0.000890132
0.000888527
0.000923695
0.00110745
0.000919772
0.00087671
0.000888259
0.000881243
0.000942546
0.000921531
0.00100318
0.00096642
0.000942427
0.000883493
0.000893685
0.00090939
0.000993982
0.00101143
0.000882536
0.000921566
0.000874843
0.00087216
0.000913967
0.00118702
0.000934084
0.000863934
0.000890124
0.000995904
0.000927882
0.000877104
0.000898665
0.000874644
0.00094015
0.00090155
0.000935302
0.000986824
0.00109547
0.000885852
0.000954668
0.00110978
0.000995381
0.00130312
0.00107136
0.00090006
0.000910619
0.00100637
0.00120735
0.00093087
0.000876423
0.00099489
0.000924783
0.000947198
0.000976386
0.000894891
0.00100466
0.00109586
0.00102494
0.000915407
0.000933951
0.000961729
0.00116379
0.000952827
0.00102783
0.000889509
0.000900209
0.000936054
0.000881974
0.000899357
0.000911601
0.000907331
0.00113197
0.000884965
0.000877448
0.000916254
0.000947709
0.000980859
0.00100617
0.000889656
0.000953976
0.000987094
0.000942023
0.00102531
0.000949854
0.000945653
0.00107885
0.00113226
0.000943147
0.000873466
0.000952567
0.00093047
0.000900517
0.000904761
0.000884978
0.00117038
0.000920693
0.000914903
0.000924758
0.000868433
0.000899627
0.000874562
0.000961832
0.00115136
0.000967971
0.00108596
0.000947033
0.000930766
0.000910313
0.00142258
0.000988786
0.000995997
0.000887231
0.00105381
0.00090494
0.000942107
0.000921617
0.000862773
0.00101312
0.000927719
0.000882809
0.00100648
0.000895171
0.000879782
0.000871409
0.00086704
0.000986068
0.000943228
0.000947216
0.00104975
0.000891492
0.000981172
0.00107312
0.000946393
0.00114648
0.000885408
0.000875111
0.00100584
0.000945374
0.000887421
0.000911275
0.00089068
0.000980724
0.000960148
0.000986419
0.00105205
0.000974424
0.000877083
0.000888484
0.000981505
0.0011012
0.00101145
0.000907146
0.00090437
0.000886718
0.00110124
0.000986111
0.00102351
0.000922866
0.00101279
0.00115686
0.000879698
0.000872116
0.000904032
0.00105254
0.00109649
0.000997985
0.00105518
0.00089813
0.000966015
0.00112014
0.000920943
0.000912948
0.0011237
0.00140333
0.00103218
0.00115506
0.00101188
0.00141044
0.00099865
0.00108987
0.000927635
0.00094527
0.000907691
0.000983755
0.000928642
0.00112531
0.000926446
0.000950631
0.000989248
0.000867596
0.000899604
0.000888157
0.000898107
0.001033
0.000953753
0.000869566
0.000930205
0.0010022
0.00104734
0.000941097
0.000975595
0.000880055
0.00112703
0.000885714
0.00108056
0.00099737
0.00103139
0.000951108
0.00133516
0.000908307
0.000869798
0.000950141
0.000906053
0.00104872
0.00114606
0.000919053
0.00118271
0.000984928
0.000958713
0.000878375
0.00125337
0.00110774
0.001203
0.000909485
0.00094683
0.000879266
0.000894476
0.000932191
0.000875726
0.000898761
0.000942707
0.000929489
0.00100466
0.0008864
0.000872225
0.000900702
0.000890973
0.000891351
0.000966026
0.00112734
0.0010101
0.000969624
0.000960494
0.00141668
0.000960769
0.00166183
0.00103209
0.00101225
0.0018307
0.00129874
0.000940637
0.000947177
0.00189243
0.00119245
0.000966251
0.000884213
0.000893849
0.000956535
0.00099543
0.000980813
0.00110756
0.000885406
0.000881582
0.000992488
0.00093151
0.000933426
0.000988235
0.00102
0.000969247
0.00095505
0.00089245
0.000939659
0.000944284
0.000915355
0.000892931
0.00094745
0.000999638
0.000889835
0.000901833
0.000922137
0.000882443
0.000956955
0.000924551
0.00103404
0.000895695
0.000911422
0.00090344
0.00115692
0.00112169
0.00116012
0.000890485
0.000981311
0.000879066
0.000886195
0.000909849
0.000875251
0.000999045
0.000874132
0.000891457
0.00109858
0.00101674
0.000949387
0.000996261
0.000870396
0.00102731
0.000972499
0.00101053
0.000987009
0.000890211
0.000891753
0.0012327
0.000879924
0.00119937
0.000865531
0.00102813
0.00088097
0.00107729
0.00105234
0.000880223
0.000888268
0.000996711
0.000940704
0.000986962
0.00100722
0.0011481
0.000877427
0.000922485
0.000904021
0.000938494
0.00106648
0.00126321
0.00109072
0.00109388
0.00100323
0.00108068
0.000973154
0.00090295
0.0010197
0.000886734
0.00114744
0.00120355
0.00105997
0.000965746
0.000866124
0.00104159
0.00102281
0.00100676
0.00100447
0.00101049
0.00113539
0.000973865
0.000949489
0.000874432
0.00100251
0.00117022
0.00112833
0.00102107
0.000897563
0.00123106
0.000987485
0.00101356
0.00104978
0.00122386
0.000875069
0.000865442
0.000873003
0.00118385
0.000962933
0.00115481
0.00147971
0.00100216
0.00103068
0.00139954
0.000908348
0.000904892
0.00166115
0.00094053
0.00111367
0.000937119
0.00103577
0.00095974
0.000924804
0.00110093
0.000934763
0.00093317
0.00101944
0.000957693
0.00134685
0.00105008
0.000998983
0.000954609
0.000952809
0.00116385
0.00117868
0.000948476
0.000919
0.00107829
0.0011981
0.000952941
0.00149703
0.00129669
0.000895488
0.00113112
0.000890787
0.00089824
0.000970798
0.00113987
0.00113562
0.000910403
0.00111368
0.000995816
0.00121108
0.00150108
0.00127583
0.0011601
0.000884595
0.000986464
0.0014275
0.00135976
0.000907444
0.00120584
0.000943072
0.00102286
0.00159753
0.00098193
0.00103006
0.00099332
0.000947582
0.00109777
0.00132055
0.0010862
0.00134519
0.00101881
0.00111676
0.000956829
0.00130898
0.00126935
0.00107318
0.000892914
0.000995589
0.00117842
0.000871155
0.000902629
0.000968708
0.000881641
0.000891723
0.000907961
0.00105715
0.000875501
0.00088494
0.000887618
0.00125
0.000976078
0.00130027
0.00112874
0.000883016
0.00101668
0.00114828
0.000874481
0.00126561
0.000936184
0.00129632
0.000945985
0.00096179
0.000980011
0.000971743
0.000902953
0.000969489
0.000901191
0.000946388
0.000898973
0.000921369
0.000894299
0.00093012
0.00103704
0.00101123
0.00111504
0.00118801
0.000885155
0.00112906
0.00149703
0.00134027
0.000869803
0.000903806
0.000872499
0.000885145
0.000894765
0.000862548
0.000972671
0.000919023
0.00093978
0.000893316
0.00086838
0.000947543
0.000933685
0.00102305
0.000939826
0.000908597
0.00102229
0.000962743
0.00102402
0.000902259
0.0012254
0.00103962
0.00119985
0.00089476
0.000890518
0.000891918
0.000917331
0.000936648
0.000934899
0.000896441
0.000979171
0.000990126
0.000905041
0.000888936
0.000913504
0.000901352
0.000879661
0.0008788
0.00116109
0.000949106
0.00103257
0.0011188
0.000869003
0.000942989
0.00111348
0.00106257
0.000938914
0.000865189
0.000946542
0.000867426
0.000879342
0.000889255
0.000879251
0.000876489
0.000975079
0.000886054
0.00102113
0.000897645
0.000885735
0.000906753
0.000917662
0.000893913
0.0013477
0.000941303
0.00104291
0.000998534
0.001032
0.000907401
0.00125424
0.000940419
0.000981846
0.00118467
0.000905987
0.000980583
0.000976654
0.000954667
0.00088869
0.000903772
0.00115072
0.00104618
0.000933357
0.000883151
0.000962148
0.000947217
0.000961982
0.00134339
0.00121404
0.000985178
0.000934372
0.000904251
0.00117345
0.000957088
0.000980719
0.000894312
0.000939323
0.000879046
0.000956286
0.00087697
0.000888493
0.00092276
0.00101751
0.00103627
0.000931146
0.000890066
0.000873811
0.000940345
0.000942502
0.0011111
0.000920212
0.00100669
0.000976696
0.000890725
0.000922268
0.000914898
0.00117074
0.000901531
0.00103351
0.000868717
0.000960963
0.000917218
0.000990769
0.000914591
0.000878881
0.000968488
0.000926835
0.000878908
0.000871747
0.000873468
0.000952323
0.00110207
0.00107925
0.0011068
0.000916173
0.00109087
0.000918969
0.00087456
0.000938156
0.00108357
0.00103229
0.000873902
0.000917677
0.000920052
0.000872567
0.00090586
0.000927949
0.000872024
0.000879933
0.000965467
0.000907572
0.000942233
0.00088371
0.000877535
0.00104582
0.000881469
0.000956529
0.000924112
0.000911154
0.00108204
0.000969732
0.00113214
0.000899586
0.00118588
0.000898515
0.000924551
0.000878964
0.00102746
0.000872197
0.000884116
0.000926509
0.000947372
0.000965983
0.000872904
0.000885821
0.000901165
0.000877757
0.000885885
0.0008856
0.000891612
0.000924434
0.000951339
0.00111367
0.000964132
0.00099709
0.00098379
0.000975525
0.000989244
0.00119898
0.00090072
0.000869687
0.00094561
0.000960457
0.000952482
0.00087259
0.000942402
0.000886859
0.00086142
0.000875205
0.000874635
0.00089682
0.000926677
0.000877208
0.000880688
0.000896792
0.00103597
0.000906607
0.00109762
0.00107406
0.000889962
0.00095244
0.00100011
0.000890733
0.000911716
0.000905209
0.000885785
0.000937634
0.00100078
0.000877976
0.000874629
0.000886718
0.00107599
0.000870074
0.000882792
0.000951077
0.000872923
0.000924231
0.000881641
0.000876829
0.000952858
0.000953127
0.000975126
0.00113153
0.00089077
0.000931674
0.000931955
0.000879154
0.00106901
0.00102747
0.000908292
0.000977877
0.000898562
0.000893905
0.000871491
0.000890625
0.00103335
0.000931091
0.000888898
0.000917387
0.000883106
0.000953809
0.000888519
0.000894227
0.00148115
0.00112368
0.000976273
0.00135062
0.0011406
0.000927154
0.000889409
0.00115241
0.000888664
0.00115776
0.000886585
0.000918345
0.000874958
0.0010166
0.00116681
0.000870946
0.000882236
0.00095978
0.000954961
0.000870447
0.000951831
0.00086595
0.000968979
0.000946307
0.000908514
0.000959363
0.00139702
0.00106161
0.000905168
0.000980301
0.00106772
0.000964217
0.00115022
0.00117522
0.000976548
0.00110019
0.00103487
0.000892564
0.000918563
0.00117064
0.000926604
0.00088632
0.000898947
0.000961149
0.000895862
0.00121676
0.00149236
0.0012971
0.00131356
0.000901915
0.000935426
0.000966728
0.000920147
0.00106197
0.000983571
0.00111075
0.000891809
0.00101044
0.000976058
0.000944443
0.000865048
0.000892713
0.000870881
0.000919907
0.000876767
0.000962636
0.000933942
0.00103337
0.000962344
0.00107656
0.00141713
0.00100502
0.000903216
0.000999689
0.00092711
0.000890895
0.000964347
0.00113038
0.000872605
0.000933377
0.000916749
0.0008969
0.000987392
0.000875674
0.000915641
0.000967598
0.000900808
0.000893022
0.000936843
0.000931407
0.00107973
0.00100097
0.00102969
0.00107172
0.00121946
0.000960059
0.000923846
0.000919315
0.00110809
0.00106797
0.00100844
0.000983893
0.000914878
0.000960475
0.000925395
0.000892045
0.000946259
0.000973189
0.000892002
0.000869249
0.000991681
0.000943204
0.000915095
0.000911939
0.0016757
0.000927435
0.000930377
0.00101425
0.000976045
0.00106355
0.00093308
0.000887285
0.00112532
0.000949354
0.00105329
0.0010647
0.00127343
0.000959997
0.00108178
0.000887421
0.000900248
0.00094492
0.00100001
0.000893077
0.0008947
0.00122196
0.00122694
0.00120881
0.00097734
0.00103112
0.00163003
0.00101297
0.000915085
0.00094626
0.00094286
0.00144673
0.000898043
0.00115103
0.000906892
0.00097102
0.000890553
0.000965541
0.000946571
0.0010432
0.00105553
0.00112547
0.00144591
0.00121215
0.00107488
0.00118737
0.00122109
0.000880271
0.00132601
0.00160449
0.00102832
0.00103824
0.000888257
0.000942907
0.000914172
0.00105479
0.000886813
0.000924643
0.00115199
0.000984385
0.000981689
0.00149316
0.00118819
0.0010158
0.00121532
0.000933676
0.00108811
0.00104262
0.000961154
0.000956794
0.00100088
0.00105937
0.00108208
0.00103174
0.000914058
0.000917292
0.000941715
0.0010239
0.000916535
0.000888153
0.00109676
0.000927061
0.000896911
0.00102705
0.000986169
0.000920202
0.000913698
0.000901118
0.00105001
0.00100784
0.00100056
0.000884035
0.000875373
0.00126559
0.0010296
0.000924656
0.000890583
0.000872538
0.000933937
0.000901082
0.000887311
0.000961292
0.000997649
0.000959344
0.000897399
0.000961791
0.00111145
0.000967011
0.00111404
0.00103828
0.00122311
0.00110915
0.00093487
0.000946299
0.000937012
0.00100366
0.00103187
0.00102451
0.0010807
0.000941449
0.000986621
0.000935959
0.000929773
0.000913834
0.000871764
0.000979118
0.0010853
0.000880365
0.0011131
0.000978344
0.00100013
0.000990181
0.000980642
0.00106066
0.0011702
0.000892937
0.000944802
0.000922869
0.000930297
0.000959825
0.00105678
0.000908416
0.000888843
0.0010285
0.000905539
0.000971372
0.000930894
0.000883591
0.000892755
0.000992688
0.000947545
0.00132926
0.000980373
0.000896333
0.000950072
0.00111926
0.000926292
0.00101088
0.00103211
0.00088458
0.000884647
0.000980075
0.000939319
0.000996224
0.000959555
0.000988129
0.000917819
0.0012172
0.000869622
0.000961226
0.000898643
0.000953286
0.000922802
0.000879552
0.00109896
0.00116038
0.00107504
0.00115502
0.000977854
0.000993349
0.00117846
0.00102607
0.000873487
0.000885642
0.00100312
0.00105952
0.0010455
0.000876423
0.000987126
0.000941096
0.000877657
0.000991041
0.000906527
0.00086757
0.000881995
0.000908636
0.00102624
0.000949305
0.00114605
0.000977758
0.00104905
0.000934769
0.0016276
0.000900136
0.000872582
0.000876478
0.00102025
0.000956249
0.00106983
0.000949818
0.000933435
0.000879793
0.000912972
0.000928764
0.000914169
0.000955649
0.000966597
0.000936409
0.000981971
0.00088311
0.000886166
0.00086868
0.000965984
0.00104801
0.00127056
0.00105427
0.00101438
0.00104513
0.000952834
0.00098033
0.00102621
0.00101287
0.000951627
0.00087424
0.00103215
0.000899854
0.000881265
0.00091977
0.00108281
0.000882261
0.000892975
0.000912778
0.00092601
0.00094084
0.000883934
0.000937119
0.000974381
0.00112898
0.000905819
0.00138935
0.00110063
0.000879278
0.000897035
0.000987194
0.000959678
0.000861574
0.000899845
0.000893594
0.000907184
0.000879063
0.000873917
0.000916177
0.000861357
0.000873156
0.000883569
0.000968346
0.000901108
0.000969854
0.000971454
0.0010335
0.000969677
0.00103244
0.000985132
0.000977313
0.000885029
0.000969416
0.00109691
0.000942196
0.000955717
0.000890224
0.000883705
0.000878014
0.000866063
0.000914776
0.000954721
0.000926791
0.000866372
0.000941099
0.000962157
0.000967578
0.000883011
0.00102095
0.000952555
0.00102433
0.00120804
0.00101054
0.000973978
0.000867407
0.000924746
0.00101429
0.000924396
0.00125642
0.000867003
0.000925221
0.000958953
0.000904857
0.00109143
0.00102382
0.000871647
0.000938701
0.000966502
0.000914688
0.000963128
0.00143407
0.00119552
0.00105867
0.00110697
0.000908657
0.000905143
0.000921824
0.00110244
0.000991709
0.000865017
0.000961142
0.000925442
0.00095802
0.00116127
0.000944603
0.00097626
0.00102557
0.0010008
0.000875006
0.000990605
0.000911226
0.0010946
0.000941108
0.000923473
0.00092426
0.000876752
0.00114577
0.00100408
0.000935586
0.00088254
0.000872012
0.000887811
0.000924877
0.000896986
0.00101166
0.000952538
0.000953921
0.000877363
0.000893041
0.000950775
0.000954085
0.00096582
0.000949056
0.00086833
0.000936127
0.00114495
0.000953688
0.000983009
0.000900979
0.000901309
0.00094653
0.00105743
0.000875424
0.000875402
0.000894722
0.000910419
0.000892738
0.000891763
0.000993328
0.000907986
0.000871028
0.000923998
0.000996195
0.000909012
0.00108209
0.000881251
0.000950412
0.000894988
0.00089849
0.00090609
0.00104051
0.000968885
0.000872809
0.000886487
0.000906971
0.00105777
0.000889252
0.000889184
0.000878157
0.000872992
0.000884563
0.00100398
0.000936108
0.000892819
0.000859684
0.000992658
0.00103707
0.00103935
0.00124461
0.00125805
0.000959873
0.00117789
0.00126853
0.000993394
0.00108181
0.000910101
0.00123394
0.00101088
0.00103268
0.000932031
0.000875294
0.000924375
0.000981472
0.00088474
0.000870543
0.000975034
0.000880629
0.000919981
0.00105362
0.000910012
0.000952047
0.00096929
0.00089885
0.00104465
0.000988178
0.001181
0.00102301
0.0010524
0.00110991
0.000975381
0.000954761
0.000926844
0.000873085
0.000891489
0.000947626
0.000997529
0.000896636
0.000940176
0.000929945
0.000867421
0.000948043
0.000940027
0.000926265
0.00158056
0.000957776
0.000935188
0.000992147
0.00100057
0.00102026
0.00105789
0.000939525
0.000881694
0.000904215
0.0008963
0.000979445
0.00102011
0.000880859
0.000930401
0.000968948
0.000878859
0.000925862
0.000936321
0.000921337
0.000921281
0.00100739
0.000875535
0.00107805
0.000963544
0.000878725
0.000920671
0.000961418
0.00101593
0.00103473
0.0010243
0.000919091
0.00102511
0.000902621
0.000971059
0.00100748
0.000917607
0.000922253
0.000921687
0.000937572
0.000911603
0.000930713
0.000876485
0.000865619
0.000868194
0.00111764
0.000940208
0.000891735
0.000981598
0.00106706
0.000934552
0.000959322
0.00107333
0.000930416
0.000988493
0.000869674
0.000961925
0.000897642
0.00102537
0.000923691
0.00088677
0.000908665
0.00090508
0.000894842
0.000992738
0.000909319
0.000882115
0.00089354
0.000899669
0.00107316
0.00103472
0.000970873
0.000977577
0.000914547
0.000898788
0.000994973
0.00118696
0.000920015
0.00088774
0.000952963
0.000905174
0.000896213
0.000967761
0.000873749
0.00088087
0.000888438
0.000950331
0.000866086
0.000929063
0.000907573
0.000993767
0.000910358
0.000970283
0.000887221
0.000944811
0.000891433
0.000894499
0.000876645
0.00098749
0.00102534
0.000927709
0.00117828
0.000867862
0.000986372
0.000973248
0.000966335
0.0010528
0.00101816
0.000939966
0.000924372
0.000927324
0.00106256
0.000919471
0.000872545
0.000862234
0.000909702
0.00103804
0.000984585
0.000977541
0.000981216
0.000942105
0.000877344
0.00101879
0.000946266
0.000950127
0.000985004
0.000887945
0.00095853
0.000883289
0.000886024
0.000884134
0.00101842
0.000870188
0.00103677
0.000947256
0.000939505
0.00113188
0.000890836
0.00100025
0.000902781
0.000921386
0.00110682
0.000935106
0.000953205
0.000889988
0.000890261
0.000918294
0.000960571
0.000961917
0.000933414
0.000903251
0.000874209
0.000949786
0.000863673
0.000953647
0.000988303
0.000888081
0.000935378
0.000878489
0.000957697
0.000895126
0.000890279
0.000886062
0.000897751
0.000913374
0.000968228
0.00105571
0.00091432
0.000900785
0.0010327
0.00108766
0.000920452
0.00101901
0.000881276
0.000890404
0.000941999
0.000875615
0.000989905
0.000921856
0.00101892
0.000873784
0.00102619
0.000907981
0.00093504
0.000912253
0.000982652
0.000951285
0.00094236
0.00112206
0.0010107
0.000930206
0.000877517
0.000936583
0.000870267
0.00104338
0.000892169
0.00111402
0.000893638
0.000971937
0.000871889
0.000889033
0.000918789
0.000933939
0.000928341
0.000938223
0.00092037
0.00101173
0.000878412
0.000934987
0.000934737
0.000891076
0.00091639
0.00120667
0.000996276
0.000885425
0.000859622
0.00090014
0.000908885
0.00111063
0.000983956
0.000884105
0.000943375
0.000887904
0.000870493
0.000924884
0.000907641
0.00109012
0.00111915
0.000984802
0.000974943
0.000929923
0.000896227
0.000917866
0.000962464
0.000957526
0.00104803
0.00107811
0.000985031
0.000972677
0.000937795
0.000884817
0.00107885
0.000922401
0.000878097
0.00103458
0.00103889
0.000952044
0.000888446
0.000882245
0.0011619
0.000907671
0.000880347
0.00117538
0.000949847
0.000991661
0.000912544
0.000920001
0.000967265
0.00104134
0.00105922
0.000950122
0.000869842
0.00096427
0.000887825
0.000934956
0.000984058
0.000937337
0.000985512
0.000992901
0.000935412
0.000936777
0.000866285
0.000918959
0.000917172
0.000934485
0.000983574
0.000943241
0.000928201
0.000942597
0.000910056
0.000913171
0.00100018
0.00102795
0.000955421
0.00104808
0.000936523
0.00104617
0.00101386
0.00101513
0.000902712
0.000919934
0.000884174
0.000889027
0.000888649
0.000889994
0.000894699
0.000905561
0.00104382
0.000980591
0.000946334
0.00100522
0.000903494
0.00101881
0.000913206
0.00112746
0.000949688
0.000865534
0.00105712
0.000877229
0.000940493
0.000888671
0.000885726
0.000977801
0.000886694
0.0009961
0.00091328
0.000938918
0.00092967
0.000880769
0.000948755
0.000949182
0.000976512
0.000891625
0.000930301
0.000880077
0.00100095
0.000946552
0.000963274
0.000980792
0.000908744
0.00108307
0.000881672
0.00093887
0.000920751
0.000995865
0.000993069
0.000875947
0.000960896
0.00093299
0.000876308
0.000884847
0.000931467
0.000859234
0.00094979
0.000995287
0.00114044
0.0010091
0.000919333
0.0009009
0.000876288
0.000902627
0.000927311
0.00101086
0.00100501
0.000899394
0.000951817
0.00101432
0.00103563
0.00107072
0.00104661
0.000904708
0.000921629
0.000933136
0.00100978
0.000867656
0.000888304
0.000872862
0.000882941
0.000961849
0.00106419
0.0010176
0.000930459
0.000930065
0.00092261
0.00097863
0.00124703
0.000996549
0.000926891
0.000931917
0.000921205
0.00109429
0.000959448
0.000959113
0.000956659
0.001018
0.00101517
0.00087449
0.000877228
0.000876702
0.000888167
0.000891638
0.000967602
0.000958783
0.00101745
0.00103166
0.000874041
0.000879944
0.000927987
0.000929077
0.00103581
0.00098813
0.000881606
0.000983872
0.00104091
0.000932529
0.00123438
0.00094886
0.00108162
0.00103449
0.000915733
0.000950398
0.000868437
0.000967915
0.000886053
0.000994551
0.000934653
0.00100899
0.00103396
0.000994636
0.00100671
0.000886549
0.00103337
0.000931189
0.00101041
0.000884877
0.000945916
0.000964973
0.000895071
0.000994358
0.00104006
0.000981912
0.000865043
0.000881262
0.000872198
0.000915984
0.00128413
0.000860004
0.000869636
0.000886238
0.000962889
0.00099174
0.000909195
0.000948592
0.000942525
0.00103279
0.00086554
0.000935901
0.000900078
0.000932898
0.00102076
0.00106066
0.000946101
0.00102794
0.000884372
0.00087182
0.000936717
0.000883917
0.000918824
0.00089771
0.000932048
0.000885167
0.00107273
0.000879694
0.00102171
0.000987806
0.00112183
0.000997261
0.00107417
0.000959026
0.000962991
0.00102144
0.000939701
0.00104291
0.00106648
0.000962366
0.00102395
0.000888208
0.000951829
0.000912137
0.000901581
0.000945977
0.000947857
0.000888773
0.000879709
0.00094267
0.000883061
0.00111465
0.000950397
0.00110641
0.000878935
0.000943663
0.0011867
0.000965847
0.000934891
0.000881151
0.000865104
0.00100924
0.00100535
0.000955314
0.000934867
0.000914915
0.00104604
0.000874341
0.000875622
0.000875757
0.000956766
0.000928497
0.000875437
0.000858363
0.00121398
0.000945615
0.00129077
0.000908904
0.000947557
0.000974981
0.000981402
0.000959763
0.000902416
0.000937874
0.000908625
0.000959852
0.000910831
0.000907241
0.000874891
0.0010836
0.000870931
0.000932875
0.000937629
0.000883201
0.000875878
0.000883176
0.000864643
0.000949681
0.00113117
0.000894232
0.00101113
0.000940022
0.000880817
0.000971882
0.000946127
0.000873882
0.0009228
0.000938647
0.000918159
0.000923822
0.000891729
0.00101947
0.000871956
0.00100529
0.000921544
0.000869792
0.000908099
0.000862903
0.000883953
0.000938549
0.00109094
0.000945863
0.000891804
0.000889634
0.00107306
0.000927687
0.000979266
0.00112493
0.00094514
0.000981431
0.000878149
0.00092452
0.000932581
0.00121152
0.000992298
0.000896285
0.000932932
0.000913535
0.000878155
0.000871819
0.000937288
0.000877311
0.000882441
0.00102282
0.000898295
0.000862098
0.000918893
0.0010148
0.0010449
0.00129577
0.00135691
0.000938221
0.000891402
0.00100474
0.00117048
0.00101778
0.00095205
0.00101718
0.00102592
0.000872198
0.000854834
0.000938166
0.00094209
0.000938728
0.000913579
0.000915426
0.000984713
0.000925482
0.00110287
0.00086411
0.000879018
0.00107204
0.000877336
0.0011596
0.00104944
0.000879032
0.00086763
0.000863626
0.00111063
0.00124707
0.000882314
0.00104072
0.000975334
0.00092133
0.000920817
0.000874138
0.000869009
0.000941192
0.00101057
0.000906424
0.000968869
0.000920905
0.000957477
0.000988806
0.00105532
0.00106004
0.00110243
0.00116573
0.000997844
0.000895808
0.000961005
0.000892194
0.00105939
0.000986889
0.000873562
0.000952708
0.000944681
0.000925166
0.000947563
0.000906004
0.000940113
0.000867414
0.000908251
0.000941724
0.0009655
0.000894862
0.000872439
0.00105965
0.00105697
0.000878574
0.00106368
0.000935582
0.00097243
0.000985763
0.000951709
0.00100075
0.000963895
0.00100568
0.000897297
0.000910043
0.000890334
0.000886884
0.000968084
0.000881712
0.000866346
0.000856051
0.000871051
0.000945119
0.00093502
0.000911421
0.000927608
0.000951871
0.00107164
0.00087286
0.00101593
0.0010954
0.000938047
0.000904595
0.00110963
0.00104637
0.00103437
0.000895236
0.000949811
0.000934121
0.000924479
0.000902799
0.000891213
0.000899472
0.000876006
0.000884
0.00102078
0.000949871
0.000883611
0.000909786
0.000877098
0.000903712
0.000924068
0.000873599
0.000950318
0.00118099
0.000916164
0.000929535
0.00108398
0.000970605
0.000959736
0.000871349
0.000941907
0.000951197
0.000896374
0.000875599
0.000948702
0.00100477
0.000868452
0.00089098
0.000897907
0.000993491
0.000874268
0.000884862
0.000883189
0.000891275
0.00102474
0.000949553
0.00106314
0.000966271
0.00102832
0.000949454
0.00104729
0.00118264
0.00120215
0.000924487
0.00108529
0.000870175
0.000974239
