1.90613
1.80354
1.9854
1.92394
2.01182
1.90154
1.89624
1.92784
2.613
1.89234
1.85648
1.87352
1.97404
1.79805
1.82464
1.90234
1.92112
1.82443
2.1163
2.0309
1.78942
1.83324
1.92745
2.10293
1.79153
1.90331
1.81184
2.15803
2.11673
1.8494
2.20612
3.1726
2.0373
1.89387
1.79409
1.82927
1.95737
1.98593
1.84398
1.93837
1.87873
1.91711
1.83543
1.81442
1.96952
1.82192
1.773
1.94631
2.08328
2.07193
2.06009
2.06313
1.88401
1.91235
1.81851
1.94771
1.8204
1.86404
2.40383
1.95947
1.83737
1.93228
1.83351
2.07327
1.8246
1.91227
1.85714
1.80991
1.84319
1.96054
1.98338
2.3671
1.8297
1.8416
2.01362
2.18409
1.82407
1.82855
1.85598
1.85609
1.77402
2.06339
1.9728
1.79688
1.81786
1.8591
1.86754
1.84317
1.93976
1.83251
1.82534
1.89134
1.98268
1.89889
1.87549
1.85771
1.83358
1.99602
2.03047
1.84704
6.31997
5.56681
5.77818
5.65451
5.60935
5.72667
5.67773
5.97207
5.73684
5.75763
5.33312
5.7779
5.73565
5.52237
5.33868
6.04896
5.43804
5.49043
5.63189
5.48754
5.58666
5.84393
5.83005
5.52147
5.50146
5.3547
5.44218
5.72373
5.60771
5.92204
5.75925
5.33979
5.99644
5.59708
5.86578
5.6978
5.95181
6.19684
5.551
5.38065
5.93542
5.62335
5.40126
5.79673
5.76564
6.06729
5.63621
5.51985
5.78862
5.3473
5.69082
5.51165
5.94124
5.48844
5.80828
5.56625
5.60371
5.88065
6.12337
5.5383
5.7832
5.56785
5.91333
6.21865
5.86484
5.3952
5.81908
5.39842
5.57265
5.83906
5.54784
6.46464
6.44474
5.37755
5.68773
5.93716
5.65231
5.30039
5.54217
6.05222
6.04327
5.64379
5.44717
5.27897
5.49386
5.69727
5.47055
5.93684
5.41254
5.43405
5.43831
5.78822
5.74011
5.7305
5.73148
5.48659
5.52323
5.47936
5.38092
5.5903
9.47807
9.46771
9.25794
9.41516
9.58335
9.41003
9.7921
9.52707
9.72523
10.3661
9.56405
9.90322
10.2717
10.3555
9.2069
9.14529
9.45926
9.4673
9.9234
9.12185
9.11761
9.68188
9.13555
9.54478
9.81387
9.73903
9.74156
9.285
9.78294
10.2528
9.75202
10.9312
9.24522
10.0122
9.29041
9.37828
9.9944
9.94303
9.81823
9.4471
9.2924
9.53595
9.56095
9.88883
9.94843
9.9411
9.48026
9.44024
10.2543
9.68133
9.60763
10.602
9.71048
9.26997
10.1763
12.8382
9.51107
9.94767
10.0674
10.2696
9.57575
10.9125
11.7836
9.84798
10.1429
9.34732
10.5569
11.3844
9.38565
9.90923
12.1317
13.5078
13.9691
9.20084
12.2402
9.77522
9.49695
9.7953
10.2276
9.99273
10.3167
12.2605
10.9265
9.74245
9.49548
10.0527
18.0739
9.62434
12.2386
9.8772
9.82821
10.4338
9.33686
10.5085
10.6343
11.8893
9.4243
10.3222
9.6927
10.2088
13.9522
13.7768
18.7763
13.7826
13.5925
18.6373
17.3008
15.4755
15.7156
13.7892
14.0329
15.0062
13.3753
14.569
14.2096
13.5004
13.884
13.9608
13.1846
13.9521
13.9017
14.924
14.484
14.1665
14.2723
13.7611
13.4216
13.1454
15.3388
13.6273
13.6256
14.9302
13.291
14.3116
14.6688
13.7926
14.0472
13.459
15.8791
13.5627
13.3443
13.6897
15.1667
14.0587
14.2064
14.8366
12.9199
14.5198
14.3955
14.6356
15.0314
14.7868
14.1846
13.2495
15.4847
14.6404
14.1635
13.7296
13.6921
14.407
13.9262
14.9426
13.146
14.0911
16.8153
13.7779
14.4148
13.0099
13.7403
16.9176
14.2999
13.7101
13.2229
14.5405
13.3041
15.3922
13.1625
16.0389
14.224
16.2438
13.6819
14.9863
12.8642
14.3985
13.9575
16.4631
13.9325
19.8792
14.2575
14.2755
14.2421
14.6208
17.6767
16.2408
13.4137
13.6492
14.9158
13.8562
15.5541
15.1946
