1.14538
1.12671
1.29439
1.15486
1.20499
1.08027
1.17805
1.4279
1.398
1.10025
1.0861
1.51318
1.09551
1.09403
1.20766
1.15875
1.13191
1.12738
1.11853
1.3023
1.11355
1.24277
1.11375
1.10265
1.23498
1.38953
1.1318
1.13973
1.10924
1.15003
1.09683
1.95321
1.28349
1.18243
1.11658
1.30394
1.09617
1.10629
1.12111
1.13097
1.10746
1.12208
1.11011
1.34924
1.08835
1.15972
1.10159
1.25664
1.12261
1.12039
1.19197
1.11918
1.16867
1.15471
1.1115
1.14323
1.38929
1.13705
1.97666
1.14327
1.10692
1.11766
1.19025
1.11041
1.10978
1.10048
1.09403
1.1489
1.10518
1.18249
1.31683
1.14936
1.13047
1.1264
1.10891
1.12652
1.13072
1.10328
1.13285
1.22132
1.27012
1.32209
1.10514
1.18615
1.11109
1.13408
1.22068
1.12342
1.36193
1.28833
1.19107
1.17111
1.10825
1.31123
1.20742
1.14617
1.21834
1.09747
1.26496
1.11955
