0.000559773
0.000577014
0.000585136
0.000631995
0.000640954
0.000567047
0.000815373
0.000562611
0.000571115
0.000663215
0.00065111
0.000576027
0.000612911
0.000580918
0.000573486
0.000568209
0.000579106
0.000562737
0.000561704
0.000576245
0.000572767
0.00057913
0.00073629
0.000597536
0.000693986
0.00059506
0.000846782
0.000663454
0.000669567
0.00085101
0.000587077
0.000578325
0.000656402
0.000647444
0.000868508
0.000992674
0.000666495
0.000705094
0.000562249
0.000564772
0.000846864
0.000745549
0.000764864
0.000805296
0.000631808
0.000565953
0.000552879
0.000565828
0.000578062
0.000566202
0.000573196
0.000580722
0.000564839
0.000583486
0.000806077
0.000579104
0.00064508
0.000667796
0.00080905
0.000806688
0.000621744
0.000672347
0.000671898
0.000575139
0.000729041
0.000632365
0.000788815
0.000874168
0.000736382
0.000639018
0.000650915
0.000843842
0.000609042
0.000888275
0.000874931
0.000612206
0.000598732
0.000583151
0.00126865
0.000649549
0.000577485
0.000637441
0.000677238
0.000572668
0.000882599
0.00061213
0.000787258
0.000749844
0.000581742
0.000587057
0.000588668
0.000594081
0.000705947
0.000615937
0.000873916
0.000713991
0.00073786
0.000726957
0.000594482
0.000667699
0.000593057
0.000645015
0.000623773
0.000578456
0.000569879
0.000655886
0.000755504
0.000564202
0.000602215
0.000572283
0.000622899
0.000612042
0.000594082
0.00073229
0.000672216
0.000925893
0.000953732
0.00086282
0.000828841
0.000666297
0.000730725
0.000714932
0.000773613
0.000669678
0.000609933
0.000566954
0.000609811
0.000620275
0.000610006
0.000587545
0.000765848
0.000662848
0.000558941
0.000722054
0.000559375
0.000588973
0.000682107
0.000598981
0.000586982
0.000697432
0.000574025
0.000686359
0.000775587
0.000660597
0.000751086
0.000571678
0.000587089
0.000810483
0.000674177
0.000611665
0.000576378
0.000565612
0.000736985
0.000988501
0.000654197
0.000619563
0.000711657
0.000768995
0.000912468
0.000618115
0.000619302
0.000581981
0.000564633
0.000591914
0.000612327
0.000655554
0.000559943
0.000578901
0.000579138
0.000580545
0.000596846
0.000640417
0.000609745
0.000816189
0.000754343
0.000557719
0.000578785
0.000862438
0.000559564
0.000681692
0.000601567
0.000638115
0.000628708
0.000755278
0.000768453
0.000641472
0.000569702
0.000621074
0.000655626
0.000742883
0.000619645
0.000587987
0.000569995
0.000746665
0.00056406
0.000573298
0.000571091
0.000565321
0.000588888
0.00057205
0.000655409
0.000628825
0.000597881
0.000628984
0.000582153
0.000565397
0.000590532
0.000563256
0.000560131
0.000662668
0.000637006
0.000642254
0.00063973
0.00060883
0.000765468
0.000781791
0.000684113
0.000595739
0.000576726
0.00057745
0.000577771
0.000658256
0.000660342
0.000604778
0.000667552
0.000626619
0.000653271
0.000575397
0.000560948
0.000628339
0.000561516
0.000578427
0.00061035
0.000650375
0.000593754
0.000602226
0.000618429
0.000730518
0.000573278
0.000575828
0.000699033
0.000625324
0.00082582
0.000946274
0.000585175
0.00060897
0.000757121
0.000678018
0.000718032
0.000663248
0.000614759
0.000587258
0.000919701
0.000590199
0.000711218
0.000577662
0.000569524
0.000580127
0.00057855
0.000578279
0.000577861
0.000585911
0.000582719
0.000573827
0.000568612
0.00062136
0.000560947
0.000580331
0.000712109
0.000577881
0.000571937
0.000579985
0.000603122
0.00073001
0.000739369
0.000784058
0.000746289
0.000725349
0.000625858
0.000699594
0.000668643
0.000597463
0.000560336
0.000603249
0.000583495
0.00065351
0.000615721
0.000629114
0.000588485
0.000594007
0.000731036
0.00062473
0.00066244
0.00079583
0.000584017
0.000587012
0.000718074
0.000562923
0.000734421
0.000726075
0.00056252
0.000560944
0.000572245
0.0005556
0.000608263
0.000635877
0.000583917
0.000635767
0.000747414
0.000622948
0.000801497
0.000617401
0.000624939
0.000673578
0.000712108
0.000689402
0.000725587
0.00063441
0.000588604
0.000569775
0.000605418
0.00058465
0.000574695
0.000575846
0.00059071
0.000616683
0.000582265
0.000625971
0.000600411
0.000571519
0.000584521
0.000702928
0.000603089
0.000552523
0.000562823
0.000620625
0.000699315
0.000759727
0.000800573
0.000636879
0.00060371
0.000771806
0.000669061
0.000722333
0.000586171
0.000628768
0.000657978
0.000597409
0.000634053
0.000626791
0.000574721
0.000571137
0.000645944
0.000637485
0.0006837
0.000563628
0.000564149
0.000564879
0.000569095
0.000614791
0.000566664
0.000577225
0.000655847
0.000625294
0.000587245
0.000562991
0.000573596
0.000588216
0.000588962
0.000609843
0.000723222
0.000713706
0.000667482
0.000814002
0.000723053
0.000694241
0.00056311
0.000581767
0.000676336
0.00103535
0.000690952
0.000583261
0.000618534
0.000678355
0.000569638
0.000569757
0.000571276
0.000572157
0.000665791
0.000803413
0.000801319
0.000888586
0.000851594
0.000566011
0.000570347
0.000578597
0.000567498
0.000559311
0.000664538
0.000684656
0.000655222
0.000837627
0.000806237
0.000725572
0.000794075
0.000673666
0.000661124
0.00118391
0.000787507
0.000626329
0.000587946
0.000559972
0.000556638
0.000555268
0.000564885
0.000554944
0.000716739
0.000830483
0.000588312
0.0006235
0.000563875
0.000694709
0.000661155
0.000627798
0.000613241
0.000605681
0.000570985
0.000735165
0.000580883
0.00068072
0.000926232
0.00113164
0.00110637
0.00100089
0.000872591
0.000759271
0.000587084
0.000685911
0.000565301
0.000667743
0.000576242
0.000564433
0.000588278
0.000589047
0.000668099
0.00112196
0.000656934
0.000891529
0.000804396
0.000569735
0.000889571
0.000578875
0.000575774
0.000576912
0.00070519
0.00056832
0.000643174
0.000826807
0.000972222
0.000679796
0.000977363
0.000644205
0.000575791
0.000861462
0.000743265
0.000727629
0.00065267
0.000634599
0.00056755
0.000567905
0.000567382
0.000574799
0.000603117
0.000565151
0.00088952
0.000579325
0.00056142
0.000704429
0.000668367
0.0007358
0.000612886
0.000643988
0.000753424
0.000586257
0.000941746
0.00108036
0.00107781
0.00103434
0.000886487
0.000915297
0.000792026
0.000941116
0.000671305
0.00104469
0.000777649
0.000581861
0.000936301
0.000683677
0.00105498
0.000736432
0.000693253
0.00100351
0.000628522
0.000607752
0.000571125
0.000567564
0.000722215
0.000701803
0.000580248
0.000721945
0.000928419
0.000672429
0.000808887
0.00115722
0.000605554
0.000588984
0.000760332
0.00091113
0.000567554
0.000709447
0.000605799
0.000627433
0.000570741
0.000569902
0.000589894
0.000580202
0.000805815
0.000601725
0.000621683
0.000885719
0.000727574
0.00100295
0.00056667
0.000579011
0.000581513
0.000865146
0.000786282
0.000793633
0.00127135
0.00102053
0.000684542
0.000772311
0.000814004
0.000630764
0.000712727
0.000581588
0.000822247
0.000794705
0.000915039
0.000562251
0.00063039
0.000644418
0.00074365
0.000570041
0.00056859
0.000904008
0.000721022
0.000567095
0.000553293
0.000565009
0.000602658
0.000578174
0.000594345
0.000571135
0.000577062
0.000644536
0.00115906
0.000945059
0.000710261
0.000808988
0.000688924
0.000584605
0.000880908
0.00073754
0.000611167
0.000631748
0.000593438
0.000567178
0.000589017
0.000563445
0.000581688
0.000780633
0.000622482
0.000578434
0.000777454
0.00102724
0.000708951
0.00068
0.000577936
0.000605004
0.000587922
0.000572677
0.000633718
0.000577669
0.000697233
0.000900654
0.000798737
0.000705099
0.000683295
0.000658647
0.000593394
0.000765848
0.000592435
0.00107566
0.000616828
0.000593943
0.000632154
0.000563212
0.000571134
0.000571072
0.000571648
0.00059048
0.000650667
0.000667062
0.000577885
0.000670618
0.000668802
0.000651639
0.0005537
0.000559831
0.000598288
0.000565524
0.000577049
0.00059307
0.000664572
0.000609725
0.000684538
0.000972429
0.00083923
0.000654943
0.000695979
0.00067085
0.000607305
0.000581813
0.000611105
0.000844811
0.000908216
0.000605379
0.000613827
0.000566765
0.000572718
0.00058421
0.000571709
0.000630976
0.000717087
0.000796083
0.000635231
0.000954348
0.000578646
0.000621661
0.000567147
0.000558422
0.000566975
0.000567929
0.000567993
0.000570542
0.000585731
0.000575269
0.000567981
0.00066925
0.000574727
0.000609026
0.000633765
0.000615738
0.000658938
0.000670247
0.000559254
0.000599778
0.000572946
0.000648627
0.000572542
0.000564909
0.00056455
0.000686206
0.000555287
0.000583667
0.000601693
0.00057775
0.000610242
0.000701724
0.000606547
0.000580457
0.000550936
0.000572469
0.000575195
0.000579837
0.000788713
0.000703598
0.000561004
0.000734038
0.000820475
0.000818424
0.000690679
0.00057202
0.000607228
0.000726861
0.000699877
0.000555392
0.000558237
0.000660705
0.000817275
0.000879743
0.000724651
0.000569904
0.000574081
0.000611641
0.000557963
0.00069163
0.000780669
0.000585135
0.000725382
0.000558264
0.00056624
0.00059322
0.000560097
0.000567471
0.000563965
0.000593897
0.000572296
0.000564755
0.000635089
0.000837612
0.000589426
0.000637849
0.000871914
0.000610656
0.000692973
0.000861164
0.000634426
0.000574061
0.000560071
0.000748292
0.000867074
0.000634338
0.000601036
0.000626301
0.000565372
0.000566339
0.000649707
0.000579413
0.000734935
0.000648413
0.000801786
0.000609333
0.000616155
0.000593315
0.000566026
0.000650336
0.000622566
0.000565891
0.000577805
0.000638357
0.000649106
0.000705979
0.000636069
0.000652313
0.000572884
0.000580526
0.000726265
0.000636056
0.000616321
0.000576066
0.000714773
0.00113031
0.000583278
0.000747808
0.000571897
0.000580027
0.000693432
0.000572476
0.000586359
0.000732455
0.000568288
0.000590347
0.000653956
0.000599674
0.00060896
0.000909755
0.000557428
0.000569391
0.000571657
0.000609687
0.000844386
0.000580744
0.000712748
0.00100215
0.00083946
0.000602994
0.000820633
0.000723543
0.000762007
0.000568336
0.000571099
0.000595855
0.000555799
0.000657763
0.000557204
0.000593895
0.000560956
0.000573591
0.000568336
0.00062138
0.000602818
0.000576711
0.000595008
0.000673786
0.000574444
0.000558371
0.000633044
0.00057539
0.000568111
0.000562372
0.000560416
0.000569049
0.000558095
0.000568438
0.000740296
0.000665869
0.000633826
0.000572213
0.000698084
0.000630663
0.000597106
0.000568404
0.000571228
0.000578167
0.000598183
0.000705005
0.00057995
0.000638341
0.00057522
0.000574059
0.0006377
0.000687272
0.000570968
0.000608599
0.000557352
0.000571553
0.000558047
0.00061686
0.000595812
0.000600222
0.000587651
0.000576959
0.000579628
0.000567438
0.000628174
0.000608133
0.000557878
0.000653751
0.000661842
0.00059118
0.000573039
0.000691976
0.000666164
0.000766277
0.00058436
0.000573897
0.000616588
0.000567456
0.000622449
0.000590948
0.000621852
0.000635668
0.000680384
0.000573537
0.000579029
0.000678628
0.00056599
0.000594253
0.00058788
0.000552486
0.000573889
0.000567866
0.000600864
0.000582914
0.000562244
0.000579109
0.000575165
0.000697666
0.00058834
0.000600774
0.000569601
0.000558863
0.000766007
0.000667716
0.000606478
0.000672866
0.00125025
0.000571858
0.000556635
0.000577006
0.000643055
0.000746982
0.000654135
0.000732473
0.000729979
0.000674992
0.000581818
0.000688981
0.000558493
0.000611002
0.00065871
0.000578236
0.00057167
0.000594159
0.000575313
0.000576327
0.000622281
0.000560606
0.000570265
0.00058876
0.000563254
0.000669477
0.000669952
0.000659204
0.000640281
0.000598566
0.000564775
0.000662152
0.000725208
0.000593491
0.000612427
0.000585776
0.000579816
0.000680948
0.000568845
0.000595073
0.000580073
0.000566139
0.000639857
0.000632801
0.000572073
0.000563847
0.000573501
0.000586603
0.000578535
0.000560433
0.000560961
0.000561156
0.000570761
0.000593467
0.000609605
0.000563275
0.000568932
0.000566088
0.000572831
0.000564436
0.00056511
0.000619886
0.000771461
0.000672066
0.000613213
0.000619503
0.000624614
0.000554712
0.000566979
0.000598128
0.000571014
0.000644647
0.000699873
0.000577969
0.000571418
0.000610636
0.000554454
0.0006477
0.000607451
0.000590049
0.000557099
0.000671292
0.000563113
0.000600542
0.000692351
0.000572912
0.000652004
0.000698701
0.000570846
0.000562062
0.000606985
0.000564479
0.000588433
0.000601557
0.000855674
0.000603319
0.000678842
0.000619699
0.000616398
0.000703046
0.000674948
0.000586391
0.000557871
0.00056549
0.000554019
0.000739791
0.0005955
0.000646512
0.000609537
0.000643087
0.000605956
0.000625724
0.000588306
0.000600459
0.000560465
0.000596835
0.000720024
0.000605961
0.000582825
0.00056583
0.000564717
0.000584202
0.000750844
0.000561346
0.000562895
0.000731445
0.000764938
0.000566271
0.000660168
0.000748064
0.000982743
0.0010734
0.00077242
0.000599003
0.000568889
0.000632942
0.000856273
0.000793509
0.000827653
0.000600596
0.000783455
0.000595539
0.000786028
0.000962738
0.000798789
0.000699398
0.00056784
0.000653796
0.000573465
0.000585375
0.000565182
0.000568542
0.000702399
0.00077277
0.000647746
0.000807794
0.0006846
0.000745339
0.000645401
0.000668036
0.000773898
0.000723212
0.00058037
0.00073777
0.000876597
0.000751611
0.000898374
0.000697657
0.00094667
0.000974573
0.000880081
0.000738571
0.000569909
0.000650849
0.000651644
0.000576322
0.000572744
0.000621659
0.000817489
0.000564524
0.000577187
0.000669326
0.000754221
0.000649095
0.000843304
0.000640855
0.000623476
0.000822013
0.000871385
0.000620344
0.000660711
0.000618658
0.000680706
0.000852478
0.000581382
0.000972609
0.0010112
0.000906863
0.00102921
0.000919556
0.000633661
0.000563702
0.00056239
0.000595422
0.000622397
0.000633893
0.000585265
0.000610451
0.000930916
0.000696933
0.000696134
0.000965612
0.00122153
0.00118084
0.00075127
0.000744804
0.000585289
0.000622382
0.00067738
0.000620389
0.00073726
0.000740645
0.000580004
0.000578885
0.000584428
0.000782278
0.000813081
0.000635203
0.000704422
0.000623034
0.000593586
0.000567081
0.000560359
0.000667058
0.000732501
0.000661524
0.000640355
0.00063908
0.000667889
0.000583657
0.000633515
0.000726664
0.000625878
0.000639504
0.000575836
0.00060447
0.00100426
0.000998684
0.000770176
0.000698519
0.000638597
0.000584843
0.000565061
0.000618112
0.000612084
0.000807197
0.00057736
0.000573925
0.000616129
0.000593757
0.000556193
0.000583087
0.000671132
0.000562437
0.000682273
0.000612979
0.000623743
0.000690113
0.00057975
0.000901485
0.00163577
0.00135655
0.000736474
0.000607131
0.000834224
0.000726228
0.000747282
0.000658565
0.00152684
0.000612836
0.0005994
0.000707434
0.000625467
0.00106923
0.000718976
0.000606099
0.000586372
0.000638502
0.000557228
0.000560748
0.000652073
0.000651989
0.000584544
0.000660977
0.000590988
0.000707038
0.00110858
0.000681059
0.000598126
0.000723911
0.000563003
0.000572159
0.0009673
0.000840395
0.000567817
0.000681942
0.000744233
0.000555714
0.00065305
0.00075904
0.000639589
0.000913098
0.000609245
0.000589271
0.000668027
0.00061381
0.000601327
0.000555442
0.000627759
0.000610791
0.000662859
0.000756948
0.000591932
0.00111475
0.000810517
0.000779218
0.000563635
0.000636057
0.000625507
0.00065546
0.0005901
0.0011773
0.000694072
0.000636991
0.000743815
0.000566365
0.000567344
0.000739796
0.000770558
0.000809633
0.000737811
0.00063116
0.000575716
0.000590303
0.000639407
0.000573837
0.000647137
0.00071868
0.000567348
0.000574846
0.000587416
0.000586237
0.000619774
0.00105126
0.000626221
0.000568041
0.000645728
0.000687116
0.000568942
0.000584905
0.000661795
0.00106408
0.000715888
0.000589112
0.000773734
0.000683398
0.000635564
0.000718566
0.000559
0.000592381
0.000559414
0.000756854
0.000576155
0.000652851
0.000697644
0.000574465
0.000666815
0.000623851
0.000617218
0.000558266
0.000570501
0.000571714
0.000574574
0.000578459
0.00083999
0.000684628
0.000797894
0.000647136
0.000591124
0.000635796
0.000598331
0.000889953
0.000920511
0.000821717
0.00092018
0.00114868
0.000767681
0.000569637
0.000614924
0.00103804
0.00094885
0.000785393
0.000602216
0.000591626
0.00111119
0.000713327
0.00070546
0.00085493
0.000584771
0.00062463
0.00106135
0.00101257
0.000639926
0.000635184
0.0006611
0.000607
0.00059064
0.000849838
0.000858538
0.000807916
0.000761591
0.000632462
0.000690268
0.000560905
0.000642403
0.000670493
0.000620426
0.000569488
0.000639792
0.000849453
0.00079549
0.000676639
0.000657393
0.000586175
0.000597711
0.000628547
0.000741756
0.000561449
0.000608537
0.000697949
0.000667737
0.000650342
0.000722227
0.000736061
0.000710753
0.000575853
0.000614845
0.000743933
0.000966058
0.000967964
0.000584993
0.00069545
0.000774756
0.000590563
0.000597603
0.000582985
0.00070096
0.00058386
0.000590516
0.000778047
0.000589762
0.000614494
0.000638008
0.000690243
0.00058579
0.000584561
0.000604748
0.000604641
0.0006127
0.000667661
0.000866234
0.000607227
0.000632644
0.000592259
0.000663977
0.000596894
0.000601196
0.000603175
0.000611719
0.000594929
0.00059031
0.000578266
0.000574826
0.000645453
0.000600004
0.000663024
0.000665291
0.000846786
0.00121311
0.000686074
0.0006501
0.000609927
0.000741728
0.000679431
0.000661314
0.000639155
0.000609541
0.000584644
0.000600103
0.000590086
0.0005878
0.000737027
0.000632932
0.000585456
0.000668857
0.000622528
0.000575369
0.000899845
0.000762374
0.000595215
0.000661301
0.000847585
0.000574131
0.000646165
0.000589226
0.000606919
0.000606512
0.000591285
0.000654871
0.000677875
0.000674505
0.000618172
0.000593194
0.000623848
0.00059512
0.000775976
0.000593595
0.000615756
0.000705783
0.000668745
0.0007332
0.00068603
0.000608348
0.00075466
0.000585156
0.000587627
0.000579858
0.000584703
0.000588871
0.000613242
0.000577833
0.000588396
0.000635214
0.000595328
0.000598205
0.000571802
0.00075022
0.000649304
0.000629005
0.000788953
0.000894936
0.000601324
0.000611353
0.000574192
0.000586581
0.000760129
0.000808329
0.000574643
0.000609758
0.000595198
0.00058634
0.000592827
0.00058993
0.000752251
0.000576515
0.000596549
0.000621786
0.000680577
0.000611361
0.000579695
0.000615393
0.00060953
0.000573291
0.000670819
0.000938157
0.000639921
0.000615871
0.000619235
0.000613006
0.000613061
0.000645405
0.000740016
0.000784958
0.00058939
0.000779174
0.000641668
0.000716122
0.000701997
0.000678042
0.000630637
0.000635465
0.00058692
0.000715098
0.000668954
0.000587066
0.000628001
0.000641767
0.000615364
0.000700799
0.00070817
0.000603515
0.000585773
0.000760758
0.000762371
0.000914846
0.00058367
0.000598655
0.000588429
0.000610923
0.00057605
0.000595164
0.00065695
0.00060372
0.0006635
0.000950227
0.00063115
0.000653171
0.000724547
0.000592878
0.000684707
0.000665059
0.000673755
0.00059687
0.000864317
0.000680965
0.000915415
0.0006833
0.00062887
0.000689304
0.000599291
0.000663281
0.000845357
0.000741332
0.000616993
0.000617015
0.000642722
0.000580365
0.000578554
0.000587096
0.000604945
0.000643064
0.000626465
0.000822624
0.000794626
0.000645807
0.000653606
0.00070086
0.000650548
0.000638903
0.000696134
0.000600152
0.00057989
0.000607939
0.000620793
0.000595004
0.000596775
0.000658733
0.000624152
0.000676197
0.00059001
0.000576499
0.000589275
0.000593711
0.000596091
0.000796542
0.000580303
0.00070047
0.00067601
0.000576653
0.000580036
0.000581599
0.000686078
0.000634958
0.000852104
0.000793996
0.000574666
0.000584081
0.000583981
0.000669991
0.000643388
0.000646852
0.000742415
0.000581244
0.000575583
0.000577054
0.000671494
0.000573699
0.000575188
0.000721256
0.000596069
0.000594993
0.000598693
0.000608236
0.000656266
0.000582582
0.000607471
0.000694643
0.000600871
0.000586522
0.000595279
0.000592592
0.000591327
0.000598367
0.000571973
0.000631564
0.000683877
0.000668086
0.000791163
0.000600621
0.000588745
0.000700478
0.000729829
0.000682528
0.000585106
0.000609515
0.00058683
0.000576549
0.000661
0.0006709
0.000597462
0.000702137
0.000649585
0.000754948
0.000662484
0.000689923
0.000841103
0.000616032
0.000597431
0.00063181
0.00057533
0.00068822
0.000586361
0.000606679
0.00066
0.000593512
0.000618974
0.000696886
0.000944052
0.000767867
0.000581444
0.000673602
0.000612779
0.000738326
0.000605555
0.000686029
0.000637737
0.000594174
0.000584858
0.000633083
0.000597444
0.000653523
0.000785797
0.000618841
0.000604873
0.00100765
0.00106474
0.00110227
0.000981887
0.00103327
0.000966727
0.000594412
0.00078789
0.000578234
0.00075745
0.000639448
0.000615944
0.00058542
0.00061787
0.000864228
0.000719924
0.000586736
0.000727601
0.000589985
0.000641986
0.000579968
0.000627638
0.000661978
0.000581374
0.000593106
0.000601099
0.000679609
0.000756085
0.00065728
0.00066086
0.000596822
0.000653711
0.000689287
0.000660489
0.000576023
0.000683296
0.000584114
0.00058102
0.000678321
0.00059725
0.000677097
0.00058238
0.000632918
0.000670972
0.000677105
0.000634425
0.000629193
0.000744738
0.000708465
0.00065704
0.000600866
0.000583912
0.000593815
0.000591133
0.000599804
0.000595601
0.000618573
0.00064082
0.000576176
0.000620541
0.000717509
0.000626558
0.000594917
0.000588919
0.00068563
0.000724806
0.000665617
0.000600073
0.000587415
0.000583096
0.000578532
0.00072297
0.000615598
0.000662428
0.000604239
0.000577171
0.000705038
0.000615407
0.000599769
0.00060519
0.000608471
0.000612024
0.000617672
0.000681056
0.000582262
0.000590929
0.000580389
0.000577644
0.000590433
0.000663526
0.000650059
0.000644127
0.000583961
0.000727336
0.000628427
0.000625348
0.000671815
0.000593936
0.00066731
0.000578786
0.000583999
0.000584881
0.00060247
0.000583514
0.00067439
0.000733514
0.000653566
0.000578577
0.000579459
0.000766134
0.000639324
0.000644506
0.000590592
0.000607135
0.000588391
0.000589128
0.000664904
0.000599493
0.000628481
0.000568195
0.000577377
0.000574161
0.000576763
0.00057997
0.000576584
0.000601964
0.000664934
0.000577259
0.000651768
0.000653989
0.000631961
0.000587749
0.000644062
0.000604836
0.000618477
0.000679409
0.000598937
0.00062191
0.000741574
0.000621578
0.000590323
0.000572536
0.000710313
0.00061469
0.000724054
0.000610117
0.000705706
0.000590467
0.000599712
0.00065012
0.00060256
0.000624799
0.000636637
0.00071776
0.000582452
0.000587114
0.000582978
0.000615105
0.000594257
0.000918494
0.000611783
0.000635915
0.000598093
0.000598075
0.000620742
0.000602071
0.000618093
0.000606061
0.000607728
0.000780895
0.000808043
0.000851171
0.000589688
0.000608182
0.000719363
0.000643161
0.000587327
0.000656173
0.000577082
0.000611644
0.000576482
0.000590358
0.000667046
0.000587147
0.000657098
0.000593217
0.000580111
0.000601508
0.000649778
0.000730725
0.00102829
0.000802814
0.000728307
0.000688093
0.000643462
0.000661761
0.000620947
0.000575931
0.000638178
0.000735473
0.000740554
0.000710905
0.000587543
0.000595967
0.000815886
0.000766208
0.000590205
0.000594341
0.000576123
0.000666038
0.000592116
0.000606874
0.00064906
0.000625349
0.000585751
0.000621845
0.000588148
0.000632476
0.000596612
0.000603129
0.000578937
0.000715292
0.000587266
0.000602386
0.00068915
0.000594517
0.000575358
0.000664997
0.000591692
0.000583536
0.000703262
0.000666201
0.000808197
0.000584728
0.000728676
0.000596095
0.000693045
0.000679428
0.000643233
0.000591965
0.00059807
0.000580096
0.000731366
0.00057905
0.000593976
0.000593154
0.000588101
0.000601698
0.000572775
0.000574457
0.000610635
0.000644753
0.000620018
0.000672817
0.000885255
0.000789667
0.000838246
0.000585021
0.000579962
0.000610308
0.000614446
0.000617663
0.000617871
0.000722072
0.000593143
0.000589702
0.000632922
0.000604329
0.00067167
0.000603279
0.000646955
0.000581203
0.000579789
0.000574559
0.000577744
0.00060719
0.000586773
0.000579472
0.000676182
0.000581016
0.00058647
0.00060163
0.00061272
0.000719948
0.000611265
0.000651356
0.000594746
0.000773676
0.000699722
0.000596531
0.000580816
0.000598686
0.000574731
0.000583423
0.000664222
0.00057778
0.000642681
0.000618254
0.000574824
0.000617007
0.000637921
0.000582143
0.000578751
0.00062562
0.000583183
0.000595224
0.000581296
0.000689704
0.000597208
0.000613177
0.000578818
0.000583226
0.000630082
0.000588841
0.000624271
0.000718096
0.000649401
0.000599903
0.000721094
0.000723917
0.000600468
0.000665352
0.000587614
0.000582886
0.000610313
0.000629533
0.000631518
0.000635658
0.000682914
0.000708594
0.000588082
0.000597607
0.000703409
0.000796414
0.000594447
0.000600357
0.000601104
0.000610206
0.000633495
0.000586172
0.000583512
0.000596619
0.000595033
0.000594746
0.000573898
0.000579704
0.000585345
0.000581317
0.000607809
0.000586505
0.000744985
0.000681878
0.000676756
0.000602837
0.000640016
0.000580106
0.000597789
0.000778349
0.000644721
0.000664094
0.00059075
0.000578759
0.00062236
0.000665883
0.000660793
0.000650164
0.000591598
0.000600637
0.000584436
0.000627198
0.000618893
0.000653683
0.000601996
0.000592496
0.000588115
0.000584156
0.000589257
0.000576203
0.000613333
0.000830376
0.000753225
0.000656152
0.000667929
0.000714977
0.000582345
0.000622638
0.000676341
0.000596418
0.000587875
0.000592099
0.000876352
0.000631314
0.000707992
0.000589156
0.000667271
0.000632064
0.000646737
0.00060801
0.000748295
0.000591918
0.000585343
0.000586365
0.000580029
0.00059327
0.000592933
0.000685912
0.000580737
0.000692824
0.000589233
0.000602429
0.000587988
0.000602764
0.000685485
0.000579312
0.000598979
0.000775252
0.000583956
0.000576469
0.000589656
0.000637081
0.000686764
0.000663498
0.000612929
0.000789674
0.000583152
0.00059753
0.000666006
0.000595095
0.000607848
0.000626787
0.000614775
0.00060159
0.000605073
0.000595447
0.000647244
0.000591343
0.000637281
0.000576214
0.000583231
0.000584918
0.000579619
0.000607504
0.000585031
0.000730232
0.000589553
0.00059375
0.000737993
0.000586354
0.000739238
0.000600547
0.000582802
0.000622206
0.000591194
0.000596397
0.000668003
0.000801345
0.000736346
0.000664885
0.000613586
0.000601513
0.000660858
0.00058015
0.00059475
0.000577578
0.000578532
0.000578886
0.000574375
0.000594593
0.000586544
0.000588479
0.000631141
0.000582262
0.000586245
0.000585099
0.000580436
0.000848321
0.000832507
0.000647516
0.000635092
0.000714415
0.000611541
0.000678611
0.000653709
0.000606267
0.000628692
0.000665338
0.000798891
0.000626404
0.000593371
0.000582274
0.000573519
0.000676483
0.000615107
0.000635599
0.000673929
0.000616368
0.000575322
0.000586607
0.000586463
0.000657005
0.000599978
0.000689004
0.000593632
0.000579818
0.000567629
0.000652562
0.00065009
0.000590723
0.000642838
0.000597581
0.000614589
0.000596128
0.000591372
0.000641934
0.000581996
0.000643748
0.000600983
0.000623339
0.000583636
0.00066492
0.000585896
0.000596586
0.000629047
0.000671947
0.000869212
0.000867267
0.000618499
0.000605546
0.000592939
0.00059107
0.000598278
0.000589521
0.000608843
0.000645123
0.000614002
0.000581823
0.000684685
0.000608369
0.000589401
0.000582909
0.000638185
0.000738418
0.000624799
0.000636045
0.000579516
0.000637465
0.00058733
0.000597995
0.000920959
0.000835147
0.000636436
0.000590987
0.00063692
0.000701083
0.000698336
0.000597704
0.000644158
0.000657002
0.000678328
0.000586429
0.000728678
0.000615305
0.000596563
0.000599385
0.000604729
0.000597202
0.000672696
0.000681477
0.000691359
0.000598103
0.000787259
0.000699051
0.00067854
0.000633592
0.000744514
0.000674796
0.00116489
0.00120228
0.000835553
0.000591818
0.000593969
0.000638594
0.000673742
0.000652058
0.00064128
0.000630043
0.000730208
0.00071656
0.000583699
0.000576094
0.000573573
0.000584866
0.000579647
0.000582076
0.000580974
0.000671913
0.000619936
0.000662352
0.000573732
0.000593058
0.000605565
0.000583008
0.000595028
0.000824705
0.000674399
0.000691919
0.000632663
0.000644756
0.000869943
0.00117579
0.00126411
0.00100963
0.000942175
0.000881487
0.000938608
0.000741764
0.00104952
0.000788931
0.0007369
0.000589819
0.000596571
0.000616297
0.000687375
0.000651898
0.000591399
0.000698871
0.000770662
0.000632166
0.000668914
0.000584581
0.000828081
0.000794313
0.000877925
0.000750313
0.000662041
0.000609441
0.000590924
0.00071277
0.000661375
0.000587349
0.000581368
0.000585921
0.000605587
0.000639058
0.000667788
0.000684134
0.000585385
0.00058504
0.000641789
0.000653856
0.000599475
0.000599837
0.000625268
0.000676864
0.000596375
0.000668959
0.000702452
0.000582256
0.000580554
0.00068212
0.000593159
0.00063304
0.00060496
0.000608138
0.000891761
0.000710875
0.000585803
0.000577325
0.000646577
0.000692762
0.000663898
0.000705369
0.000644979
0.000598089
0.000649517
0.000605168
0.000679931
0.000654515
0.000590348
0.000589113
0.000708777
0.000629283
0.0006304
0.000660707
0.000629798
0.000827095
0.000667316
0.000885742
0.000585439
0.00060327
0.000620531
0.000574002
0.000685664
0.000662122
0.00070907
0.00110193
0.000979856
0.000613477
0.000891807
0.000950708
0.000732419
0.000811752
0.00101268
0.000663786
0.00069785
0.000581987
0.000579066
0.000588674
0.000595958
0.000598103
0.000680984
0.000587474
0.000761319
0.000683899
0.000862959
0.000598801
0.000639003
0.000736388
0.000583601
0.00060686
0.00078641
0.000844272
0.00115425
0.000845589
0.000805014
0.000846083
0.000603846
0.000579559
0.000727581
0.000711807
0.000701066
0.000901362
0.000615136
0.000587122
0.000642442
0.000696068
0.000645106
0.000615861
0.000785864
0.000657796
0.000669471
0.000575154
0.000666226
0.00077202
0.000578338
0.000629372
0.000680898
0.000659975
0.000794733
0.00102088
0.00089383
0.00102693
0.000691772
0.000830856
0.00100721
0.000581317
0.000607007
0.000700152
0.00058342
0.000732602
0.000579729
0.00057499
0.000574607
0.000581158
0.000657059
0.000685954
0.000599752
0.0005984
0.000811785
0.000573003
0.00057988
0.000699709
0.000624355
0.000671747
0.000589481
0.000701297
0.00077784
0.000883666
0.00107671
0.00111936
0.000783145
0.000595936
0.000765736
0.000865516
0.000588307
0.000574058
0.00066516
0.000581149
0.000593137
0.00060102
0.000608113
0.00061057
0.000588415
0.000581278
0.000593987
0.000605052
0.000583528
0.000674509
0.000906318
0.00083484
0.000704871
0.000585969
0.000583902
0.000649415
0.000660588
0.000788817
0.000714667
0.000861107
0.00115811
0.000875243
0.000591855
0.000645341
0.000677844
0.000587443
0.000581637
0.000583892
0.000588808
0.000842241
0.000683245
0.000582965
0.000585528
0.0006048
0.000584523
0.000573034
0.000643704
0.000601387
0.000578812
0.000784066
0.000604983
0.000642241
0.000678824
0.000669147
0.000691712
0.000641484
0.000750283
0.00121304
0.000802074
0.0013256
0.000842602
0.000627643
0.000621184
0.000759581
0.00108001
0.000586449
0.000624783
0.000625309
0.000598954
0.000592535
0.000623316
0.00058835
0.000603333
0.00072297
0.000653155
0.000597474
0.000593797
0.000703072
0.000596533
0.000586699
0.000654452
0.00060885
0.000629308
0.000605103
0.000595179
0.000902037
0.000910446
0.00061113
0.000971448
0.000686448
0.000713458
0.000592748
0.000622932
0.000670875
0.000653711
0.000578215
0.000573518
0.000590137
0.000620391
0.000598688
0.000847693
0.000601412
0.000578348
0.000591928
0.000590459
0.000691125
0.000592093
0.000608553
0.000718159
0.0012026
0.000628274
0.000587528
0.000578394
0.000606591
0.000654681
0.00063752
0.000589227
0.000582308
0.000636498
0.000681128
0.000593442
0.000673417
0.000584408
0.000573934
0.000612296
0.000586104
0.00065088
0.000593868
0.000677025
0.000582975
0.000790356
0.00063882
0.000653007
0.000672326
0.000649784
0.000605731
0.000820079
0.000591468
0.00058555
0.000708593
0.000629043
0.000725654
0.000748676
0.000587035
0.000630872
0.00059622
0.000665679
0.00083089
0.000737493
0.000699254
0.000650259
0.000657652
0.000574312
0.000578413
0.000607172
0.000643465
0.000587682
0.000607026
0.000582305
0.000596502
0.000590304
0.000663512
0.000587954
0.000585115
0.000597213
0.000610693
0.000593396
0.000772225
0.000624716
0.000606147
0.000634976
0.000628312
0.000587136
0.000686493
0.000604649
0.000594249
0.000577626
0.00059841
0.000653973
0.000737233
0.000730366
0.000734207
0.000833473
0.000672504
0.000669272
0.000625358
0.000671159
0.00064689
0.00076357
0.000636053
0.000597761
0.000732004
0.000604019
0.000595084
0.000639931
0.000671954
0.000587684
0.000589767
0.000677837
0.000581784
0.000591016
0.000662247
0.000596198
0.000603523
0.000675302
0.000581222
0.000634711
0.000718235
0.000683283
0.000610326
0.000666601
0.000610156
0.000633845
0.000630378
0.000579262
0.000620538
0.00061195
0.000630332
0.000641281
0.000581463
0.00066946
0.000628793
0.000641505
0.000581578
0.000578969
0.000569548
0.00058553
0.000762733
0.000574576
0.000589462
0.000610933
0.000607232
0.000585199
0.00064403
0.000576264
0.000596636
0.000634102
0.000578746
0.000655481
0.000684391
0.000598987
0.000642592
0.000858188
0.000663941
0.000614981
0.000670991
0.000664768
0.000580333
0.000605059
0.000621743
0.000618305
0.000602001
0.000603978
0.000582432
0.000590312
0.000578231
0.000616863
0.000594608
0.000583007
0.000574854
0.000597076
0.000615745
0.000582081
0.000627843
0.000746524
0.000750498
0.000586797
0.000580925
0.000576855
0.000612206
0.000586941
0.000674886
0.000598137
0.000665773
0.000725639
0.000844458
0.00075247
0.000837774
0.000694337
0.000610883
0.000666881
0.000591079
0.000591843
0.00065342
0.000632075
0.000633089
0.000596888
0.00057891
0.000660567
0.000580327
0.000592565
0.000596564
0.0005889
0.000596492
0.000584539
0.000591704
0.00067289
0.000631784
0.000600124
0.00063201
0.000622448
0.00058208
0.000590323
0.000606693
0.000598252
0.000644852
0.000835826
0.000614926
0.00060758
0.000821664
0.000702323
0.000579911
0.000578225
0.000600296
0.000623398
0.000586437
0.00059977
0.000649699
0.000582523
0.000661135
0.00065484
0.000587197
0.000631174
0.00059107
0.000627625
0.000587929
0.000585642
0.000593218
0.000657771
0.000620147
0.000570599
0.000595746
0.000687237
0.000697792
0.000619559
0.000760826
0.0005905
0.000729692
0.000655151
0.000595856
0.000606693
0.000677734
0.000688325
0.000582774
0.000668286
0.000667199
0.000581928
0.000612348
0.000596963
0.000724318
0.000690884
0.000603822
0.00059091
0.000593082
0.000584209
0.000586601
0.00061988
0.000586987
0.000605457
0.000580366
0.000584155
0.000634656
0.000590756
0.000593883
0.000675857
0.000590984
0.000615958
0.000617155
0.000590869
0.000596466
0.00057983
0.00095829
0.000821614
0.00069138
0.000632523
0.000726494
0.000583643
0.000751744
0.000584749
0.000594067
0.000581273
0.000727532
0.000614261
0.000586862
0.000669083
0.000595185
0.000585146
0.000620621
0.000587464
0.000680428
0.000773749
0.000709252
0.000714934
0.00063659
0.000592617
0.000634764
0.000590479
0.000577493
0.000672188
0.000614678
0.000601768
0.000616851
0.000633736
0.000605824
0.00058326
0.000650953
0.000938493
0.000603935
0.000607903
0.000599278
0.000602806
0.000629181
0.000628831
0.00064433
0.00058071
0.000571869
0.000575209
0.000570769
0.000588057
0.000583136
0.000587532
0.000608752
0.000629507
0.000588931
0.000604305
0.000593075
0.000593189
0.000588666
0.000644903
0.000591734
0.000602903
0.000594833
0.000621379
0.000658465
0.000634716
0.000645273
0.000676953
0.000670481
0.000617906
0.000629375
0.000693961
0.000603252
0.000586711
0.000583599
0.000578713
0.00057961
0.000603852
0.000620091
0.000592085
0.000597066
0.000640874
0.000663773
0.000839086
0.000590403
0.000585665
0.000664301
0.000770184
0.000596432
0.000589813
0.00057926
0.000598981
0.000711838
0.000576227
0.000583766
0.000582176
0.000599625
0.000596719
0.000611442
0.000707665
0.000649556
0.000678406
0.000652645
0.000681314
0.000589735
0.000596695
0.000646895
0.000635268
0.000668382
0.000949668
0.000689046
0.000612504
0.000680584
0.000597214
0.000670701
0.000608517
0.000594327
0.000650981
0.00058398
0.00059495
0.000584962
0.000583662
0.000818392
0.00080747
0.000600768
0.000624218
0.000695201
0.000643138
0.000605066
0.000607528
0.00071955
0.000599129
0.000654275
0.000794904
0.000653658
0.000587514
0.000579683
0.0005792
0.000590346
0.000630186
0.000580646
0.000607186
0.000716959
0.000651695
0.000668266
0.000742859
0.000639351
0.000617601
0.00058524
0.00058822
0.000588788
0.000598776
0.000633906
0.000596081
0.000996832
0.000640811
0.000661505
0.000926132
0.000723107
0.000615908
0.000594581
0.00112106
0.000732521
0.000736017
0.000631272
0.00063214
0.000590121
0.000596485
0.000572946
0.000626944
0.000585943
0.000575128
0.000582788
0.000602214
0.00075217
0.0008207
0.000600052
0.000578549
0.000642446
0.0005954
0.00066114
0.000578566
0.000595123
0.000783079
0.000675455
0.000885422
0.00059623
0.000836128
0.000602039
0.000605959
0.000659904
0.000732356
0.000718341
0.000677244
0.000742894
0.000619848
0.000613438
0.000585329
0.000580529
0.000723968
0.000613481
0.000649145
0.00057727
0.00057535
0.000583016
0.000592442
0.000587815
0.000585992
0.000650344
0.000687941
0.000594081
0.000752353
0.000574018
0.00057515
0.000637964
0.000593818
0.000633889
0.000595646
0.000635889
0.000873519
0.000750813
0.000746972
0.000617876
0.00102202
0.000679735
0.000787815
0.000678802
0.000625546
0.000591365
0.000609453
0.000687044
0.000576686
0.000673894
0.000665954
0.000604767
0.00069463
0.000591005
0.000695105
0.000944127
0.000613213
0.000725858
0.000595384
0.000581274
0.000600053
0.000596508
0.000594647
0.000598537
0.000590375
0.000626536
0.000578024
0.000572917
0.000788488
0.000752956
0.000587281
0.000743796
0.000643425
0.000600976
0.000885642
0.000642841
0.000581557
0.000581262
0.000583044
0.00065943
0.000607562
0.000594403
0.000625347
0.000601472
0.000655523
0.000581264
0.000607662
0.000580355
0.000665026
0.000818853
0.000693562
0.000616498
0.000590062
0.000585735
0.000585942
0.000585305
0.000590227
0.000580205
0.000584515
0.0005816
0.000576327
0.000611274
0.000649162
0.000641152
0.000645481
0.000699299
0.00069338
0.000649942
0.00059514
0.000623425
0.00057708
0.000634205
0.000596483
0.000586417
0.000580419
0.000574601
0.000679465
0.000590006
0.000687121
0.000668683
0.000666983
0.000724207
0.000593809
0.000623089
0.000575912
0.000581838
0.000582768
0.000598601
0.000593684
0.000586121
0.000681565
0.000576359
0.000679782
0.000650942
0.000594345
0.000651697
0.00057957
0.000794093
0.0006375
0.000646974
0.000573614
0.000592484
0.000590674
0.000698169
0.000625925
0.000644326
0.000588596
0.000610543
0.000581983
0.000593532
0.000656581
0.000585549
0.000645163
0.000703228
0.000604129
0.000614653
0.000592738
0.000580247
0.000582328
0.000608506
0.000584125
0.000585591
0.000665083
0.000621084
0.000646227
0.000639638
0.000613164
0.000732129
0.000632247
0.000658963
0.000663259
0.000634428
0.000586546
0.000591208
0.000584202
0.000595812
0.000591182
0.000629771
0.000589772
0.000576335
0.000619831
0.000591701
0.000587071
0.000578612
0.000588641
0.000738593
0.000592026
0.000580051
0.000576556
0.000577897
0.000595922
0.00058038
0.000658058
0.000589294
0.000590863
0.000599013
0.000600315
0.00080281
0.000584399
0.000616542
0.000698059
0.000743603
0.000735304
0.000774285
0.000594293
0.000609209
0.000665404
0.000646771
0.000607395
0.000636248
0.000569751
0.00061395
0.000627889
0.000649537
0.000621315
0.000756353
0.00073014
0.00115321
0.000591863
0.000643284
0.00068094
0.000619298
0.000589571
0.00063704
0.000778471
0.000596869
0.000614208
0.000620166
0.000584712
0.000593457
0.0006444
0.000720665
0.000706024
0.00079035
0.000604808
0.000665719
0.000656213
0.000659321
0.000594059
0.000731573
0.000631383
0.000658713
0.000841397
0.000601873
0.00067375
0.00058141
0.000586851
0.000615711
0.000618109
0.000597863
0.000599564
0.000680072
0.000879878
0.000726021
0.000644069
0.000705641
0.000683594
0.000594543
0.000657873
0.000583885
0.000598995
0.000648009
0.00108107
0.00107785
0.000697548
0.000742185
0.000585198
0.000648147
0.000618021
0.000731568
0.00102373
0.000674451
0.000953865
0.000658311
0.000749966
0.000664244
0.000577712
0.000591119
0.000592962
0.000593993
0.000756666
0.000906225
0.000576805
0.000597079
0.000699007
0.00069323
0.000607288
0.000645185
0.000570945
0.000583839
0.000632869
0.00100723
0.000732407
0.0008437
0.000662933
0.000630089
0.000606767
0.000580213
0.000584431
0.000645941
0.000633147
0.000760489
0.000652025
0.000716286
0.000609674
0.000580001
0.00059383
0.000594899
0.000668495
0.000593369
0.000861084
0.000938965
0.000624959
0.000584461
0.000604517
0.000614731
0.000720096
0.000743891
0.000585227
0.000626312
0.000593229
0.000732623
0.000633921
0.000720036
0.000743077
0.000615695
0.000592924
0.000611643
0.000658898
0.000974169
0.000708568
0.000884097
0.000906861
0.000697576
0.000595709
0.000610386
0.000597551
0.000660194
0.000586314
0.000736096
0.000691415
0.000592682
0.000589207
0.000681433
0.000618391
0.000579466
0.000603277
0.000582385
0.000725964
0.0006845
0.000793749
0.000755791
0.000646431
0.000596064
0.000581595
0.000584036
0.000585994
0.000592724
0.000618561
0.000611746
0.000613812
0.000688456
0.000566408
0.0006393
0.000707099
0.00070218
0.000647285
0.000762368
0.000665177
0.000701884
0.000649657
0.000989883
0.000911412
0.000843345
0.000610571
0.000604069
0.000618672
0.000584175
0.000657167
0.0006461
0.000757884
0.000783306
0.000664169
0.000586249
0.000590134
0.000675678
0.000639015
0.00067375
0.000662662
0.000584836
0.000671365
0.000595144
0.0005815
0.000649653
0.00066174
0.000663406
0.000836793
0.000899488
0.000739844
0.000764243
0.000621662
0.000663483
0.000859382
0.00067144
0.000723359
0.00058002
0.000591089
0.000626403
0.000595671
0.000664884
0.00058197
0.000656619
0.000662333
0.000595035
0.000712906
0.000642268
0.000605492
0.000796617
0.000603262
0.000601793
0.000615747
0.000771916
0.000582297
0.000662671
0.000651921
0.000743291
0.000741122
0.000938362
0.000979893
0.000586121
0.00061089
0.000715221
0.00062822
0.000607057
0.000582647
0.0006223
0.000589304
0.000580258
0.000579986
0.000576759
0.000591637
0.000767805
0.000658677
0.000816468
0.00061229
0.000673366
0.000576499
0.000605873
0.000648817
0.00058034
0.000627572
0.000581218
0.000614467
0.000641972
0.000598002
0.000633796
0.000709441
0.000719639
0.00083221
0.000835182
0.000613172
0.000793271
0.00154091
0.000974211
0.000838886
0.000612777
0.000633289
0.000596439
0.000596289
0.000674715
0.000669196
0.000987051
0.000635181
0.000583538
0.000596558
0.000596166
0.00058588
0.000612029
0.000625159
0.000864531
0.000762151
0.000573283
0.000649868
0.000701034
0.000803325
0.00106676
0.00079173
0.00058872
0.000589689
0.000914835
0.000643402
0.000614847
0.000592097
0.00058837
0.000687384
0.000583627
0.000645836
0.000704772
0.000850825
0.000781648
0.000752297
0.000668009
0.000586998
0.00065313
0.000645713
0.000642556
0.000616059
0.000644203
0.000783629
0.000848743
0.000795878
0.000804684
0.000622247
0.00107869
0.000911904
0.000642725
0.000604505
0.000869069
0.00065277
0.000718754
0.000587273
0.000592503
0.00058897
0.000618467
0.00060415
0.00057633
0.000605385
0.000771391
0.000585789
0.000599763
0.000627939
0.000595881
0.000589135
0.000583749
0.000768688
0.000594075
0.000597728
0.000603634
0.000598169
0.000696738
0.000646617
0.000689919
0.000853478
0.000978536
0.000588157
0.00067468
0.000979374
0.000599079
0.000585563
0.00063142
0.000604705
0.000794225
0.000610493
0.00060479
0.000607127
0.000581959
0.00066191
0.000614523
0.000692049
0.000607188
0.000572249
0.000710535
0.000891911
0.000772179
0.000954002
0.000574605
0.00109929
0.000774115
0.000651716
0.000863119
0.00121045
0.00061594
0.000581987
0.000644347
0.000891732
0.000689216
0.000824702
0.000592773
0.000586363
0.000633229
0.000620325
0.000590304
0.000589479
0.000613094
0.000772771
0.000772047
0.000689729
0.00064132
0.000785154
0.000714894
0.000627906
0.000648618
0.000589383
0.000602494
0.000708412
0.000648477
0.000705683
0.000761414
0.00131206
0.000753929
0.000835044
0.000617704
0.000790896
0.000961846
0.000593798
0.000669755
0.000600713
0.000587214
0.000590287
0.000595592
0.000586237
0.000664676
0.000648938
0.00056844
0.000697612
0.000612407
0.000907695
0.000636693
0.000614837
0.000633351
0.00062113
0.00066544
0.000587365
0.000590012
0.000616143
0.00062655
0.000796819
0.000596638
0.000920897
0.000752703
0.000659943
0.000607897
0.000618398
0.000631253
0.000687067
0.000617056
0.000603341
0.000584743
0.000674572
0.000581015
0.000613633
0.000642863
0.000576092
0.000582115
0.000654591
0.000794313
0.000649831
0.00065848
0.000653066
0.000591018
0.000572855
0.000660847
0.000583612
0.000579194
0.000651661
0.000580886
0.000638468
0.000586514
0.000748962
0.000593765
0.000732572
0.000590651
0.000582743
0.000878653
0.00061305
0.000868557
0.000864105
0.000572233
0.000576919
0.000584023
0.000573805
0.000587657
0.000732167
0.000588402
0.000601207
0.000598132
0.000651004
0.000719006
0.000592001
0.000865218
0.000731569
0.000624608
0.000644363
0.000658019
0.000579805
0.000628424
0.000643867
0.000766151
0.00059876
0.000634205
0.000670083
0.000647526
0.000608849
0.000590966
0.000584747
0.000609583
0.000703173
0.000712942
0.00059715
0.000578815
0.0005884
0.00059974
0.000606987
0.000600178
0.000595456
0.000596836
0.000600988
0.000581274
0.000571136
0.000707338
0.000714499
0.000685283
0.000821139
0.000669995
0.000657784
0.000596439
0.000580252
0.000614511
0.0005871
0.000668901
0.000687323
0.000601579
0.000597486
0.000684045
0.000586135
0.000601811
0.000658921
0.000782519
0.000686675
0.00058315
0.000591997
0.00057993
0.000569805
0.000616495
0.000638242
0.000719231
0.000575257
0.000583249
0.000576763
0.000594576
0.000635705
0.000691481
0.00060628
0.000726914
0.000653766
0.000653514
0.00065468
0.000596024
0.000590992
0.000581364
0.000593079
0.000588618
0.000647675
0.000587529
0.000662398
0.000613096
0.000625143
0.000577623
0.000586604
0.000663672
0.000711109
0.00057958
0.000752689
0.00061088
0.000581322
0.000612928
0.000577398
0.000655571
0.000579282
0.000595046
0.000603784
0.000620791
0.000761024
0.000705001
0.000627097
0.000700284
0.000607364
0.000590717
0.000640583
0.00058604
0.000574837
0.000685634
0.000583818
0.000588073
0.000675671
0.00058577
0.000925091
0.000744686
0.000591035
0.000599571
0.000609841
0.000768962
0.000639222
0.000634454
0.000767727
0.000586405
0.000593609
0.000581298
0.000582924
0.000598673
0.00058881
0.000603057
0.000595348
0.000595175
0.000595312
0.000752991
0.000680512
0.000888267
0.00066144
0.000600704
0.000577897
0.000574429
0.00066194
0.000686639
0.000592264
0.000644638
0.000635477
0.000782778
0.0010309
0.000635105
0.0006547
0.000585554
0.000831559
0.000734407
0.000608763
0.000572772
0.000671043
0.000705007
0.000643926
0.000581951
0.000583718
0.000582567
0.000844862
0.000622063
0.000626505
0.000671502
0.000604629
0.00070574
0.000582877
0.00059102
0.000688805
0.000712
0.000642951
0.000636572
0.000588365
0.000593777
0.000857405
0.000656286
0.000658965
0.000606449
0.000591374
0.000612792
0.000601915
0.000695482
0.000627807
0.000602594
0.000668423
0.000591428
0.000604114
0.000587665
0.000687118
0.000588406
0.000594674
0.000591873
0.000616569
0.000611096
0.000586703
0.000587817
0.000748282
0.000583891
0.000765466
0.000613352
0.000638797
0.00059622
0.000599112
0.000584893
0.000625315
0.000773305
0.00077539
0.00087224
0.000862414
0.000579749
0.000589911
0.000650085
0.000635949
0.000586013
0.000650299
0.000585217
0.000636424
0.000589277
0.000592098
0.000588726
0.000595745
0.000651552
0.000587995
0.000607657
0.000583411
0.000602528
0.000608703
0.000745965
0.000580074
0.000637568
0.000651007
0.00071061
0.000664417
0.000594979
0.000600118
0.000591191
0.000617002
0.000734837
0.00063913
0.00102229
0.000600278
0.000649158
0.000623226
0.000964653
0.000604869
0.000623662
0.000609313
0.000612331
0.000662424
0.00062077
0.000697486
0.000787492
0.000580304
0.000608534
0.000592964
0.000589621
0.00059093
0.000706443
0.000612587
0.000615775
0.000746352
0.000711813
0.000584215
0.00065784
0.000601565
0.000623955
0.000727949
0.000704287
0.000881001
0.000762632
0.000586341
0.000579675
0.000847797
0.000655685
0.000589177
0.000582858
0.000581568
0.000664168
0.000606149
0.000695079
0.000571344
0.000566085
0.000572873
0.000580051
0.000617175
0.00059613
0.000584027
0.000777524
0.000815258
0.000581866
0.000617432
0.000601712
0.000744176
0.00074221
0.000611584
0.000591898
0.000895772
0.000738676
0.000997637
0.000730526
0.000576812
0.000575599
0.000678224
0.00074109
0.0005942
0.000611977
0.000687895
0.000645844
0.000664493
0.000579607
0.000582793
0.000608221
0.000589566
0.000599929
0.000654696
0.000595337
0.000586847
0.000587483
0.000711798
0.000578226
0.000674101
0.000704612
0.000608424
0.000627332
0.000637505
0.00059517
0.000610023
0.000665179
0.00097022
0.000896833
0.000767332
0.000605381
0.000611195
0.000811116
0.000689272
0.000588373
0.000582977
0.000586776
0.000593215
0.000628045
0.000604655
0.000591202
0.000630276
0.000622424
0.000598953
0.000641891
0.000630897
0.000605299
0.000601552
0.00059224
0.000635339
0.000675717
0.00069748
0.000583442
0.000579901
0.000605979
0.000687324
0.000594607
0.000706706
0.000656685
0.000841336
0.000844855
0.000589026
0.000579805
0.000577243
0.000711663
0.000636872
0.000660815
0.000585829
0.000579256
0.00059613
0.000734274
0.000585054
0.000591731
0.000579617
0.000596368
0.000599666
0.000667875
0.000599407
0.000590591
0.000593275
0.000630578
0.000642873
0.000579685
0.000595377
0.000576579
0.000695671
0.000592398
0.000708034
0.000623716
0.000600576
0.00084658
0.000868198
0.00061095
0.000580358
0.000577172
0.000585638
0.000708805
0.000602824
0.000667842
0.000630232
0.000574218
0.000575106
0.000593403
0.000667441
0.000576791
0.000576689
0.000576136
0.000612638
0.000601858
0.000647382
0.000607002
0.000676894
0.000669153
0.000590495
0.000589096
0.000653006
0.000582373
0.00063416
0.000815121
0.000765568
0.00066693
0.000610115
0.00062557
0.000711466
0.000669608
0.000595989
0.000599612
0.000582105
0.000715463
0.000801225
0.000614688
0.000676628
0.000612559
0.000570714
0.000573277
0.000592547
0.00058037
0.00059384
0.000589476
0.000586407
0.000579879
0.000586466
0.000592817
0.000595533
0.000638209
0.000586358
0.000753656
0.000611183
0.000622589
0.000595334
0.000655669
0.000599222
0.000786064
0.00062803
0.000710862
0.000705625
0.000830301
0.000578459
0.000580132
0.000585547
0.000633497
0.000597971
0.000704642
0.000578703
0.000580172
0.000580455
0.00057738
0.000642495
0.000644649
0.000654885
0.000611853
0.000815748
0.000753009
0.000635346
0.000724896
0.00075206
0.000987865
0.000618164
0.00061385
0.000634057
0.000761924
0.000613958
0.000681883
0.000781887
0.000677567
0.000643674
0.000890516
0.000585809
0.000583829
0.000593826
0.000670589
0.000680374
0.000596724
0.000618648
0.000578033
0.000577563
0.000610018
0.000616235
0.00058411
0.000592366
0.000588617
0.000592753
0.000648129
0.000674565
0.000588861
0.000638166
0.000603222
0.000610822
0.000802869
0.000567137
0.00058593
0.000735236
0.000598395
0.000575942
0.000624094
0.000608704
0.00059044
0.000758573
0.000842271
0.000600052
0.000605864
0.000802979
0.000645343
0.000611238
0.000749948
0.000656818
0.000660733
0.000708846
0.000620934
0.000813854
0.000606616
0.00103052
0.00103849
0.000891103
0.0009664
0.000940973
0.00122078
0.000885086
0.00102703
0.00106971
0.00131394
0.000823369
0.00101237
0.00098316
0.000842368
0.000679985
0.000683332
0.00062703
0.000593359
0.000665669
0.00076114
0.000616273
0.000632627
0.000585419
0.000961027
0.000615173
0.000646627
0.000613912
0.000875489
0.000604586
0.000604521
0.0010058
0.000600178
0.000597219
0.000730359
0.000597584
0.000735714
0.000736014
0.000808023
0.000594177
0.000704177
0.000734132
0.000603028
0.000610865
0.000635672
0.000606062
0.000675971
0.00077897
0.00060454
0.000619315
0.000588508
0.000607538
0.000646247
0.000609062
0.000587299
0.000597369
0.000588044
0.00058356
0.000576656
0.000599381
0.000596458
0.000592151
0.000685842
0.000578704
0.000666343
0.000657193
0.000581133
0.000618471
0.000604599
0.000663201
0.000682711
0.000874863
0.000707231
0.000756646
0.000578097
0.000671937
0.000629445
0.000599224
0.000634985
0.000599071
0.000647335
0.000574811
0.000580685
0.000742227
0.000627461
0.000600742
0.000597924
0.000604672
0.000609248
0.000594843
0.000592619
0.000853189
0.000628466
0.000588875
0.000677694
0.000688851
0.000588579
0.00059807
0.000687103
0.0005903
0.000596974
0.000695179
0.000688565
0.000628348
0.000680604
0.000659473
0.000624303
0.00058568
0.000581909
0.000606064
0.000618268
0.000619614
0.000738344
0.000585381
0.000614405
0.000588262
0.000598931
0.000645013
0.000611901
0.00059573
0.000603343
0.000659644
0.000581522
0.000674786
0.000591892
0.00058776
0.000659358
0.000752778
0.000594687
0.000597576
0.000574286
0.000588319
0.00062782
0.000691243
0.000845715
0.000599358
0.000585474
0.000747932
0.000791977
0.000680249
0.000580505
0.00058069
0.000647424
0.000633278
0.000625256
0.00059312
0.000588507
0.000578473
0.000676669
0.000590942
0.00058766
0.000592269
0.000592654
0.000650179
0.000587012
0.000598756
0.000629912
0.000588964
0.000635859
0.000608116
0.000595209
0.000705689
0.000601759
0.00061968
0.000644599
0.000599345
0.000622216
0.000796923
0.000651546
0.000629898
0.000601332
0.000647433
0.000598945
0.000905151
0.000618283
0.000716578
0.000651034
0.000638547
0.000599251
0.000589723
0.000597359
0.000582171
0.000584789
0.000578407
0.00057482
0.000596826
0.000595371
0.000599673
0.000621508
0.000592872
0.000762006
0.000587
0.000575508
0.000582371
0.000579145
0.000590098
0.000588362
0.000655573
0.000658626
0.000735232
0.000624781
0.000582255
0.000585679
0.000591443
0.000700919
0.000667606
0.000621443
0.00059205
0.000685411
0.000596813
0.000579026
0.000661731
0.000694783
0.000612108
0.000588841
0.000584045
0.000576792
0.000608275
0.00068956
0.000597497
0.000630839
0.000692987
0.000685567
0.000597875
0.000828105
0.000594994
0.000667083
0.000630427
0.000746106
0.000766872
0.000585842
0.000645805
0.000753344
0.00104264
0.00072149
0.000639368
0.000590841
0.000667552
0.000606196
0.000632924
0.000605711
0.000611687
0.000781764
0.000584315
0.000600911
0.000709492
0.000661447
0.000588746
0.000609986
0.000667725
0.00067546
0.000636674
0.000593211
0.00102548
0.000786926
0.000580511
0.000617682
0.000608922
0.000621647
0.000818393
0.000976409
0.000960311
0.000621688
0.000819395
0.000576546
0.000814865
0.000688784
0.00060126
0.000949894
0.000750073
0.000827426
0.000748794
0.000625604
0.000593345
0.000604115
0.000587134
0.000648322
0.000831377
0.000723534
0.000807554
0.000753039
0.000602718
0.000585517
0.000844573
0.000683246
0.000646418
0.000905197
0.00103589
0.000780775
0.00085501
0.000734575
0.000716438
0.000689895
0.000957965
0.000909566
0.000786592
0.000710373
0.000650906
0.000767239
0.000675408
0.000602508
0.000652642
0.000739817
0.00059941
0.000760746
0.000721472
0.000884863
0.000793629
0.000730239
0.000878381
0.000591066
0.000945852
0.00069259
0.000825582
0.000825248
0.000630249
0.000847262
0.0006276
0.000586122
0.000597406
0.000593466
0.000716852
0.000779171
0.000675889
0.000618261
0.000610215
0.000695054
0.000582401
0.000619575
0.000605202
0.000582454
0.000610465
0.000692817
0.000601202
0.000610202
0.000594162
0.000590917
0.000655826
0.000625097
0.000674261
0.000666637
0.00075012
0.000696066
0.000908803
0.000643268
0.000643924
0.00120952
0.000657625
0.000605592
0.00059444
0.000613194
0.000579698
0.000647079
0.000628607
0.000830484
0.000595568
0.000601915
0.000600334
0.000621735
0.000638258
0.00070589
0.00063882
0.00099914
0.000980717
0.000896909
0.000780328
0.000956571
0.000688439
0.000772342
0.000601052
0.000647605
0.000917941
0.000850652
0.00118397
0.000925816
0.00109617
0.000708754
0.000733559
0.000615967
0.000941628
0.00075726
0.000696289
0.000580197
0.000588174
0.00058407
0.000762944
0.000602678
0.000584707
0.000600612
0.000730446
0.000762846
0.000730137
0.000641379
0.000721369
0.000601079
0.000676947
0.000613224
0.000631031
0.000596879
0.00071341
0.000726404
0.000806714
0.000703732
0.000975786
0.000706095
0.000598312
0.000659462
0.000611107
0.000641031
0.000601618
0.000610377
0.000586814
0.000668065
0.000847024
0.000603598
0.000598661
0.000697883
0.000602646
0.000610713
0.000681961
0.000643026
0.000656028
0.00071054
0.000673031
0.000608045
0.00060676
0.000596836
0.000637658
0.000656433
0.000693914
0.000680507
0.00063682
0.000936201
0.0007138
0.000636156
0.000612402
0.000736646
0.000593686
0.000613225
0.000746052
0.000614487
0.000598584
0.000607747
0.000705763
0.000591289
0.000638209
0.000618549
0.000622207
0.000643992
0.000671449
0.000688934
0.000620146
0.000666429
0.000700896
0.000619036
0.000578203
0.000583042
0.000594679
0.000626226
0.000614748
0.00060221
0.000589508
0.000685776
0.000720847
0.000630532
0.000583976
0.000673958
0.000590018
0.000585251
0.000661895
0.000623481
0.000600089
0.000775055
0.000607582
0.000635077
0.000605852
0.000600846
0.000580376
0.000589742
0.000649401
0.000594837
0.000621997
0.000596001
0.000587412
0.000626772
0.000583323
0.000608525
0.000659055
0.00058571
0.000577052
0.00062884
0.000584069
0.000595779
0.000638549
0.000651943
0.00066593
0.000709202
0.000632273
0.000629603
0.000606879
0.00061722
0.000574934
0.000590508
0.000605744
0.000697418
0.000606295
0.000638357
0.000651386
0.00084107
0.000577504
0.000583177
0.000635466
0.000605212
0.00110388
0.000679804
0.000616849
0.000596735
0.000658489
0.00057682
0.000572994
0.000629959
0.000586618
0.000778813
0.000639645
0.000590667
0.000585645
0.000651154
0.000644097
0.000653453
0.000600924
0.000601891
0.000593546
0.00065839
0.000655091
0.000602284
0.000621421
0.000603901
0.000586796
0.00059024
0.000607477
0.000593779
0.000598658
0.000601944
0.000629617
0.000760681
0.000649837
0.000614717
0.000597891
0.000591073
0.000595685
0.000576136
0.00059029
0.000572448
0.000579777
0.000591403
0.000671259
0.000613002
0.000588828
0.000587093
0.000861151
0.00074831
0.000603974
0.000633019
0.000739477
0.00104243
0.000631031
0.000630519
0.00060597
0.000752917
0.0006849
0.000801981
0.000673312
0.00094447
0.000858916
0.000667658
0.000668464
0.000584026
0.00072638
0.000719771
0.000776548
0.000593351
0.000628974
0.000640968
0.000868197
0.000636834
0.00057798
0.000584702
0.000844203
0.00119952
0.000703905
0.00107517
0.000734722
0.000757662
0.000653625
0.000594466
0.000593051
0.00075234
0.000610162
0.000783476
0.000623944
0.000774975
0.000614991
0.000582116
0.000696479
0.000579795
0.000590451
0.000690704
0.000578992
0.000596119
0.000618874
0.000593064
0.000626371
0.000604942
0.00058606
0.000602106
0.000596524
0.000690667
0.000679858
0.000726169
0.000679222
0.000592979
0.000605165
0.000814419
0.00059994
0.000611536
0.000582936
0.000635886
0.000633843
0.000649805
0.000773001
0.000659617
0.000572832
0.000593164
0.000612835
0.000608541
0.000963434
0.000578221
0.000589915
0.000645631
0.000605485
0.000576974
0.000596916
0.000593827
0.00057834
0.000695521
0.000577245
0.000592486
0.000599001
0.000641057
0.000660703
0.000656713
0.000616926
0.000781829
0.000621787
0.000787902
0.000582695
0.000599188
0.000591408
0.000594171
0.000598625
0.000664698
0.00058398
0.000641824
0.000615694
0.000662418
0.000576333
0.000594517
0.000597589
0.000596042
0.000602773
0.000727307
0.000593414
0.000585107
0.000604824
0.000585669
0.000583487
0.000604037
0.000592749
0.000593008
0.000586991
0.000580116
0.000590074
0.000631792
0.000607729
0.000657772
0.000619948
0.000754815
0.000609746
0.000643622
0.000595231
0.000696578
0.000595756
0.000654962
0.000644371
0.000583708
0.000578436
0.000746914
0.00060408
0.000648953
0.00058579
0.000638776
0.000721021
0.000583364
0.000578863
0.000572722
0.000576896
0.000643092
0.000612508
0.000578339
0.000575464
0.000595869
0.000658362
0.000592193
0.000584002
0.000588635
0.000654552
0.000869119
0.000657191
0.000785547
0.000760105
0.000633666
0.000636373
0.00061275
0.000596171
0.000746116
0.000659594
0.000724924
0.000630006
0.000652522
0.000880041
0.000831368
0.000596138
0.000587795
0.000586015
0.000583935
0.000592001
0.000593162
0.000783422
0.000581936
0.000652486
0.00062993
0.000721176
0.000776002
0.000823368
0.000820273
0.000623418
0.000613388
0.00103948
0.000814784
0.000699697
0.000579662
0.000674162
0.000669343
0.000673128
0.000690628
0.000997006
0.000753563
0.000626098
0.000605363
0.000582891
0.000699772
0.000592823
0.000715487
0.000570692
0.000656276
0.000646186
0.000611023
0.00116359
0.000877514
0.000624197
0.000614211
0.000645235
0.000583892
0.000628944
0.00067778
0.000725959
0.000617064
0.000631138
0.000634464
0.000712512
0.000587643
0.000609715
0.000705408
0.000572859
0.000598932
0.000598406
0.000628632
0.000595493
0.000600597
0.000642648
0.000758042
0.000639453
0.000633022
0.000634838
0.000595638
0.000613249
0.000776544
0.000653082
0.00058361
0.000583376
0.000705216
0.000783958
0.000659525
0.000765869
0.000611763
0.000975512
0.000664541
0.000683887
0.000673141
0.000580242
0.000593188
0.000572091
0.000590277
0.000592111
0.000688896
0.000761055
0.000856635
0.00130879
0.000616217
0.000711064
0.000662071
0.000574356
0.000606347
0.000626191
0.000627821
