2.67021
2.93559
2.65355
3.31918
2.67456
3.11809
2.79025
2.91007
2.78755
2.5927
4.24552
2.64367
2.65459
2.64228
3.14716
2.78077
2.64457
2.73191
2.88167
2.66067
2.90479
2.57019
2.78073
4.05463
4.18133
2.59396
3.25566
2.61785
2.72555
2.67718
2.73611
2.61499
2.83147
2.68701
2.93789
2.96565
2.69139
2.6456
2.61353
2.649
2.68005
2.77322
2.60997
2.78161
2.6591
2.75381
2.89536
2.844
2.61369
2.66022
2.71835
2.72535
3.02754
4.23506
2.75532
2.64674
2.81694
2.8084
2.74534
2.7599
3.00149
2.7511
2.90272
2.65533
2.71024
2.60456
3.24498
2.9314
2.71947
2.59237
2.88762
2.6116
2.74793
2.63444
2.67333
2.65954
2.577
2.62119
2.76942
2.87791
3.04572
2.58258
3.59583
3.01207
2.6918
2.92911
3.27622
4.34232
2.63252
2.64347
2.65547
3.0226
2.77829
4.81273
4.13897
2.82179
3.40264
2.63421
2.58394
2.67261
