1.18182
1.18856
1.20621
1.19445
1.17777
1.18552
1.17709
1.85284
1.5905
1.25912
1.18742
1.54226
1.21253
1.20243
1.22311
1.36327
1.4082
1.16648
1.19802
1.21107
1.31208
1.4121
1.37889
1.18304
1.21046
1.19724
1.2651
1.34959
1.38095
1.24997
1.17751
1.66724
1.32882
1.2918
1.14575
1.23332
1.19288
1.19131
1.1572
1.19171
1.1962
1.21246
1.26238
1.47002
1.16301
1.29261
1.16778
1.22195
1.33701
1.15734
1.37773
1.22174
1.36311
1.18658
1.17291
1.22145
1.24844
1.28385
2.17208
1.47034
1.22467
1.18884
1.25917
1.30495
1.18622
1.17936
1.1904
1.22061
1.30434
1.26804
1.34495
1.1987
1.19602
1.18299
1.2123
1.16852
1.18202
1.20715
1.16485
1.43381
1.45637
1.85737
1.17877
1.17475
1.1732
1.22334
1.42156
1.22482
1.29273
1.3504
1.18739
1.42719
1.20827
1.31075
1.20008
1.21154
1.2354
1.17575
1.3173
1.26461
3.54694
3.4742
3.62241
3.43908
3.66321
3.59744
3.61484
3.63896
3.60728
3.69787
3.43261
3.55251
3.47376
4.20733
4.08428
3.62052
3.58057
3.42189
3.49553
3.9857
3.60016
3.5874
3.55894
3.64967
3.85326
3.97839
3.48604
3.55171
3.66632
3.58831
3.40468
3.53301
3.66535
4.40875
3.60764
3.81637
3.66672
3.464
3.91728
3.42004
3.46915
3.43252
3.38148
3.54341
3.43231
3.45417
3.55193
3.76832
4.06336
3.43703
3.66727
3.7531
3.468
3.60031
3.46676
3.38765
3.54784
3.45363
3.64972
3.7754
3.68938
3.65923
3.85887
6.13786
3.61817
3.38677
3.43086
4.23209
3.63008
3.42723
3.8364
3.84643
3.9326
3.75568
3.61373
3.72454
3.46788
3.45672
3.4205
3.69703
3.45219
3.79433
3.73342
3.56264
4.11189
3.80986
3.56888
3.65691
3.82875
3.81038
3.50659
3.61367
3.54287
4.71124
3.33868
3.87114
3.39055
3.69001
3.77209
3.88316
6.15119
6.11198
6.01796
5.93746
6.35144
6.35614
7.02849
9.10106
6.33978
5.9178
6.42934
6.11153
6.08552
6.55343
5.88379
5.94574
6.46603
7.2857
6.24802
5.99339
5.77565
6.37266
6.46333
6.37003
6.54287
6.85727
6.47767
5.77602
6.34741
5.9175
6.11355
10.284
6.34333
6.26368
6.36711
5.72953
5.9309
6.59478
5.70795
5.85079
6.22186
6.16103
5.97114
6.02649
6.06349
5.87697
5.93472
6.18755
5.97568
6.42427
6.77094
5.73769
6.50487
5.88304
5.92945
6.77239
6.46496
5.87505
6.29736
5.88906
6.20955
6.79488
6.7337
6.09174
6.0508
6.6943
9.89444
5.99986
6.1084
6.1652
11.6493
9.27074
8.86702
10.0578
6.25991
6.42954
5.91957
6.14767
6.50167
5.83965
6.22812
6.2787
5.97866
6.09138
6.18643
7.13669
6.86986
11.0209
6.88774
6.37294
6.61304
5.86521
5.96001
7.98581
5.94671
6.22735
5.96488
5.97815
6.8676
10.133
8.63977
8.8991
8.59029
8.23528
10.3606
10.9151
8.53595
8.32198
8.31147
8.70674
9.55783
8.75939
8.41045
8.97369
8.94483
11.0703
8.20536
8.7394
8.4816
8.25288
8.56039
9.93787
9.37185
8.30585
8.21257
9.40986
9.02742
8.56921
9.13229
9.02562
8.91866
9.28066
8.47376
8.47232
8.47446
8.47723
8.23182
8.25788
9.78736
8.51847
8.82844
9.55899
8.54646
9.09957
8.76153
9.44409
9.07791
8.73227
10.5633
9.05918
8.3524
8.7175
9.02646
10.1538
9.73095
8.59749
10.6343
8.28115
8.3224
8.55461
8.27011
8.71066
9.05297
9.23552
8.89708
8.53186
8.71257
8.25972
8.76597
10.7095
8.81342
8.36516
8.38872
9.5315
10.2542
9.97788
9.59254
11.5043
8.61056
8.79794
9.10538
8.5752
9.79244
8.43809
9.64436
9.24588
8.825
10.4528
9.03286
10.9327
9.94339
10.1342
9.20407
8.64157
8.42424
8.86856
11.6382
12.6449
10.7035
9.44925
